-2922.9269445448313	-8543501.923146183	-0.0003580986211184698	-8543501.923504282	0.0	(-8543501.923504282+0j)
-730.3782255109697	-533452.352300553	-0.00035809860853106224	-533452.3526586517	0.0	(-533452.3526586517+0j)
-324.3507356530824	-105203.39971869573	-0.00035809855387937867	-105203.40007679428	0.0	(-105203.40007679428+0j)
-182.2411741313547	-33211.84554877475	-0.0003580984063116439	-33211.84590687315	0.0	(-33211.84590687315+0j)
-116.46481431594222	-13564.0529736469	-0.00035809809394552383	-13564.053331744994	0.0	(-13564.053331744994+0j)
-80.73451590796027	-6518.06205889269	-0.00035809752316814074	-6518.062416990214	0.0	(-6518.062416990214+0j)
-59.190345807090225	-3503.4970367629235	-0.00035809657772142937	-3503.497394859501	0.0	(-3503.497394859501+0j)
-45.20742604651833	-2043.7113697514237	-0.00035809511756150345	-2043.7117278465412	0.0	(-2043.7117278465412+0j)
-35.62085944399189	-1268.8456275286262	-0.0003580929774778116	-1268.8459856216036	0.0	(-1268.8459856216036+0j)
-28.763723473922568	-827.3517880842842	-0.0003580899654547272	-827.3521461742496	0.0	(-827.3521461742496+0j)
-23.6902984280254	-561.2302396089027	-0.00035808586075479487	-561.2305976947634	0.0	(-561.2305976947634+0j)
-19.831623870901822	-393.293305356923	-0.0003580804116990724	-393.29366343733466	0.0	(-393.29366343733466+0j)
-16.828750051181775	-283.2068282851506	-0.00035807333311580505	-283.2071863584869	0.0	(-283.2071863584869+0j)
-14.446144892058085	-208.6911022423359	-0.00035806430342395605	-208.69146030663944	0.0	(-208.69146030663944+0j)
-12.52406481953676	-156.85219960395833	-0.0003580529613128129	-156.8525576569199	0.0	(-156.8525576569199+0j)
-10.951068153486302	-119.92589370230189	-0.0003580389019728808	-119.92625174120383	0.0	(-119.92625174120383+0j)
-9.647492837318621	-93.07411804611411	-0.00035802167282644254	-93.0744760677868	0.0	(-93.0744760677868+0j)
-8.555170650192927	-73.19094485392247	-0.00035800076869836714	-73.19130285469114	0.0	(-73.19130285469114+0j)
-7.630825786480474	-58.229502183615345	-0.00035797562635881915	-58.22986015924166	0.0	(-58.22986015924166+0j)
-6.841723229580946	-46.80917675018753	-0.00035794561835925717	-46.80953469580599	0.0	(-46.80953469580599+0j)
-6.162731474956152	-37.979259232415224	-0.00035791004607129746	-37.97961714246146	0.0	(-37.97961714246146+0j)
-5.57429763791447	-31.07279415605884	-0.00035786813182436236	-31.073152024190666	0.0	(-31.073152024190666+0j)
-5.061024860040284	-25.613972633945778	-0.00035781901002223613	-25.614330452955752	0.0	(-25.614330452955752+0j)
-4.610655641410415	-21.258145443669687	-0.0003577617171003125	-21.25850320538693	0.0	(-21.25850320538693+0j)
-4.213333924838965	-17.752182762198917	-0.000357695180163996	-17.75254045737911	0.0	(-17.75254045737911+0j)
-3.8610618871651003	-14.907798896518926	-0.00035761820412386715	-14.908156514723114	0.0	(-14.908156514723114+0j)
-3.5472948616811224	-12.583300835709293	-0.00035752945711419707	-12.583658365166595	0.0	(-12.583658365166595+0j)
-3.266635659935717	-10.670908534763658	-0.00035742745394742366	-10.671265962222291	0.0	(-10.671265962222291+0j)
-3.0146013641703693	-9.087821384857852	-0.00035731053731735153	-9.088178695442204	0.0	(-9.088178695442204+0j)
-2.787443599427465	-7.769841819989143	-0.0003571768564169938	-7.770198997125925	0.0	(-7.770198997125925+0j)
-2.582008715008632	-6.6667690043805266	-0.0003570243425817885	-6.667126029838004	0.0	(-6.667126029838004+0j)
-2.395628059436423	-5.739033799159123	-0.0003568506815037592	-5.739390653077525	0.0	(-5.739390653077525+0j)
-2.2260311678918274	-4.955214760425853	-0.00035665328148507935	-4.955571421059486	0.0	(-4.955571421059486+0j)
-2.0712765528960047	-4.290186558576756	-0.00035642923710802935	-4.290543001591744	0.0	(-4.290543001591744+0j)
-1.929696133983497	-3.7237271695108545	-0.00035617528758958097	-3.7240833669938005	0.0	(-3.7240833669938005+0j)
-1.7998503189008417	-3.2394611704474614	-0.0003558877689592131	-3.2398170899535597	0.0	(-3.2398170899535597+0j)
-1.6804914653719552	-2.824051565187981	-0.0003555625590436716	-2.82440716906698	0.0	(-2.82440716906698+0j)
-1.5705339830061318	-2.4665769917771048	-0.0003551950140568241	-2.466932236806531	0.0	(-2.466932236806531+0j)
-1.4690297312372158	-2.1580483512588864	-0.00035477989536986603	-2.1584031884494923	0.0	(-2.1584031884494923+0j)
-1.3751476677030152	-1.8910311079890423	-0.0003543112847686674	-1.8913854823611238	0.0	(-1.8913854823611238+0j)
-1.2881569281055145	-1.6593482714262358	-0.0003537824861807713	-1.659702121579855	0.0	(-1.659702121579855+0j)
-1.2074126919297783	-1.4578454086331136	-0.0003531859114617262	-1.4581986660164536	0.0	(-1.4581986660164536+0j)
-1.1323443219109504	-1.28220366336397	-0.0003525129473531331	-1.2825562512359692	0.0	(-1.2825562512359692+0j)
-1.0624453686634734	-1.128790161394464	-0.00035175380014303815	-1.1291419935345866	0.0	(-1.1291419935345866+0j)
-0.9972651126700055	-0.9945377049487187	-0.00035089731384798387	-0.9948886841680636	0.0	(-0.9948886841680636+0j)
-0.9364013792464617	-0.8768475430546758	-0.00034993075686338114	-0.8771975595258966	0.0	(-0.8771975595258966+0j)
-0.8794944121732711	-0.7735104210440076	-0.0003488395709546219	-0.7738593504231187	0.0	(-0.7738593504231187+0j)
-0.8262216314366629	-0.6826421842538609	-0.00034760707513423195	-0.6829898855367453	0.0	(-0.6829898855367453+0j)
-0.7762931322498838	-0.6026310271783356	-0.0003462141153247897	-0.6029773402224777	0.0	(-0.6029773402224777+0j)
-0.7294478079704336	-0.5320941045528707	-0.00034463864865912075	-0.5324388471879553	0.0	(-0.5324388471879553+0j)
-0.6854500000365563	-0.46984170255011504	-0.0003428552487103847	-0.47018466719402424	0.0	(-0.47018466719402424+0j)
-0.6440865946486989	-0.41484754140615737	-0.0003408345147432257	-0.41518849108960515	0.0	(-0.41518849108960515+0j)
-0.6051644994220042	-0.36622407136068497	-0.00033854236413728353	-0.36656273504304854	0.0	(-0.36656273504304854+0j)
-0.5685084442600112	-0.3232018511949383	-0.00033593918281396844	-0.32353791822921507	0.0	(-0.32353791822921507+0j)
-0.5339590597382056	-0.2851122774765086	-0.0003329788063864553	-0.28544539105340827	0.0	(-0.28544539105340827+0j)
-0.5013711937253436	-0.25137307389757596	-0.00032960731455937246	-0.25170282328156685	0.0	(-0.25170282328156685+0j)
-0.47061243311642975	-0.22147606220376606	-0.00032576166752040515	-0.2218019736019422	0.0	(-0.2218019736019422+0j)
-0.44156180264691647	-0.1949768255567944	-0.00032136833655050317	-0.1952983516138967	0.0	(-0.1952983516138967+0j)
-0.4141086169972771	-0.17148594667139752	-0.0003163423166286166	-0.17180245497120136	0.0	(-0.17180245497120136+0j)
-0.3881514659361784	-0.15066156050840426	-0.0003105872320279781	-0.15097232217271075	0.0	(-0.15097232217271075+0j)
-0.3635973152142833	-0.13220300763103487	-0.00030399752363054444	-0.13250718809528592	0.0	(-0.13250718809528592+0j)
-0.34036070841050975	-0.11584541182970404	-0.00029646371717699987	-0.11614206687270738	0.0	(-0.11614206687270738+0j)
-0.3183630570304238	-0.10135503608175686	-0.0002878813251743503	-0.10164311673844834	0.0	(-0.10164311673844834+0j)
-0.29753200792919887	-0.08852529574238086	-0.0002781630305898751	-0.08880366537482026	0.0	(-0.08880366537482026+0j)
-0.2778008786338116	-0.07717332816971771	-0.0002672526935031111	-0.07744079351022072	0.0	(-0.07744079351022072+0j)
-0.2591081524156049	-0.06713703464822834	-0.0002551388312824661	-0.06739239027693972	0.0	(-0.06739239027693972+0j)
-0.24139702605183883	-0.058272524186672156	-0.00024186492392148636	-0.05851460725675151	0.0	(-0.05851460725675151+0j)
-0.2246150041436872	-0.050451900086468625	-0.000227534334522974	-0.050679649907471286	0.0	(-0.050679649907471286+0j)
-0.20871353465346604	-0.04356133954754357	-0.00021230866946941927	-0.04377385548697183	0.0	(-0.04377385548697183+0j)
-0.193647681006502	-0.03749942435919596	-0.00019639969232403134	-0.03769601569138844	0.0	(-0.03769601569138844+0j)
-0.17937582669034033	-0.03217568720084301	-0.00018005606874789624	-0.03235590989322377	0.0	(-0.03235590989322377+0j)
-0.1658594087903896	-0.027509343484297566	-0.00016354697803543227	-0.027673021021185143	0.0	(-0.027673021021185143+0j)
-0.15306267733875137	-0.02342818319410671	-0.00014714487241899814	-0.023575410792308217	0.0	(-0.023575410792308217+0j)
-0.14095247773201489	-0.019867600978794153	-0.0001311094500012854	-0.019998734373023682	0.0	(-0.019998734373023682+0j)
-0.12949805380278778	-0.01676974593870972	-0.00011567438253905113	-0.016885376990461103	0.0	(-0.016885376990461103+0j)
-0.11867086941586528	-0.01408277524791735	-0.00010103768537888525	-0.014183697078931612	0.0	(-0.014183697078931612+0j)
-0.10844444670932915	-0.01176019802209253	-8.735598774693618e-05	-0.011847362660183665	0.0	(-0.011847362660183665+0j)
-0.09879421931865788	-0.009760297770783074	-7.474245792206127e-05	-0.009834769783393068	0.0	(-0.009834769783393068+0j)
-0.08969739911252146	-0.008045623407550965	-6.326780322928714e-05	-0.008108533513825759	0.0	(-0.008108533513825759+0j)
-0.08113285513605101	-0.006582540182527438	-5.296359763360272e-05	-0.006635042840039805	0.0	(-0.006635042840039805+0j)
-0.07308100360420813	-0.005340833087798282	-4.38271603764288e-05	-0.00538407126044917	0.0	(-0.00538407126044917+0j)
-0.06552370791714959	-0.004293356299211932	-3.582727628262349e-05	-0.004328435243696622	0.0	(-0.004328435243696622+0j)
-0.05844418778352761	-0.003415723085676238	-2.8910171018604988e-05	-0.003443693410037364	0.0	(-0.003443693410037364+0j)
-0.05182693663849014	-0.0026860313613300715	-2.3005298741287554e-05	-0.0027078800584806845	0.0	(-0.0027078800584806845+0j)
-0.04565764663247233	-0.0020846206960157118	-1.803064100295332e-05	-0.002101267632186294	0.0	(-0.002101267632186294+0j)
-0.039923140546193156	-0.001593857151071092	-1.389733973630493e-05	-0.0016061540196461424	0.0	(-0.0016061540196461424+0j)
-0.034611310057874316	-0.0011979427839223118	-1.0513586694859898e-05	-0.0012066720567048305	0.0	(-0.0012066720567048305+0j)
-0.029711059851702245	-0.0008827470775114331	-7.787765496276336e-06	-0.0008886197375078293	0.0	(-0.0008886197375078293+0j)
-0.025212257112925088	-0.0006356579087282417	-5.630892506869323e-06	-0.0006393101021175327	0.0	(-0.0006393101021175327+0j)
-0.021105686005563538	-0.00044544998176544053	-3.9584330854252475e-06	-0.00044743961055428996	0.0	(-0.00044743961055428996+0j)
-0.017383006774255177	-0.00030216892451380135	-2.6915846168654863e-06	-0.0003029734059512927	0.0	(-0.0003029734059512927+0j)
-0.014036719152893245	-0.00019702948457720005	-1.7581215731130028e-06	-0.0001970455763860952	0.0	(-0.0001970455763860952+0j)
-0.011060129800035528	-0.0001223264711936339	-1.0928942189736279e-06	-0.00012187250812129008	0.0	(-0.00012187250812129008+0j)
-0.008447323515047022	-7.135727456786637e-05	-6.380644742939868e-07	-7.067764866012464e-05	0.0	(-7.067764866012464e-05+0j)
-0.006193138020050975	-3.8354958535400906e-05	-3.431520501750995e-07	-3.7626336007234394e-05	0.0	(-3.7626336007234394e-05+0j)
-0.004293142121393118	-1.84310692744798e-05	-1.6495283783890535e-07	-1.7769658637650853e-05	0.0	(-1.7769658637650853e-05+0j)
-0.0027436170908315717	-7.5274347411030965e-06	-6.73806464623894e-08	-6.996385664906187e-06	0.0	(-6.996385664906187e-06+0j)
-0.001541541131372016	-2.376349059711715e-06	-2.127334068902087e-08	-1.9906551897916474e-06	0.0	(-1.9906551897916474e-06+0j)
-0.000684576815868511	-4.686454168246692e-07	-4.195498348735782e-09	-1.6551085244778015e-07	0.0	(-1.6551085244778015e-07+0j)
-0.0001710614084738449	-2.926200546905562e-08	-2.619856331875781e-10	2.8987054690560555e-15	-1.3999983052868125e-07	(2.8987054690560555e-15-1.3999983052868125e-07j)
0.0001710614084738449	2.926200546905562e-08	2.619856331875781e-10	2.8987054690560555e-15	1.3999983052868125e-07	(2.8987054690560555e-15+1.3999983052868125e-07j)
0.000684576815868511	4.686454168246692e-07	4.195498348735782e-09	1.6551084633736327e-07	0.0	(1.6551084633736327e-07+0j)
0.001541541131372016	2.376349059711715e-06	2.127334068902087e-08	1.990655188921365e-06	0.0	(1.990655188921365e-06+0j)
0.0027436170908315717	7.5274347411030965e-06	6.73806464623894e-08	6.996385672793879e-06	0.0	(6.996385672793879e-06+0j)
0.004293142121393118	1.84310692744798e-05	1.6495283783890535e-07	1.7769658634855008e-05	0.0	(1.7769658634855008e-05+0j)
0.006193138020050975	3.8354958535400906e-05	3.431520501750995e-07	3.762633601029255e-05	0.0	(3.762633601029255e-05+0j)
0.008447323515047022	7.135727456786637e-05	6.380644742939868e-07	7.067764865682233e-05	0.0	(7.067764865682233e-05+0j)
0.011060129800035528	0.0001223264711936339	1.0928942189736279e-06	0.00012187250811945203	0.0	(0.00012187250811945203+0j)
0.014036719152893245	0.00019702948457720005	1.7581215731130028e-06	0.00019704557639007886	0.0	(0.00019704557639007886+0j)
0.017383006774255177	0.00030216892451380135	2.6915846168654863e-06	0.00030297340595033585	0.0	(0.00030297340595033585+0j)
0.021105686005563538	0.00044544998176544053	3.9584330854252475e-06	0.00044743961055791157	0.0	(0.00044743961055791157+0j)
0.025212257112925088	0.0006356579087282417	5.630892506869323e-06	0.0006393101021237238	0.0	(0.0006393101021237238+0j)
0.029711059851702245	0.0008827470775114331	7.787765496276336e-06	0.0008886197375121284	0.0	(0.0008886197375121284+0j)
0.034611310057874316	0.0011979427839223118	1.0513586694859898e-05	0.0012066720567109259	0.0	(0.0012066720567109259+0j)
0.039923140546193156	0.001593857151071092	1.389733973630493e-05	0.0016061540196460054	0.0	(0.0016061540196460054+0j)
0.04565764663247233	0.0020846206960157118	1.803064100295332e-05	0.0021012676321833434	0.0	(0.0021012676321833434+0j)
0.05182693663849014	0.0026860313613300715	2.3005298741287554e-05	0.002707880058482501	0.0	(0.002707880058482501+0j)
0.05844418778352761	0.003415723085676238	2.8910171018604988e-05	0.003443693410038815	0.0	(0.003443693410038815+0j)
0.06552370791714959	0.004293356299211932	3.582727628262349e-05	0.004328435243697726	0.0	(0.004328435243697726+0j)
0.07308100360420813	0.005340833087798282	4.38271603764288e-05	0.005384071260444986	0.0	(0.005384071260444986+0j)
0.08113285513605101	0.006582540182527438	5.296359763360272e-05	0.006635042840040078	0.0	(0.006635042840040078+0j)
0.08969739911252146	0.008045623407550965	6.326780322928714e-05	0.008108533513823249	0.0	(0.008108533513823249+0j)
0.09879421931865788	0.009760297770783074	7.474245792206127e-05	0.009834769783390573	0.0	(0.009834769783390573+0j)
0.10844444670932915	0.01176019802209253	8.735598774693618e-05	0.011847362660181333	0.0	(0.011847362660181333+0j)
0.11867086941586528	0.01408277524791735	0.00010103768537888525	0.014183697078928623	0.0	(0.014183697078928623+0j)
0.12949805380278778	0.01676974593870972	0.00011567438253905113	0.01688537699045981	0.0	(0.01688537699045981+0j)
0.14095247773201489	0.019867600978794153	0.0001311094500012854	0.019998734373023786	0.0	(0.019998734373023786+0j)
0.15306267733875137	0.02342818319410671	0.00014714487241899814	0.02357541079231276	0.0	(0.02357541079231276+0j)
0.1658594087903896	0.027509343484297566	0.00016354697803543227	0.027673021021190406	0.0	(0.027673021021190406+0j)
0.17937582669034033	0.03217568720084301	0.00018005606874789624	0.032355909893233434	0.0	(0.032355909893233434+0j)
0.193647681006502	0.03749942435919596	0.00019639969232403134	0.03769601569139466	0.0	(0.03769601569139466+0j)
0.20871353465346604	0.04356133954754357	0.00021230866946941927	0.04377385548697371	0.0	(0.04377385548697371+0j)
0.2246150041436872	0.050451900086468625	0.000227534334522974	0.0506796499074751	0.0	(0.0506796499074751+0j)
0.24139702605183883	0.058272524186672156	0.00024186492392148636	0.05851460725675908	0.0	(0.05851460725675908+0j)
0.2591081524156049	0.06713703464822834	0.0002551388312824661	0.06739239027694233	0.0	(0.06739239027694233+0j)
0.2778008786338116	0.07717332816971771	0.0002672526935031111	0.07744079351024308	0.0	(0.07744079351024308+0j)
0.29753200792919887	0.08852529574238086	0.0002781630305898751	0.0888036653748258	0.0	(0.0888036653748258+0j)
0.3183630570304238	0.10135503608175686	0.0002878813251743503	0.1016431167384604	0.0	(0.1016431167384604+0j)
0.34036070841050975	0.11584541182970404	0.00029646371717699987	0.11614206687271544	0.0	(0.11614206687271544+0j)
0.3635973152142833	0.13220300763103487	0.00030399752363054444	0.13250718809528172	0.0	(0.13250718809528172+0j)
0.3881514659361784	0.15066156050840426	0.0003105872320279781	0.15097232217272125	0.0	(0.15097232217272125+0j)
0.4141086169972771	0.17148594667139752	0.0003163423166286166	0.1718024549712123	0.0	(0.1718024549712123+0j)
0.44156180264691647	0.1949768255567944	0.00032136833655050317	0.19529835161390574	0.0	(0.19529835161390574+0j)
0.47061243311642975	0.22147606220376606	0.00032576166752040515	0.22180197360195286	0.0	(0.22180197360195286+0j)
0.5013711937253436	0.25137307389757596	0.00032960731455937246	0.2517028232815651	0.0	(0.2517028232815651+0j)
0.5339590597382056	0.2851122774765086	0.0003329788063864553	0.28544539105341477	0.0	(0.28544539105341477+0j)
0.5685084442600112	0.3232018511949383	0.00033593918281396844	0.323537918229221	0.0	(0.323537918229221+0j)
0.6051644994220042	0.36622407136068497	0.00033854236413728353	0.3665627350430381	0.0	(0.3665627350430381+0j)
0.6440865946486989	0.41484754140615737	0.0003408345147432257	0.41518849108960465	0.0	(0.41518849108960465+0j)
0.6854500000365563	0.46984170255011504	0.0003428552487103847	0.4701846671940241	0.0	(0.4701846671940241+0j)
0.7294478079704336	0.5320941045528707	0.00034463864865912075	0.5324388471879692	0.0	(0.5324388471879692+0j)
0.7762931322498838	0.6026310271783356	0.0003462141153247897	0.6029773402225075	0.0	(0.6029773402225075+0j)
0.8262216314366629	0.6826421842538609	0.00034760707513423195	0.68298988553674	0.0	(0.68298988553674+0j)
0.8794944121732711	0.7735104210440076	0.0003488395709546219	0.7738593504230982	0.0	(0.7738593504230982+0j)
0.9364013792464617	0.8768475430546758	0.00034993075686338114	0.877197559525946	0.0	(0.877197559525946+0j)
0.9972651126700055	0.9945377049487187	0.00035089731384798387	0.9948886841680671	0.0	(0.9948886841680671+0j)
1.0624453686634734	1.128790161394464	0.00035175380014303815	1.1291419935345801	0.0	(1.1291419935345801+0j)
1.1323443219109504	1.28220366336397	0.0003525129473531331	1.2825562512359714	0.0	(1.2825562512359714+0j)
1.2074126919297783	1.4578454086331136	0.0003531859114617262	1.4581986660164838	0.0	(1.4581986660164838+0j)
1.2881569281055145	1.6593482714262358	0.0003537824861807713	1.6597021215798369	0.0	(1.6597021215798369+0j)
1.3751476677030152	1.8910311079890423	0.0003543112847686674	1.8913854823611398	0.0	(1.8913854823611398+0j)
1.4690297312372158	2.1580483512588864	0.00035477989536986603	2.158403188449485	0.0	(2.158403188449485+0j)
1.5705339830061318	2.4665769917771048	0.0003551950140568241	2.4669322368065383	0.0	(2.4669322368065383+0j)
1.6804914653719552	2.824051565187981	0.0003555625590436716	2.824407169066984	0.0	(2.824407169066984+0j)
1.7998503189008417	3.2394611704474614	0.0003558877689592131	3.239817089953569	0.0	(3.239817089953569+0j)
1.929696133983497	3.7237271695108545	0.00035617528758958097	3.7240833669937756	0.0	(3.7240833669937756+0j)
2.0712765528960047	4.290186558576756	0.00035642923710802935	4.290543001591767	0.0	(4.290543001591767+0j)
2.2260311678918274	4.955214760425853	0.00035665328148507935	4.9555714210595045	0.0	(4.9555714210595045+0j)
2.395628059436423	5.739033799159123	0.0003568506815037592	5.73939065307748	0.0	(5.73939065307748+0j)
2.582008715008632	6.6667690043805266	0.0003570243425817885	6.667126029837987	0.0	(6.667126029837987+0j)
2.787443599427465	7.769841819989143	0.0003571768564169938	7.77019899712589	0.0	(7.77019899712589+0j)
3.0146013641703693	9.087821384857852	0.00035731053731735153	9.088178695442185	0.0	(9.088178695442185+0j)
3.266635659935717	10.670908534763658	0.00035742745394742366	10.671265962222288	0.0	(10.671265962222288+0j)
3.5472948616811224	12.583300835709293	0.00035752945711419707	12.583658365166626	0.0	(12.583658365166626+0j)
3.8610618871651003	14.907798896518926	0.00035761820412386715	14.908156514723025	0.0	(14.908156514723025+0j)
4.213333924838965	17.752182762198917	0.000357695180163996	17.752540457378974	0.0	(17.752540457378974+0j)
4.610655641410415	21.258145443669687	0.0003577617171003125	21.258503205386823	0.0	(21.258503205386823+0j)
5.061024860040284	25.613972633945778	0.00035781901002223613	25.614330452955762	0.0	(25.614330452955762+0j)
5.57429763791447	31.07279415605884	0.00035786813182436236	31.073152024190758	0.0	(31.073152024190758+0j)
6.162731474956152	37.979259232415224	0.00035791004607129746	37.97961714246136	0.0	(37.97961714246136+0j)
6.841723229580946	46.80917675018753	0.00035794561835925717	46.809534695805866	0.0	(46.809534695805866+0j)
7.630825786480474	58.229502183615345	0.00035797562635881915	58.22986015924203	0.0	(58.22986015924203+0j)
8.555170650192927	73.19094485392247	0.00035800076869836714	73.19130285469154	0.0	(73.19130285469154+0j)
9.647492837318621	93.07411804611411	0.00035802167282644254	93.07447606778692	0.0	(93.07447606778692+0j)
10.951068153486302	119.92589370230189	0.0003580389019728808	119.92625174120435	0.0	(119.92625174120435+0j)
12.52406481953676	156.85219960395833	0.0003580529613128129	156.8525576569195	0.0	(156.8525576569195+0j)
14.446144892058085	208.6911022423359	0.00035806430342395605	208.69146030663944	0.0	(208.69146030663944+0j)
16.828750051181775	283.2068282851506	0.00035807333311580505	283.2071863584845	0.0	(283.2071863584845+0j)
19.831623870901822	393.293305356923	0.0003580804116990724	393.29366343733466	0.0	(393.29366343733466+0j)
23.6902984280254	561.2302396089027	0.00035808586075479487	561.2305976947634	0.0	(561.2305976947634+0j)
28.763723473922568	827.3517880842842	0.0003580899654547272	827.3521461742496	0.0	(827.3521461742496+0j)
35.62085944399189	1268.8456275286262	0.0003580929774778116	1268.8459856216036	0.0	(1268.8459856216036+0j)
45.20742604651833	2043.7113697514237	0.00035809511756150345	2043.7117278465412	0.0	(2043.7117278465412+0j)
59.190345807090225	3503.4970367629235	0.00035809657772142937	3503.497394859501	0.0	(3503.497394859501+0j)
80.73451590796027	6518.06205889269	0.00035809752316814074	6518.062416990214	0.0	(6518.062416990214+0j)
116.46481431594222	13564.0529736469	0.00035809809394552383	13564.053331744994	0.0	(13564.053331744994+0j)
182.2411741313547	33211.84554877475	0.0003580984063116439	33211.84590687315	0.0	(33211.84590687315+0j)
324.3507356530824	105203.39971869573	0.00035809855387937867	105203.40007679428	0.0	(105203.40007679428+0j)
730.3782255109697	533452.352300553	0.00035809860853106224	533452.3526586517	0.0	(533452.3526586517+0j)
2922.9269445448313	8543501.923146183	0.0003580986211184698	8543501.923504282	0.0	(8543501.923504282+0j)
