-1.0	-1.0	-0.03390976216821248	-1.0340541943937334	0.0	(-1.0340541943937334+0j)
-0.9950062500000001	-0.9900374375390627	-0.03362325371969835	-1.0237818254366684	0.0	(-1.0237818254366684+0j)
-0.990025	-0.9801495006250001	-0.03333798920695208	-1.0135956575889518	0.0	(-1.0135956575889518+0j)
-0.9850562500000001	-0.9703358156640627	-0.03305397493451134	-1.0034887740309677	0.0	(-1.0034887740309677+0j)
-0.9801	-0.96059601	-0.032771217079034964	-0.993459019372206	0.0	(-0.993459019372206+0j)
-0.9751562500000001	-0.9509297119140626	-0.032489721689219264	-0.9835052773131631	0.0	(-0.9835052773131631+0j)
-0.970225	-0.941336550625	-0.032209494685735696	-0.9736267948288877	0.0	(-0.9736267948288877+0j)
-0.96530625	-0.9318161562890626	-0.031930541861190986	-0.9638229801142134	0.0	(-0.9638229801142134+0j)
-0.9603999999999999	-0.9223681599999999	-0.03165286888010874	-0.9540933244004475	0.0	(-0.9540933244004475+0j)
-0.9555062500000001	-0.9129921937890627	-0.03137648127893233	-0.9444373663566252	0.0	(-0.9444373663566252+0j)
-0.9506249999999999	-0.9036878906249999	-0.03110138446604918	-0.9348546739337137	0.0	(-0.9348546739337137+0j)
-0.9457562500000001	-0.8944548844140626	-0.030827583721836388	-0.9253448342926865	0.0	(-0.9253448342926865+0j)
-0.9409	-0.8852928099999999	-0.030555084198726573	-0.9159074478416953	0.0	(-0.9159074478416953+0j)
-0.93605625	-0.8762013031640625	-0.030283890921295603	-0.9065421245179783	0.0	(-0.9065421245179783+0j)
-0.931225	-0.8671800006249999	-0.030014008786369367	-0.8972484813689312	0.0	(-0.8972484813689312+0j)
-0.9264062500000001	-0.8582285400390627	-0.02974544256315198	-0.8880261409218405	0.0	(-0.8880261409218405+0j)
-0.9216	-0.84934656	-0.029478196893373748	-0.8788747300516716	0.0	(-0.8788747300516716+0j)
-0.91680625	-0.8405337000390626	-0.029212276291458755	-0.8697938791743776	0.0	(-0.8697938791743776+0j)
-0.9120250000000001	-0.8317896006250002	-0.02894768514471255	-0.8607832216592209	0.0	(-0.8607832216592209+0j)
-0.90725625	-0.8231139031640625	-0.028684427713528776	-0.8518423933921349	0.0	(-0.8518423933921349+0j)
-0.9025000000000001	-0.8145062500000001	-0.028422508131615593	-0.8429710324457511	0.0	(-0.8429710324457511+0j)
-0.89775625	-0.8059662844140626	-0.028161930406240904	-0.8341687788261948	0.0	(-0.8341687788261948+0j)
-0.8930250000000001	-0.7974936506250001	-0.02790269841849588	-0.8254352742760545	0.0	(-0.8254352742760545+0j)
-0.88830625	-0.7890879937890625	-0.027644815923577898	-0.8167701621192593	0.0	(-0.8167701621192593+0j)
-0.8836000000000002	-0.7807489600000003	-0.02738828655109135	-0.8081730871374947	0.0	(-0.8081730871374947+0j)
-0.87890625	-0.7724761962890625	-0.02713311380536615	-0.7996436954708497	0.0	(-0.7996436954708497+0j)
-0.8742250000000001	-0.7642693506250002	-0.026879301065795225	-0.791181634537099	0.0	(-0.791181634537099+0j)
-0.86955625	-0.7561280719140625	-0.026626851587188416	-0.7827865529656953	0.0	(-0.7827865529656953+0j)
-0.8649000000000001	-0.7480520100000002	-0.026375768500144336	-0.7744581005433024	0.0	(-0.7744581005433024+0j)
-0.86025625	-0.7400408156640624	-0.02612605481143937	-0.766195928168524	0.0	(-0.766195928168524+0j)
-0.8556250000000001	-0.7320941406250001	-0.025877713404433955	-0.7579996878141212	0.0	(-0.7579996878141212+0j)
-0.85100625	-0.7242116375390625	-0.025630747039494473	-0.7498690324952131	0.0	(-0.7498690324952131+0j)
-0.8464	-0.7163929600000001	-0.025385158354432502	-0.7418036162424048	0.0	(-0.7418036162424048+0j)
-0.84180625	-0.7086377625390624	-0.025140949864959905	-0.7338030940789669	0.0	(-0.7338030940789669+0j)
-0.8372250000000001	-0.7009457006250002	-0.024898123965159613	-0.7258671220013688	0.0	(-0.7258671220013688+0j)
-0.83265625	-0.6933164306640625	-0.02465668292797274	-0.7179953569626024	0.0	(-0.7179953569626024+0j)
-0.8281000000000001	-0.6857496100000001	-0.024416628905700233	-0.710187456857835	0.0	(-0.710187456857835+0j)
-0.82355625	-0.6782448969140625	-0.024177963930520407	-0.7024430805120445	0.0	(-0.7024430805120445+0j)
-0.819025	-0.670801950625	-0.023940689915020963	-0.6947618876693277	0.0	(-0.6947618876693277+0j)
-0.81450625	-0.6634204312890625	-0.023704808652745657	-0.6871435389836126	0.0	(-0.6871435389836126+0j)
-0.81	-0.6561000000000001	-0.02347032181875619	-0.6795876960106148	0.0	(-0.6795876960106148+0j)
-0.80550625	-0.6488403187890625	-0.02323723097020669	-0.6720940212007688	0.0	(-0.6720940212007688+0j)
-0.801025	-0.641641050625	-0.02300553754693324	-0.6646621778931521	0.0	(-0.6646621778931521+0j)
-0.7965562500000001	-0.6345018594140627	-0.022775242872057178	-0.6572918303101236	0.0	(-0.6572918303101236+0j)
-0.7921	-0.6274224100000001	-0.022546348152600704	-0.6499826435526308	0.0	(-0.6499826435526308+0j)
-0.7876562500000002	-0.6204023681640628	-0.022318854480116612	-0.6427342835961521	0.0	(-0.6427342835961521+0j)
-0.7832250000000001	-0.6134414006250001	-0.02209276283133038	-0.6355464172871177	0.0	(-0.6355464172871177+0j)
-0.7788062500000001	-0.6065391750390627	-0.02186807406879504	-0.6284187123397975	0.0	(-0.6284187123397975+0j)
-0.7744	-0.59969536	-0.021644788941558024	-0.6213508373335719	0.0	(-0.6213508373335719+0j)
-0.7700062500000001	-0.5929096250390626	-0.021422908085840797	-0.6143424617105938	0.0	(-0.6143424617105938+0j)
-0.765625	-0.586181640625	-0.02120243202572958	-0.6073932557737078	0.0	(-0.6073932557737078+0j)
-0.7612562500000001	-0.5795110781640627	-0.02098336117387789	-0.6005028906846775	0.0	(-0.6005028906846775+0j)
-0.7569	-0.5728976100000001	-0.0207656958322206	-0.5936710384626808	0.0	(-0.5936710384626808+0j)
-0.75255625	-0.5663409094140626	-0.020549436192698833	-0.5868973719829657	0.0	(-0.5868973719829657+0j)
-0.748225	-0.559840650625	-0.02033458233799551	-0.5801815649757514	0.0	(-0.5801815649757514+0j)
-0.7439062500000001	-0.5533965087890627	-0.0201211342422819	-0.5735232920253117	0.0	(-0.5735232920253117+0j)
-0.7395999999999999	-0.5470081599999999	-0.01990909177197342	-0.5669222285691716	0.0	(-0.5669222285691716+0j)
-0.73530625	-0.5406752812890626	-0.019698454686497113	-0.5603780508974836	0.0	(-0.5603780508974836+0j)
-0.7310249999999999	-0.5343975506249999	-0.019489222639067105	-0.5538904361525386	0.0	(-0.5538904361525386+0j)
-0.7267562500000001	-0.5281746469140627	-0.01928139517747074	-0.5474590623283597	0.0	(-0.5474590623283597+0j)
-0.7224999999999999	-0.5220062499999999	-0.0190749717448635	-0.5410836082704465	0.0	(-0.5410836082704465+0j)
-0.71825625	-0.5158920406640626	-0.01886995168057304	-0.5347637536755667	0.0	(-0.5347637536755667+0j)
-0.7140249999999999	-0.5098317006249998	-0.01866633422091185	-0.5284991790916931	0.0	(-0.5284991790916931+0j)
-0.7098062500000001	-0.5038249125390626	-0.018464118499998516	-0.5222895659179707	0.0	(-0.5222895659179707+0j)
-0.7055999999999999	-0.4978713599999999	-0.01826330355058725	-0.5161345964047862	0.0	(-0.5161345964047862+0j)
-0.70140625	-0.4919707275390625	-0.01806388830490535	-0.5100339536538816	0.0	(-0.5100339536538816+0j)
-0.697225	-0.48612270062499996	-0.01786587159549824	-0.5039873216185717	0.0	(-0.5039873216185717+0j)
-0.69305625	-0.4803269656640626	-0.01766925215608217	-0.4979943851039677	0.0	(-0.4979943851039677+0j)
-0.6889000000000001	-0.4745832100000001	-0.017474028622404436	-0.4920548297672882	0.0	(-0.4920548297672882+0j)
-0.6847562500000001	-0.46889112191406257	-0.017280199533109886	-0.48616834211819376	0.0	(-0.48616834211819376+0j)
-0.6806250000000001	-0.4632503906250002	-0.017087763330615235	-0.48033460951919554	0.0	(-0.48033460951919554+0j)
-0.67650625	-0.45766070628906247	-0.01689671836198814	-0.4745533201860615	0.0	(-0.4745533201860615+0j)
-0.6724000000000001	-0.45212176000000015	-0.016707062879835366	-0.46882416318831405	0.0	(-0.46882416318831405+0j)
-0.66830625	-0.4466332437890625	-0.016518795043193535	-0.4631468284497134	0.0	(-0.4631468284497134+0j)
-0.6642250000000001	-0.4411948506250001	-0.016331912918428948	-0.4575210067487966	0.0	(-0.4575210067487966+0j)
-0.66015625	-0.4358062744140625	-0.016146414480140425	-0.45194638971945145	0.0	(-0.45194638971945145+0j)
-0.6561000000000001	-0.43046721000000016	-0.01596229761206902	-0.44642266985149287	0.0	(-0.44642266985149287+0j)
-0.65205625	-0.4251773531640625	-0.015779560108012625	-0.4409495404913085	0.0	(-0.4409495404913085+0j)
-0.6480250000000001	-0.4199364006250001	-0.01559819967274434	-0.43552669584246406	0.0	(-0.43552669584246406+0j)
-0.64400625	-0.4147440500390625	-0.015418213922937296	-0.4301538309663966	0.0	(-0.4301538309663966+0j)
-0.6400000000000001	-0.4096000000000002	-0.015239600388092245	-0.4248306417830837	0.0	(-0.4248306417830837+0j)
-0.63600625	-0.4045039500390625	-0.015062356511470032	-0.4195568250717489	0.0	(-0.4195568250717489+0j)
-0.6320250000000001	-0.3994556006250001	-0.01488647965102885	-0.4143320784715872	0.0	(-0.4143320784715872+0j)
-0.62805625	-0.3944546531640625	-0.014711967080362931	-0.40915610048248563	0.0	(-0.40915610048248563+0j)
-0.6241000000000001	-0.38950081000000014	-0.014538815989648013	-0.4040285904657901	0.0	(-0.4040285904657901+0j)
-0.62015625	-0.38459377441406245	-0.014367023486587027	-0.39894924864506165	0.0	(-0.39894924864506165+0j)
-0.616225	-0.379733250625	-0.014196586597360672	-0.3939177761068579	0.0	(-0.3939177761068579+0j)
-0.6123062499999999	-0.37491894378906243	-0.01402750226758076	-0.3889338748015105	0.0	(-0.3889338748015105+0j)
-0.6084	-0.3701505600000001	-0.013859767363245457	-0.38399724754394604	0.0	(-0.38399724754394604+0j)
-0.6045062499999999	-0.3654278062890624	-0.01369337867169762	-0.37910759801446714	0.0	(-0.37910759801446714+0j)
-0.6006250000000001	-0.3607503906250001	-0.013528332902585372	-0.37426463075959665	0.0	(-0.37426463075959665+0j)
-0.59675625	-0.3561180219140625	-0.013364626688824321	-0.36946805119289433	0.0	(-0.36946805119289433+0j)
-0.5929	-0.35153040999999996	-0.013202256587562244	-0.3647175655957857	0.0	(-0.3647175655957857+0j)
-0.5890562500000001	-0.34698726566406257	-0.013041219081144972	-0.36001288111841306	0.0	(-0.36001288111841306+0j)
-0.585225	-0.342488300625	-0.012881510578083621	-0.3553537057804821	0.0	(-0.3553537057804821+0j)
-0.5814062500000001	-0.3380332275390626	-0.01272312741402426	-0.3507397484721035	0.0	(-0.3507397484721035+0j)
-0.5776	-0.33362176	-0.012566065852716468	-0.3461707189546715	0.0	(-0.3461707189546715+0j)
-0.5738062500000001	-0.3292536125390626	-0.012410322086985226	-0.34164632786170845	0.0	(-0.34164632786170845+0j)
-0.570025	-0.324928500625	-0.012255892239701693	-0.3371662866997449	0.0	(-0.3371662866997449+0j)
-0.5662562500000001	-0.32064614066406266	-0.01210277236475521	-0.3327303078491903	0.0	(-0.3327303078491903+0j)
-0.5625	-0.31640625	-0.011950958448026405	-0.32833810456518947	0.0	(-0.32833810456518947+0j)
-0.5587562500000001	-0.3122085469140626	-0.011800446408358534	-0.3239893909785208	0.0	(-0.3239893909785208+0j)
-0.555025	-0.308052750625	-0.011651232098530695	-0.31968388209646453	0.0	(-0.31968388209646453+0j)
-0.5513062500000001	-0.3039385812890626	-0.011503311306229835	-0.3154212938036857	0.0	(-0.3154212938036857+0j)
-0.5476	-0.29986576	-0.011356679755022525	-0.3112013428631118	0.0	(-0.3112013428631118+0j)
-0.54390625	-0.2958340087890625	-0.011211333105326737	-0.307023746916822	0.0	(-0.307023746916822+0j)
-0.540225	-0.29184305062499993	-0.011067266955382404	-0.302888224486927	0.0	(-0.302888224486927+0j)
-0.5365562500000001	-0.2878926094140626	-0.010924476842220754	-0.29879449497645333	0.0	(-0.29879449497645333+0j)
-0.5328999999999999	-0.2839824099999999	-0.010782958242633756	-0.2947422786702253	0.0	(-0.2947422786702253+0j)
-0.5292562500000001	-0.2801121781640626	-0.010642706574141125	-0.2907312967357548	0.0	(-0.2907312967357548+0j)
-0.525625	-0.276281640625	-0.01050371719595733	-0.286761271224119	0.0	(-0.286761271224119+0j)
-0.52200625	-0.2724905250390625	-0.010365985409955147	-0.28283192507084315	0.0	(-0.28283192507084315+0j)
-0.5184	-0.26873855999999996	-0.010229506461630455	-0.2789429820967806	0.0	(-0.2789429820967806+0j)
-0.51480625	-0.26502547503906254	-0.010094275541061792	-0.27509416700899686	0.0	(-0.27509416700899686+0j)
-0.5112249999999999	-0.26135100062499994	-0.009960287783870925	-0.2712852054016421	0.0	(-0.2712852054016421+0j)
-0.50765625	-0.2577148681640625	-0.00982753827217997	-0.26751582375682986	0.0	(-0.26751582375682986+0j)
-0.5041	-0.25411680999999997	-0.009696022035565521	-0.26378574944551075	0.0	(-0.26378574944551075+0j)
-0.50055625	-0.2505565594140625	-0.009565734052012997	-0.26009471072834817	0.0	(-0.26009471072834817+0j)
-0.49702499999999994	-0.24703385062499994	-0.00943666924886477	-0.25644243675656714	0.0	(-0.25644243675656714+0j)
-0.49350625000000004	-0.24354841878906253	-0.009308822503769854	-0.25282865757286105	0.0	(-0.25282865757286105+0j)
-0.4900000000000001	-0.2401000000000001	-0.009182188645626699	-0.24925310411220514	0.0	(-0.24925310411220514+0j)
-0.48650625000000003	-0.23668833128906253	-0.009056762455526668	-0.24571550820275628	0.0	(-0.24571550820275628+0j)
-0.4830250000000001	-0.23331315062500008	-0.008932538667691947	-0.24221560256669122	0.0	(-0.24221560256669122+0j)
-0.47955625	-0.2299741969140625	-0.008809511970411688	-0.23875312082106312	0.0	(-0.23875312082106312+0j)
-0.4761000000000001	-0.22667121000000007	-0.008687677006973704	-0.2353277974786524	0.0	(-0.2353277974786524+0j)
-0.47265625	-0.2234039306640625	-0.008567028376594621	-0.23193936794881456	0.0	(-0.23193936794881456+0j)
-0.46922500000000006	-0.22017210062500006	-0.008447560635344908	-0.22858756853831758	0.0	(-0.22858756853831758+0j)
-0.46580625	-0.21697546253906247	-0.008329268297070591	-0.225272136452185	0.0	(-0.225272136452185+0j)
-0.4624000000000001	-0.21381376000000007	-0.00821214583431118	-0.22199280979452893	0.0	(-0.22199280979452893+0j)
-0.45900625	-0.2106867375390625	-0.008096187679215383	-0.21874932756937948	0.0	(-0.21874932756937948+0j)
-0.45562500000000006	-0.20759414062500006	-0.007981388224449715	-0.21554142968150533	0.0	(-0.21554142968150533+0j)
-0.45225624999999997	-0.20453571566406248	-0.007867741824106655	-0.21236885693724972	0.0	(-0.21236885693724972+0j)
-0.4489000000000001	-0.20151121000000008	-0.007755242794605488	-0.20923135104533366	0.0	(-0.20923135104533366+0j)
-0.44555625	-0.1985203719140625	-0.007643885415590468	-0.20612865461766722	0.0	(-0.20612865461766722+0j)
-0.44222500000000003	-0.19556295062500004	-0.0075336639308256625	-0.20306051117016263	0.0	(-0.20306051117016263+0j)
-0.43890625	-0.1926386962890625	-0.007424572549082464	-0.2000266651235459	0.0	(-0.2000266651235459+0j)
-0.43560000000000004	-0.18974736000000003	-0.00731660544502577	-0.19702686180413137	0.0	(-0.19702686180413137+0j)
-0.43230624999999995	-0.18688869378906245	-0.007209756760092834	-0.19406084744463797	0.0	(-0.19406084744463797+0j)
-0.42902500000000005	-0.18406245062500004	-0.007104020603369676	-0.19112836918496148	0.0	(-0.19112836918496148+0j)
-0.42575624999999995	-0.18126838441406246	-0.006999391052460613	-0.18822917507296258	0.0	(-0.18822917507296258+0j)
-0.42250000000000004	-0.17850625000000003	-0.006895862154355115	-0.18536301406525071	0.0	(-0.18536301406525071+0j)
-0.41925624999999994	-0.17577580316406244	-0.006793427926287565	-0.1825296360279489	0.0	(-0.1825296360279489+0j)
-0.41602500000000003	-0.17307680062500003	-0.006692082356593687	-0.17972879173746	0.0	(-0.17972879173746+0j)
-0.41280624999999993	-0.17040900003906245	-0.006591819405560528	-0.17696023288124157	0.0	(-0.17696023288124157+0j)
-0.4096	-0.16777216	-0.006492633006273119	-0.17422371205854098	0.0	(-0.17422371205854098+0j)
-0.4064062500000001	-0.16516604003906257	-0.006394517065452909	-0.17151898278117625	0.0	(-0.17151898278117625+0j)
-0.403225	-0.162590400625	-0.006297465464294882	-0.16884579947425907	0.0	(-0.16884579947425907+0j)
-0.40005625000000006	-0.16004500316406253	-0.006201472059294888	-0.16620391747694435	0.0	(-0.16620391747694435+0j)
-0.39690000000000003	-0.15752961000000001	-0.006106530683075206	-0.16359309304317168	0.0	(-0.16359309304317168+0j)
-0.3937562500000001	-0.15504398441406256	-0.006012635145203005	-0.16101308334238365	0.0	(-0.16101308334238365+0j)
-0.390625	-0.152587890625	-0.005919779233003464	-0.1584636464602645	0.0	(-0.1584636464602645+0j)
-0.38750625000000005	-0.15016109378906253	-0.0058279567123655784	-0.1559445413994532	0.0	(-0.1559445413994532+0j)
-0.3844	-0.14776336	-0.005737161328546847	-0.15345552808025692	0.0	(-0.15345552808025692+0j)
-0.38130625000000007	-0.14539445628906256	-0.005647386806966637	-0.15099636734136626	0.0	(-0.15099636734136626+0j)
-0.378225	-0.143054150625	-0.005558626853998216	-0.14856682094055532	0.0	(-0.14856682094055532+0j)
-0.3751562500000001	-0.14074221191406255	-0.005470875157752797	-0.1461666515553791	0.0	(-0.1461666515553791+0j)
-0.3721	-0.13845840999999998	-0.005384125388856464	-0.14379562278387142	0.0	(-0.14379562278387142+0j)
-0.36905625000000003	-0.13620251566406252	-0.005298371201226448	-0.1414534991452307	0.0	(-0.1414534991452307+0j)
-0.366025	-0.133974300625	-0.005213606232834067	-0.1391400460804975	0.0	(-0.1391400460804975+0j)
-0.36300625000000003	-0.1317735375390625	-0.005129824106467229	-0.13685502995324444	0.0	(-0.13685502995324444+0j)
-0.36	-0.1296	-0.005047018430486272	-0.13459821805023905	0.0	(-0.13459821805023905+0j)
-0.35700625	-0.1274534625390625	-0.0049651827995691455	-0.13236937858210682	0.0	(-0.13236937858210682+0j)
-0.354025	-0.125333700625	-0.004884310795457925	-0.1301682806840077	0.0	(-0.1301682806840077+0j)
-0.35105625	-0.12324049066406251	-0.004804395987692889	-0.1279946944162757	0.0	(-0.1279946944162757+0j)
-0.34809999999999997	-0.12117360999999997	-0.004725431934342161	-0.12584839076508206	0.0	(-0.12584839076508206+0j)
-0.34515625000000005	-0.11913283691406254	-0.004647412182727795	-0.12372914164307397	0.0	(-0.12372914164307397+0j)
-0.34222499999999995	-0.11711795062499997	-0.004570330270142531	-0.12163671989002106	0.0	(-0.12163671989002106+0j)
-0.33930625000000003	-0.11512873128906252	-0.004494179724560787	-0.11957089927344683	0.0	(-0.11957089927344683+0j)
-0.3364	-0.11316495999999998	-0.00441895406534476	-0.11753145448925977	0.0	(-0.11753145448925977+0j)
-0.33350625	-0.1112264187890625	-0.004344646803942975	-0.11551816116237995	0.0	(-0.11551816116237995+0j)
-0.33062500000000006	-0.10931289062500003	-0.00427125144458218	-0.11353079584735797	0.0	(-0.11353079584735797+0j)
-0.32775625	-0.10742415941406251	-0.004198761484956126	-0.11156913602899189	0.0	(-0.11156913602899189+0j)
-0.3249000000000001	-0.10556001000000005	-0.0041271704169032475	-0.10963296012293579	0.0	(-0.10963296012293579+0j)
-0.32205625	-0.1037202281640625	-0.004056471727079458	-0.10772204747630398	0.0	(-0.10772204747630398+0j)
-0.3192250000000001	-0.10190460062500006	-0.003986658897630058	-0.10583617836827362	0.0	(-0.10583617836827362+0j)
-0.31640625	-0.1001129150390625	-0.003917725406843431	-0.10397513401067848	0.0	(-0.10397513401067848+0j)
-0.31360000000000005	-0.09834496000000002	-0.0038496647298131847	-0.10213869654860101	0.0	(-0.10213869654860101+0j)
-0.31080625	-0.09660052503906251	-0.0037824703390803016	-0.1003266490609557	0.0	(-0.1003266490609557+0j)
-0.30802500000000005	-0.09487940062500003	-0.003716135705275292	-0.09853877556106572	0.0	(-0.09853877556106572+0j)
-0.30525625	-0.09318137816406251	-0.003650654297759015	-0.09677486099725112	0.0	(-0.09677486099725112+0j)
-0.30250000000000005	-0.09150625000000003	-0.0035860195852439603	-0.0950346912533832	0.0	(-0.0950346912533832+0j)
-0.29975625	-0.0898538094140625	-0.0035222250364208563	-0.09331805314946466	0.0	(-0.09331805314946466+0j)
-0.29702500000000004	-0.08822385062500002	-0.003459264120573291	-0.091624734442183	0.0	(-0.091624734442183+0j)
-0.29430625	-0.08661616878906249	-0.0033971303081887783	-0.08995452382547095	0.0	(-0.08995452382547095+0j)
-0.2916	-0.08503056000000002	-0.003335817071558278	-0.08830721093105541	0.0	(-0.08830721093105541+0j)
-0.28890625	-0.08346682128906249	-0.0032753178853774934	-0.08668258632900884	0.0	(-0.08668258632900884+0j)
-0.286225	-0.081924750625	-0.003215626227332624	-0.08508044152828763	0.0	(-0.08508044152828763+0j)
-0.28355624999999995	-0.08040414691406247	-0.003156735578687453	-0.08350056897727444	0.0	(-0.08350056897727444+0j)
-0.28090000000000004	-0.07890481000000002	-0.0030986394248579963	-0.08194276206430945	0.0	(-0.08194276206430945+0j)
-0.27825625	-0.07742654066406249	-0.003041331255985824	-0.0804068151182207	0.0	(-0.0804068151182207+0j)
-0.275625	-0.075969140625	-0.0029848045675002766	-0.07889252340884889	0.0	(-0.07889252340884889+0j)
-0.27300624999999995	-0.07453241253906247	-0.0029290528606793487	-0.07739968314756873	0.0	(-0.07739968314756873+0j)
-0.27040000000000003	-0.07311616000000001	-0.002874069643200805	-0.07592809148780494	0.0	(-0.07592809148780494+0j)
-0.26780624999999997	-0.07172018753906248	-0.0028198484296826365	-0.07447754652554045	0.0	(-0.07447754652554045+0j)
-0.265225	-0.070344300625	-0.002766382742231066	-0.07304784729983156	0.0	(-0.07304784729983156+0j)
-0.26265625	-0.06898830566406249	-0.002713666110967239	-0.0716387937933084	0.0	(-0.0716387937933084+0j)
-0.2601	-0.06765201	-0.0026616920745548	-0.07025018693266956	0.0	(-0.07025018693266956+0j)
-0.25755625000000004	-0.06633522191406252	-0.0026104541807203674	-0.06888182858918643	0.0	(-0.06888182858918643+0j)
-0.255025	-0.065037750625	-0.0025599459867668983	-0.0675335215791879	0.0	(-0.0675335215791879+0j)
-0.25250625000000004	-0.06375940628906253	-0.0025101610600826163	-0.06620506966455159	0.0	(-0.06620506966455159+0j)
-0.25	-0.0625	-0.0024610929786428315	-0.06489627755318854	0.0	(-0.06489627755318854+0j)
-0.24750625	-0.061259343789062504	-0.0024127353315019917	-0.06360695089951983	0.0	(-0.06360695089951983+0j)
-0.245025	-0.060037250625	-0.002365081719284845	-0.06233689630495473	0.0	(-0.06233689630495473+0j)
-0.24255625	-0.0588335344140625	-0.002318125754670497	-0.06108592131836851	0.0	(-0.06108592131836851+0j)
-0.24009999999999998	-0.05764800999999999	-0.0022718610628684743	-0.05985383443656558	0.0	(-0.05985383443656558+0j)
-0.23765624999999999	-0.05648049316406249	-0.0022262812820850186	-0.05864044510474798	0.0	(-0.05864044510474798+0j)
-0.235225	-0.055330800624999996	-0.002181380063994709	-0.05744556371698105	0.0	(-0.05744556371698105+0j)
-0.23280625	-0.05419875003906249	-0.002137151074193433	-0.056269001616651104	0.0	(-0.056269001616651104+0j)
-0.2304	-0.05308416	-0.0020935879926531342	-0.05511057109692294	0.0	(-0.05511057109692294+0j)
-0.22800625000000002	-0.05198685003906251	-0.002050684514168566	-0.05397008540119673	0.0	(-0.05397008540119673+0j)
-0.22562500000000002	-0.050906640625000006	-0.002008434348795163	-0.05284735872355536	0.0	(-0.05284735872355536+0j)
-0.22325625000000002	-0.04984335316406251	-0.001966831222286025	-0.051742206209219065	0.0	(-0.051742206209219065+0j)
-0.22090000000000004	-0.04879681000000002	-0.0019258688765209087	-0.05065444395499076	0.0	(-0.05065444395499076+0j)
-0.21855625000000004	-0.047766834414062515	-0.0018855410699245567	-0.049583889009697915	0.0	(-0.049583889009697915+0j)
-0.21622500000000003	-0.04675325062500001	-0.0018458415778903614	-0.04853035937464293	0.0	(-0.04853035937464293+0j)
-0.21390625000000002	-0.04575588378906251	-0.0018067641931844847	-0.04749367400403856	0.0	(-0.04749367400403856+0j)
-0.2116	-0.044774560000000005	-0.0017683027263544204	-0.046473652805451626	0.0	(-0.046473652805451626+0j)
-0.20930625000000003	-0.04380910628906251	-0.001730451006129563	-0.045470116640242704	0.0	(-0.045470116640242704+0j)
-0.20702500000000001	-0.04285935062500001	-0.001693202879812894	-0.04448288732400493	0.0	(-0.04448288732400493+0j)
-0.20475625	-0.0419251219140625	-0.001656552213670004	-0.04351178762700165	0.0	(-0.04351178762700165+0j)
-0.2025	-0.04100625000000001	-0.0016204928933101215	-0.04255664127460482	0.0	(-0.04255664127460482+0j)
-0.20025625	-0.0401025656640625	-0.001585018824064477	-0.041617272947735096	0.0	(-0.041617272947735096+0j)
-0.198025	-0.039213900625000006	-0.0015501239313566728	-0.04069350828330127	0.0	(-0.04069350828330127+0j)
-0.19580625000000002	-0.038340087539062505	-0.0015158021610695016	-0.03978517387464038	0.0	(-0.03978517387464038+0j)
-0.1936	-0.03748096	-0.0014820474799037697	-0.03889209727196178	0.0	(-0.03889209727196178+0j)
-0.19140625	-0.0366363525390625	-0.0014488538757344571	-0.038014106982791236	0.0	(-0.038014106982791236+0j)
-0.189225	-0.035806100625000004	-0.001416215357957995	-0.03715103247241848	0.0	(-0.03715103247241848+0j)
-0.18705625	-0.0349900406640625	-0.0013841259578395437	-0.03630270416435115	0.0	(-0.03630270416435115+0j)
-0.18489999999999998	-0.03418800999999999	-0.0013525797288469477	-0.03546895344076632	0.0	(-0.03546895344076632+0j)
-0.18275624999999998	-0.033399846914062496	-0.0013215707469882432	-0.03464961264297356	0.0	(-0.03464961264297356+0j)
-0.18062499999999998	-0.03262539062499999	-0.0012910931111385082	-0.03384451507188243	0.0	(-0.03384451507188243+0j)
-0.17850624999999998	-0.03186448128906249	-0.0012611409433649357	-0.033053494988474943	0.0	(-0.033053494988474943+0j)
-0.17639999999999997	-0.031116959999999992	-0.001231708389234143	-0.03227638761427857	0.0	(-0.03227638761427857+0j)
-0.17430625	-0.030382668789062497	-0.0012027896181425746	-0.03151302913186861	0.0	(-0.03151302913186861+0j)
-0.17222500000000002	-0.029661450625000006	-0.0011743788236060482	-0.03076325668535373	0.0	(-0.03076325668535373+0j)
-0.17015625000000004	-0.02895314941406251	-0.0011464702235794988	-0.03002690838089682	0.0	(-0.03002690838089682+0j)
-0.16810000000000003	-0.02825761000000001	-0.0011190580607358669	-0.029303823287222586	0.0	(-0.029303823287222586+0j)
-0.16605625000000002	-0.027574678164062505	-0.001092136602773408	-0.028593841436163756	0.0	(-0.028593841436163756+0j)
-0.16402500000000003	-0.02690420062500001	-0.0010657001426963575	-0.027896803823203174	0.0	(-0.027896803823203174+0j)
-0.16200625000000002	-0.026246025039062506	-0.0010397429991026996	-0.027212552408044953	0.0	(-0.027212552408044953+0j)
-0.16000000000000003	-0.02560000000000001	-0.0010142595164523982	-0.026540930115188613	0.0	(-0.026540930115188613+0j)
-0.15800625000000001	-0.024965975039062505	-0.0009892440653569423	-0.02588178083454556	0.0	(-0.02588178083454556+0j)
-0.15602500000000002	-0.02434380062500001	-0.0009646910428244837	-0.025234949422044448	0.0	(-0.025234949422044448+0j)
-0.15405625	-0.0237333281640625	-0.0009405948725493829	-0.024600281700300233	0.0	(-0.024600281700300233+0j)
-0.1521	-0.023134410000000005	-0.0009169500051520174	-0.023977624459270708	0.0	(-0.023977624459270708+0j)
-0.15015625000000002	-0.022546899414062505	-0.0008937509184452352	-0.023366825456967985	0.0	(-0.023366825456967985+0j)
-0.148225	-0.021970650624999997	-0.0008709921176706104	-0.022767733420178786	0.0	(-0.022767733420178786+0j)
-0.14630625	-0.0214055187890625	-0.0008486681357631198	-0.022180198045241954	0.0	(-0.022180198045241954+0j)
-0.1444	-0.02085136	-0.0008267735335749649	-0.02160406999883464	0.0	(-0.02160406999883464+0j)
-0.14250625	-0.0203080312890625	-0.0008053029001224843	-0.02103920091881578	0.0	(-0.02103920091881578+0j)
-0.140625	-0.019775390625	-0.000784250852811752	-0.020485443415097754	0.0	(-0.020485443415097754+0j)
-0.13875625	-0.0192532969140625	-0.000763612037673056	-0.019942651070569962	0.0	(-0.019942651070569962+0j)
-0.1369	-0.01874161	-0.0007433811295776138	-0.019410678442060316	0.0	(-0.019410678442060316+0j)
-0.13505625	-0.018240190664062496	-0.0007235528324649465	-0.018889381061353554	0.0	(-0.018889381061353554+0j)
-0.13322499999999998	-0.017748900624999994	-0.0007041218795471593	-0.018378615436250807	0.0	(-0.018378615436250807+0j)
-0.13140625	-0.0172676025390625	-0.000685083033538092	-0.01787823905169997	0.0	(-0.01787823905169997+0j)
-0.1296	-0.016796159999999997	-0.0006664310868380596	-0.017388110370957072	0.0	(-0.017388110370957072+0j)
-0.12780624999999998	-0.016334437539062496	-0.0006481608617505685	-0.01690808883683112	0.0	(-0.01690808883683112+0j)
-0.126025	-0.015882300624999998	-0.0006302672106848206	-0.016438034872983162	0.0	(-0.016438034872983162+0j)
-0.12425624999999998	-0.015439615664062496	-0.0006127450163333492	-0.01597780988527259	0.0	(-0.01597780988527259+0j)
-0.12250000000000003	-0.015006250000000006	-0.0005955891918887346	-0.015527276263197377	0.0	(-0.015527276263197377+0j)
-0.12075625000000002	-0.014582071914062505	-0.0005787946812070288	-0.015086297381365125	0.0	(-0.015086297381365125+0j)
-0.11902500000000002	-0.014166950625000004	-0.0005623564590067076	-0.01465473760105275	0.0	(-0.01465473760105275+0j)
-0.11730625000000001	-0.013760756289062504	-0.0005462695310320953	-0.014232462271809503	0.0	(-0.014232462271809503+0j)
-0.11560000000000002	-0.013363360000000005	-0.0005305289342523167	-0.013819337733145502	0.0	(-0.013819337733145502+0j)
-0.11390625000000001	-0.012974633789062504	-0.0005151297370247221	-0.013415231316251882	0.0	(-0.013415231316251882+0j)
-0.11222500000000002	-0.012594450625000005	-0.0005000670392441009	-0.013020011345766707	0.0	(-0.013020011345766707+0j)
-0.11055625000000001	-0.012222684414062502	-0.00048533597253808125	-0.01263354714161467	0.0	(-0.01263354714161467+0j)
-0.10890000000000001	-0.011859210000000002	-0.0004709317004127911	-0.012255709020846708	0.0	(-0.012255709020846708+0j)
-0.10725625000000001	-0.011503903164062503	-0.0004568494184127303	-0.011886368299510468	0.0	(-0.011886368299510468+0j)
-0.10562500000000001	-0.011156640625000002	-0.00044308435427353743	-0.0115253972945202	0.0	(-0.0115253972945202+0j)
-0.10400625000000001	-0.010817300039062502	-0.00042963176808186176	-0.011172669325516733	0.0	(-0.011172669325516733+0j)
-0.1024	-0.01048576	-0.0004164869524174719	-0.010828058716674974	0.0	(-0.010828058716674974+0j)
-0.10080625	-0.0101619000390625	-0.0004036452324918116	-0.010491440798446154	0.0	(-0.010491440798446154+0j)
-0.09922500000000001	-0.009845600625000001	-0.0003911019663149773	-0.010162691909210072	0.0	(-0.010162691909210072+0j)
-0.09765625	-0.0095367431640625	-0.0003788525447845359	-0.009841689396754944	0.0	(-0.009841689396754944+0j)
-0.0961	-0.00923521	-0.00036689239188092415	-0.009528311619630131	0.0	(-0.009528311619630131+0j)
-0.09455625	-0.0089408844140625	-0.0003552169647562664	-0.009222437948213863	0.0	(-0.009222437948213863+0j)
-0.093025	-0.008653650624999999	-0.0003438217538871413	-0.008923948765531337	0.0	(-0.008923948765531337+0j)
-0.09150625	-0.0083733937890625	-0.00033270228318116324	-0.008632725467710075	0.0	(-0.008632725467710075+0j)
-0.09	-0.0081	-0.0003218541101119854	-0.008348650464045876	0.0	(-0.008348650464045876+0j)
-0.08850625	-0.0078333562890625	-0.0003112728258400921	-0.00807160717658799	0.0	(-0.00807160717658799+0j)
-0.08702499999999999	-0.007573350624999998	-0.000300954055333591	-0.0078014800391771645	0.0	(-0.0078014800391771645+0j)
-0.08555624999999999	-0.007319871914062498	-0.0002908934574605837	-0.007538154495861326	0.0	(-0.007538154495861326+0j)
-0.0841	-0.007072809999999999	-0.00028108672513837973	-0.007281516998639585	0.0	(-0.007281516998639585+0j)
-0.08265625000000001	-0.006832055664062502	-0.00027152958540455074	-0.0070314550044137695	0.0	(-0.0070314550044137695+0j)
-0.08122500000000002	-0.006597500625000003	-0.00026221779953772284	-0.0067878569711410305	0.0	(-0.0067878569711410305+0j)
-0.07980625000000002	-0.006369037539062504	-0.00025314716317836883	-0.006550612353090828	0.0	(-0.006550612353090828+0j)
-0.07840000000000001	-0.006146560000000001	-0.0002443135063998625	-0.006319611595155213	0.0	(-0.006319611595155213+0j)
-0.07700625000000001	-0.005929962539062502	-0.00023571269382216542	-0.006094746126215527	0.0	(-0.006094746126215527+0j)
-0.07562500000000001	-0.005719140625000002	-0.00022734062471840844	-0.005875908351517088	0.0	(-0.005875908351517088+0j)
-0.07425625000000001	-0.005513990664062501	-0.00021919323307884042	-0.005662991644071615	0.0	(-0.005662991644071615+0j)
-0.0729	-0.005314410000000001	-0.0002112664877316206	-0.005455890335139598	0.0	(-0.005455890335139598+0j)
-0.07155625	-0.0051202969140625	-0.0002035563924138728	-0.005254499703826049	0.0	(-0.005254499703826049+0j)
-0.07022500000000001	-0.004931550625000001	-0.00019605898584984516	-0.005058715965927583	0.0	(-0.005058715965927583+0j)
-0.06890625	-0.0047480712890625	-0.00018877034189301867	-0.004868436262116078	0.0	(-0.004868436262116078+0j)
-0.06760000000000001	-0.004569760000000001	-0.0001816865695047909	-0.004683558645635783	0.0	(-0.004683558645635783+0j)
-0.06630625	-0.0043965187890625	-0.00017480381291079539	-0.004503982069766562	0.0	(-0.004503982069766562+0j)
-0.065025	-0.004228250625	-0.00016811825167906136	-0.00432960637517951	0.0	(-0.00432960637517951+0j)
-0.06375625	-0.0040648594140625	-0.00016162610073422456	-0.004160332277510939	0.0	(-0.004160332277510939+0j)
-0.0625	-0.00390625	-0.0001553236105138467	-0.003996061355385543	0.0	(-0.003996061355385543+0j)
-0.06125625	-0.0037523281640625	-0.0001492070669542045	-0.003836696039163816	0.0	(-0.003836696039163816+0j)
-0.060024999999999995	-0.0036030006249999995	-0.00014327279160397666	-0.003682139600742253	0.0	(-0.003682139600742253+0j)
-0.05880625	-0.0034581750390624997	-0.00013751714173793061	-0.0035322961445520473	0.0	(-0.0035322961445520473+0j)
-0.0576	-0.00331776	-0.00013193651028586828	-0.0033870706001472954	0.0	(-0.0033870706001472954+0j)
-0.056406250000000005	-0.0031816650390625004	-0.00012652732607421058	-0.0032463687164513157	0.0	(-0.0032463687164513157+0j)
-0.05522500000000001	-0.003049800625000001	-0.0001212860536838889	-0.003110097057964739	0.0	(-0.003110097057964739+0j)
-0.05405625000000001	-0.002922078164062501	-0.00011620919369192961	-0.002978163002985489	0.0	(-0.002978163002985489+0j)
-0.0529	-0.0027984100000000003	-0.00011129328265724325	-0.002850474743851787	0.0	(-0.002850474743851787+0j)
-0.051756250000000004	-0.0026787094140625005	-0.00010653489310641362	-0.002726941289389932	0.0	(-0.002726941289389932+0j)
-0.050625	-0.0025628906250000005	-0.00010193063371843891	-0.0026074724693774436	0.0	(-0.0026074724693774436+0j)
-0.04950625	-0.0024508687890625004	-9.747714932473173e-05	-0.0024919789408787986	0.0	(-0.0024919789408787986+0j)
-0.0484	-0.00234256	-9.317112082385393e-05	-0.002380372196595899	0.0	(-0.002380372196595899+0j)
-0.04730625	-0.0022378812890625002	-8.90092655083663e-05	-0.0022725645746280647	0.0	(-0.0022725645746280647+0j)
-0.046224999999999995	-0.0021367506249999994	-8.498833685166574e-05	-0.0021684692697268877	0.0	(-0.0021684692697268877+0j)
-0.045156249999999995	-0.0020390869140624996	-8.11051246785155e-05	-0.002068000345713526	0.0	(-0.002068000345713526+0j)
-0.04409999999999999	-0.0019448099999999995	-7.735645525031032e-05	-0.0019710727486294596	0.0	(-0.0019710727486294596+0j)
-0.043056250000000004	-0.0018538406640625003	-7.37391911513896e-05	-0.0018776023206035595	0.0	(-0.0018776023206035595+0j)
-0.04202500000000001	-0.0017661006250000006	-7.025023143114595e-05	-0.0017875058140715393	0.0	(-0.0017875058140715393+0j)
-0.04100625000000001	-0.0016815125390625006	-6.688651171771198e-05	-0.0017007009059137287	0.0	(-0.0017007009059137287+0j)
-0.04000000000000001	-0.0016000000000000007	-6.364500410427354e-05	-0.0016171062115363387	0.0	(-0.0016171062115363387+0j)
-0.039006250000000006	-0.0015214875390625006	-6.052271726275649e-05	-0.001536641298569167	0.0	(-0.001536641298569167+0j)
-0.038025	-0.0014459006250000003	-5.751669650067015e-05	-0.0014592266999520242	0.0	(-0.0014592266999520242+0j)
-0.03705625	-0.0013731656640624998	-5.462402376110731e-05	-0.001384783926278789	0.0	(-0.001384783926278789+0j)
-0.0361	-0.00130321	-5.184181759432249e-05	-0.001313235477477181	0.0	(-0.001313235477477181+0j)
-0.03515625	-0.0012359619140625	-4.9167233385105646e-05	-0.0012445048532494628	0.0	(-0.0012445048532494628+0j)
-0.034225	-0.001171350625	-4.659746309698676e-05	-0.0011785165628600254	0.0	(-0.0011785165628600254+0j)
-0.033306249999999996	-0.0011093062890624996	-4.412973555645294e-05	-0.001115196133688769	0.0	(-0.001115196133688769+0j)
-0.0324	-0.0010497599999999998	-4.176131636768332e-05	-0.0010544701188208033	0.0	(-0.0010544701188208033+0j)
-0.03150625	-0.0009926437890624999	-3.9489507969392434e-05	-0.0009962661035856242	0.0	(-0.0009962661035856242+0j)
-0.030625000000000006	-0.0009378906250000004	-3.7311649634830246e-05	-0.0009405127111018322	0.0	(-0.0009405127111018322+0j)
-0.029756250000000005	-0.0008854344140625003	-3.522511747178214e-05	-0.0008871396069612079	0.0	(-0.0008871396069612079+0j)
-0.028900000000000006	-0.0008352100000000003	-3.3227324536255765e-05	-0.0008360775028517659	0.0	(-0.0008360775028517659+0j)
-0.028056250000000005	-0.0007871531640625003	-3.131572071879418e-05	-0.0007872581595984555	0.0	(-0.0007872581595984555+0j)
-0.027225000000000003	-0.0007412006250000001	-2.9487792971849558e-05	-0.000740614389099858	0.0	(-0.000740614389099858+0j)
-0.026406250000000003	-0.0006972900390625001	-2.7741065082409477e-05	-0.0006960800559053582	0.0	(-0.0006960800559053582+0j)
-0.0256	-0.00065536	-2.6073097899370623e-05	-0.0006535900780495863	0.0	(-0.0006535900780495863+0j)
-0.024806250000000002	-0.0006153500390625001	-2.4481489390382194e-05	-0.000613080426767672	0.0	(-0.000613080426767672+0j)
-0.024025	-0.000577200625	-2.2963874016568298e-05	-0.0005744881272351287	0.0	(-0.0005744881272351287+0j)
-0.02325625	-0.0005408531640624999	-2.1517923983083165e-05	-0.0005377512569400349	0.0	(-0.0005377512569400349+0j)
-0.0225	-0.00050625	-2.0141348045399354e-05	-0.0005028089452873649	0.0	(-0.0005028089452873649+0j)
-0.021756249999999998	-0.0004733344140624999	-1.8831892361959035e-05	-0.00046960137169167727	0.0	(-0.00046960137169167727+0j)
-0.021025	-0.0004420506249999999	-1.758733981205296e-05	-0.0004380697644207652	0.0	(-0.0004380697644207652+0j)
-0.020306250000000005	-0.0004123437890625002	-1.6405510564254655e-05	-0.00040815639888327956	0.0	(-0.00040815639888327956+0j)
-0.019600000000000003	-0.0003841600000000001	-1.5284262190107256e-05	-0.00037980459484623626	0.0	(-0.00037980459484623626+0j)
-0.018906250000000003	-0.0003574462890625001	-1.4221488754628808e-05	-0.00035295871527226796	0.0	(-0.00035295871527226796+0j)
-0.018225	-0.0003321506250000001	-1.3215121953180642e-05	-0.00032756416334479073	0.0	(-0.00032756416334479073+0j)
-0.017556250000000002	-0.0003082219140625001	-1.2263130201972672e-05	-0.00030356738125812417	0.0	(-0.00030356738125812417+0j)
-0.016900000000000002	-0.00028561000000000005	-1.1363519888618612e-05	-0.0002809158463093231	0.0	(-0.0002809158463093231+0j)
-0.01625625	-0.0002642656640625	-1.0514333553146571e-05	-0.00025955806993404294	0.0	(-0.00025955806993404294+0j)
-0.015625	-0.000244140625	-9.713651479614782e-06	-0.00023944359499906683	0.0	(-0.00023944359499906683+0j)
-0.015006249999999999	-0.00022518753906249997	-8.959591241364251e-06	-0.0002205229930546532	0.0	(-0.0002205229930546532+0j)
-0.0144	-0.00020736	-8.250307246271404e-06	-0.0002027478622439064	0.0	(-0.0002027478622439064+0j)
-0.013806250000000003	-0.00019061253906250007	-7.583990964121767e-06	-0.00018607082588937733	0.0	(-0.00018607082588937733+0j)
-0.013225	-0.00017490062500000002	-6.958871836104663e-06	-0.00017044552906236973	0.0	(-0.00017044552906236973+0j)
-0.01265625	-0.00016018066406250003	-6.373215910571162e-06	-0.00015582663724718337	0.0	(-0.00015582663724718337+0j)
-0.0121	-0.00014641	-5.825326752528781e-06	-0.0001421698334456302	0.0	(-0.0001421698334456302+0j)
-0.011556249999999999	-0.00013354691406249996	-5.313544534146786e-06	-0.00012943181762902606	0.0	(-0.00012943181762902606+0j)
-0.011024999999999998	-0.00012155062499999997	-4.8362476263719145e-06	-0.00011757030355018225	0.0	(-0.00011757030355018225+0j)
-0.010506250000000002	-0.00011038128906250004	-4.391851234686328e-06	-0.00010654401643883359	0.0	(-0.00010654401643883359+0j)
-0.010000000000000002	-0.00010000000000000005	-3.978806944360258e-06	-9.63126941742179e-05	0.0	(-9.63126941742179e-05+0j)
-0.00950625	-9.036878906250002e-05	-3.595605903683463e-06	-8.683708048933724e-05	0.0	(-8.683708048933724e-05+0j)
-0.009025	-8.1450625e-05	-3.2407733669970185e-06	-7.807892924360136e-05	0.0	(-7.807892924360136e-05+0j)
-0.00855625	-7.32094140625e-05	-2.912875061156228e-06	-7.000099691690465e-05	0.0	(-7.000099691690465e-05+0j)
-0.0081	-6.560999999999999e-05	-2.610510819067713e-06	-6.256704620905221e-05	0.0	(-6.256704620905221e-05+0j)
-0.007656250000000002	-5.861816406250002e-05	-2.3323200366576202e-06	-5.574184250112909e-05	0.0	(-5.574184250112909e-05+0j)
-0.007225000000000001	-5.220062500000002e-05	-2.0769793991348706e-06	-4.9491150734193476e-05	0.0	(-4.9491150734193476e-05+0j)
-0.006806250000000001	-4.632503906250001e-05	-1.8432010620017536e-06	-4.378173756407753e-05	0.0	(-4.378173756407753e-05+0j)
-0.0064	-4.096e-05	-1.629736289032735e-06	-3.8581366690990224e-05	0.0	(-3.8581366690990224e-05+0j)
-0.00600625	-3.60750390625e-05	-1.4353718142956495e-06	-3.385880286991588e-05	0.0	(-3.385880286991588e-05+0j)
-0.005625	-3.1640625e-05	-1.258935299119912e-06	-2.9583800371380653e-05	0.0	(-2.9583800371380653e-05+0j)
-0.00525625	-2.7628164062499995e-05	-1.0992844181600958e-06	-2.572711847925317e-05	0.0	(-2.572711847925317e-05+0j)
-0.004900000000000001	-2.4010000000000006e-05	-9.55324139795266e-07	-2.226050306049154e-05	0.0	(-2.226050306049154e-05+0j)
-0.00455625	-2.0759414062500005e-05	-8.259885362349451e-07	-1.915669778941466e-05	0.0	(-1.915669778941466e-05+0j)
-0.0042250000000000005	-1.7850625000000003e-05	-7.102535164449364e-07	-1.6389434532346925e-05	0.0	(-1.6389434532346925e-05+0j)
-0.00390625	-1.52587890625e-05	-6.071277312003076e-07	-1.3933441268165052e-05	0.0	(-1.3933441268165052e-05+0j)
-0.0036	-1.296e-05	-5.156616680324078e-07	-1.1764432517499553e-05	0.0	(-1.1764432517499553e-05+0j)
-0.00330625	-1.0931289062500001e-05	-4.3493855628184974e-07	-9.85912268026192e-06	0.0	(-9.85912268026192e-06+0j)
-0.003025	-9.150625e-06	-3.6408891901373863e-07	-8.195200575903414e-06	0.0	(-8.195200575903414e-06+0j)
-0.0027562499999999996	-7.596914062499998e-06	-3.0226510716602206e-07	-6.751364147018871e-06	0.0	(-6.751364147018871e-06+0j)
-0.0025000000000000005	-6.250000000000003e-06	-2.4867767933756113e-07	-5.5072737286459145e-06	0.0	(-5.5072737286459145e-06+0j)
-0.00225625	-5.0906640625e-06	-2.025481080636382e-07	-4.44359757772776e-06	0.0	(-4.44359757772776e-06+0j)
-0.002025	-4.100624999999999e-06	-1.6315607354044914e-07	-3.5419758667266713e-06	0.0	(-3.5419758667266713e-06+0j)
-0.0018062500000000003	-3.262539062500001e-06	-1.2980308383703232e-07	-2.7850699941482333e-06	0.0	(-2.7850699941482333e-06+0j)
-0.0016	-2.56e-06	-1.0186340659856796e-07	-2.1564763209917296e-06	0.0	(-2.1564763209917296e-06+0j)
-0.00140625	-1.9775390625e-06	-7.869675755500793e-08	-1.6407970590941988e-06	0.0	(-1.6407970590941988e-06+0j)
-0.0012250000000000002	-1.5006250000000003e-06	-5.972106009721756e-08	-1.2235829239764486e-06	0.0	(-1.2235829239764486e-06+0j)
-0.0010562500000000001	-1.1156640625000002e-06	-4.4354237616062164e-08	-8.91562397460487e-07	0.0	(-8.91562397460487e-07+0j)
-0.0009	-8.1e-07	-3.2247044146060944e-08	-6.321811316623899e-07	0.0	(-6.321811316623899e-07+0j)
-0.00075625	-5.719140625e-07	-2.2817403078079224e-08	-4.3383124670104024e-07	0.0	(-4.3383124670104024e-07+0j)
-0.0006250000000000001	-3.906250000000002e-07	-1.548323780298233e-08	-2.864288469611799e-07	0.0	(-2.864288469611799e-07+0j)
-0.00050625	-2.5628906249999996e-07	-1.0244548320770264e-08	-1.8002792394763832e-07	0.0	(-1.8002792394763832e-07+0j)
-0.0004	-1.6e-07	-6.28642737865448e-09	-1.0655312458890118e-07	0.0	(-1.0655312458890118e-07+0j)
-0.00030625000000000004	-9.378906250000002e-08	-3.725290298461914e-09	-5.806391640446499e-08	0.0	(-5.806391640446499e-08+0j)
-0.000225	-5.0625e-08	-1.862645149230957e-09	-2.756382834309963e-08	0.0	(-2.756382834309963e-08+0j)
-0.00015625000000000003	-2.441406250000001e-08	-0.0	-1.529628158170312e-08	0.0	(-1.529628158170312e-08+0j)
-0.0001	-1e-08	-3.725290298461914e-09	-1.102391811813199e-08	0.0	(-1.102391811813199e-08+0j)
-5.625e-05	-3.1640625e-09	1.4901161193847656e-08	-8.084613960639034e-10	0.0	(-8.084613960639034e-10+0j)
-2.5e-05	-6.25e-10	-0.0	-5.937243849453274e-11	0.0	(-5.937243849453274e-11+0j)
-6.25e-06	-3.90625e-11	-0.0	6.152847328855238e-18	-0.004548396536679145	(6.152847328855238e-18-0.004548396536679145j)
6.25e-06	3.90625e-11	0.0	6.152847328855238e-18	0.004548396536679145	(6.152847328855238e-18+0.004548396536679145j)
2.5e-05	6.25e-10	0.0	5.937243908029644e-11	0.0	(5.937243908029644e-11+0j)
5.625e-05	3.1640625e-09	-1.4901161193847656e-08	8.084614034959434e-10	0.0	(8.084614034959434e-10+0j)
0.0001	1e-08	3.725290298461914e-09	1.1023918134915484e-08	0.0	(1.1023918134915484e-08+0j)
0.00015625000000000003	2.441406250000001e-08	0.0	1.5296281588099902e-08	0.0	(1.5296281588099902e-08+0j)
0.000225	5.0625e-08	1.862645149230957e-09	2.7563828352882955e-08	0.0	(2.7563828352882955e-08+0j)
0.00030625000000000004	9.378906250000002e-08	3.725290298461914e-09	5.8063916416894737e-08	0.0	(5.8063916416894737e-08+0j)
0.0004	1.6e-07	6.28642737865448e-09	1.0655312461910565e-07	0.0	(1.0655312461910565e-07+0j)
0.00050625	2.5628906249999996e-07	1.0244548320770264e-08	1.800279239578485e-07	0.0	(1.800279239578485e-07+0j)
0.0006250000000000001	3.906250000000002e-07	1.548323780298233e-08	2.864288469578465e-07	0.0	(2.864288469578465e-07+0j)
0.00075625	5.719140625e-07	2.2817403078079224e-08	4.338312466912614e-07	0.0	(4.338312466912614e-07+0j)
0.0009	8.1e-07	3.2247044146060944e-08	6.321811316539136e-07	0.0	(6.321811316539136e-07+0j)
0.0010562500000000001	1.1156640625000002e-06	4.4354237616062164e-08	8.915623974635414e-07	0.0	(8.915623974635414e-07+0j)
0.0012250000000000002	1.5006250000000003e-06	5.972106009721756e-08	1.223582923978431e-06	0.0	(1.223582923978431e-06+0j)
0.00140625	1.9775390625e-06	7.869675755500793e-08	1.6407970590969135e-06	0.0	(1.6407970590969135e-06+0j)
0.0016	2.56e-06	1.0186340659856796e-07	2.1564763209795115e-06	0.0	(2.1564763209795115e-06+0j)
0.0018062500000000003	3.262539062500001e-06	1.2980308383703232e-07	2.785069994155815e-06	0.0	(2.785069994155815e-06+0j)
0.002025	4.100624999999999e-06	1.6315607354044914e-07	3.541975866731795e-06	0.0	(3.541975866731795e-06+0j)
0.00225625	5.0906640625e-06	2.025481080636382e-07	4.4435975777218035e-06	0.0	(4.4435975777218035e-06+0j)
0.0025000000000000005	6.250000000000003e-06	2.4867767933756113e-07	5.5072737286515955e-06	0.0	(5.5072737286515955e-06+0j)
0.0027562499999999996	7.596914062499998e-06	3.0226510716602206e-07	6.7513641470213875e-06	0.0	(6.7513641470213875e-06+0j)
0.003025	9.150625e-06	3.6408891901373863e-07	8.195200575899125e-06	0.0	(8.195200575899125e-06+0j)
0.00330625	1.0931289062500001e-05	4.3493855628184974e-07	9.859122680249465e-06	0.0	(9.859122680249465e-06+0j)
0.0036	1.296e-05	5.156616680324078e-07	1.176443251749505e-05	0.0	(1.176443251749505e-05+0j)
0.00390625	1.52587890625e-05	6.071277312003076e-07	1.393344126815736e-05	0.0	(1.393344126815736e-05+0j)
0.0042250000000000005	1.7850625000000003e-05	7.102535164449364e-07	1.638943453235174e-05	0.0	(1.638943453235174e-05+0j)
0.00455625	2.0759414062500005e-05	8.259885362349451e-07	1.9156697789415236e-05	0.0	(1.9156697789415236e-05+0j)
0.004900000000000001	2.4010000000000006e-05	9.55324139795266e-07	2.226050306049058e-05	0.0	(2.226050306049058e-05+0j)
0.00525625	2.7628164062499995e-05	1.0992844181600958e-06	2.5727118479256197e-05	0.0	(2.5727118479256197e-05+0j)
0.005625	3.1640625e-05	1.258935299119912e-06	2.9583800371385437e-05	0.0	(2.9583800371385437e-05+0j)
0.00600625	3.60750390625e-05	1.4353718142956495e-06	3.3858802869928235e-05	0.0	(3.3858802869928235e-05+0j)
0.0064	4.096e-05	1.629736289032735e-06	3.858136669097316e-05	0.0	(3.858136669097316e-05+0j)
0.006806250000000001	4.632503906250001e-05	1.8432010620017536e-06	4.378173756408776e-05	0.0	(4.378173756408776e-05+0j)
0.007225000000000001	5.220062500000002e-05	2.0769793991348706e-06	4.949115073419362e-05	0.0	(4.949115073419362e-05+0j)
0.007656250000000002	5.861816406250002e-05	2.3323200366576202e-06	5.5741842501145556e-05	0.0	(5.5741842501145556e-05+0j)
0.0081	6.560999999999999e-05	2.610510819067713e-06	6.256704620905823e-05	0.0	(6.256704620905823e-05+0j)
0.00855625	7.32094140625e-05	2.912875061156228e-06	7.000099691690327e-05	0.0	(7.000099691690327e-05+0j)
0.009025	8.1450625e-05	3.2407733669970185e-06	7.807892924360254e-05	0.0	(7.807892924360254e-05+0j)
0.00950625	9.036878906250002e-05	3.595605903683463e-06	8.683708048934258e-05	0.0	(8.683708048934258e-05+0j)
0.010000000000000002	0.00010000000000000005	3.978806944360258e-06	9.631269417421167e-05	0.0	(9.631269417421167e-05+0j)
0.010506250000000002	0.00011038128906250004	4.391851234686328e-06	0.00010654401643884234	0.0	(0.00010654401643884234+0j)
0.011024999999999998	0.00012155062499999997	4.8362476263719145e-06	0.00011757030355017881	0.0	(0.00011757030355017881+0j)
0.011556249999999999	0.00013354691406249996	5.313544534146786e-06	0.0001294318176290366	0.0	(0.0001294318176290366+0j)
0.0121	0.00014641	5.825326752528781e-06	0.00014216983344561627	0.0	(0.00014216983344561627+0j)
0.01265625	0.00016018066406250003	6.373215910571162e-06	0.00015582663724718657	0.0	(0.00015582663724718657+0j)
0.013225	0.00017490062500000002	6.958871836104663e-06	0.00017044552906238206	0.0	(0.00017044552906238206+0j)
0.013806250000000003	0.00019061253906250007	7.583990964121767e-06	0.00018607082588938253	0.0	(0.00018607082588938253+0j)
0.0144	0.00020736	8.250307246271404e-06	0.0002027478622439336	0.0	(0.0002027478622439336+0j)
0.015006249999999999	0.00022518753906249997	8.959591241364251e-06	0.00022052299305466526	0.0	(0.00022052299305466526+0j)
0.015625	0.000244140625	9.713651479614782e-06	0.00023944359499908645	0.0	(0.00023944359499908645+0j)
0.01625625	0.0002642656640625	1.0514333553146571e-05	0.00025955806993406446	0.0	(0.00025955806993406446+0j)
0.016900000000000002	0.00028561000000000005	1.1363519888618612e-05	0.0002809158463093345	0.0	(0.0002809158463093345+0j)
0.017556250000000002	0.0003082219140625001	1.2263130201972672e-05	0.0003035673812581286	0.0	(0.0003035673812581286+0j)
0.018225	0.0003321506250000001	1.3215121953180642e-05	0.00032756416334480006	0.0	(0.00032756416334480006+0j)
0.018906250000000003	0.0003574462890625001	1.4221488754628808e-05	0.00035295871527227316	0.0	(0.00035295871527227316+0j)
0.019600000000000003	0.0003841600000000001	1.5284262190107256e-05	0.00037980459484625165	0.0	(0.00037980459484625165+0j)
0.020306250000000005	0.0004123437890625002	1.6405510564254655e-05	0.0004081563988833062	0.0	(0.0004081563988833062+0j)
0.021025	0.0004420506249999999	1.758733981205296e-05	0.0004380697644207911	0.0	(0.0004380697644207911+0j)
0.021756249999999998	0.0004733344140624999	1.8831892361959035e-05	0.00046960137169167147	0.0	(0.00046960137169167147+0j)
0.0225	0.00050625	2.0141348045399354e-05	0.0005028089452873747	0.0	(0.0005028089452873747+0j)
0.02325625	0.0005408531640624999	2.1517923983083165e-05	0.0005377512569400523	0.0	(0.0005377512569400523+0j)
0.024025	0.000577200625	2.2963874016568298e-05	0.000574488127235127	0.0	(0.000574488127235127+0j)
0.024806250000000002	0.0006153500390625001	2.4481489390382194e-05	0.0006130804267676712	0.0	(0.0006130804267676712+0j)
0.0256	0.00065536	2.6073097899370623e-05	0.00065359007804962	0.0	(0.00065359007804962+0j)
0.026406250000000003	0.0006972900390625001	2.7741065082409477e-05	0.0006960800559053565	0.0	(0.0006960800559053565+0j)
0.027225000000000003	0.0007412006250000001	2.9487792971849558e-05	0.0007406143890998746	0.0	(0.0007406143890998746+0j)
0.028056250000000005	0.0007871531640625003	3.131572071879418e-05	0.0007872581595984648	0.0	(0.0007872581595984648+0j)
0.028900000000000006	0.0008352100000000003	3.3227324536255765e-05	0.0008360775028517608	0.0	(0.0008360775028517608+0j)
0.029756250000000005	0.0008854344140625003	3.522511747178214e-05	0.0008871396069612092	0.0	(0.0008871396069612092+0j)
0.030625000000000006	0.0009378906250000004	3.7311649634830246e-05	0.0009405127111018238	0.0	(0.0009405127111018238+0j)
0.03150625	0.0009926437890624999	3.9489507969392434e-05	0.0009962661035856234	0.0	(0.0009962661035856234+0j)
0.0324	0.0010497599999999998	4.176131636768332e-05	0.001054470118820809	0.0	(0.001054470118820809+0j)
0.033306249999999996	0.0011093062890624996	4.412973555645294e-05	0.0011151961336887753	0.0	(0.0011151961336887753+0j)
0.034225	0.001171350625	4.659746309698676e-05	0.0011785165628600284	0.0	(0.0011785165628600284+0j)
0.03515625	0.0012359619140625	4.9167233385105646e-05	0.001244504853249464	0.0	(0.001244504853249464+0j)
0.0361	0.00130321	5.184181759432249e-05	0.001313235477477191	0.0	(0.001313235477477191+0j)
0.03705625	0.0013731656640624998	5.462402376110731e-05	0.0013847839262787992	0.0	(0.0013847839262787992+0j)
0.038025	0.0014459006250000003	5.751669650067015e-05	0.0014592266999520307	0.0	(0.0014592266999520307+0j)
0.039006250000000006	0.0015214875390625006	6.052271726275649e-05	0.0015366412985691584	0.0	(0.0015366412985691584+0j)
0.04000000000000001	0.0016000000000000007	6.364500410427354e-05	0.0016171062115363638	0.0	(0.0016171062115363638+0j)
0.04100625000000001	0.0016815125390625006	6.688651171771198e-05	0.0017007009059137298	0.0	(0.0017007009059137298+0j)
0.04202500000000001	0.0017661006250000006	7.025023143114595e-05	0.0017875058140715554	0.0	(0.0017875058140715554+0j)
0.043056250000000004	0.0018538406640625003	7.37391911513896e-05	0.001877602320603562	0.0	(0.001877602320603562+0j)
0.04409999999999999	0.0019448099999999995	7.735645525031032e-05	0.0019710727486294773	0.0	(0.0019710727486294773+0j)
0.045156249999999995	0.0020390869140624996	8.11051246785155e-05	0.0020680003457135268	0.0	(0.0020680003457135268+0j)
0.046224999999999995	0.0021367506249999994	8.498833685166574e-05	0.0021684692697268937	0.0	(0.0021684692697268937+0j)
0.04730625	0.0022378812890625002	8.90092655083663e-05	0.0022725645746280707	0.0	(0.0022725645746280707+0j)
0.0484	0.00234256	9.317112082385393e-05	0.0023803721965959175	0.0	(0.0023803721965959175+0j)
0.04950625	0.0024508687890625004	9.747714932473173e-05	0.002491978940878792	0.0	(0.002491978940878792+0j)
0.050625	0.0025628906250000005	0.00010193063371843891	0.0026074724693774475	0.0	(0.0026074724693774475+0j)
0.051756250000000004	0.0026787094140625005	0.00010653489310641362	0.00272694128938993	0.0	(0.00272694128938993+0j)
0.0529	0.0027984100000000003	0.00011129328265724325	0.002850474743851775	0.0	(0.002850474743851775+0j)
0.05405625000000001	0.002922078164062501	0.00011620919369192961	0.002978163002985497	0.0	(0.002978163002985497+0j)
0.05522500000000001	0.003049800625000001	0.0001212860536838889	0.0031100970579647645	0.0	(0.0031100970579647645+0j)
0.056406250000000005	0.0031816650390625004	0.00012652732607421058	0.003246368716451331	0.0	(0.003246368716451331+0j)
0.0576	0.00331776	0.00013193651028586828	0.0033870706001473145	0.0	(0.0033870706001473145+0j)
0.05880625	0.0034581750390624997	0.00013751714173793061	0.0035322961445520443	0.0	(0.0035322961445520443+0j)
0.060024999999999995	0.0036030006249999995	0.00014327279160397666	0.0036821396007422516	0.0	(0.0036821396007422516+0j)
0.06125625	0.0037523281640625	0.0001492070669542045	0.0038366960391638238	0.0	(0.0038366960391638238+0j)
0.0625	0.00390625	0.0001553236105138467	0.003996061355385547	0.0	(0.003996061355385547+0j)
0.06375625	0.0040648594140625	0.00016162610073422456	0.004160332277510929	0.0	(0.004160332277510929+0j)
0.065025	0.004228250625	0.00016811825167906136	0.004329606375179542	0.0	(0.004329606375179542+0j)
0.06630625	0.0043965187890625	0.00017480381291079539	0.004503982069766572	0.0	(0.004503982069766572+0j)
0.06760000000000001	0.004569760000000001	0.0001816865695047909	0.004683558645635789	0.0	(0.004683558645635789+0j)
0.06890625	0.0047480712890625	0.00018877034189301867	0.004868436262116104	0.0	(0.004868436262116104+0j)
0.07022500000000001	0.004931550625000001	0.00019605898584984516	0.005058715965927582	0.0	(0.005058715965927582+0j)
0.07155625	0.0051202969140625	0.0002035563924138728	0.005254499703826068	0.0	(0.005254499703826068+0j)
0.0729	0.005314410000000001	0.0002112664877316206	0.005455890335139588	0.0	(0.005455890335139588+0j)
0.07425625000000001	0.005513990664062501	0.00021919323307884042	0.00566299164407163	0.0	(0.00566299164407163+0j)
0.07562500000000001	0.005719140625000002	0.00022734062471840844	0.005875908351517095	0.0	(0.005875908351517095+0j)
0.07700625000000001	0.005929962539062502	0.00023571269382216542	0.0060947461262155275	0.0	(0.0060947461262155275+0j)
0.07840000000000001	0.006146560000000001	0.0002443135063998625	0.006319611595155252	0.0	(0.006319611595155252+0j)
0.07980625000000002	0.006369037539062504	0.00025314716317836883	0.006550612353090811	0.0	(0.006550612353090811+0j)
0.08122500000000002	0.006597500625000003	0.00026221779953772284	0.006787856971141049	0.0	(0.006787856971141049+0j)
0.08265625000000001	0.006832055664062502	0.00027152958540455074	0.0070314550044137565	0.0	(0.0070314550044137565+0j)
0.0841	0.007072809999999999	0.00028108672513837973	0.007281516998639599	0.0	(0.007281516998639599+0j)
0.08555624999999999	0.007319871914062498	0.0002908934574605837	0.0075381544958612635	0.0	(0.0075381544958612635+0j)
0.08702499999999999	0.007573350624999998	0.000300954055333591	0.007801480039177155	0.0	(0.007801480039177155+0j)
0.08850625	0.0078333562890625	0.0003112728258400921	0.008071607176588032	0.0	(0.008071607176588032+0j)
0.09	0.0081	0.0003218541101119854	0.008348650464045886	0.0	(0.008348650464045886+0j)
0.09150625	0.0083733937890625	0.00033270228318116324	0.008632725467710125	0.0	(0.008632725467710125+0j)
0.093025	0.008653650624999999	0.0003438217538871413	0.008923948765531313	0.0	(0.008923948765531313+0j)
0.09455625	0.0089408844140625	0.0003552169647562664	0.009222437948213875	0.0	(0.009222437948213875+0j)
0.0961	0.00923521	0.00036689239188092415	0.009528311619630142	0.0	(0.009528311619630142+0j)
0.09765625	0.0095367431640625	0.0003788525447845359	0.009841689396754932	0.0	(0.009841689396754932+0j)
0.09922500000000001	0.009845600625000001	0.0003911019663149773	0.010162691909210044	0.0	(0.010162691909210044+0j)
0.10080625	0.0101619000390625	0.0004036452324918116	0.01049144079844614	0.0	(0.01049144079844614+0j)
0.1024	0.01048576	0.0004164869524174719	0.010828058716675018	0.0	(0.010828058716675018+0j)
0.10400625000000001	0.010817300039062502	0.00042963176808186176	0.01117266932551676	0.0	(0.01117266932551676+0j)
0.10562500000000001	0.011156640625000002	0.00044308435427353743	0.011525397294520168	0.0	(0.011525397294520168+0j)
0.10725625000000001	0.011503903164062503	0.0004568494184127303	0.011886368299510374	0.0	(0.011886368299510374+0j)
0.10890000000000001	0.011859210000000002	0.0004709317004127911	0.012255709020846673	0.0	(0.012255709020846673+0j)
0.11055625000000001	0.012222684414062502	0.00048533597253808125	0.012633547141614689	0.0	(0.012633547141614689+0j)
0.11222500000000002	0.012594450625000005	0.0005000670392441009	0.013020011345766667	0.0	(0.013020011345766667+0j)
0.11390625000000001	0.012974633789062504	0.0005151297370247221	0.013415231316251863	0.0	(0.013415231316251863+0j)
0.11560000000000002	0.013363360000000005	0.0005305289342523167	0.013819337733145597	0.0	(0.013819337733145597+0j)
0.11730625000000001	0.013760756289062504	0.0005462695310320953	0.014232462271809503	0.0	(0.014232462271809503+0j)
0.11902500000000002	0.014166950625000004	0.0005623564590067076	0.014654737601052703	0.0	(0.014654737601052703+0j)
0.12075625000000002	0.014582071914062505	0.0005787946812070288	0.015086297381365292	0.0	(0.015086297381365292+0j)
0.12250000000000003	0.015006250000000006	0.0005955891918887346	0.015527276263197266	0.0	(0.015527276263197266+0j)
0.12425624999999998	0.015439615664062496	0.0006127450163333492	0.01597780988527229	0.0	(0.01597780988527229+0j)
0.126025	0.015882300624999998	0.0006302672106848206	0.01643803487298321	0.0	(0.01643803487298321+0j)
0.12780624999999998	0.016334437539062496	0.0006481608617505685	0.016908088836831245	0.0	(0.016908088836831245+0j)
0.1296	0.016796159999999997	0.0006664310868380596	0.017388110370956934	0.0	(0.017388110370956934+0j)
0.13140625	0.0172676025390625	0.000685083033538092	0.017878239051699923	0.0	(0.017878239051699923+0j)
0.13322499999999998	0.017748900624999994	0.0007041218795471593	0.01837861543625084	0.0	(0.01837861543625084+0j)
0.13505625	0.018240190664062496	0.0007235528324649465	0.01888938106135348	0.0	(0.01888938106135348+0j)
0.1369	0.01874161	0.0007433811295776138	0.019410678442060313	0.0	(0.019410678442060313+0j)
0.13875625	0.0192532969140625	0.000763612037673056	0.0199426510705699	0.0	(0.0199426510705699+0j)
0.140625	0.019775390625	0.000784250852811752	0.0204854434150977	0.0	(0.0204854434150977+0j)
0.14250625	0.0203080312890625	0.0008053029001224843	0.021039200918815944	0.0	(0.021039200918815944+0j)
0.1444	0.02085136	0.0008267735335749649	0.021604069998834647	0.0	(0.021604069998834647+0j)
0.14630625	0.0214055187890625	0.0008486681357631198	0.022180198045241815	0.0	(0.022180198045241815+0j)
0.148225	0.021970650624999997	0.0008709921176706104	0.02276773342017879	0.0	(0.02276773342017879+0j)
0.15015625000000002	0.022546899414062505	0.0008937509184452352	0.023366825456968134	0.0	(0.023366825456968134+0j)
0.1521	0.023134410000000005	0.0009169500051520174	0.023977624459270822	0.0	(0.023977624459270822+0j)
0.15405625	0.0237333281640625	0.0009405948725493829	0.024600281700300174	0.0	(0.024600281700300174+0j)
0.15602500000000002	0.02434380062500001	0.0009646910428244837	0.02523494942204458	0.0	(0.02523494942204458+0j)
0.15800625000000001	0.024965975039062505	0.0009892440653569423	0.025881780834545516	0.0	(0.025881780834545516+0j)
0.16000000000000003	0.02560000000000001	0.0010142595164523982	0.026540930115188415	0.0	(0.026540930115188415+0j)
0.16200625000000002	0.026246025039062506	0.0010397429991026996	0.027212552408044936	0.0	(0.027212552408044936+0j)
0.16402500000000003	0.02690420062500001	0.0010657001426963575	0.02789680382320316	0.0	(0.02789680382320316+0j)
0.16605625000000002	0.027574678164062505	0.001092136602773408	0.028593841436163718	0.0	(0.028593841436163718+0j)
0.16810000000000003	0.02825761000000001	0.0011190580607358669	0.029303823287222735	0.0	(0.029303823287222735+0j)
0.17015625000000004	0.02895314941406251	0.0011464702235794988	0.030026908380896816	0.0	(0.030026908380896816+0j)
0.17222500000000002	0.029661450625000006	0.0011743788236060482	0.03076325668535347	0.0	(0.03076325668535347+0j)
0.17430625	0.030382668789062497	0.0012027896181425746	0.031513029131868715	0.0	(0.031513029131868715+0j)
0.17639999999999997	0.031116959999999992	0.001231708389234143	0.03227638761427848	0.0	(0.03227638761427848+0j)
0.17850624999999998	0.03186448128906249	0.0012611409433649357	0.03305349498847508	0.0	(0.03305349498847508+0j)
0.18062499999999998	0.03262539062499999	0.0012910931111385082	0.033844515071882506	0.0	(0.033844515071882506+0j)
0.18275624999999998	0.033399846914062496	0.0013215707469882432	0.0346496126429735	0.0	(0.0346496126429735+0j)
0.18489999999999998	0.03418800999999999	0.0013525797288469477	0.035468953440766324	0.0	(0.035468953440766324+0j)
0.18705625	0.0349900406640625	0.0013841259578395437	0.03630270416435128	0.0	(0.03630270416435128+0j)
0.189225	0.035806100625000004	0.001416215357957995	0.037151032472418466	0.0	(0.037151032472418466+0j)
0.19140625	0.0366363525390625	0.0014488538757344571	0.03801410698279112	0.0	(0.03801410698279112+0j)
0.1936	0.03748096	0.0014820474799037697	0.03889209727196159	0.0	(0.03889209727196159+0j)
0.19580625000000002	0.038340087539062505	0.0015158021610695016	0.039785173874640596	0.0	(0.039785173874640596+0j)
0.198025	0.039213900625000006	0.0015501239313566728	0.040693508283301524	0.0	(0.040693508283301524+0j)
0.20025625	0.0401025656640625	0.001585018824064477	0.04161727294773518	0.0	(0.04161727294773518+0j)
0.2025	0.04100625000000001	0.0016204928933101215	0.04255664127460469	0.0	(0.04255664127460469+0j)
0.20475625	0.0419251219140625	0.001656552213670004	0.04351178762700141	0.0	(0.04351178762700141+0j)
0.20702500000000001	0.04285935062500001	0.001693202879812894	0.044482887324004794	0.0	(0.044482887324004794+0j)
0.20930625000000003	0.04380910628906251	0.001730451006129563	0.045470116640242524	0.0	(0.045470116640242524+0j)
0.2116	0.044774560000000005	0.0017683027263544204	0.04647365280545155	0.0	(0.04647365280545155+0j)
0.21390625000000002	0.04575588378906251	0.0018067641931844847	0.04749367400403863	0.0	(0.04749367400403863+0j)
0.21622500000000003	0.04675325062500001	0.0018458415778903614	0.04853035937464284	0.0	(0.04853035937464284+0j)
0.21855625000000004	0.047766834414062515	0.0018855410699245567	0.049583889009697804	0.0	(0.049583889009697804+0j)
0.22090000000000004	0.04879681000000002	0.0019258688765209087	0.05065444395499069	0.0	(0.05065444395499069+0j)
0.22325625000000002	0.04984335316406251	0.001966831222286025	0.051742206209219106	0.0	(0.051742206209219106+0j)
0.22562500000000002	0.050906640625000006	0.002008434348795163	0.052847358723555546	0.0	(0.052847358723555546+0j)
0.22800625000000002	0.05198685003906251	0.002050684514168566	0.053970085401196834	0.0	(0.053970085401196834+0j)
0.2304	0.05308416	0.0020935879926531342	0.05511057109692301	0.0	(0.05511057109692301+0j)
0.23280625	0.05419875003906249	0.002137151074193433	0.05626900161665107	0.0	(0.05626900161665107+0j)
0.235225	0.055330800624999996	0.002181380063994709	0.0574455637169811	0.0	(0.0574455637169811+0j)
0.23765624999999999	0.05648049316406249	0.0022262812820850186	0.05864044510474838	0.0	(0.05864044510474838+0j)
0.24009999999999998	0.05764800999999999	0.0022718610628684743	0.05985383443656594	0.0	(0.05985383443656594+0j)
0.24255625	0.0588335344140625	0.002318125754670497	0.06108592131836878	0.0	(0.06108592131836878+0j)
0.245025	0.060037250625	0.002365081719284845	0.062336896304955494	0.0	(0.062336896304955494+0j)
0.24750625	0.061259343789062504	0.0024127353315019917	0.06360695089951968	0.0	(0.06360695089951968+0j)
0.25	0.0625	0.0024610929786428315	0.06489627755318902	0.0	(0.06489627755318902+0j)
0.25250625000000004	0.06375940628906253	0.0025101610600826163	0.06620506966455182	0.0	(0.06620506966455182+0j)
0.255025	0.065037750625	0.0025599459867668983	0.06753352157918785	0.0	(0.06753352157918785+0j)
0.25755625000000004	0.06633522191406252	0.0026104541807203674	0.06888182858918698	0.0	(0.06888182858918698+0j)
0.2601	0.06765201	0.0026616920745548	0.0702501869326692	0.0	(0.0702501869326692+0j)
0.26265625	0.06898830566406249	0.002713666110967239	0.07163879379330818	0.0	(0.07163879379330818+0j)
0.265225	0.070344300625	0.002766382742231066	0.07304784729983178	0.0	(0.07304784729983178+0j)
0.26780624999999997	0.07172018753906248	0.0028198484296826365	0.07447754652554042	0.0	(0.07447754652554042+0j)
0.27040000000000003	0.07311616000000001	0.002874069643200805	0.0759280914878052	0.0	(0.0759280914878052+0j)
0.27300624999999995	0.07453241253906247	0.0029290528606793487	0.07739968314756866	0.0	(0.07739968314756866+0j)
0.275625	0.075969140625	0.0029848045675002766	0.0788925234088491	0.0	(0.0788925234088491+0j)
0.27825625	0.07742654066406249	0.003041331255985824	0.08040681511822077	0.0	(0.08040681511822077+0j)
0.28090000000000004	0.07890481000000002	0.0030986394248579963	0.08194276206430894	0.0	(0.08194276206430894+0j)
0.28355624999999995	0.08040414691406247	0.003156735578687453	0.0835005689772742	0.0	(0.0835005689772742+0j)
0.286225	0.081924750625	0.003215626227332624	0.08508044152828749	0.0	(0.08508044152828749+0j)
0.28890625	0.08346682128906249	0.0032753178853774934	0.0866825863290089	0.0	(0.0866825863290089+0j)
0.2916	0.08503056000000002	0.003335817071558278	0.0883072109310558	0.0	(0.0883072109310558+0j)
0.29430625	0.08661616878906249	0.0033971303081887783	0.0899545238254711	0.0	(0.0899545238254711+0j)
0.29702500000000004	0.08822385062500002	0.003459264120573291	0.09162473444218322	0.0	(0.09162473444218322+0j)
0.29975625	0.0898538094140625	0.0035222250364208563	0.09331805314946418	0.0	(0.09331805314946418+0j)
0.30250000000000005	0.09150625000000003	0.0035860195852439603	0.09503469125338286	0.0	(0.09503469125338286+0j)
0.30525625	0.09318137816406251	0.003650654297759015	0.0967748609972505	0.0	(0.0967748609972505+0j)
0.30802500000000005	0.09487940062500003	0.003716135705275292	0.0985387755610655	0.0	(0.0985387755610655+0j)
0.31080625	0.09660052503906251	0.0037824703390803016	0.10032664906095579	0.0	(0.10032664906095579+0j)
0.31360000000000005	0.09834496000000002	0.0038496647298131847	0.10213869654860164	0.0	(0.10213869654860164+0j)
0.31640625	0.1001129150390625	0.003917725406843431	0.10397513401067845	0.0	(0.10397513401067845+0j)
0.3192250000000001	0.10190460062500006	0.003986658897630058	0.10583617836827375	0.0	(0.10583617836827375+0j)
0.32205625	0.1037202281640625	0.004056471727079458	0.10772204747630296	0.0	(0.10772204747630296+0j)
0.3249000000000001	0.10556001000000005	0.0041271704169032475	0.10963296012293551	0.0	(0.10963296012293551+0j)
0.32775625	0.10742415941406251	0.004198761484956126	0.1115691360289919	0.0	(0.1115691360289919+0j)
0.33062500000000006	0.10931289062500003	0.00427125144458218	0.1135307958473585	0.0	(0.1135307958473585+0j)
0.33350625	0.1112264187890625	0.004344646803942975	0.11551816116238031	0.0	(0.11551816116238031+0j)
0.3364	0.11316495999999998	0.00441895406534476	0.11753145448925952	0.0	(0.11753145448925952+0j)
0.33930625000000003	0.11512873128906252	0.004494179724560787	0.11957089927344766	0.0	(0.11957089927344766+0j)
0.34222499999999995	0.11711795062499997	0.004570330270142531	0.12163671989002117	0.0	(0.12163671989002117+0j)
0.34515625000000005	0.11913283691406254	0.004647412182727795	0.12372914164307361	0.0	(0.12372914164307361+0j)
0.34809999999999997	0.12117360999999997	0.004725431934342161	0.1258483907650813	0.0	(0.1258483907650813+0j)
0.35105625	0.12324049066406251	0.004804395987692889	0.12799469441627503	0.0	(0.12799469441627503+0j)
0.354025	0.125333700625	0.004884310795457925	0.1301682806840071	0.0	(0.1301682806840071+0j)
0.35700625	0.1274534625390625	0.0049651827995691455	0.13236937858210782	0.0	(0.13236937858210782+0j)
0.36	0.1296	0.005047018430486272	0.13459821805023967	0.0	(0.13459821805023967+0j)
0.36300625000000003	0.1317735375390625	0.005129824106467229	0.13685502995324533	0.0	(0.13685502995324533+0j)
0.366025	0.133974300625	0.005213606232834067	0.13914004608049754	0.0	(0.13914004608049754+0j)
0.36905625000000003	0.13620251566406252	0.005298371201226448	0.14145349914523006	0.0	(0.14145349914523006+0j)
0.3721	0.13845840999999998	0.005384125388856464	0.14379562278387123	0.0	(0.14379562278387123+0j)
0.3751562500000001	0.14074221191406255	0.005470875157752797	0.14616665155537925	0.0	(0.14616665155537925+0j)
0.378225	0.143054150625	0.005558626853998216	0.14856682094055396	0.0	(0.14856682094055396+0j)
0.38130625000000007	0.14539445628906256	0.005647386806966637	0.1509963673413668	0.0	(0.1509963673413668+0j)
0.3844	0.14776336	0.005737161328546847	0.15345552808025606	0.0	(0.15345552808025606+0j)
0.38750625000000005	0.15016109378906253	0.0058279567123655784	0.15594454139945252	0.0	(0.15594454139945252+0j)
0.390625	0.152587890625	0.005919779233003464	0.15846364646026415	0.0	(0.15846364646026415+0j)
0.3937562500000001	0.15504398441406256	0.006012635145203005	0.1610130833423826	0.0	(0.1610130833423826+0j)
0.39690000000000003	0.15752961000000001	0.006106530683075206	0.16359309304317254	0.0	(0.16359309304317254+0j)
0.40005625000000006	0.16004500316406253	0.006201472059294888	0.16620391747694455	0.0	(0.16620391747694455+0j)
0.403225	0.162590400625	0.006297465464294882	0.16884579947425857	0.0	(0.16884579947425857+0j)
0.4064062500000001	0.16516604003906257	0.006394517065452909	0.171518982781177	0.0	(0.171518982781177+0j)
0.4096	0.16777216	0.006492633006273119	0.17422371205854106	0.0	(0.17422371205854106+0j)
0.41280624999999993	0.17040900003906245	0.006591819405560528	0.17696023288123774	0.0	(0.17696023288123774+0j)
0.41602500000000003	0.17307680062500003	0.006692082356593687	0.17972879173746034	0.0	(0.17972879173746034+0j)
0.41925624999999994	0.17577580316406244	0.006793427926287565	0.1825296360279488	0.0	(0.1825296360279488+0j)
0.42250000000000004	0.17850625000000003	0.006895862154355115	0.18536301406525127	0.0	(0.18536301406525127+0j)
0.42575624999999995	0.18126838441406246	0.006999391052460613	0.18822917507296286	0.0	(0.18822917507296286+0j)
0.42902500000000005	0.18406245062500004	0.007104020603369676	0.19112836918496057	0.0	(0.19112836918496057+0j)
0.43230624999999995	0.18688869378906245	0.007209756760092834	0.19406084744463703	0.0	(0.19406084744463703+0j)
0.43560000000000004	0.18974736000000003	0.00731660544502577	0.1970268618041313	0.0	(0.1970268618041313+0j)
0.43890625	0.1926386962890625	0.007424572549082464	0.20002666512354442	0.0	(0.20002666512354442+0j)
0.44222500000000003	0.19556295062500004	0.0075336639308256625	0.20306051117016388	0.0	(0.20306051117016388+0j)
0.44555625	0.1985203719140625	0.007643885415590468	0.20612865461766525	0.0	(0.20612865461766525+0j)
0.4489000000000001	0.20151121000000008	0.007755242794605488	0.20923135104533475	0.0	(0.20923135104533475+0j)
0.45225624999999997	0.20453571566406248	0.007867741824106655	0.21236885693725052	0.0	(0.21236885693725052+0j)
0.45562500000000006	0.20759414062500006	0.007981388224449715	0.21554142968150625	0.0	(0.21554142968150625+0j)
0.45900625	0.2106867375390625	0.008096187679215383	0.2187493275693781	0.0	(0.2187493275693781+0j)
0.4624000000000001	0.21381376000000007	0.00821214583431118	0.22199280979452857	0.0	(0.22199280979452857+0j)
0.46580625	0.21697546253906247	0.008329268297070591	0.2252721364521865	0.0	(0.2252721364521865+0j)
0.46922500000000006	0.22017210062500006	0.008447560635344908	0.22858756853831771	0.0	(0.22858756853831771+0j)
0.47265625	0.2234039306640625	0.008567028376594621	0.2319393679488142	0.0	(0.2319393679488142+0j)
0.4761000000000001	0.22667121000000007	0.008687677006973704	0.23532779747865318	0.0	(0.23532779747865318+0j)
0.47955625	0.2299741969140625	0.008809511970411688	0.23875312082106445	0.0	(0.23875312082106445+0j)
0.4830250000000001	0.23331315062500008	0.008932538667691947	0.24221560256669086	0.0	(0.24221560256669086+0j)
0.48650625000000003	0.23668833128906253	0.009056762455526668	0.24571550820275503	0.0	(0.24571550820275503+0j)
0.4900000000000001	0.2401000000000001	0.009182188645626699	0.24925310411220528	0.0	(0.24925310411220528+0j)
0.49350625000000004	0.24354841878906253	0.009308822503769854	0.2528286575728597	0.0	(0.2528286575728597+0j)
0.49702499999999994	0.24703385062499994	0.00943666924886477	0.25644243675656864	0.0	(0.25644243675656864+0j)
0.50055625	0.2505565594140625	0.009565734052012997	0.26009471072834445	0.0	(0.26009471072834445+0j)
0.5041	0.25411680999999997	0.009696022035565521	0.26378574944551214	0.0	(0.26378574944551214+0j)
0.50765625	0.2577148681640625	0.00982753827217997	0.26751582375682986	0.0	(0.26751582375682986+0j)
0.5112249999999999	0.26135100062499994	0.009960287783870925	0.2712852054016418	0.0	(0.2712852054016418+0j)
0.51480625	0.26502547503906254	0.010094275541061792	0.27509416700899775	0.0	(0.27509416700899775+0j)
0.5184	0.26873855999999996	0.010229506461630455	0.27894298209678153	0.0	(0.27894298209678153+0j)
0.52200625	0.2724905250390625	0.010365985409955147	0.28283192507084276	0.0	(0.28283192507084276+0j)
0.525625	0.276281640625	0.01050371719595733	0.2867612712241208	0.0	(0.2867612712241208+0j)
0.5292562500000001	0.2801121781640626	0.010642706574141125	0.2907312967357564	0.0	(0.2907312967357564+0j)
0.5328999999999999	0.2839824099999999	0.010782958242633756	0.2947422786702245	0.0	(0.2947422786702245+0j)
0.5365562500000001	0.2878926094140626	0.010924476842220754	0.29879449497645266	0.0	(0.29879449497645266+0j)
0.540225	0.29184305062499993	0.011067266955382404	0.30288822448692676	0.0	(0.30288822448692676+0j)
0.54390625	0.2958340087890625	0.011211333105326737	0.3070237469168228	0.0	(0.3070237469168228+0j)
0.5476	0.29986576	0.011356679755022525	0.31120134286311213	0.0	(0.31120134286311213+0j)
0.5513062500000001	0.3039385812890626	0.011503311306229835	0.3154212938036858	0.0	(0.3154212938036858+0j)
0.555025	0.308052750625	0.011651232098530695	0.31968388209646376	0.0	(0.31968388209646376+0j)
0.5587562500000001	0.3122085469140626	0.011800446408358534	0.3239893909785195	0.0	(0.3239893909785195+0j)
0.5625	0.31640625	0.011950958448026405	0.3283381045651892	0.0	(0.3283381045651892+0j)
0.5662562500000001	0.32064614066406266	0.01210277236475521	0.33273030784919094	0.0	(0.33273030784919094+0j)
0.570025	0.324928500625	0.012255892239701693	0.3371662866997466	0.0	(0.3371662866997466+0j)
0.5738062500000001	0.3292536125390626	0.012410322086985226	0.34164632786170823	0.0	(0.34164632786170823+0j)
0.5776	0.33362176	0.012566065852716468	0.34617071895466833	0.0	(0.34617071895466833+0j)
0.5814062500000001	0.3380332275390626	0.01272312741402426	0.3507397484721028	0.0	(0.3507397484721028+0j)
0.585225	0.342488300625	0.012881510578083621	0.3553537057804827	0.0	(0.3553537057804827+0j)
0.5890562500000001	0.34698726566406257	0.013041219081144972	0.3600128811184143	0.0	(0.3600128811184143+0j)
0.5929	0.35153040999999996	0.013202256587562244	0.36471756559578483	0.0	(0.36471756559578483+0j)
0.59675625	0.3561180219140625	0.013364626688824321	0.3694680511928956	0.0	(0.3694680511928956+0j)
0.6006250000000001	0.3607503906250001	0.013528332902585372	0.37426463075959865	0.0	(0.37426463075959865+0j)
0.6045062499999999	0.3654278062890624	0.01369337867169762	0.3791075980144665	0.0	(0.3791075980144665+0j)
0.6084	0.3701505600000001	0.013859767363245457	0.38399724754394643	0.0	(0.38399724754394643+0j)
0.6123062499999999	0.37491894378906243	0.01402750226758076	0.3889338748015119	0.0	(0.3889338748015119+0j)
0.616225	0.379733250625	0.014196586597360672	0.3939177761068565	0.0	(0.3939177761068565+0j)
0.62015625	0.38459377441406245	0.014367023486587027	0.39894924864506204	0.0	(0.39894924864506204+0j)
0.6241000000000001	0.38950081000000014	0.014538815989648013	0.4040285904657925	0.0	(0.4040285904657925+0j)
0.62805625	0.3944546531640625	0.014711967080362931	0.40915610048248774	0.0	(0.40915610048248774+0j)
0.6320250000000001	0.3994556006250001	0.01488647965102885	0.4143320784715879	0.0	(0.4143320784715879+0j)
0.63600625	0.4045039500390625	0.015062356511470032	0.41955682507174935	0.0	(0.41955682507174935+0j)
0.6400000000000001	0.4096000000000002	0.015239600388092245	0.4248306417830836	0.0	(0.4248306417830836+0j)
0.64400625	0.4147440500390625	0.015418213922937296	0.4301538309663957	0.0	(0.4301538309663957+0j)
0.6480250000000001	0.4199364006250001	0.01559819967274434	0.43552669584246556	0.0	(0.43552669584246556+0j)
0.65205625	0.4251773531640625	0.015779560108012625	0.4409495404913082	0.0	(0.4409495404913082+0j)
0.6561000000000001	0.43046721000000016	0.01596229761206902	0.44642266985149537	0.0	(0.44642266985149537+0j)
0.66015625	0.4358062744140625	0.016146414480140425	0.4519463897194538	0.0	(0.4519463897194538+0j)
0.6642250000000001	0.4411948506250001	0.016331912918428948	0.4575210067487955	0.0	(0.4575210067487955+0j)
0.66830625	0.4466332437890625	0.016518795043193535	0.46314682844971133	0.0	(0.46314682844971133+0j)
0.6724000000000001	0.45212176000000015	0.016707062879835366	0.4688241631883155	0.0	(0.4688241631883155+0j)
0.67650625	0.45766070628906247	0.01689671836198814	0.47455332018606117	0.0	(0.47455332018606117+0j)
0.6806250000000001	0.4632503906250002	0.017087763330615235	0.48033460951919316	0.0	(0.48033460951919316+0j)
0.6847562500000001	0.46889112191406257	0.017280199533109886	0.48616834211819604	0.0	(0.48616834211819604+0j)
0.6889000000000001	0.4745832100000001	0.017474028622404436	0.4920548297672894	0.0	(0.4920548297672894+0j)
0.69305625	0.4803269656640626	0.01766925215608217	0.4979943851039675	0.0	(0.4979943851039675+0j)
0.697225	0.48612270062499996	0.01786587159549824	0.5039873216185728	0.0	(0.5039873216185728+0j)
0.70140625	0.4919707275390625	0.01806388830490535	0.5100339536538805	0.0	(0.5100339536538805+0j)
0.7055999999999999	0.4978713599999999	0.01826330355058725	0.5161345964047843	0.0	(0.5161345964047843+0j)
0.7098062500000001	0.5038249125390626	0.018464118499998516	0.5222895659179763	0.0	(0.5222895659179763+0j)
0.7140249999999999	0.5098317006249998	0.01866633422091185	0.5284991790916922	0.0	(0.5284991790916922+0j)
0.71825625	0.5158920406640626	0.01886995168057304	0.5347637536755668	0.0	(0.5347637536755668+0j)
0.7224999999999999	0.5220062499999999	0.0190749717448635	0.5410836082704444	0.0	(0.5410836082704444+0j)
0.7267562500000001	0.5281746469140627	0.01928139517747074	0.5474590623283611	0.0	(0.5474590623283611+0j)
0.7310249999999999	0.5343975506249999	0.019489222639067105	0.553890436152538	0.0	(0.553890436152538+0j)
0.73530625	0.5406752812890626	0.019698454686497113	0.5603780508974849	0.0	(0.5603780508974849+0j)
0.7395999999999999	0.5470081599999999	0.01990909177197342	0.5669222285691725	0.0	(0.5669222285691725+0j)
0.7439062500000001	0.5533965087890627	0.0201211342422819	0.5735232920253119	0.0	(0.5735232920253119+0j)
0.748225	0.559840650625	0.02033458233799551	0.5801815649757545	0.0	(0.5801815649757545+0j)
0.75255625	0.5663409094140626	0.020549436192698833	0.5868973719829595	0.0	(0.5868973719829595+0j)
0.7569	0.5728976100000001	0.0207656958322206	0.5936710384626831	0.0	(0.5936710384626831+0j)
0.7612562500000001	0.5795110781640627	0.02098336117387789	0.6005028906846798	0.0	(0.6005028906846798+0j)
0.765625	0.586181640625	0.02120243202572958	0.6073932557737091	0.0	(0.6073932557737091+0j)
0.7700062500000001	0.5929096250390626	0.021422908085840797	0.6143424617105955	0.0	(0.6143424617105955+0j)
0.7744	0.59969536	0.021644788941558024	0.621350837333572	0.0	(0.621350837333572+0j)
0.7788062500000001	0.6065391750390627	0.02186807406879504	0.6284187123397967	0.0	(0.6284187123397967+0j)
0.7832250000000001	0.6134414006250001	0.02209276283133038	0.6355464172871185	0.0	(0.6355464172871185+0j)
0.7876562500000002	0.6204023681640628	0.022318854480116612	0.6427342835961516	0.0	(0.6427342835961516+0j)
0.7921	0.6274224100000001	0.022546348152600704	0.6499826435526316	0.0	(0.6499826435526316+0j)
0.7965562500000001	0.6345018594140627	0.022775242872057178	0.6572918303101237	0.0	(0.6572918303101237+0j)
0.801025	0.641641050625	0.02300553754693324	0.6646621778931509	0.0	(0.6646621778931509+0j)
0.80550625	0.6488403187890625	0.02323723097020669	0.672094021200764	0.0	(0.672094021200764+0j)
0.81	0.6561000000000001	0.02347032181875619	0.6795876960106101	0.0	(0.6795876960106101+0j)
0.81450625	0.6634204312890625	0.023704808652745657	0.687143538983616	0.0	(0.687143538983616+0j)
0.819025	0.670801950625	0.023940689915020963	0.6947618876693292	0.0	(0.6947618876693292+0j)
0.82355625	0.6782448969140625	0.024177963930520407	0.7024430805120457	0.0	(0.7024430805120457+0j)
0.8281000000000001	0.6857496100000001	0.024416628905700233	0.7101874568578351	0.0	(0.7101874568578351+0j)
0.83265625	0.6933164306640625	0.02465668292797274	0.7179953569626063	0.0	(0.7179953569626063+0j)
0.8372250000000001	0.7009457006250002	0.024898123965159613	0.7258671220013714	0.0	(0.7258671220013714+0j)
0.84180625	0.7086377625390624	0.025140949864959905	0.7338030940789683	0.0	(0.7338030940789683+0j)
0.8464	0.7163929600000001	0.025385158354432502	0.741803616242406	0.0	(0.741803616242406+0j)
0.85100625	0.7242116375390625	0.025630747039494473	0.7498690324952152	0.0	(0.7498690324952152+0j)
0.8556250000000001	0.7320941406250001	0.025877713404433955	0.7579996878141242	0.0	(0.7579996878141242+0j)
0.86025625	0.7400408156640624	0.02612605481143937	0.7661959281685232	0.0	(0.7661959281685232+0j)
0.8649000000000001	0.7480520100000002	0.026375768500144336	0.7744581005433053	0.0	(0.7744581005433053+0j)
0.86955625	0.7561280719140625	0.026626851587188416	0.7827865529656951	0.0	(0.7827865529656951+0j)
0.8742250000000001	0.7642693506250002	0.026879301065795225	0.7911816345370943	0.0	(0.7911816345370943+0j)
0.87890625	0.7724761962890625	0.02713311380536615	0.7996436954708435	0.0	(0.7996436954708435+0j)
0.8836000000000002	0.7807489600000003	0.02738828655109135	0.8081730871374927	0.0	(0.8081730871374927+0j)
0.88830625	0.7890879937890625	0.027644815923577898	0.8167701621192595	0.0	(0.8167701621192595+0j)
0.8930250000000001	0.7974936506250001	0.02790269841849588	0.8254352742760546	0.0	(0.8254352742760546+0j)
0.89775625	0.8059662844140626	0.028161930406240904	0.8341687788261956	0.0	(0.8341687788261956+0j)
0.9025000000000001	0.8145062500000001	0.028422508131615593	0.8429710324457492	0.0	(0.8429710324457492+0j)
0.90725625	0.8231139031640625	0.028684427713528776	0.8518423933921325	0.0	(0.8518423933921325+0j)
0.9120250000000001	0.8317896006250002	0.02894768514471255	0.8607832216592204	0.0	(0.8607832216592204+0j)
0.91680625	0.8405337000390626	0.029212276291458755	0.8697938791743747	0.0	(0.8697938791743747+0j)
0.9216	0.84934656	0.029478196893373748	0.8788747300516715	0.0	(0.8788747300516715+0j)
0.9264062500000001	0.8582285400390627	0.02974544256315198	0.8880261409218415	0.0	(0.8880261409218415+0j)
0.931225	0.8671800006249999	0.030014008786369367	0.897248481368935	0.0	(0.897248481368935+0j)
0.93605625	0.8762013031640625	0.030283890921295603	0.9065421245179766	0.0	(0.9065421245179766+0j)
0.9409	0.8852928099999999	0.030555084198726573	0.9159074478416933	0.0	(0.9159074478416933+0j)
0.9457562500000001	0.8944548844140626	0.030827583721836388	0.9253448342926885	0.0	(0.9253448342926885+0j)
0.9506249999999999	0.9036878906249999	0.03110138446604918	0.934854673933717	0.0	(0.934854673933717+0j)
0.9555062500000001	0.9129921937890627	0.03137648127893233	0.9444373663566247	0.0	(0.9444373663566247+0j)
0.9603999999999999	0.9223681599999999	0.03165286888010874	0.9540933244004485	0.0	(0.9540933244004485+0j)
0.96530625	0.9318161562890626	0.031930541861190986	0.9638229801142184	0.0	(0.9638229801142184+0j)
0.970225	0.941336550625	0.032209494685735696	0.9736267948288931	0.0	(0.9736267948288931+0j)
0.9751562500000001	0.9509297119140626	0.032489721689219264	0.9835052773131647	0.0	(0.9835052773131647+0j)
0.9801	0.96059601	0.032771217079034964	0.9934590193722145	0.0	(0.9934590193722145+0j)
0.9850562500000001	0.9703358156640627	0.03305397493451134	1.0034887740309701	0.0	(1.0034887740309701+0j)
0.990025	0.9801495006250001	0.03333798920695208	1.0135956575889578	0.0	(1.0135956575889578+0j)
0.9950062500000001	0.9900374375390627	0.03362325371969835	1.0237818254366688	0.0	(1.0237818254366688+0j)
1.0	1.0	0.03390976216821248	1.0340541943937316	0.0	(1.0340541943937316+0j)
