-255.28322298546027	-65169.52393784423	-0.003978872356213251	-65169.527916716586	0.0	(-65169.527916716586+0j)
-127.63965288380199	-16291.88098829746	-0.003978868692810957	-16291.884967166154	0.0	(-16291.884967166154+0j)
-85.09092567257987	-7240.4656318165125	-0.003978862586640761	-7240.469610679099	0.0	(-7240.469610679099+0j)
-63.81590916393301	-4072.4702624193487	-0.003978854036952969	-4072.474241273386	0.0	(-4072.474241273386+0j)
-51.050376913872235	-2606.1409830484195	-0.003978843042697734	-2606.144961891462	0.0	(-2606.144961891462+0j)
-42.53958676905905	-1809.6164424823037	-0.003978829602524786	-1809.6204213119063	0.0	(-1809.6204213119063+0j)
-36.46007780205021	-1329.3372733315543	-0.003978813714783075	-1329.3412521452692	0.0	(-1329.3412521452692+0j)
-31.900119545115018	-1017.6176269926292	-0.00397879537752034	-1017.6216057880067	0.0	(-1017.6216057880067+0j)
-28.353195068169708	-803.903670573683	-0.0039787745884826056	-803.9076493482715	0.0	(-803.9076493482715+0j)
-25.515394209954525	-651.035341689381	-0.003978751345113583	-651.0393204407262	0.0	(-651.0393204407262+0j)
-23.19331959220227	-537.9300737060336	-0.003978725644554011	-537.9340524316796	0.0	(-537.9340524316796+0j)
-21.258039626724646	-451.9042487713953	-0.003978697483640901	-451.9082274688798	0.0	(-451.9082274688798+0j)
-19.620293980764554	-384.9559358916258	-0.0039786668589067145	-384.9599145584843	0.0	(-384.9599145584843+0j)
-18.216325271484493	-331.8345063965246	-0.00397863376657845	-331.8384850302911	0.0	(-331.8384850302911+0j)
-16.999378082658247	-288.9788551971616	-0.003978598202576657	-288.98283379536394	0.0	(-288.98283379536394+0j)
-15.934385850104203	-253.90465242000104	-0.003978560162514364	-253.90863098016385	0.0	(-253.90863098016385+0j)
-14.994532964023506	-224.83601880918755	-0.003978519641695929	-224.83999732882975	0.0	(-224.83999732882975+0j)
-14.158962837226218	-200.4762286259531	-0.003978476635115802	-200.48020710258834	0.0	(-200.48020710258834+0j)
-13.411209741285493	-179.8605467247509	-0.0039784311374572124	-179.86452515588834	0.0	(-179.86452515588834+0j)
-12.73810109184545	-162.25921942607425	-0.0039783831430907635	-162.26319780921793	0.0	(-162.26319780921793+0j)
-12.128973366698542	-147.11199493008257	-0.003978332646072953	-147.11597326272914	0.0	(-147.11597326272914+0j)
-11.575101864386667	-133.9829831709277	-0.0039782796401446	-133.98696145056806	0.0	(-133.98696145056806+0j)
-11.069279221428548	-122.52894248194981	-0.003978224118729195	-122.5329207060693	0.0	(-122.5329207060693+0j)
-10.605499300239734	-112.47661540738548	-0.003978166074931156	-112.48059357345986	0.0	(-112.48059357345986+0j)
-10.178716943952157	-103.60627862509874	-0.003978105501534004	-103.61025673059982	0.0	(-103.61025673059982+0j)
-9.78466317242876	-95.73963339788364	-0.003978042390998442	-95.74361144027476	0.0	(-95.74361144027476+0j)
-9.419701445830695	-88.73077532858488	-0.003977976735460363	-88.73475330532051	0.0	(-88.73475330532051+0j)
-9.080714728848353	-82.4593799867234	-0.003977908526728743	-82.46335789525027	0.0	(-82.46335789525027+0j)
-8.76501592095378	-76.82550409457325	-0.003977837756283466	-76.82948193233189	0.0	(-76.82948193233189+0j)
-8.470276200602305	-71.74557891448981	-0.003977764415273048	-71.74955667892301	0.0	(-71.74955667892301+0j)
-8.194467238298563	-67.14929331954848	-0.003977688494512264	-67.15327100814591	0.0	(-67.15327100814591+0j)
-7.935814244712368	-62.97714772657974	-0.003977609984479692	-62.98112533701254	0.0	(-62.98112533701254+0j)
-7.6927575555009655	-59.17851880771719	-0.003977528875315157	-59.18249633814403	0.0	(-59.18249633814403+0j)
-7.463920995280036	-55.71011662378213	-0.003977445156817072	-55.7140940733715	0.0	(-55.7140940733715+0j)
-7.2480856649141305	-52.53474580593372	-0.003977358818439695	-52.53872317553455	0.0	(-52.53872317553455+0j)
-7.044168097591786	-49.62030418712988	-0.003977269849290279	-49.62428147989089	0.0	(-49.62428147989089+0j)
-6.851201957158883	-46.93896825777772	-0.0039771782381261235	-46.94294547944697	0.0	(-46.94294547944697+0j)
-6.668322626188625	-44.466526646939165	-0.003977083973351525	-44.47050380564391	0.0	(-44.47050380564391+0j)
-6.494754165117798	-42.18183166531499	-0.00397698704301463	-42.18580877078378	0.0	(-42.18580877078378+0j)
-6.329798227512406	-40.066345601019194	-0.00397688743480417	-40.0703226633824	0.0	(-40.0703226633824+0j)
-6.172824597489657	-38.10376351137335	-0.003976785136046109	-38.107740539801135	0.0	(-38.107740539801135+0j)
-6.023263078936644	-36.27969811808134	-0.00397668013370017	-36.28367511952854	0.0	(-36.28367511952854+0j)
-5.880596516466038	-34.5814153894725	-0.003976572414356257	-34.585392367744404	0.0	(-34.585392367744404+0j)
-5.744354768059492	-32.99761170132782	-0.0039764619642307705	-33.00158865657253	0.0	(-33.00158865657253+0j)
-5.614109481358674	-31.51822526868136	-0.003976348769162801	-31.52220219733007	0.0	(-31.52220219733007+0j)
-5.489469551309491	-30.134275954754024	-0.003976232814610222	-30.138252849839308	0.0	(-30.138252849839308+0j)
-5.370077157681606	-28.837728679453754	-0.003976114085645649	-28.841705531208035	0.0	(-28.841705531208035+0j)
-5.255604297897866	-27.621376536082526	-0.003975992566952298	-27.625353332699703	0.0	(-27.625353332699703+0j)
-5.14574974441531	-26.47874043215023	-0.003975868242819716	-26.48271716060103	0.0	(-26.48271716060103+0j)
-5.040236367220319	-25.40398263745028	-0.003975741097139385	-25.40795928425991	0.0	(-25.40795928425991+0j)
-4.938808771324406	-24.391832079710888	-0.003975611113400211	-24.395808631632228	0.0	(-24.395808631632228+0j)
-4.84123120685652	-23.437519598241437	-0.00397547827468388	-23.441496042780436	0.0	(-23.441496042780436+0j)
-4.747285715748737	-22.536721666952	-0.003975342563660088	-22.540697992728273	0.0	(-22.540697992728273+0j)
-4.656770484345649	-21.685511343872808	-0.003975203962581638	-21.689487540818117	0.0	(-21.689487540818117+0j)
-4.569498375729136	-20.88031540579121	-0.003975062453279407	-20.8842914652043	0.0	(-20.8842914652043+0j)
-4.485295619293967	-20.11787679245765	-0.0039749180171571715	-20.12185270694648	0.0	(-20.12185270694648+0j)
-4.404000638262841	-19.39522162181951	-0.0039747706351863	-19.39919738516415	0.0	(-19.39919738516415+0j)
-4.325462998492883	-18.70963015133104	-0.003974620287900303	-18.713605758302847	0.0	(-18.713605758302847+0j)
-4.249542464183222	-18.058611154896408	-0.003974466955389232	-18.062586601059504	0.0	(-18.062586601059504+0j)
-4.176108148011705	-17.439879263889754	-0.003974310617293943	-17.44385454541116	0.0	(-17.44385454541116+0j)
-4.105037744864772	-16.85133488676445	-0.003974151252800204	-16.85531000024422	0.0	(-16.85531000024422+0j)
-4.036216839722406	-16.291046377258727	-0.0039739888406326454	-16.295021319589637	0.0	(-16.295021319589637+0j)
-3.9695382814588407	-15.757234167967207	-0.0039738233590485665	-15.761208936225454	0.0	(-15.761208936225454+0j)
-3.9049016153493707	-15.248256625558126	-0.0039736547858315735	-15.252231216922231	0.0	(-15.252231216922231+0j)
-3.8422125679611745	-14.762597417398803	-0.0039734830982850545	-14.766571829092948	0.0	(-14.766571829092948+0j)
-3.781382578872165	-14.298854207797906	-0.003973308273225498	-14.302828437054833	0.0	(-14.302828437054833+0j)
-3.7223283743254982	-13.855728526308706	-0.003973130286975633	-13.859702570345664	0.0	(-13.859702570345664+0j)
-3.6649715785027204	-13.432016671232722	-0.003972949115357399	-13.435990527238111	0.0	(-13.435990527238111+0j)
-3.6092383585992787	-13.026601529184415	-0.003972764733684745	-13.030575194310057	0.0	(-13.030575194310057+0j)
-3.5550591003220586	-12.638445206782684	-0.003972577116756237	-12.642418678140077	0.0	(-12.642418678140077+0j)
-3.5023681108096865	-12.266582383616612	-0.003972386238847496	-12.27055565827519	0.0	(-12.27055565827519+0j)
-3.451103346309402	-11.910114306907952	-0.003972192073703434	-11.914087381895076	0.0	(-11.914087381895076+0j)
-3.401206162236681	-11.568203358036772	-0.003971994594530309	-11.572176230337305	0.0	(-11.572176230337305+0j)
-3.35262108350022	-11.24006812953019	-0.003971793773987572	-11.244040796086992	0.0	(-11.244040796086992+0j)
-3.3052955932009467	-10.924978958433599	-0.003971589584179528	-10.92895141614807	0.0	(-10.92895141614807+0j)
-3.2591799380126187	-10.622253868343938	-0.003971381996646773	-10.62622611407597	0.0	(-10.62622611407597+0j)
-3.2142269487275925	-10.331254877926689	-0.003971170982357443	-10.335226908495352	0.0	(-10.335226908495352+0j)
-3.170391874606699	-10.051384638572179	-0.003970956511698225	-10.055356450755577	0.0	(-10.055356450755577+0j)
-3.1276322303101565	-9.782083368074884	-0.003970738554465165	-9.78605495861035	0.0	(-9.78605495861035+0j)
-3.0859076543086092	-9.522826050920463	-0.003970517079854247	-9.526797416504785	0.0	(-9.526797416504785+0j)
-3.0451797777822436	-9.273119879013914	-0.003970292056451736	-9.27709101630326	0.0	(-9.27709101630326+0j)
-3.0054121031126138	-9.032501909535783	-0.003970063452224292	-9.036472815145464	0.0	(-9.036472815145464+0j)
-2.9665698911581626	-8.800536919126152	-0.003969831234508842	-8.804507589630889	0.0	(-8.804507589630889+0j)
-2.9286200565814964	-8.576815435811406	-0.0039695953700022045	-8.580785867744924	0.0	(-8.580785867744924+0j)
-2.8915310705652644	-8.360951932044303	-0.003969355824750456	-8.36492212189903	0.0	(-8.36492212189903+0j)
-2.8552728703153174	-8.15258316395867	-0.003969112564138051	-8.156553108185916	0.0	(-8.156553108185916+0j)
-2.819816774804973	-7.95136664347152	-0.003968865552876665	-7.955336338480851	0.0	(-7.955336338480851+0j)
-2.7851354062639992	-7.7569792312253325	-0.003968614754993771	-7.760948673384387	0.0	(-7.760948673384387+0j)
-2.7512026169604247	-7.569115839569889	-0.003968360133820943	-7.573085025204018	0.0	(-7.573085025204018+0j)
-2.7179934208635714	-7.387488235857659	-0.0039681016519818625	-7.391457161249557	0.0	(-7.391457161249557+0j)
-2.685483929812767	-7.211823937282622	-0.003967839271380047	-7.215792598671868	0.0	(-7.215792598671868+0j)
-2.653651293848981	-7.041865189346372	-0.003967572953186269	-7.045833582928981	0.0	(-7.045833582928981+0j)
-2.6224736453959783	-6.877368020796471	-0.003967302657825674	-6.881336142724501	0.0	(-6.881336142724501+0j)
-2.591930047004387	-6.718101368564165	-0.003967028344964583	-6.72206921494505	0.0	(-6.72206921494505+0j)
-2.562000442396095	-6.563846266837787	-0.003966749973496973	-6.5678138337340615	0.0	(-6.5678138337340615+0j)
-2.532665610568373	-6.414395094955669	-0.003966467501530625	-6.418362378384065	0.0	(-6.418362378384065+0j)
-2.503907122736874	-6.26955087929245	-0.003966180886372937	-6.273517875223541	0.0	(-6.273517875223541+0j)
-2.4757073019147824	-6.129126644754171	-0.003965890084516392	-6.133093349111744	0.0	(-6.133093349111744+0j)
-2.4480491849416626	-5.992944811893539	-0.003965595051623658	-5.996911220553777	0.0	(-5.996911220553777+0j)
-2.420916486790582	-5.860836636014455	-0.003965295742512338	-5.864802744805451	0.0	(-5.864802744805451+0j)
-2.394293566995561	-5.732641684956326	-0.0039649921111393335	-5.736607489657318	0.0	(-5.736607489657318+0j)
-2.368165398053877	-5.608207352539677	-0.003964684110584832	-5.6121728488803075	0.0	(-5.6121728488803075+0j)
-2.3425175356689723	-5.487388404916635	-0.003964371693035892	-5.491353588576176	0.0	(-5.491353588576176+0j)
-2.3173360907101195	-5.370046557307659	-0.003964054809769631	-5.374011423914203	0.0	(-5.374011423914203+0j)
-2.292607702774345	-5.256050078820258	-0.003963733411135989	-5.260014623950195	0.0	(-5.260014623950195+0j)
-2.2683195152448543	-5.145273423240651	-0.003963407446540074	-5.149237642417508	0.0	(-5.149237642417508+0j)
-2.2444591517480057	-5.037596883865377	-0.003963076864424065	-5.041560772559088	0.0	(-5.041560772559088+0j)
-2.221014693918231	-4.932906270600694	-0.003962741612248662	-4.936869824226803	0.0	(-4.936869824226803+0j)
-2.197974660386868	-4.831092607702768	-0.003962401636474086	-4.8350558216214665	0.0	(-4.8350558216214665+0j)
-2.1753279869170523	-4.732051850664595	-0.0039620568825405895	-4.736014720179747	0.0	(-4.736014720179747+0j)
-2.153064007612361	-4.635684620875801	-0.0039617072948484894	-4.639647141234148	0.0	(-4.639647141234148+0j)
-2.1311724371321383	-4.5418959567917385	-0.003961352816737699	-4.545858123181837	0.0	(-4.545858123181837+0j)
-2.1096433538510966	-4.450595080448103	-0.003960993390466742	-4.454556887999225	0.0	(-4.454556887999225+0j)
-2.088467183905257	-4.361695178249154	-0.003960628957191241	-4.365656622030432	0.0	(-4.365656622030432+0j)
-2.0676346860702344	-4.275113195040757	-0.003960259456941866	-4.279074270060126	0.0	(-4.279074270060126+0j)
-2.0471369374216812	-4.19076964055622	-0.003959884828601718	-4.194730341759184	0.0	(-4.194730341759184+0j)
-2.026965319731052	-4.108588407392406	-0.003959505009883142	-4.112548729661097	0.0	(-4.112548729661097+0j)
-2.0071115065531098	-4.028496599737894	-0.0039591199373039615	-4.032456537889907	0.0	(-4.032456537889907+0j)
-1.987567450964445	-3.9504243721333014	-0.003958729546163085	-3.954383920920492	0.0	(-3.954383920920492+0j)
-1.9683253739150623	-3.87430477759787	-0.00395833377051551	-3.878263931705145	0.0	(-3.878263931705145+0j)
-1.9493777531575431	-3.800073624505551	-0.003957932543146683	-3.804032378549807	0.0	(-3.804032378549807+0j)
-1.930717312720668	-3.727669341639318	-0.003957525795546186	-3.731627690168047	0.0	(-3.731627690168047+0j)
-1.9123370128964872	-3.6570328508938594	-0.0039571134578807645	-3.660990788383937	0.0	(-3.660990788383937+0j)
-1.8942300407118835	-3.588107447135344	-0.003956695458966652	-3.592064967991802	0.0	(-3.592064967991802+0j)
-1.8763898008574644	-3.520838684761915	-0.003956271726241169	-3.5247957833164314	0.0	(-3.5247957833164314+0j)
-1.8588099070484068	-3.4551742705413067	-0.0039558421857336	-3.459130941050999	0.0	(-3.459130941050999+0j)
-1.8414841737934167	-3.3910639623316223	-0.003955406762035299	-3.3950201989775906	0.0	(-3.3950201989775906+0j)
-1.8244066085495139	-3.328459473319139	-0.003954965378269022	-3.3324152702050913	0.0	(-3.3324152702050913+0j)
-1.807571404241675	-3.267314381432221	-0.0039545179560574505	-3.2712697325829496	0.0	(-3.2712697325829496+0j)
-1.7909729321277195	-3.207584043614161	-0.003954064415490891	-3.211538942974133	0.0	(-3.211538942974133+0j)
-1.7746057349899593	-3.149225514659254	-0.00395360467509412	-3.153179956090894	0.0	(-3.153179956090894+0j)
-1.758464520636315	-3.0921974703367052	-0.003953138651792356	-3.0961514476191176	0.0	(-3.0961514476191176+0j)
-1.7425441556945784	-3.0364601345453313	-0.003952666260876329	-3.0404136413725014	0.0	(-3.0404136413725014+0j)
-1.7268396596845401	-2.981975210259418	-0.003952187415966409	-2.985928240238642	0.0	(-2.985928240238642+0j)
-1.7113461993535433	-2.9287058140418174	-0.003951702028975797	-2.9326583606919727	0.0	(-2.9326583606919727+0j)
-1.6960590832619324	-2.8766164139153068	-0.003951210010072708	-2.880568470665195	0.0	(-2.880568470665195+0j)
-1.680973756605604	-2.8256727703967566	-0.003950711267641558	-2.8296243305833655	0.0	(-2.8296243305833655+0j)
-1.6660857962636548	-2.775841880511497	-0.003950205708243083	-2.779792937378136	0.0	(-2.779792937378136+0j)
-1.6513909060597696	-2.7270919246169067	-0.0039496932365733995	-2.731042471311487	0.0	(-2.731042471311487+0j)
-1.636884912226683	-2.679392215875356	-0.0039491737554219405	-2.6833422454483458	0.0	(-2.6833422454483458+0j)
-1.622563759063612	-2.632713152226639	-0.0039486471656282485	-2.6366626576293033	0.0	(-2.6366626576293033+0j)
-1.6084235047771678	-2.587026170719668	-0.003948113366037591	-2.5909751448020217	0.0	(-2.5909751448020217+0j)
-1.594460317496743	-2.542303704071815	-0.003947572253455352	-2.5462521395805897	0.0	(-2.5462521395805897+0j)
-1.5806704714559174	-2.4985191393326724	-0.0039470237226001716	-2.50246702890933	0.0	(-2.50246702890933+0j)
-1.567050343331839	-2.4556467785364346	-0.003946467666055794	-2.4595941147150193	0.0	(-2.4595941147150193+0j)
-1.5535964087350362	-2.4136618012344018	-0.003945903974221571	-2.4176085764393247	0.0	(-2.4176085764393247+0j)
-1.5403052388424707	-2.3725402288055606	-0.003945332535261603	-2.3764864353494595	0.0	(-2.3764864353494595+0j)
-1.5271734971670736	-2.3322588904495096	-0.003944753235052441	-2.3362045205309894	0.0	(-2.3362045205309894+0j)
-1.514197936457346	-2.2927953907716847	-0.003944165957129339	-2.29674043647295	0.0	(-2.29674043647295+0j)
-1.501375395720954	-2.254128078876251	-0.003943570582630985	-2.258072532160741	0.0	(-2.258072532160741+0j)
-1.4887027973665707	-2.216236018887053	-0.003942966990242675	-2.220179871597048	0.0	(-2.220179871597048+0j)
-1.4761771444585214	-2.1790989618217145	-0.003942355056137875	-2.183042205675826	0.0	(-2.183042205675826+0j)
-1.4637955180790658	-2.1426973187483607	-0.003941734653918121	-2.146639945338949	0.0	(-2.146639945338949+0j)
-1.4515550747934312	-2.1070121351585636	-0.0039411056545511965	-2.1109541359491386	0.0	(-2.1109541359491386+0j)
-1.4394530442129485	-2.0720250664939246	-0.003940467926307552	-2.0759664328165406	0.0	(-2.0759664328165406+0j)
-1.4274867266518971	-2.037718354767348	-0.003939821334694881	-2.0416590778197508	0.0	(-2.0416590778197508+0j)
-1.415653490873873	-2.004074806223383	-0.0039391657423908065	-2.008014877066267	0.0	(-2.008014877066267+0j)
-1.4039507719237165	-1.9710777699851996	-0.003938501009173628	-1.9750171795393028	0.0	(-1.9750171795393028+0j)
-1.3923760690412366	-1.9387111176387264	-0.003937826991851033	-1.942649856681891	0.0	(-1.942649856681891+0j)
-1.380926943653144	-1.9069592237072135	-0.0039371435441867405	-1.910897282871361	0.0	(-1.910897282871361+0j)
-1.3696010174398021	-1.8758069469721412	-0.003936450516824983	-1.8797443167401606	0.0	(-1.8797443167401606+0j)
-1.3583959704735562	-1.8452396125987947	-0.003935747757212765	-1.849176283301369	0.0	(-1.849176283301369+0j)
-1.3473095394255687	-1.8152429950271383	-0.0039350351095198185	-1.8191789568394845	0.0	(-1.8191789568394845+0j)
-1.3363395158382383	-1.785803301590777	-0.003934312414556189	-1.789738544529301	0.0	(-1.789738544529301+0j)
-1.3254837444604162	-1.756907156828806	-0.003933579509687354	-1.760841670747713	0.0	(-1.760841670747713+0j)
-1.3147401216427754	-1.7285415874572598	-0.0039328362287468005	-1.7324753620449571	0.0	(-1.7324753620449571+0j)
-1.3041065937908087	-1.7006940079686654	-0.003932082401945977	-1.7046270327442303	0.0	(-1.7046270327442303+0j)
-1.2935811558730548	-1.6733522068298685	-0.003931317855781525	-1.677284471139346	0.0	(-1.677284471139346+0j)
-1.2831618499822646	-1.6465043332499076	-0.003930542412939695	-1.6504358262624943	0.0	(-1.6504358262624943+0j)
-1.2728467639473293	-1.6201388844911884	-0.00392975589219785	-1.6240695951953046	0.0	(-1.6240695951953046+0j)
-1.2626340299938879	-1.594244693698606	-0.003928958108322962	-1.5981746108979915	0.0	(-1.5981746108979915+0j)
-1.2525218234516386	-1.5688109182226178	-0.003928148871966988	-1.5727400305321648	0.0	(-1.5727400305321648+0j)
-1.2425083615064578	-1.5438270284134625	-0.003927327989559017	-1.5477553242550361	0.0	(-1.5477553242550361+0j)
-1.2325919019955294	-1.5192827968649567	-0.003926495263194074	-1.5232102644630798	0.0	(-1.5232102644630798+0j)
-1.2227707422437601	-1.495168288087356	-0.003925650490518473	-1.4990949154647564	0.0	(-1.4990949154647564+0j)
-1.21304321793984	-1.4714738485898422	-0.003924793464611583	-1.4753996235629063	0.0	(-1.4753996235629063+0j)
-1.2034077020503806	-1.4481900973541777	-0.003923923973863874	-1.4521150075283056	0.0	(-1.4521150075283056+0j)
-1.1938626037706306	-1.4253079166819898	-0.003923041801851136	-1.4292319494467558	0.0	(-1.4292319494467558+0j)
-1.184406367510342	-1.4028184433990434	-0.003922146727204701	-1.406741585923325	0.0	(-1.406741585923325+0j)
-1.175037471913416	-1.3807130604006719	-0.003921238523477544	-1.3846352996275089	0.0	(-1.3846352996275089+0j)
-1.1657544289100248	-1.358983388523338	-0.003920316959006106	-1.3629047111648098	0.0	(-1.3629047111648098+0j)
-1.1565557827999577	-1.337621278728023	-0.003919381796767681	-1.341541671259856	0.0	(-1.341541671259856+0j)
-1.1474401093659992	-1.316618804581856	-0.0039184327942332065	-1.3205382532379404	0.0	(-1.3205382532379404+0j)
-1.1384060150161934	-1.2959682550250495	-0.0039174697032152905	-1.299886745791818	0.0	(-1.299886745791818+0j)
-1.1294521359539058	-1.2756621274108402	-0.003916492269711289	-1.2795796460214612	0.0	(-1.2795796460214612+0j)
-1.12057713737463	-1.2556931208067206	-0.003915500233741258	-1.2596096527351126	0.0	(-1.2596096527351126+0j)
-1.1117797126885445	-1.2360541295458225	-0.00391449332918059	-1.2399696600005603	0.0	(-1.2399696600005603+0j)
-1.1030585827678558	-1.2167382370178308	-0.003913471283587121	-1.220652750935823	0.0	(-1.220652750935823+0j)
-1.0944124952180119	-1.1977387096893148	-0.003912433818022517	-1.2016521917293153	0.0	(-1.2016521917293153+0j)
-1.0858402236719045	-1.1790489913438515	-0.0039113806468677095	-1.182961425879824	0.0	(-1.182961425879824+0j)
-1.07734056710622	-1.1606626975327516	-0.003910311477632159	-1.164574068646987	0.0	(-1.164574068646987+0j)
-1.0689123491791295	-1.1425736102276451	-0.00390922601075671	-1.1464839017037263	0.0	(-1.1464839017037263+0j)
-1.0605544175885429	-1.1247756726665734	-0.003908123939409778	-1.1286848679820976	0.0	(-1.1286848679820976+0j)
-1.052265643450188	-1.1072629843856383	-0.003907004949276642	-1.1111710667047594	0.0	(-1.1111710667047594+0j)
-1.0440449206947982	-1.0900297964286074	-0.0039058687183415306	-1.0939367485943774	0.0	(-1.0939367485943774+0j)
-1.0358911654837302	-1.0730705067272408	-0.003904714916662258	-1.0769763112536461	0.0	(-1.0769763112536461+0j)
-1.0278033156423545	-1.0563796556454175	-0.0039035432061370946	-1.0602842947092663	0.0	(-1.0602842947092663+0j)
-1.01978033011059	-1.039951921680464	-0.003902353240263573	-1.043855377113005	0.0	(-1.043855377113005+0j)
-1.0118211884099801	-1.0237821173153845	-0.003901144663888913	-1.027684370593661	0.0	(-1.027684370593661+0j)
-1.003924890126731	-1.007865185015969	-0.003899917112951721	-1.0117662172539101	0.0	(-1.0117662172539101+0j)
-0.9960904544101546	-0.9921961933670284	-0.003898670214214624	-0.9960959853063183	0.0	(-0.9960959853063183+0j)
-0.988316919485985	-0.9767703333422669	-0.003897403584987468	-0.9806688653428768	0.0	(-0.9806688653428768+0j)
-0.9806033421840517	-0.9615829147025323	-0.0038961168328407025	-0.9654801667330296	0.0	(-0.9654801667330296+0j)
-0.9729487974798194	-0.9466293625174267	-0.003894809555308542	-0.950525314144926	0.0	(-0.950525314144926+0j)
-0.9653523780493195	-0.9319052138054763	-0.0038934813395815004	-0.9357998441853012	0.0	(-0.9357998441853012+0j)
-0.9578131938370174	-0.9174061142882678	-0.0038921317621878507	-0.9212994021533263	0.0	(-0.9212994021533263+0j)
-0.9503303716361788	-0.9031278152541578	-0.003890760388663554	-0.9070197389039526	0.0	(-0.9070197389039526+0j)
-0.942903054681315	-0.8890661705273548	-0.003889366773210185	-0.8929567078166545	0.0	(-0.8929567078166545+0j)
-0.9355304022522983	-0.8752171335383471	-0.003887950458340342	-0.8791062618655274	0.0	(-0.8791062618655274+0j)
-0.928211589289764	-0.8615767544918295	-0.003886510974510028	-0.8654644507868037	0.0	(-0.8654644507868037+0j)
-0.9209458060214192	-0.8481411776284414	-0.0038850478397374397	-0.8520274183402511	0.0	(-0.8520274183402511+0j)
-0.9137322575989006	-0.8349066385767837	-0.0038835605592076015	-0.8387913996607859	0.0	(-0.8387913996607859+0j)
-0.9065701637448343	-0.8218694617923358	-0.0038820486248622305	-0.8257527186969377	0.0	(-0.8257527186969377+0j)
-0.899458758409762	-0.8090260580800306	-0.0038805115149741997	-0.8129077857330673	0.0	(-0.8129077857330673+0j)
-0.8923972894386131	-0.7963729221973838	-0.0038789486937059444	-0.8002530949919806	0.0	(-0.8002530949919806+0j)
-0.8853850182464139	-0.7839066305352027	-0.0038773596106511043	-0.7877852223152484	0.0	(-0.7877852223152484+0j)
-0.878421219502934	-0.7716238388730217	-0.0038757437003586765	-0.7755008229181091	0.0	(-0.7755008229181091+0j)
-0.8715051808259824	-0.7595212802065282	-0.003874100381838911	-0.7633966292164406	0.0	(-0.7633966292164406+0j)
-0.8646362024830789	-0.7475957626443599	-0.0038724290580501503	-0.7514694487230118	0.0	(-0.7514694487230118+0j)
-0.8578135971012314	-0.7358441673717537	-0.003870729115365752	-0.7397161620106051	0.0	(-0.7397161620106051+0j)
-0.8510366893845631	-0.7242634466786374	-0.0038689999230202307	-0.7281337207395755	0.0	(-0.7281337207395755+0j)
-0.844304815839542	-0.7128506220498428	-0.0038672408325336654	-0.7167191457474699	0.0	(-0.7167191457474699+0j)
-0.8376173245075729	-0.7016027823152247	-0.003865451177113409	-0.7054695251985325	0.0	(-0.7054695251985325+0j)
-0.8309735747047223	-0.6905170818575448	-0.003863630271032058	-0.6943820127909921	0.0	(-0.6943820127909921+0j)
-0.8243729367683539	-0.6795907388760803	-0.0038617774089806187	-0.6834538260200139	0.0	(-0.6834538260200139+0j)
-0.8178147918104584	-0.6688210337039834	-0.003859891865395709	-0.6726822444943888	0.0	(-0.6726822444943888+0j)
-0.8112985314774747	-0.6582053071775069	-0.0038579728937596152	-0.662064608305015	0.0	(-0.662064608305015+0j)
-0.8048235577163985	-0.647740959055281	-0.003856019725871947	-0.6515983164435066	0.0	(-0.6515983164435066+0j)
-0.7983892825469892	-0.637425446485896	-0.0038540315710915525	-0.641280825268998	0.0	(-0.641280825268998+0j)
-0.7919951278398865	-0.6272562825221181	-0.0038520076155473077	-0.6311096470215505	0.0	(-0.6311096470215505+0j)
-0.7856405251004595	-0.6172310346801256	-0.003849947021316307	-0.6210823483805861	0.0	(-0.6210823483805861+0j)
-0.7793249152582131	-0.6073473235422211	-0.0038478489255679184	-0.611196549066702	0.0	(-0.611196549066702+0j)
-0.7730477484615855	-0.5976028214015268	-0.003845712439672045	-0.6014499204855315	0.0	(-0.6014499204855315+0j)
-0.766808483877975	-0.5879952509472386	-0.0038435366482699167	-0.5918401844120168	0.0	(-0.5918401844120168+0j)
-0.7606065894988391	-0.5785223839890555	-0.0038413206083055536	-0.5823651117139028	0.0	(-0.5823651117139028+0j)
-0.7544415419497165	-0.5691820402194658	-0.003839063348016029	-0.5730225211129608	0.0	(-0.5730225211129608+0j)
-0.7483128263050247	-0.5599720860126141	-0.0038367638658784826	-0.5638102779828836	0.0	(-0.5638102779828836+0j)
-0.7422199359074936	-0.5508904332585238	-0.0038344211295117886	-0.5547262931823032	0.0	(-0.5547262931823032+0j)
-0.7361623721920981	-0.5419350382314972	-0.0038320340745305976	-0.5457685219221311	0.0	(-0.5457685219221311+0j)
-0.7301396445143581	-0.5331039004915532	-0.003829601603349413	-0.5369349626657334	0.0	(-0.5369349626657334+0j)
-0.7241512699828792	-0.5243950618178167	-0.003827122583934163	-0.5282236560611077	0.0	(-0.5282236560611077+0j)
-0.7181967732960111	-0.5158066051728019	-0.003824595848498647	-0.5196326839038351	0.0	(-0.5196326839038351+0j)
-0.7122756865825028	-0.5073366536965758	-0.003822020192143045	-0.5111601681298993	0.0	(-0.5111601681298993+0j)
-0.7063875492460426	-0.4989833697298303	-0.003819394371431522	-0.502804269837296	0.0	(-0.502804269837296+0j)
-0.7005319078135689	-0.49074495386491856	-0.003816717102905807	-0.4945631883356142	0.0	(-0.4945631883356142+0j)
-0.6947083157872449	-0.48261964402395036	-0.003813987061531433	-0.4864351602225674	0.0	(-0.4864351602225674+0j)
-0.6889163334999939	-0.4746057145630749	-0.0038112028790731256	-0.47841845848661874	0.0	(-0.47841845848661874+0j)
-0.6831555279744925	-0.46670147540210766	-0.0038083631423956234	-0.47051139163491623	0.0	(-0.47051139163491623+0j)
-0.677425472785525	-0.45890527117869206	-0.003805466391686008	-0.4627123028456909	0.0	(-0.4627123028456909+0j)
-0.671725747925605	-0.45121548042621346	-0.003802511118593374	-0.45501956914427805	0.0	(-0.45501956914427805+0j)
-0.6660559396737713	-0.4436305147747105	-0.0037994957642814176	-0.4474316006020714	0.0	(-0.4474316006020714+0j)
-0.6604156404674704	-0.4361488181740591	-0.003796418717389272	-0.43994683955767544	0.0	(-0.43994683955767544+0j)
-0.6548044487774395	-0.4287688661387264	-0.0037932783118956293	-0.4325637598595179	0.0	(-0.4325637598595179+0j)
-0.6492219689855068	-0.4214891650134183	-0.003790072824880879	-0.42528086612921545	0.0	(-0.42528086612921545+0j)
-0.6436678112652284	-0.41430825125896975	-0.003786800474181699	-0.41809669304515046	0.0	(-0.41809669304515046+0j)
-0.6381415914652844	-0.4072246907578459	-0.003783459415932165	-0.41100980464547243	0.0	(-0.41100980464547243+0j)
-0.6326429309955569	-0.400237078138649	-0.003780047741985114	-0.4040187936500317	0.0	(-0.4040187936500317+0j)
-0.6271714567158193	-0.39334403611904284	-0.003776563477207099	-0.3971222808005797	0.0	(-0.3971222808005797+0j)
-0.6217268008269633	-0.3865442148665305	-0.0037730045766398708	-0.39031891421869247	0.0	(-0.39031891421869247+0j)
-0.6163086007646961	-0.3798362913765375	-0.0037693689225208856	-0.3836073687808627	0.0	(-0.3836073687808627+0j)
-0.6109164990956407	-0.373218968867274	-0.0037656543211549215	-0.37698634551022336	0.0	(-0.37698634551022336+0j)
-0.6055501434157751	-0.36669097619086577	-0.003761858499628354	-0.3704545709843531	0.0	(-0.3704545709843531+0j)
-0.6002091862511457	-0.3602510672602625	-0.0037579791023571807	-0.3640107967587527	0.0	(-0.3640107967587527+0j)
-0.5948932849607977	-0.3538980204914489	-0.0037540136874593504	-0.3576537988053772	0.0	(-0.3576537988053772+0j)
-0.5896021016418591	-0.34763063826049717	-0.0037499597229413923	-0.3513823769658684	0.0	(-0.3513823769658684+0j)
-0.5843353030367249	-0.34144774637502107	-0.0037458145826887676	-0.3451953544189764	0.0	(-0.3451953544189764+0j)
-0.5790925604422826	-0.3353481935595988	-0.0037415755422487884	-0.33909157716174265	0.0	(-0.33909157716174265+0j)
-0.5738735496211285	-0.3293308509547538	-0.0037372397743943115	-0.33306991350401444	0.0	(-0.33306991350401444+0j)
-0.568677950714719	-0.32339461162909244	-0.0037328043444558074	-0.3271292535758947	0.0	(-0.3271292535758947+0j)
-0.5635054481584092	-0.3175383901042096	-0.0037282662054087513	-0.32126850884770436	0.0	(-0.32126850884770436+0j)
-0.5583557305983268	-0.3117611218919913	-0.0037236221927026475	-0.3154866116620804	0.0	(-0.3154866116620804+0j)
-0.5532284908100364	-0.30606176304395055	-0.0037188690188173466	-0.3097825147778474	0.0	(-0.3097825147778474+0j)
-0.5481234256189446	-0.30043928971224665	-0.0037140032675316978	-0.30415519092524723	0.0	(-0.30415519092524723+0j)
-0.5430402358224031	-0.2948926977220512	-0.00370902138788895	-0.298603632372271	0.0	(-0.298603632372271+0j)
-0.5379786261134655	-0.2894210021549319	-0.0037039196878427424	-0.2931268505015989	0.0	(-0.2931268505015989+0j)
-0.5329383050062543	-0.2840232369429393	-0.003698694327567022	-0.2877238753980023	0.0	(-0.2877238753980023+0j)
-0.5279189847628979	-0.27869845447308883	-0.003693341312412703	-0.2823937554457077	0.0	(-0.2823937554457077+0j)
-0.5229203813219971	-0.2734457252019429	-0.0036878564854935783	-0.27713555693553077	0.0	(-0.27713555693553077+0j)
-0.517942214228582	-0.2682641372800063	-0.003682235519883656	-0.2719483636814137	0.0	(-0.2719483636814137+0j)
-0.5129842065655209	-0.263152796185657	-0.0036764739104080133	-0.2668312766460886	0.0	(-0.2668312766460886+0j)
-0.508046084886346	-0.25811082436834426	-0.0036705669650092436	-0.26178341357558543	0.0	(-0.26178341357558543+0j)
-0.5031275791494579	-0.2531373609007941	-0.0036645097956718416	-0.2568039086423029	0.0	(-0.2568039086423029+0j)
-0.4982284226536766	-0.24823156113997064	-0.0036582973088873007	-0.2518919120963683	0.0	(-0.2518919120963683+0j)
-0.493348351975102	-0.24339259639654914	-0.0036519241956434454	-0.24704658992501943	0.0	(-0.24704658992501943+0j)
-0.48848710690525465	-0.23861965361266568	-0.003645384920922586	-0.2422671235197803	0.0	(-0.2422671235197803+0j)
-0.4836444303904619	-0.23391193504771435	-0.0036386737126944896	-0.23755270935118447	0.0	(-0.23755270935118447+0j)
-0.4788200684724598	-0.22926865797197107	-0.0036317845503920257	-0.2329025586507651	0.0	(-0.2329025586507651+0j)
-0.47401377023018004	-0.22468905436782993	-0.0036247111528596348	-0.22831589710017058	0.0	(-0.22831589710017058+0j)
-0.469225287722693	-0.22017237063844403	-0.00361744696576766	-0.22379196452710043	0.0	(-0.22379196452710043+0j)
-0.46445437593327726	-0.21571786732357004	-0.003609985148488998	-0.21933001460794374	0.0	(-0.21933001460794374+0j)
-0.45970079271458913	-0.21132481882242166	-0.0036023185604386453	-0.21492931457684708	0.0	(-0.21492931457684708+0j)
-0.45496429873490385	-0.20699251312334283	-0.0035944397468815467	-0.21058914494108874	0.0	(-0.21058914494108874+0j)
-0.450244657425403	-0.2027202515401185	-0.00358634092421977	-0.20630879920254205	0.0	(-0.20630879920254205+0j)
-0.44554163492848187	-0.1985073484547446	-0.0035780139647765066	-0.2020875835851082	0.0	(-0.2020875835851082+0j)
-0.44085500004705247	-0.19435313106648663	-0.0035694503811017774	-0.19792481676793522	0.0	(-0.19792481676793522+0j)
-0.43618452419481696	-0.19025693914705885	-0.003560641309833102	-0.1938198296243124	0.0	(-0.1938198296243124+0j)
-0.43152998134748877	-0.186218124801764	-0.0035515774951537862	-0.18977196496610993	0.0	(-0.18977196496610993+0j)
-0.4268911479949377	-0.18223605223643582	-0.0035422492719019514	-0.18578057729366915	0.0	(-0.18578057729366915+0j)
-0.4222678030942372	-0.1783100975300335	-0.003532646548395056	-0.18184503255104348	0.0	(-0.18184503255104348+0j)
-0.4176597280235912	-0.17443964841274018	-0.003522758789047394	-0.17796470788653412	0.0	(-0.17796470788653412+0j)
-0.4130667065371197	-0.17062410404942296	-0.003512574996872012	-0.1741389914184654	0.0	(-0.1741389914184654+0j)
-0.40848852472048275	-0.16686287482831644	-0.003502083695973589	-0.1703672820061156	0.0	(-0.1703672820061156+0j)
-0.40392497094732155	-0.16315538215479455	-0.003491272914155091	-0.16664898902596414	0.0	(-0.16664898902596414+0j)
-0.39937583583649805	-0.15950105825010144	-0.0034801301657784592	-0.16298353215297764	0.0	(-0.16298353215297764+0j)
-0.39484091221011347	-0.15589934595491453	-0.00346864243503807	-0.1593703411472521	0.0	(-0.1593703411472521+0j)
-0.3903199950522866	-0.15234969853761704	-0.0034567961598252215	-0.1558088556458874	0.0	(-0.1558088556458874+0j)
-0.38581288146867476	-0.14885157950716169	-0.0034445772163823555	-0.15229852496025997	0.0	(-0.15229852496025997+0j)
-0.3813193706467185	-0.1454044624304095	-0.0034319709049668756	-0.14883880787874632	0.0	(-0.14883880787874632+0j)
-0.37683926381659333	-0.14200783075383203	-0.003418961936766331	-0.14542917247506038	0.0	(-0.14542917247506038+0j)
-0.3723723642128517	-0.13866117762946867	-0.0034055344223289587	-0.14206909592235473	0.0	(-0.14206909592235473+0j)
-0.3679184770367386	-0.13536400574503313	-0.0033916718617960882	-0.13875806431324833	0.0	(-0.13875806431324833+0j)
-0.36347740941916407	-0.1321158271580666	-0.0033773571372454096	-0.13549557248601754	0.0	(-0.13549557248601754+0j)
-0.3590489703843188	-0.12891616313403945	-0.003362572507476225	-0.13228112385714558	0.0	(-0.13228112385714558+0j)
-0.35463297081391504	-0.1257645439883031	-0.0033472996055893527	-0.12911423026052646	0.0	(-0.12911423026052646+0j)
-0.3502292234120401	-0.1226605089318007	-0.0033315194397349128	-0.12599441179357884	0.0	(-0.12599441179357884+0j)
-0.3458375426706068	-0.11960360592044378	-0.003315212397420414	-0.12292119667056482	0.0	(-0.12292119667056482+0j)
-0.3414577448353867	-0.11659339150806806	-0.0032983582537889937	-0.11989412108347294	0.0	(-0.11989412108347294+0j)
-0.3370896478726127	-0.11362943070288202	-0.00328093618429295	-0.11691272907076268	0.0	(-0.11691272907076268+0j)
-0.3327330714361371	-0.11071129682732553	-0.003262924782200298	-0.11397657239435637	0.0	(-0.11397657239435637+0j)
-0.32838783683513234	-0.1078385713812575	-0.003244302081381594	-0.11108521042523156	0.0	(-0.11108521042523156+0j)
-0.32405376700232075	-0.10501084390839438	-0.0032250455848302274	-0.10823821003800638	0.0	(-0.10823821003800638+0j)
-0.31973068646272196	-0.10222771186592342	-0.0032051322993711935	-0.105435145514873	0.0	(-0.105435145514873+0j)
-0.31541842130290426	-0.0994887804972164	-0.0031845387770107064	-0.1026755984592921	0.0	(-0.1026755984592921+0j)
-0.31111679914072893	-0.09679366270757267	-0.0031632411633712556	-0.09995915771980866	0.0	(-0.09995915771980866+0j)
-0.3068256490955758	-0.09414197894292142	-0.0031412152536435126	-0.09728541932434416	0.0	(-0.09728541932434416+0j)
-0.3025448017590375	-0.09153335707141529	-0.0031184365564673284	-0.09465398642535056	0.0	(-0.09465398642535056+0j)
-0.2982740891660728	-0.08896743226785034	-0.0030948803661286395	-0.09206446925611332	0.0	(-0.09206446925611332+0j)
-0.29401334476660673	-0.08644384690084755	-0.0030705218434268914	-0.08951648509852936	0.0	(-0.08951648509852936+0j)
-0.28976240339756754	-0.08396225042273465	-0.0030453361055284966	-0.08700965826262017	0.0	(-0.08700965826262017+0j)
-0.2855211012553498	-0.08152229926206771	-0.0030192983250754294	-0.08454362007798152	0.0	(-0.08454362007798152+0j)
-0.2812892758686933	-0.07912365671873384	-0.0029923838387642997	-0.08211800889736429	0.0	(-0.08211800889736429+0j)
-0.2770667660719681	-0.0767659928615787	-0.0029645682655499166	-0.07973247011248075	0.0	(-0.07973247011248075+0j)
-0.2728534119788558	-0.07444898442850321	-0.0029358276345586034	-0.07738665618209054	0.0	(-0.07738665618209054+0j)
-0.2686490549564169	-0.0721723147289759	-0.0029061385227202494	-0.07508022667233587	0.0	(-0.07508022667233587+0j)
-0.2644535375995359	-0.06993567354890914	-0.002875478202044703	-0.07281284830922934	0.0	(-0.07281284830922934+0j)
-0.26026670370573457	-0.06773875705784863	-0.0028438247963777172	-0.07058419504309175	0.0	(-0.07058419504309175+0j)
-0.25608839825034374	-0.06558126771842666	-0.0028111574473748545	-0.06839394812465989	0.0	(-0.06839394812465989+0j)
-0.2519184673620257	-0.06346291419803202	-0.0027774564893289287	-0.06624179619247635	0.0	(-0.06624179619247635+0j)
-0.2477567582986389	-0.06138341128265018	-0.002742703632378535	-0.06412743537107525	0.0	(-0.06412743537107525+0j)
-0.24360311942343482	-0.05934247979282825	-0.0027068821535125836	-0.06205056937935411	0.0	(-0.06205056937935411+0j)
-0.23945740018158104	-0.05733984650172185	-0.0026699770946696354	-0.06001090964842293	0.0	(-0.06001090964842293+0j)
-0.23531945107700072	-0.05537524405518094	-0.0026319754671120126	-0.05800817544808972	0.0	(-0.05800817544808972+0j)
-0.2311891236495213	-0.05344841089383365	-0.0025928664611345274	-0.05604209402102128	0.0	(-0.05604209402102128+0j)
-0.22706627045232472	-0.05155909117712827	-0.002552641660047205	-0.054112400723513344	0.0	(-0.054112400723513344+0j)
-0.22295074502969123	-0.049707034709294384	-0.0025112952572521278	-0.05221883917164416	0.0	(-0.05221883917164416+0j)
-0.21884240189502963	-0.04789199686718567	-0.0024688242751177637	-0.05036116139151733	0.0	(-0.05036116139151733+0j)
-0.21474109650918652	-0.04611373852996776	-0.0024252287842414337	-0.04853912797212935	0.0	(-0.04853912797212935+0j)
-0.21064668525902733	-0.04437202601061572	-0.0023805121215833966	-0.04675250821933876	0.0	(-0.04675250821933876+0j)
-0.2065590254362824	-0.042666630989186764	-0.0023346811058560383	-0.045001080309291425	0.0	(-0.045001080309291425+0j)
-0.2024779752166508	-0.040997330447834664	-0.0022877462484603415	-0.043284631439589064	0.0	(-0.043284631439589064+0j)
-0.1984033936391555	-0.03936390660753369	-0.0022397219581808767	-0.04160295797644481	0.0	(-0.04160295797644481+0j)
-0.19433514058574305	-0.03776614686648052	-0.0021906267377814854	-0.03995586559603404	0.0	(-0.03995586559603404+0j)
-0.19027307676112137	-0.036203843740143585	-0.0021404833705881763	-0.038343169418277694	0.0	(-0.038343169418277694+0j)
-0.18621706367282911	-0.03467679480293049	-0.00208931909510501	-0.03676469413134665	0.0	(-0.03676469413134665+0j)
-0.18216696361153037	-0.03318480263144463	-0.0020371657656841602	-0.0352202741052811	0.0	(-0.0352202741052811+0j)
-0.1781226396315289	-0.03172767474930351	-0.001984059997264329	-0.03370975349326085	0.0	(-0.03370975349326085+0j)
-0.17408395553149503	-0.030305223573491538	-0.0019300432922031497	-0.03223298631923573	0.0	(-0.03223298631923573+0j)
-0.17005077583540007	-0.028917266362221486	-0.001875162147260284	-0.030789836550798796	0.0	(-0.030789836550798796+0j)
-0.166022965773652	-0.027563625164279223	-0.001819468138839214	-0.029380178156315367	0.0	(-0.029380178156315367+0j)
-0.16200039126442656	-0.026244126769827292	-0.0017630179846678962	-0.02800389514534462	0.0	(-0.02800389514534462+0j)
-0.15798291889518845	-0.024958602662643693	-0.0017058735801917598	-0.026660881591221514	0.0	(-0.026660881591221514+0j)
-0.15397041590439678	-0.023706888973772922	-0.0016481020080671713	-0.02535104163417975	0.0	(-0.02535104163417975+0j)
-0.14996275016338917	-0.022488826436567078	-0.0015897755192792163	-0.02407428946249531	0.0	(-0.02407428946249531+0j)
-0.14595979015843952	-0.021304260343095696	-0.001530971484564143	-0.02283054926765856	0.0	(-0.02283054926765856+0j)
-0.14196140497298373	-0.02015304050190349	-0.001471772314993369	-0.021619755167494575	0.0	(-0.021619755167494575+0j)
-0.13796746427000847	-0.019035021197096064	-0.0014122653507716368	-0.020441851088394566	0.0	(-0.020441851088394566+0j)
-0.1339778382745973	-0.01795006114873415	-0.0013525427175155086	-0.0192967905945275	0.0	(-0.0192967905945275+0j)
-0.12999239775662982	-0.016898023474517857	-0.0012927011495085232	-0.018184536648348213	0.0	(-0.018184536648348213+0j)
-0.12601101401362813	-0.015878775652742785	-0.001232841779674113	-0.017105061283409866	0.0	(-0.017105061283409866+0j)
-0.12203355885374598	-0.014892189486510683	-0.0011730698962650523	-0.016058345168171548	0.0	(-0.016058345168171548+0j)
-0.11805990457889579	-0.013938141069177979	-0.0011134946665364428	-0.01504437703912825	0.0	(-0.01504437703912825+0j)
-0.11408992396800852	-0.013016510751025964	-0.0010542288279456091	-0.014063152984204384	0.0	(-0.014063152984204384+0j)
-0.11012349026042176	-0.012127183107137205	-0.0009953883477044117	-0.013114675563849529	0.0	(-0.013114675563849529+0j)
-0.10616047713939132	-0.011270046906463228	-0.0009370920517943386	-0.012198952768092552	0.0	(-0.012198952768092552+0j)
-0.10220075871572172	-0.01044499508206917	-0.0008794612248397521	-0.011315996822521305	0.0	(-0.011315996822521305+0j)
-0.09824420951151082	-0.009651924702541633	-0.0008226191825165969	-0.010465822873148341	0.0	(-0.010465822873148341+0j)
-0.09429070444400436	-0.008890736944546585	-0.0007666908184499424	-0.0096484475964938	0.0	(-0.0096484475964938+0j)
-0.09034011880955568	-0.008161337066524636	-0.0007118021278206628	-0.00886388779307493	0.0	(-0.00886388779307493+0j)
-0.08639232826768622	-0.007463634383511657	-0.0006580797101564764	-0.008112159025927075	0.0	(-0.008112159025927075+0j)
-0.08244720882524266	-0.006797542243073171	-0.0006056502540224254	-0.007393274358289657	0.0	(-0.007393274358289657+0j)
-0.07850463682064586	-0.006162978002341506	-0.0005546400065476592	-0.006707243226743962	0.0	(-0.006707243226743962+0j)
-0.07456448890822796	-0.005559863006145251	-0.0005051742309265458	-0.006054070462637718	0.0	(-0.006054070462637718+0j)
-0.07062664204265277	-0.004988122566221009	-0.0004573766552098957	-0.005433755454319646	0.0	(-0.005433755454319646+0j)
-0.06669097346341554	-0.004447685941497996	-0.0004113689158540034	-0.00484629143656649	0.0	(-0.00484629143656649+0j)
-0.06275736067941794	-0.003938486319446552	-0.0003672699996193395	-0.0042916649126131376	0.0	(-0.0042916649126131376+0j)
-0.05882568145361399	-0.003460460798482065	-0.00032519568750489364	-0.0037698552693530875	0.0	(-0.0037698552693530875+0j)
-0.054895813787722895	-0.003013550371416347	-0.0002852580044669824	-0.00328083475634434	0.0	(-0.00328083475634434+0j)
-0.05096763590700459	-0.002597699909948983	-0.00024756467870139676	-0.0028245692169188564	0.0	(-0.0028245692169188564+0j)
-0.04704102624509407	-0.002212858150191629	-0.0002122186142642507	-0.0024010204377502274	0.0	(-0.0024010204377502274+0j)
-0.04311586342889043	-0.0018589776792187311	-0.00017931738076902657	-0.002010152131038417	0.0	(-0.002010152131038417+0j)
-0.03919202626349651	-0.0015360149226386	-0.0001489527238253581	-0.001651944397087585	0.0	(-0.001651944397087585+0j)
-0.035269393717205326	-0.0012439301331792425	-0.00012121009977840956	-0.0013264282971502893	0.0	(-0.0013264282971502893+0j)
-0.03134784490652918	-0.0009826873802838074	-9.616823816826874e-05	-0.0010337665908281986	0.0	(-0.0010337665908281986+0j)
-0.02742725908126753	-0.0007522545407109721	-7.3898735155533e-05	-0.0007744271920038863	0.0	(-0.0007744271920038863+0j)
-0.023507515609609828	-0.0005526032901360497	-5.446568095604509e-05	-0.0005494764471985744	0.0	(-0.0005494764471985744+0j)
-0.019588493963269185	-0.0003837090957490333	-3.7925324093829316e-05	-0.00036079541419425096	0.0	(-0.00036079541419425096+0j)
-0.01567007370264315	-0.00024555120984626845	-2.432577502056721e-05	-0.0002106088138014488	0.0	(-0.0002106088138014488+0j)
-0.011752134461997629	-0.0001381126644128723	-1.3706751363778968e-05	-0.00010025804485438609	0.0	(-0.00010025804485438609+0j)
-0.00783455593467009	-6.138026669347432e-05	-6.099366758327562e-06	-2.9753847862436914e-05	0.0	(-2.9753847862436914e-05+0j)
-0.003917217858288198	-1.5344595749291977e-05	-1.5259648844523355e-06	4.0432609517415674e-16	-0.0006487242938570311	(4.0432609517415674e-16-0.0006487242938570311j)
0.003917217858288198	1.5344595749291977e-05	1.5259648844523355e-06	4.0432609517415674e-16	0.0006487242938570311	(4.0432609517415674e-16+0.0006487242938570311j)
0.00783455593467009	6.138026669347432e-05	6.099366758327562e-06	2.9753847862397473e-05	0.0	(2.9753847862397473e-05+0j)
0.011752134461997629	0.0001381126644128723	1.3706751363778968e-05	0.00010025804485432543	0.0	(0.00010025804485432543+0j)
0.01567007370264315	0.00024555120984626845	2.432577502056721e-05	0.00021060881380152545	0.0	(0.00021060881380152545+0j)
0.019588493963269185	0.0003837090957490333	3.7925324093829316e-05	0.00036079541419422744	0.0	(0.00036079541419422744+0j)
0.023507515609609828	0.0005526032901360497	5.446568095604509e-05	0.0005494764471988192	0.0	(0.0005494764471988192+0j)
0.02742725908126753	0.0007522545407109721	7.3898735155533e-05	0.0007744271920036546	0.0	(0.0007744271920036546+0j)
0.03134784490652918	0.0009826873802838074	9.616823816826874e-05	0.001033766590828317	0.0	(0.001033766590828317+0j)
0.035269393717205326	0.0012439301331792425	0.00012121009977840956	0.001326428297150273	0.0	(0.001326428297150273+0j)
0.03919202626349651	0.0015360149226386	0.0001489527238253581	0.001651944397087908	0.0	(0.001651944397087908+0j)
0.04311586342889043	0.0018589776792187311	0.00017931738076902657	0.0020101521310381524	0.0	(0.0020101521310381524+0j)
0.04704102624509407	0.002212858150191629	0.0002122186142642507	0.002401020437750147	0.0	(0.002401020437750147+0j)
0.05096763590700459	0.002597699909948983	0.00024756467870139676	0.0028245692169188833	0.0	(0.0028245692169188833+0j)
0.054895813787722895	0.003013550371416347	0.0002852580044669824	0.003280834756344365	0.0	(0.003280834756344365+0j)
0.05882568145361399	0.003460460798482065	0.00032519568750489364	0.003769855269353019	0.0	(0.003769855269353019+0j)
0.06275736067941794	0.003938486319446552	0.0003672699996193395	0.004291664912613077	0.0	(0.004291664912613077+0j)
0.06669097346341554	0.004447685941497996	0.0004113689158540034	0.004846291436566398	0.0	(0.004846291436566398+0j)
0.07062664204265277	0.004988122566221009	0.0004573766552098957	0.005433755454319693	0.0	(0.005433755454319693+0j)
0.07456448890822796	0.005559863006145251	0.0005051742309265458	0.0060540704626373424	0.0	(0.0060540704626373424+0j)
0.07850463682064586	0.006162978002341506	0.0005546400065476592	0.006707243226743922	0.0	(0.006707243226743922+0j)
0.08244720882524266	0.006797542243073171	0.0006056502540224254	0.007393274358289614	0.0	(0.007393274358289614+0j)
0.08639232826768622	0.007463634383511657	0.0006580797101564764	0.008112159025927015	0.0	(0.008112159025927015+0j)
0.09034011880955568	0.008161337066524636	0.0007118021278206628	0.00886388779307484	0.0	(0.00886388779307484+0j)
0.09429070444400436	0.008890736944546585	0.0007666908184499424	0.009648447596493739	0.0	(0.009648447596493739+0j)
0.09824420951151082	0.009651924702541633	0.0008226191825165969	0.010465822873148251	0.0	(0.010465822873148251+0j)
0.10220075871572172	0.01044499508206917	0.0008794612248397521	0.011315996822521573	0.0	(0.011315996822521573+0j)
0.10616047713939132	0.011270046906463228	0.0009370920517943386	0.012198952768092835	0.0	(0.012198952768092835+0j)
0.11012349026042176	0.012127183107137205	0.0009953883477044117	0.013114675563849888	0.0	(0.013114675563849888+0j)
0.11408992396800852	0.013016510751025964	0.0010542288279456091	0.014063152984205081	0.0	(0.014063152984205081+0j)
0.11805990457889579	0.013938141069177979	0.0011134946665364428	0.015044377039128655	0.0	(0.015044377039128655+0j)
0.12203355885374598	0.014892189486510683	0.0011730698962650523	0.01605834516817203	0.0	(0.01605834516817203+0j)
0.12601101401362813	0.015878775652742785	0.001232841779674113	0.017105061283410765	0.0	(0.017105061283410765+0j)
0.12999239775662982	0.016898023474517857	0.0012927011495085232	0.01818453664834877	0.0	(0.01818453664834877+0j)
0.1339778382745973	0.01795006114873415	0.0013525427175155086	0.019296790594527904	0.0	(0.019296790594527904+0j)
0.13796746427000847	0.019035021197096064	0.0014122653507716368	0.020441851088394962	0.0	(0.020441851088394962+0j)
0.14196140497298373	0.02015304050190349	0.001471772314993369	0.021619755167494734	0.0	(0.021619755167494734+0j)
0.14595979015843952	0.021304260343095696	0.001530971484564143	0.022830549267658505	0.0	(0.022830549267658505+0j)
0.14996275016338917	0.022488826436567078	0.0015897755192792163	0.024074289462495436	0.0	(0.024074289462495436+0j)
0.15397041590439678	0.023706888973772922	0.0016481020080671713	0.0253510416341799	0.0	(0.0253510416341799+0j)
0.15798291889518845	0.024958602662643693	0.0017058735801917598	0.026660881591221278	0.0	(0.026660881591221278+0j)
0.16200039126442656	0.026244126769827292	0.0017630179846678962	0.028003895145344335	0.0	(0.028003895145344335+0j)
0.166022965773652	0.027563625164279223	0.001819468138839214	0.029380178156315686	0.0	(0.029380178156315686+0j)
0.17005077583540007	0.028917266362221486	0.001875162147260284	0.030789836550799175	0.0	(0.030789836550799175+0j)
0.17408395553149503	0.030305223573491538	0.0019300432922031497	0.032232986319236386	0.0	(0.032232986319236386+0j)
0.1781226396315289	0.03172767474930351	0.001984059997264329	0.033709753493261385	0.0	(0.033709753493261385+0j)
0.18216696361153037	0.03318480263144463	0.0020371657656841602	0.035220274105281286	0.0	(0.035220274105281286+0j)
0.18621706367282911	0.03467679480293049	0.00208931909510501	0.036764694131347	0.0	(0.036764694131347+0j)
0.19027307676112137	0.036203843740143585	0.0021404833705881763	0.038343169418278374	0.0	(0.038343169418278374+0j)
0.19433514058574305	0.03776614686648052	0.0021906267377814854	0.03995586559603423	0.0	(0.03995586559603423+0j)
0.1984033936391555	0.03936390660753369	0.0022397219581808767	0.04160295797644538	0.0	(0.04160295797644538+0j)
0.2024779752166508	0.040997330447834664	0.0022877462484603415	0.043284631439589265	0.0	(0.043284631439589265+0j)
0.2065590254362824	0.042666630989186764	0.0023346811058560383	0.045001080309291584	0.0	(0.045001080309291584+0j)
0.21064668525902733	0.04437202601061572	0.0023805121215833966	0.046752508219339454	0.0	(0.046752508219339454+0j)
0.21474109650918652	0.04611373852996776	0.0024252287842414337	0.04853912797212988	0.0	(0.04853912797212988+0j)
0.21884240189502963	0.04789199686718567	0.0024688242751177637	0.05036116139151843	0.0	(0.05036116139151843+0j)
0.22295074502969123	0.049707034709294384	0.0025112952572521278	0.05221883917164562	0.0	(0.05221883917164562+0j)
0.22706627045232472	0.05155909117712827	0.002552641660047205	0.05411240072351359	0.0	(0.05411240072351359+0j)
0.2311891236495213	0.05344841089383365	0.0025928664611345274	0.056042094021022004	0.0	(0.056042094021022004+0j)
0.23531945107700072	0.05537524405518094	0.0026319754671120126	0.05800817544808941	0.0	(0.05800817544808941+0j)
0.23945740018158104	0.05733984650172185	0.0026699770946696354	0.060010909648423164	0.0	(0.060010909648423164+0j)
0.24360311942343482	0.05934247979282825	0.0027068821535125836	0.06205056937935355	0.0	(0.06205056937935355+0j)
0.2477567582986389	0.06138341128265018	0.002742703632378535	0.06412743537107538	0.0	(0.06412743537107538+0j)
0.2519184673620257	0.06346291419803202	0.0027774564893289287	0.06624179619247669	0.0	(0.06624179619247669+0j)
0.25608839825034374	0.06558126771842666	0.0028111574473748545	0.06839394812466013	0.0	(0.06839394812466013+0j)
0.26026670370573457	0.06773875705784863	0.0028438247963777172	0.07058419504309263	0.0	(0.07058419504309263+0j)
0.2644535375995359	0.06993567354890914	0.002875478202044703	0.07281284830922916	0.0	(0.07281284830922916+0j)
0.2686490549564169	0.0721723147289759	0.0029061385227202494	0.07508022667233666	0.0	(0.07508022667233666+0j)
0.2728534119788558	0.07444898442850321	0.0029358276345586034	0.07738665618209076	0.0	(0.07738665618209076+0j)
0.2770667660719681	0.0767659928615787	0.0029645682655499166	0.07973247011248158	0.0	(0.07973247011248158+0j)
0.2812892758686933	0.07912365671873384	0.0029923838387642997	0.08211800889736556	0.0	(0.08211800889736556+0j)
0.2855211012553498	0.08152229926206771	0.0030192983250754294	0.08454362007798277	0.0	(0.08454362007798277+0j)
0.28976240339756754	0.08396225042273465	0.0030453361055284966	0.08700965826262158	0.0	(0.08700965826262158+0j)
0.29401334476660673	0.08644384690084755	0.0030705218434268914	0.08951648509853115	0.0	(0.08951648509853115+0j)
0.2982740891660728	0.08896743226785034	0.0030948803661286395	0.09206446925611395	0.0	(0.09206446925611395+0j)
0.3025448017590375	0.09153335707141529	0.0031184365564673284	0.09465398642535194	0.0	(0.09465398642535194+0j)
0.3068256490955758	0.09414197894292142	0.0031412152536435126	0.09728541932434447	0.0	(0.09728541932434447+0j)
0.31111679914072893	0.09679366270757267	0.0031632411633712556	0.09995915771980904	0.0	(0.09995915771980904+0j)
0.31541842130290426	0.0994887804972164	0.0031845387770107064	0.1026755984592933	0.0	(0.1026755984592933+0j)
0.31973068646272196	0.10222771186592342	0.0032051322993711935	0.10543514551487329	0.0	(0.10543514551487329+0j)
0.32405376700232075	0.10501084390839438	0.0032250455848302274	0.10823821003800733	0.0	(0.10823821003800733+0j)
0.32838783683513234	0.1078385713812575	0.003244302081381594	0.11108521042523346	0.0	(0.11108521042523346+0j)
0.3327330714361371	0.11071129682732553	0.003262924782200298	0.11397657239435727	0.0	(0.11397657239435727+0j)
0.3370896478726127	0.11362943070288202	0.00328093618429295	0.11691272907076383	0.0	(0.11691272907076383+0j)
0.3414577448353867	0.11659339150806806	0.0032983582537889937	0.1198941210834744	0.0	(0.1198941210834744+0j)
0.3458375426706068	0.11960360592044378	0.003315212397420414	0.12292119667056645	0.0	(0.12292119667056645+0j)
0.3502292234120401	0.1226605089318007	0.0033315194397349128	0.12599441179358062	0.0	(0.12599441179358062+0j)
0.35463297081391504	0.1257645439883031	0.0033472996055893527	0.12911423026052732	0.0	(0.12911423026052732+0j)
0.3590489703843188	0.12891616313403945	0.003362572507476225	0.13228112385714544	0.0	(0.13228112385714544+0j)
0.36347740941916407	0.1321158271580666	0.0033773571372454096	0.13549557248601654	0.0	(0.13549557248601654+0j)
0.3679184770367386	0.13536400574503313	0.0033916718617960882	0.13875806431324614	0.0	(0.13875806431324614+0j)
0.3723723642128517	0.13866117762946867	0.0034055344223289587	0.1420690959223535	0.0	(0.1420690959223535+0j)
0.37683926381659333	0.14200783075383203	0.003418961936766331	0.1454291724750581	0.0	(0.1454291724750581+0j)
0.3813193706467185	0.1454044624304095	0.0034319709049668756	0.1488388078787452	0.0	(0.1488388078787452+0j)
0.38581288146867476	0.14885157950716169	0.0034445772163823555	0.1522985249602588	0.0	(0.1522985249602588+0j)
0.3903199950522866	0.15234969853761704	0.0034567961598252215	0.15580885564588673	0.0	(0.15580885564588673+0j)
0.39484091221011347	0.15589934595491453	0.00346864243503807	0.15937034114725063	0.0	(0.15937034114725063+0j)
0.39937583583649805	0.15950105825010144	0.0034801301657784592	0.16298353215297803	0.0	(0.16298353215297803+0j)
0.40392497094732155	0.16315538215479455	0.003491272914155091	0.16664898902596495	0.0	(0.16664898902596495+0j)
0.40848852472048275	0.16686287482831644	0.003502083695973589	0.17036728200611567	0.0	(0.17036728200611567+0j)
0.4130667065371197	0.17062410404942296	0.003512574996872012	0.17413899141846592	0.0	(0.17413899141846592+0j)
0.4176597280235912	0.17443964841274018	0.003522758789047394	0.17796470788653418	0.0	(0.17796470788653418+0j)
0.4222678030942372	0.1783100975300335	0.003532646548395056	0.1818450325510437	0.0	(0.1818450325510437+0j)
0.4268911479949377	0.18223605223643582	0.0035422492719019514	0.18578057729366926	0.0	(0.18578057729366926+0j)
0.43152998134748877	0.186218124801764	0.0035515774951537862	0.18977196496610965	0.0	(0.18977196496610965+0j)
0.43618452419481696	0.19025693914705885	0.003560641309833102	0.19381982962431182	0.0	(0.19381982962431182+0j)
0.44085500004705247	0.19435313106648663	0.0035694503811017774	0.19792481676793475	0.0	(0.19792481676793475+0j)
0.44554163492848187	0.1985073484547446	0.0035780139647765066	0.20208758358510795	0.0	(0.20208758358510795+0j)
0.450244657425403	0.2027202515401185	0.00358634092421977	0.20630879920254208	0.0	(0.20630879920254208+0j)
0.45496429873490385	0.20699251312334283	0.0035944397468815467	0.21058914494108905	0.0	(0.21058914494108905+0j)
0.45970079271458913	0.21132481882242166	0.0036023185604386453	0.2149293145768478	0.0	(0.2149293145768478+0j)
0.46445437593327726	0.21571786732357004	0.003609985148488998	0.2193300146079434	0.0	(0.2193300146079434+0j)
0.469225287722693	0.22017237063844403	0.00361744696576766	0.22379196452710123	0.0	(0.22379196452710123+0j)
0.47401377023018004	0.22468905436782993	0.0036247111528596348	0.22831589710016897	0.0	(0.22831589710016897+0j)
0.4788200684724598	0.22926865797197107	0.0036317845503920257	0.23290255865076775	0.0	(0.23290255865076775+0j)
0.4836444303904619	0.23391193504771435	0.0036386737126944896	0.2375527093511878	0.0	(0.2375527093511878+0j)
0.48848710690525465	0.23861965361266568	0.003645384920922586	0.2422671235197842	0.0	(0.2422671235197842+0j)
0.493348351975102	0.24339259639654914	0.0036519241956434454	0.24704658992502185	0.0	(0.24704658992502185+0j)
0.4982284226536766	0.24823156113997064	0.0036582973088873007	0.2518919120963705	0.0	(0.2518919120963705+0j)
0.5031275791494579	0.2531373609007941	0.0036645097956718416	0.2568039086423062	0.0	(0.2568039086423062+0j)
0.508046084886346	0.25811082436834426	0.0036705669650092436	0.26178341357558815	0.0	(0.26178341357558815+0j)
0.5129842065655209	0.263152796185657	0.0036764739104080133	0.26683127664608897	0.0	(0.26683127664608897+0j)
0.517942214228582	0.2682641372800063	0.003682235519883656	0.27194836368141506	0.0	(0.27194836368141506+0j)
0.5229203813219971	0.2734457252019429	0.0036878564854935783	0.2771355569355315	0.0	(0.2771355569355315+0j)
0.5279189847628979	0.27869845447308883	0.003693341312412703	0.2823937554457059	0.0	(0.2823937554457059+0j)
0.5329383050062543	0.2840232369429393	0.003698694327567022	0.28772387539800137	0.0	(0.28772387539800137+0j)
0.5379786261134655	0.2894210021549319	0.0037039196878427424	0.2931268505015979	0.0	(0.2931268505015979+0j)
0.5430402358224031	0.2948926977220512	0.00370902138788895	0.29860363237227133	0.0	(0.29860363237227133+0j)
0.5481234256189446	0.30043928971224665	0.0037140032675316978	0.30415519092524734	0.0	(0.30415519092524734+0j)
0.5532284908100364	0.30606176304395055	0.0037188690188173466	0.3097825147778487	0.0	(0.3097825147778487+0j)
0.5583557305983268	0.3117611218919913	0.0037236221927026475	0.3154866116620841	0.0	(0.3154866116620841+0j)
0.5635054481584092	0.3175383901042096	0.0037282662054087513	0.3212685088477021	0.0	(0.3212685088477021+0j)
0.568677950714719	0.32339461162909244	0.0037328043444558074	0.32712925357589645	0.0	(0.32712925357589645+0j)
0.5738735496211285	0.3293308509547538	0.0037372397743943115	0.33306991350401294	0.0	(0.33306991350401294+0j)
0.5790925604422826	0.3353481935595988	0.0037415755422487884	0.33909157716173816	0.0	(0.33909157716173816+0j)
0.5843353030367249	0.34144774637502107	0.0037458145826887676	0.34519535441897464	0.0	(0.34519535441897464+0j)
0.5896021016418591	0.34763063826049717	0.0037499597229413923	0.3513823769658685	0.0	(0.3513823769658685+0j)
0.5948932849607977	0.3538980204914489	0.0037540136874593504	0.3576537988053761	0.0	(0.3576537988053761+0j)
0.6002091862511457	0.3602510672602625	0.0037579791023571807	0.36401079675875514	0.0	(0.36401079675875514+0j)
0.6055501434157751	0.36669097619086577	0.003761858499628354	0.37045457098435247	0.0	(0.37045457098435247+0j)
0.6109164990956407	0.373218968867274	0.0037656543211549215	0.37698634551021915	0.0	(0.37698634551021915+0j)
0.6163086007646961	0.3798362913765375	0.0037693689225208856	0.3836073687808634	0.0	(0.3836073687808634+0j)
0.6217268008269633	0.3865442148665305	0.0037730045766398708	0.390318914218689	0.0	(0.390318914218689+0j)
0.6271714567158193	0.39334403611904284	0.003776563477207099	0.39712228080057893	0.0	(0.39712228080057893+0j)
0.6326429309955569	0.400237078138649	0.003780047741985114	0.40401879365003035	0.0	(0.40401879365003035+0j)
0.6381415914652844	0.4072246907578459	0.003783459415932165	0.41100980464546993	0.0	(0.41100980464546993+0j)
0.6436678112652284	0.41430825125896975	0.003786800474181699	0.41809669304515046	0.0	(0.41809669304515046+0j)
0.6492219689855068	0.4214891650134183	0.003790072824880879	0.42528086612921695	0.0	(0.42528086612921695+0j)
0.6548044487774395	0.4287688661387264	0.0037932783118956293	0.43256375985951345	0.0	(0.43256375985951345+0j)
0.6604156404674704	0.4361488181740591	0.003796418717389272	0.4399468395576792	0.0	(0.4399468395576792+0j)
0.6660559396737713	0.4436305147747105	0.0037994957642814176	0.4474316006020709	0.0	(0.4474316006020709+0j)
0.671725747925605	0.45121548042621346	0.003802511118593374	0.45501956914427616	0.0	(0.45501956914427616+0j)
0.677425472785525	0.45890527117869206	0.003805466391686008	0.4627123028456832	0.0	(0.4627123028456832+0j)
0.6831555279744925	0.46670147540210766	0.0038083631423956234	0.47051139163491773	0.0	(0.47051139163491773+0j)
0.6889163334999939	0.4746057145630749	0.0038112028790731256	0.4784184584866106	0.0	(0.4784184584866106+0j)
0.6947083157872449	0.48261964402395036	0.003813987061531433	0.48643516022256555	0.0	(0.48643516022256555+0j)
0.7005319078135689	0.49074495386491856	0.003816717102905807	0.4945631883356159	0.0	(0.4945631883356159+0j)
0.7063875492460426	0.4989833697298303	0.003819394371431522	0.5028042698372917	0.0	(0.5028042698372917+0j)
0.7122756865825028	0.5073366536965758	0.003822020192143045	0.5111601681298935	0.0	(0.5111601681298935+0j)
0.7181967732960111	0.5158066051728019	0.003824595848498647	0.5196326839038363	0.0	(0.5196326839038363+0j)
0.7241512699828792	0.5243950618178167	0.003827122583934163	0.5282236560611068	0.0	(0.5282236560611068+0j)
0.7301396445143581	0.5331039004915532	0.003829601603349413	0.5369349626657316	0.0	(0.5369349626657316+0j)
0.7361623721920981	0.5419350382314972	0.0038320340745305976	0.5457685219221294	0.0	(0.5457685219221294+0j)
0.7422199359074936	0.5508904332585238	0.0038344211295117886	0.5547262931823052	0.0	(0.5547262931823052+0j)
0.7483128263050247	0.5599720860126141	0.0038367638658784826	0.563810277982885	0.0	(0.563810277982885+0j)
0.7544415419497165	0.5691820402194658	0.003839063348016029	0.5730225211129683	0.0	(0.5730225211129683+0j)
0.7606065894988391	0.5785223839890555	0.0038413206083055536	0.5823651117138983	0.0	(0.5823651117138983+0j)
0.766808483877975	0.5879952509472386	0.0038435366482699167	0.5918401844120142	0.0	(0.5918401844120142+0j)
0.7730477484615855	0.5976028214015268	0.003845712439672045	0.6014499204855285	0.0	(0.6014499204855285+0j)
0.7793249152582131	0.6073473235422211	0.0038478489255679184	0.6111965490666985	0.0	(0.6111965490666985+0j)
0.7856405251004595	0.6172310346801256	0.003849947021316307	0.6210823483805843	0.0	(0.6210823483805843+0j)
0.7919951278398865	0.6272562825221181	0.0038520076155473077	0.6311096470215494	0.0	(0.6311096470215494+0j)
0.7983892825469892	0.637425446485896	0.0038540315710915525	0.6412808252689908	0.0	(0.6412808252689908+0j)
0.8048235577163985	0.647740959055281	0.003856019725871947	0.6515983164434946	0.0	(0.6515983164434946+0j)
0.8112985314774747	0.6582053071775069	0.0038579728937596152	0.6620646083050049	0.0	(0.6620646083050049+0j)
0.8178147918104584	0.6688210337039834	0.003859891865395709	0.6726822444943826	0.0	(0.6726822444943826+0j)
0.8243729367683539	0.6795907388760803	0.0038617774089806187	0.683453826020019	0.0	(0.683453826020019+0j)
0.8309735747047223	0.6905170818575448	0.003863630271032058	0.6943820127909878	0.0	(0.6943820127909878+0j)
0.8376173245075729	0.7016027823152247	0.003865451177113409	0.7054695251985285	0.0	(0.7054695251985285+0j)
0.844304815839542	0.7128506220498428	0.0038672408325336654	0.7167191457474708	0.0	(0.7167191457474708+0j)
0.8510366893845631	0.7242634466786374	0.0038689999230202307	0.7281337207395782	0.0	(0.7281337207395782+0j)
0.8578135971012314	0.7358441673717537	0.003870729115365752	0.7397161620106104	0.0	(0.7397161620106104+0j)
0.8646362024830789	0.7475957626443599	0.0038724290580501503	0.7514694487230125	0.0	(0.7514694487230125+0j)
0.8715051808259824	0.7595212802065282	0.003874100381838911	0.7633966292164429	0.0	(0.7633966292164429+0j)
0.878421219502934	0.7716238388730217	0.0038757437003586765	0.7755008229181114	0.0	(0.7755008229181114+0j)
0.8853850182464139	0.7839066305352027	0.0038773596106511043	0.7877852223152453	0.0	(0.7877852223152453+0j)
0.8923972894386131	0.7963729221973838	0.0038789486937059444	0.8002530949919775	0.0	(0.8002530949919775+0j)
0.899458758409762	0.8090260580800306	0.0038805115149741997	0.8129077857330567	0.0	(0.8129077857330567+0j)
0.9065701637448343	0.8218694617923358	0.0038820486248622305	0.8257527186969291	0.0	(0.8257527186969291+0j)
0.9137322575989006	0.8349066385767837	0.0038835605592076015	0.8387913996607802	0.0	(0.8387913996607802+0j)
0.9209458060214192	0.8481411776284414	0.0038850478397374397	0.8520274183402483	0.0	(0.8520274183402483+0j)
0.928211589289764	0.8615767544918295	0.003886510974510028	0.8654644507867987	0.0	(0.8654644507867987+0j)
0.9355304022522983	0.8752171335383471	0.003887950458340342	0.8791062618655249	0.0	(0.8791062618655249+0j)
0.942903054681315	0.8890661705273548	0.003889366773210185	0.8929567078166566	0.0	(0.8929567078166566+0j)
0.9503303716361788	0.9031278152541578	0.003890760388663554	0.9070197389039493	0.0	(0.9070197389039493+0j)
0.9578131938370174	0.9174061142882678	0.0038921317621878507	0.9212994021533185	0.0	(0.9212994021533185+0j)
0.9653523780493195	0.9319052138054763	0.0038934813395815004	0.9357998441852995	0.0	(0.9357998441852995+0j)
0.9729487974798194	0.9466293625174267	0.003894809555308542	0.9505253141449321	0.0	(0.9505253141449321+0j)
0.9806033421840517	0.9615829147025323	0.0038961168328407025	0.9654801667330334	0.0	(0.9654801667330334+0j)
0.988316919485985	0.9767703333422669	0.003897403584987468	0.9806688653428861	0.0	(0.9806688653428861+0j)
0.9960904544101546	0.9921961933670284	0.003898670214214624	0.9960959853063134	0.0	(0.9960959853063134+0j)
1.003924890126731	1.007865185015969	0.003899917112951721	1.0117662172539084	0.0	(1.0117662172539084+0j)
1.0118211884099801	1.0237821173153845	0.003901144663888913	1.0276843705936651	0.0	(1.0276843705936651+0j)
1.01978033011059	1.039951921680464	0.003902353240263573	1.043855377113013	0.0	(1.043855377113013+0j)
1.0278033156423545	1.0563796556454175	0.0039035432061370946	1.0602842947092705	0.0	(1.0602842947092705+0j)
1.0358911654837302	1.0730705067272408	0.003904714916662258	1.0769763112536475	0.0	(1.0769763112536475+0j)
1.0440449206947982	1.0900297964286074	0.0039058687183415306	1.093936748594383	0.0	(1.093936748594383+0j)
1.052265643450188	1.1072629843856383	0.003907004949276642	1.1111710667047692	0.0	(1.1111710667047692+0j)
1.0605544175885429	1.1247756726665734	0.003908123939409778	1.1286848679820936	0.0	(1.1286848679820936+0j)
1.0689123491791295	1.1425736102276451	0.00390922601075671	1.1464839017037203	0.0	(1.1464839017037203+0j)
1.07734056710622	1.1606626975327516	0.003910311477632159	1.1645740686469916	0.0	(1.1645740686469916+0j)
1.0858402236719045	1.1790489913438515	0.0039113806468677095	1.1829614258798267	0.0	(1.1829614258798267+0j)
1.0944124952180119	1.1977387096893148	0.003912433818022517	1.201652191729315	0.0	(1.201652191729315+0j)
1.1030585827678558	1.2167382370178308	0.003913471283587121	1.2206527509358172	0.0	(1.2206527509358172+0j)
1.1117797126885445	1.2360541295458225	0.00391449332918059	1.2399696600005654	0.0	(1.2399696600005654+0j)
1.12057713737463	1.2556931208067206	0.003915500233741258	1.2596096527351126	0.0	(1.2596096527351126+0j)
1.1294521359539058	1.2756621274108402	0.003916492269711289	1.2795796460214597	0.0	(1.2795796460214597+0j)
1.1384060150161934	1.2959682550250495	0.0039174697032152905	1.2998867457918055	0.0	(1.2998867457918055+0j)
1.1474401093659992	1.316618804581856	0.0039184327942332065	1.3205382532379304	0.0	(1.3205382532379304+0j)
1.1565557827999577	1.337621278728023	0.003919381796767681	1.3415416712598536	0.0	(1.3415416712598536+0j)
1.1657544289100248	1.358983388523338	0.003920316959006106	1.3629047111648078	0.0	(1.3629047111648078+0j)
1.175037471913416	1.3807130604006719	0.003921238523477544	1.3846352996275133	0.0	(1.3846352996275133+0j)
1.184406367510342	1.4028184433990434	0.003922146727204701	1.4067415859233252	0.0	(1.4067415859233252+0j)
1.1938626037706306	1.4253079166819898	0.003923041801851136	1.429231949446776	0.0	(1.429231949446776+0j)
1.2034077020503806	1.4481900973541777	0.003923923973863874	1.4521150075283114	0.0	(1.4521150075283114+0j)
1.21304321793984	1.4714738485898422	0.003924793464611583	1.475399623562911	0.0	(1.475399623562911+0j)
1.2227707422437601	1.495168288087356	0.003925650490518473	1.499094915464764	0.0	(1.499094915464764+0j)
1.2325919019955294	1.5192827968649567	0.003926495263194074	1.5232102644630816	0.0	(1.5232102644630816+0j)
1.2425083615064578	1.5438270284134625	0.003927327989559017	1.5477553242550486	0.0	(1.5477553242550486+0j)
1.2525218234516386	1.5688109182226178	0.003928148871966988	1.5727400305321737	0.0	(1.5727400305321737+0j)
1.2626340299938879	1.594244693698606	0.003928958108322962	1.5981746108979993	0.0	(1.5981746108979993+0j)
1.2728467639473293	1.6201388844911884	0.00392975589219785	1.6240695951953061	0.0	(1.6240695951953061+0j)
1.2831618499822646	1.6465043332499076	0.003930542412939695	1.6504358262624845	0.0	(1.6504358262624845+0j)
1.2935811558730548	1.6733522068298685	0.003931317855781525	1.6772844711393462	0.0	(1.6772844711393462+0j)
1.3041065937908087	1.7006940079686654	0.003932082401945977	1.7046270327442343	0.0	(1.7046270327442343+0j)
1.3147401216427754	1.7285415874572598	0.0039328362287468005	1.7324753620449642	0.0	(1.7324753620449642+0j)
1.3254837444604162	1.756907156828806	0.003933579509687354	1.7608416707477066	0.0	(1.7608416707477066+0j)
1.3363395158382383	1.785803301590777	0.003934312414556189	1.789738544529298	0.0	(1.789738544529298+0j)
1.3473095394255687	1.8152429950271383	0.0039350351095198185	1.8191789568394743	0.0	(1.8191789568394743+0j)
1.3583959704735562	1.8452396125987947	0.003935747757212765	1.8491762833013514	0.0	(1.8491762833013514+0j)
1.3696010174398021	1.8758069469721412	0.003936450516824983	1.8797443167401406	0.0	(1.8797443167401406+0j)
1.380926943653144	1.9069592237072135	0.0039371435441867405	1.91089728287134	0.0	(1.91089728287134+0j)
1.3923760690412366	1.9387111176387264	0.003937826991851033	1.942649856681886	0.0	(1.942649856681886+0j)
1.4039507719237165	1.9710777699851996	0.003938501009173628	1.975017179539289	0.0	(1.975017179539289+0j)
1.415653490873873	2.004074806223383	0.0039391657423908065	2.0080148770662625	0.0	(2.0080148770662625+0j)
1.4274867266518971	2.037718354767348	0.003939821334694881	2.041659077819747	0.0	(2.041659077819747+0j)
1.4394530442129485	2.0720250664939246	0.003940467926307552	2.075966432816546	0.0	(2.075966432816546+0j)
1.4515550747934312	2.1070121351585636	0.0039411056545511965	2.110954135949161	0.0	(2.110954135949161+0j)
1.4637955180790658	2.1426973187483607	0.003941734653918121	2.146639945338943	0.0	(2.146639945338943+0j)
1.4761771444585214	2.1790989618217145	0.003942355056137875	2.1830422056758017	0.0	(2.1830422056758017+0j)
1.4887027973665707	2.216236018887053	0.003942966990242675	2.220179871597043	0.0	(2.220179871597043+0j)
1.501375395720954	2.254128078876251	0.003943570582630985	2.2580725321607353	0.0	(2.2580725321607353+0j)
1.514197936457346	2.2927953907716847	0.003944165957129339	2.2967404364729402	0.0	(2.2967404364729402+0j)
1.5271734971670736	2.3322588904495096	0.003944753235052441	2.336204520530962	0.0	(2.336204520530962+0j)
1.5403052388424707	2.3725402288055606	0.003945332535261603	2.376486435349461	0.0	(2.376486435349461+0j)
1.5535964087350362	2.4136618012344018	0.003945903974221571	2.4176085764393496	0.0	(2.4176085764393496+0j)
1.567050343331839	2.4556467785364346	0.003946467666055794	2.459594114715008	0.0	(2.459594114715008+0j)
1.5806704714559174	2.4985191393326724	0.0039470237226001716	2.502467028909359	0.0	(2.502467028909359+0j)
1.594460317496743	2.542303704071815	0.003947572253455352	2.5462521395805826	0.0	(2.5462521395805826+0j)
1.6084235047771678	2.587026170719668	0.003948113366037591	2.5909751448020213	0.0	(2.5909751448020213+0j)
1.622563759063612	2.632713152226639	0.0039486471656282485	2.6366626576293286	0.0	(2.6366626576293286+0j)
1.636884912226683	2.679392215875356	0.0039491737554219405	2.6833422454483395	0.0	(2.6833422454483395+0j)
1.6513909060597696	2.7270919246169067	0.0039496932365733995	2.7310424713114902	0.0	(2.7310424713114902+0j)
1.6660857962636548	2.775841880511497	0.003950205708243083	2.7797929373781556	0.0	(2.7797929373781556+0j)
1.680973756605604	2.8256727703967566	0.003950711267641558	2.8296243305834055	0.0	(2.8296243305834055+0j)
1.6960590832619324	2.8766164139153068	0.003951210010072708	2.8805684706652293	0.0	(2.8805684706652293+0j)
1.7113461993535433	2.9287058140418174	0.003951702028975797	2.9326583606919385	0.0	(2.9326583606919385+0j)
1.7268396596845401	2.981975210259418	0.003952187415966409	2.9859282402386724	0.0	(2.9859282402386724+0j)
1.7425441556945784	3.0364601345453313	0.003952666260876329	3.0404136413725236	0.0	(3.0404136413725236+0j)
1.758464520636315	3.0921974703367052	0.003953138651792356	3.096151447619157	0.0	(3.096151447619157+0j)
1.7746057349899593	3.149225514659254	0.00395360467509412	3.1531799560909404	0.0	(3.1531799560909404+0j)
1.7909729321277195	3.207584043614161	0.003954064415490891	3.2115389429741192	0.0	(3.2115389429741192+0j)
1.807571404241675	3.267314381432221	0.0039545179560574505	3.271269732582958	0.0	(3.271269732582958+0j)
1.8244066085495139	3.328459473319139	0.003954965378269022	3.3324152702051326	0.0	(3.3324152702051326+0j)
1.8414841737934167	3.3910639623316223	0.003955406762035299	3.395020198977603	0.0	(3.395020198977603+0j)
1.8588099070484068	3.4551742705413067	0.0039558421857336	3.4591309410509865	0.0	(3.4591309410509865+0j)
1.8763898008574644	3.520838684761915	0.003956271726241169	3.5247957833164616	0.0	(3.5247957833164616+0j)
1.8942300407118835	3.588107447135344	0.003956695458966652	3.5920649679917958	0.0	(3.5920649679917958+0j)
1.9123370128964872	3.6570328508938594	0.0039571134578807645	3.6609907883839803	0.0	(3.6609907883839803+0j)
1.930717312720668	3.727669341639318	0.003957525795546186	3.73162769016805	0.0	(3.73162769016805+0j)
1.9493777531575431	3.800073624505551	0.003957932543146683	3.804032378549839	0.0	(3.804032378549839+0j)
1.9683253739150623	3.87430477759787	0.00395833377051551	3.8782639317051655	0.0	(3.8782639317051655+0j)
1.987567450964445	3.9504243721333014	0.003958729546163085	3.9543839209204714	0.0	(3.9543839209204714+0j)
2.0071115065531098	4.028496599737894	0.0039591199373039615	4.032456537889885	0.0	(4.032456537889885+0j)
2.026965319731052	4.108588407392406	0.003959505009883142	4.11254872966109	0.0	(4.11254872966109+0j)
2.0471369374216812	4.19076964055622	0.003959884828601718	4.1947303417591915	0.0	(4.1947303417591915+0j)
2.0676346860702344	4.275113195040757	0.003960259456941866	4.279074270060088	0.0	(4.279074270060088+0j)
2.088467183905257	4.361695178249154	0.003960628957191241	4.365656622030466	0.0	(4.365656622030466+0j)
2.1096433538510966	4.450595080448103	0.003960993390466742	4.454556887999205	0.0	(4.454556887999205+0j)
2.1311724371321383	4.5418959567917385	0.003961352816737699	4.545858123181803	0.0	(4.545858123181803+0j)
2.153064007612361	4.635684620875801	0.0039617072948484894	4.639647141234151	0.0	(4.639647141234151+0j)
2.1753279869170523	4.732051850664595	0.0039620568825405895	4.736014720179769	0.0	(4.736014720179769+0j)
2.197974660386868	4.831092607702768	0.003962401636474086	4.835055821621449	0.0	(4.835055821621449+0j)
2.221014693918231	4.932906270600694	0.003962741612248662	4.936869824226784	0.0	(4.936869824226784+0j)
2.2444591517480057	5.037596883865377	0.003963076864424065	5.0415607725590705	0.0	(5.0415607725590705+0j)
2.2683195152448543	5.145273423240651	0.003963407446540074	5.149237642417439	0.0	(5.149237642417439+0j)
2.292607702774345	5.256050078820258	0.003963733411135989	5.2600146239502035	0.0	(5.2600146239502035+0j)
2.3173360907101195	5.370046557307659	0.003964054809769631	5.374011423914189	0.0	(5.374011423914189+0j)
2.3425175356689723	5.487388404916635	0.003964371693035892	5.49135358857613	0.0	(5.49135358857613+0j)
2.368165398053877	5.608207352539677	0.003964684110584832	5.612172848880302	0.0	(5.612172848880302+0j)
2.394293566995561	5.732641684956326	0.0039649921111393335	5.736607489657322	0.0	(5.736607489657322+0j)
2.420916486790582	5.860836636014455	0.003965295742512338	5.864802744805464	0.0	(5.864802744805464+0j)
2.4480491849416626	5.992944811893539	0.003965595051623658	5.9969112205537956	0.0	(5.9969112205537956+0j)
2.4757073019147824	6.129126644754171	0.003965890084516392	6.133093349111732	0.0	(6.133093349111732+0j)
2.503907122736874	6.26955087929245	0.003966180886372937	6.273517875223575	0.0	(6.273517875223575+0j)
2.532665610568373	6.414395094955669	0.003966467501530625	6.418362378384063	0.0	(6.418362378384063+0j)
2.562000442396095	6.563846266837787	0.003966749973496973	6.567813833734049	0.0	(6.567813833734049+0j)
2.591930047004387	6.718101368564165	0.003967028344964583	6.722069214945077	0.0	(6.722069214945077+0j)
2.6224736453959783	6.877368020796471	0.003967302657825674	6.881336142724512	0.0	(6.881336142724512+0j)
2.653651293848981	7.041865189346372	0.003967572953186269	7.045833582928955	0.0	(7.045833582928955+0j)
2.685483929812767	7.211823937282622	0.003967839271380047	7.2157925986718485	0.0	(7.2157925986718485+0j)
2.7179934208635714	7.387488235857659	0.0039681016519818625	7.391457161249533	0.0	(7.391457161249533+0j)
2.7512026169604247	7.569115839569889	0.003968360133820943	7.5730850252040165	0.0	(7.5730850252040165+0j)
2.7851354062639992	7.7569792312253325	0.003968614754993771	7.760948673384371	0.0	(7.760948673384371+0j)
2.819816774804973	7.95136664347152	0.003968865552876665	7.955336338480848	0.0	(7.955336338480848+0j)
2.8552728703153174	8.15258316395867	0.003969112564138051	8.156553108185932	0.0	(8.156553108185932+0j)
2.8915310705652644	8.360951932044303	0.003969355824750456	8.364922121899058	0.0	(8.364922121899058+0j)
2.9286200565814964	8.576815435811406	0.0039695953700022045	8.58078586774486	0.0	(8.58078586774486+0j)
2.9665698911581626	8.800536919126152	0.003969831234508842	8.804507589630939	0.0	(8.804507589630939+0j)
3.0054121031126138	9.032501909535783	0.003970063452224292	9.036472815145494	0.0	(9.036472815145494+0j)
3.0451797777822436	9.273119879013914	0.003970292056451736	9.277091016303217	0.0	(9.277091016303217+0j)
3.0859076543086092	9.522826050920463	0.003970517079854247	9.526797416504774	0.0	(9.526797416504774+0j)
3.1276322303101565	9.782083368074884	0.003970738554465165	9.786054958610379	0.0	(9.786054958610379+0j)
3.170391874606699	10.051384638572179	0.003970956511698225	10.05535645075555	0.0	(10.05535645075555+0j)
3.2142269487275925	10.331254877926689	0.003971170982357443	10.335226908495375	0.0	(10.335226908495375+0j)
3.2591799380126187	10.622253868343938	0.003971381996646773	10.626226114076013	0.0	(10.626226114076013+0j)
3.3052955932009467	10.924978958433599	0.003971589584179528	10.928951416148012	0.0	(10.928951416148012+0j)
3.35262108350022	11.24006812953019	0.003971793773987572	11.24404079608706	0.0	(11.24404079608706+0j)
3.401206162236681	11.568203358036772	0.003971994594530309	11.572176230337414	0.0	(11.572176230337414+0j)
3.451103346309402	11.910114306907952	0.003972192073703434	11.914087381895108	0.0	(11.914087381895108+0j)
3.5023681108096865	12.266582383616612	0.003972386238847496	12.270555658275324	0.0	(12.270555658275324+0j)
3.5550591003220586	12.638445206782684	0.003972577116756237	12.642418678140109	0.0	(12.642418678140109+0j)
3.6092383585992787	13.026601529184415	0.003972764733684745	13.030575194310074	0.0	(13.030575194310074+0j)
3.6649715785027204	13.432016671232722	0.003972949115357399	13.435990527238204	0.0	(13.435990527238204+0j)
3.7223283743254982	13.855728526308706	0.003973130286975633	13.85970257034577	0.0	(13.85970257034577+0j)
3.781382578872165	14.298854207797906	0.003973308273225498	14.30282843705479	0.0	(14.30282843705479+0j)
3.8422125679611745	14.762597417398803	0.0039734830982850545	14.766571829093085	0.0	(14.766571829093085+0j)
3.9049016153493707	15.248256625558126	0.0039736547858315735	15.252231216922254	0.0	(15.252231216922254+0j)
3.9695382814588407	15.757234167967207	0.0039738233590485665	15.761208936225508	0.0	(15.761208936225508+0j)
4.036216839722406	16.291046377258727	0.0039739888406326454	16.29502131958968	0.0	(16.29502131958968+0j)
4.105037744864772	16.85133488676445	0.003974151252800204	16.855310000244152	0.0	(16.855310000244152+0j)
4.176108148011705	17.439879263889754	0.003974310617293943	17.443854545411078	0.0	(17.443854545411078+0j)
4.249542464183222	18.058611154896408	0.003974466955389232	18.06258660105965	0.0	(18.06258660105965+0j)
4.325462998492883	18.70963015133104	0.003974620287900303	18.71360575830283	0.0	(18.71360575830283+0j)
4.404000638262841	19.39522162181951	0.0039747706351863	19.399197385164275	0.0	(19.399197385164275+0j)
4.485295619293967	20.11787679245765	0.0039749180171571715	20.121852706946424	0.0	(20.121852706946424+0j)
4.569498375729136	20.88031540579121	0.003975062453279407	20.88429146520415	0.0	(20.88429146520415+0j)
4.656770484345649	21.685511343872808	0.003975203962581638	21.68948754081806	0.0	(21.68948754081806+0j)
4.747285715748737	22.536721666952	0.003975342563660088	22.540697992728187	0.0	(22.540697992728187+0j)
4.84123120685652	23.437519598241437	0.00397547827468388	23.441496042780322	0.0	(23.441496042780322+0j)
4.938808771324406	24.391832079710888	0.003975611113400211	24.39580863163218	0.0	(24.39580863163218+0j)
5.040236367220319	25.40398263745028	0.003975741097139385	25.40795928425997	0.0	(25.40795928425997+0j)
5.14574974441531	26.47874043215023	0.003975868242819716	26.482717160601077	0.0	(26.482717160601077+0j)
5.255604297897866	27.621376536082526	0.003975992566952298	27.625353332699703	0.0	(27.625353332699703+0j)
5.370077157681606	28.837728679453754	0.003976114085645649	28.84170553120799	0.0	(28.84170553120799+0j)
5.489469551309491	30.134275954754024	0.003976232814610222	30.138252849839258	0.0	(30.138252849839258+0j)
5.614109481358674	31.51822526868136	0.003976348769162801	31.52220219733013	0.0	(31.52220219733013+0j)
5.744354768059492	32.99761170132782	0.0039764619642307705	33.00158865657252	0.0	(33.00158865657252+0j)
5.880596516466038	34.5814153894725	0.003976572414356257	34.5853923677442	0.0	(34.5853923677442+0j)
6.023263078936644	36.27969811808134	0.00397668013370017	36.28367511952882	0.0	(36.28367511952882+0j)
6.172824597489657	38.10376351137335	0.003976785136046109	38.10774053980119	0.0	(38.10774053980119+0j)
6.329798227512406	40.066345601019194	0.00397688743480417	40.07032266338246	0.0	(40.07032266338246+0j)
6.494754165117798	42.18183166531499	0.00397698704301463	42.185808770783886	0.0	(42.185808770783886+0j)
6.668322626188625	44.466526646939165	0.003977083973351525	44.47050380564401	0.0	(44.47050380564401+0j)
6.851201957158883	46.93896825777772	0.0039771782381261235	46.9429454794467	0.0	(46.9429454794467+0j)
7.044168097591786	49.62030418712988	0.003977269849290279	49.62428147989077	0.0	(49.62428147989077+0j)
7.2480856649141305	52.53474580593372	0.003977358818439695	52.53872317553432	0.0	(52.53872317553432+0j)
7.463920995280036	55.71011662378213	0.003977445156817072	55.71409407337099	0.0	(55.71409407337099+0j)
7.6927575555009655	59.17851880771719	0.003977528875315157	59.18249633814399	0.0	(59.18249633814399+0j)
7.935814244712368	62.97714772657974	0.003977609984479692	62.98112533701224	0.0	(62.98112533701224+0j)
8.194467238298563	67.14929331954848	0.003977688494512264	67.1532710081461	0.0	(67.1532710081461+0j)
8.470276200602305	71.74557891448981	0.003977764415273048	71.74955667892304	0.0	(71.74955667892304+0j)
8.76501592095378	76.82550409457325	0.003977837756283466	76.82948193233132	0.0	(76.82948193233132+0j)
9.080714728848353	82.4593799867234	0.003977908526728743	82.46335789525052	0.0	(82.46335789525052+0j)
9.419701445830695	88.73077532858488	0.003977976735460363	88.73475330532047	0.0	(88.73475330532047+0j)
9.78466317242876	95.73963339788364	0.003978042390998442	95.74361144027488	0.0	(95.74361144027488+0j)
10.178716943952157	103.60627862509874	0.003978105501534004	103.61025673060067	0.0	(103.61025673060067+0j)
10.605499300239734	112.47661540738548	0.003978166074931156	112.48059357346006	0.0	(112.48059357346006+0j)
11.069279221428548	122.52894248194981	0.003978224118729195	122.5329207060691	0.0	(122.5329207060691+0j)
11.575101864386667	133.9829831709277	0.0039782796401446	133.98696145056775	0.0	(133.98696145056775+0j)
12.128973366698542	147.11199493008257	0.003978332646072953	147.11597326272914	0.0	(147.11597326272914+0j)
12.73810109184545	162.25921942607425	0.0039783831430907635	162.26319780921756	0.0	(162.26319780921756+0j)
13.411209741285493	179.8605467247509	0.0039784311374572124	179.86452515588837	0.0	(179.86452515588837+0j)
14.158962837226218	200.4762286259531	0.003978476635115802	200.48020710258825	0.0	(200.48020710258825+0j)
14.994532964023506	224.83601880918755	0.003978519641695929	224.83999732882927	0.0	(224.83999732882927+0j)
15.934385850104203	253.90465242000104	0.003978560162514364	253.90863098016413	0.0	(253.90863098016413+0j)
16.999378082658247	288.9788551971616	0.003978598202576657	288.9828337953636	0.0	(288.9828337953636+0j)
18.216325271484493	331.8345063965246	0.00397863376657845	331.8384850302913	0.0	(331.8384850302913+0j)
19.620293980764554	384.9559358916258	0.0039786668589067145	384.95991455848406	0.0	(384.95991455848406+0j)
21.258039626724646	451.9042487713953	0.003978697483640901	451.90822746887847	0.0	(451.90822746887847+0j)
23.19331959220227	537.9300737060336	0.003978725644554011	537.9340524316784	0.0	(537.9340524316784+0j)
25.515394209954525	651.035341689381	0.003978751345113583	651.039320440728	0.0	(651.039320440728+0j)
28.353195068169708	803.903670573683	0.0039787745884826056	803.9076493482715	0.0	(803.9076493482715+0j)
31.900119545115018	1017.6176269926292	0.00397879537752034	1017.6216057880067	0.0	(1017.6216057880067+0j)
36.46007780205021	1329.3372733315543	0.003978813714783075	1329.3412521452692	0.0	(1329.3412521452692+0j)
42.53958676905905	1809.6164424823037	0.003978829602524786	1809.6204213119063	0.0	(1809.6204213119063+0j)
51.050376913872235	2606.1409830484195	0.003978843042697734	2606.144961891462	0.0	(2606.144961891462+0j)
63.81590916393301	4072.4702624193487	0.003978854036952969	4072.474241273386	0.0	(4072.474241273386+0j)
85.09092567257987	7240.4656318165125	0.003978862586640761	7240.469610679099	0.0	(7240.469610679099+0j)
127.63965288380199	16291.88098829746	0.003978868692810957	16291.884967166154	0.0	(16291.884967166154+0j)
255.28322298546027	65169.52393784423	0.003978872356213251	65169.527916716586	0.0	(65169.527916716586+0j)
