-11577.630376607392	-134041525.13734223	-0.0198943678122772	-134041525.15723659	0.0	(-134041525.15723659+0j)
-2894.05405155796	-8375548.853339043	-0.019894366698841294	-8375548.8732334105	0.0	(-8375548.8732334105+0j)
-1285.984374531262	-1653755.8115385608	-0.019894361871582014	-1653755.8314329227	0.0	(-1653755.8314329227+0j)
-723.160002690916	-522960.38949192566	-0.019894348865574164	-522960.4093862745	0.0	(-522960.4093862745+0j)
-462.65273860158646	-214047.5565355479	-0.019894321414646247	-214047.5764298693	0.0	(-214047.5764298693+0j)
-321.1426374440291	-103132.59358450712	-0.019894271436047755	-103132.61347877856	0.0	(-103132.61347877856+0j)
-235.81652801000044	-55609.43488269132	-0.01989418901065471	-55609.45477688033	0.0	(-55609.45477688033+0j)
-180.43662013461488	-32557.37388560331	-0.019894062358652327	-32557.39377966567	0.0	(-32557.39377966567+0j)
-142.46835698783258	-20297.232742812503	-0.019893877810619468	-20297.252636690315	0.0	(-20297.252636690315+0j)
-115.30990144084706	-13296.373370297862	-0.019893619773925227	-13296.393263917636	0.0	(-13296.393263917636+0j)
-95.21573580280513	-9066.036344469587	-0.019893270694333116	-9066.05623774028	0.0	(-9066.05623774028+0j)
-79.93249520555548	-6389.20378978615	-0.01989281101269317	-6389.223682597161	0.0	(-6389.223682597161+0j)
-68.0385608059694	-4629.245756547595	-0.019892219116586514	-4629.265648766724	0.0	(-4629.265648766724+0j)
-58.60110868501503	-3434.0899391129437	-0.01989147128677066	-3434.109830584227	0.0	(-3434.109830584227+0j)
-50.987474794970254	-2599.722585967727	-0.019890541638256844	-2599.7424765093674	0.0	(-2599.7424765093674+0j)
-44.75629440708981	-2003.1258890540987	-0.01988940205583314	-2003.1457784561514	0.0	(-2003.1457784561514+0j)
-39.59206575734854	-1567.531670934211	-0.019888022123828536	-1567.5515589563327	0.0	(-1567.5515589563327+0j)
-35.26441324417679	-1243.5788414560711	-0.01988636904989398	-1243.5987278251253	0.0	(-1243.5987278251253+0j)
-31.60194254082919	-998.6827723538696	-0.019884407582555972	-998.7026567614502	0.0	(-998.7026567614502+0j)
-28.475006004887277	-810.8259669783665	-0.019882099922277147	-810.8458490782881	0.0	(-810.8458490782881+0j)
-25.784069609393207	-664.8182456220344	-0.01987940562573558	-664.8381250276617	0.0	(-664.8381250276617+0j)
-23.45169336832135	-549.9819218417676	-0.019876281503011017	-550.0017981232703	0.0	(-550.0017981232703+0j)
-21.416897162202954	-458.6834840563769	-0.019872681507340943	-458.7033567378845	0.0	(-458.7033567378845+0j)
-19.631134230362083	-385.3814311704939	-0.01986855661708291	-385.4012997271125	0.0	(-385.4012997271125+0j)
-18.055368658845175	-325.9963374068086	-0.01986385470949122	-326.0162012615505	0.0	(-326.0162012615505+0j)
-16.657924004374692	-277.4864321355226	-0.019858520425886088	-277.5062906567102	0.0	(-277.5062906567102+0j)
-15.4128789857985	-237.55683863086898	-0.019852495027761517	-237.57669113418717	0.0	(-237.57669113418717+0j)
-14.298856846105949	-204.45730710543097	-0.01984571624334406	-204.4771528722812	0.0	(-204.4771528722812+0j)
-13.298101733885579	-176.83950972477064	-0.01983811810407842	-176.85934804180252	0.0	(-176.85934804180252+0j)
-12.395766890631103	-153.6550368068663	-0.0198296307704772	-153.67486699619008	0.0	(-153.67486699619008+0j)
-11.579360898715521	-134.08159882270192	-0.019820180346730647	-134.1014202140795	0.0	(-134.1014202140795+0j)
-10.838313114426764	-117.4690311663552	-0.019809688683428226	-117.4888430055119	0.0	(-117.4888430055119+0j)
-10.163629845644598	-103.29937163927764	-0.01979807316769638	-103.3191729832703	0.0	(-103.3191729832703+0j)
-9.547620246975589	-91.1570523804582	-0.019785246500006282	-91.17684203799783	0.0	(-91.17684203799783+0j)
-8.983676231942443	-80.70643864036757	-0.019771116456851066	-80.72621517808398	0.0	(-80.72621517808398+0j)
-8.466094570382701	-71.67475727466345	-0.019755585638433742	-71.69451907171111	0.0	(-71.69451907171111+0j)
-7.989932176934198	-63.83901619200846	-0.019738551200444557	-63.8587615082351	0.0	(-63.8587615082351+0j)
-7.550887697663739	-57.0159050227296	-0.019719904568939333	-57.03563204946897	0.0	(-57.03563204946897+0j)
-7.145204071488741	-51.053941223219276	-0.019699531137258253	-51.073648101990806	0.0	(-51.073648101990806+0j)
-6.7695879253305575	-45.827320678781284	-0.019677309943846838	-45.847005491140614	0.0	(-45.847005491140614+0j)
-6.421142559510249	-41.231071769553836	-0.019653113329757478	-41.250732511801104	0.0	(-41.250732511801104+0j)
-6.0973119663988715	-37.177213215590875	-0.019626806574519835	-37.19684777200053	0.0	(-37.19684777200053+0j)
-5.79583385410555	-33.59169006439599	-0.01959824750897169	-33.61129618620306	0.0	(-33.61129618620306+0j)
-5.514700056995304	-30.41191671862401	-0.01956728610353728	-30.43149200944036	0.0	(-30.43149200944036+0j)
-5.252123034770273	-27.5847963723645	-0.019533764030327628	-27.604338277535522	0.0	(-27.604338277535522+0j)
-5.006507413017847	-25.06511647660265	-0.019497514197315803	-25.08462227395991	0.0	(-25.08462227395991+0j)
-4.776425716445359	-22.81424262472056	-0.019458360252708837	-22.83370941532938	0.0	(-22.83370941532938+0j)
-4.56059760346492	-20.799050500729972	-0.019416116057496248	-20.818475199148097	0.0	(-20.818475199148097+0j)
-4.357872036442461	-18.99104868600716	-0.019370585124001943	-19.01042800995222	0.0	(-19.01042800995222+0j)
-4.167211922704006	-17.365655208726416	-0.019321560018100536	-17.38498566813614	0.0	(-17.38498566813614+0j)
-3.9876808426101613	-15.901598502520086	-0.01926882172257976	-15.920876387969876	0.0	(-15.920876387969876+0j)
-3.8184315467632324	-14.580419477316651	-0.019212138958936753	-14.599640847754971	0.0	(-14.599640847754971+0j)
-3.658695957878825	-13.386056112198853	-0.01915126746468643	-13.405216781954303	0.0	(-13.405216781954303+0j)
-3.5077764565140632	-12.304495668874358	-0.019085949223038422	-12.32359119388895	0.0	(-12.32359119388895+0j)
-3.3650382656406927	-11.323482529226121	-0.019015911641589056	-11.342508192463757	0.0	(-11.342508192463757+0j)
-3.2299027785138295	-10.432271958651356	-0.018940866676584338	-10.451222754624073	0.0	(-10.451222754624073+0j)
-3.101841698627311	-9.621421923343162	-0.01886050989971741	-9.64029254170102	0.0	(-9.64029254170102+0j)
-2.98037188072727	-8.882616547429805	-0.018774519506390124	-8.901401355554697	0.0	(-8.901401355554697+0j)
-2.8650507786454744	-8.208515964217039	-0.018682555270306853	-8.227208988765161	0.0	(-8.227208988765161+0j)
-2.7554724197295006	-7.59262825588995	-0.018584257463625627	-7.611223163250568	0.0	(-7.611223163250568+0j)
-2.6512638373838864	-7.0291999354195305	-0.018479245791159404	-7.047690011100984	0.0	(-7.047690011100984+0j)
-2.5520819030961843	-6.513122040111042	-0.01836711843830132	-6.53150016717116	0.0	(-6.53150016717116+0j)
-2.4576105076291417	-6.039849407209167	-0.01824745140944525	-6.058108044017477	0.0	(-6.058108044017477+0j)
-2.3675580480799607	-5.605331111028193	-0.018119798433043184	-5.623462268927933	0.0	(-5.623462268927933+0j)
-2.281655183455845	-5.205950376190925	-0.017983691816188054	-5.223945598009187	0.0	(-5.223945598009187+0j)
-2.199652826468995	-4.838472556993039	-0.01783864471963929	-4.856322897822513	0.0	(-4.856322897822513+0j)
-2.121320343559641	-4.499999999999994	-0.017684155361326514	-4.517696012178606	0.0	(-4.517696012178606+0j)
-2.0464439388326796	-4.187932794785012	-0.017519713613496406	-4.205464519464302	0.0	(-4.205464519464302+0j)
-1.974825200741543	-3.8999345734838755	-0.017344810319985637	-3.9172915415194325	0.0	(-3.9172915415194325+0j)
-1.9062797930545654	-3.6339026494081565	-0.017158949430178292	-3.6510738943682357	0.0	(-3.6510738943682357+0j)
-1.8406362739628734	-3.38794189302793	-0.016961662751282035	-3.4049159789623564	0.0	(-3.4049159789623564+0j)
-1.777735029192262	-3.1603418340172125	-0.01675252680344824	-3.1771069000637477	0.0	(-3.1771069000637477+0j)
-1.7174273067123342	-2.949556553841182	-0.01653118097268259	-2.9661003769895413	0.0	(-2.9661003769895413+0j)
-1.659574342134735	-2.7541869970719386	-0.016297345940017596	-2.7704970733486083	0.0	(-2.7704970733486083+0j)
-1.604046565192437	-2.5729653833056547	-0.016050841254273137	-2.5890290265188662	0.0	(-2.5890290265188662+0j)
-1.5507228788222132	-2.4047414469026522	-0.015791600923577145	-2.420545902976714	0.0	(-2.420545902976714+0j)
-1.4994900033568186	-2.248470270167032	-0.015519686022162511	-2.2640028440667286	0.0	(-2.2640028440667286+0j)
-1.450241879192413	-2.1032015081635413	-0.01523529352247601	-2.118449699641822	0.0	(-2.118449699641822+0j)
-1.4028791220476988	-1.9680698310773221	-0.014938760836906276	-1.983021474951173	0.0	(-1.983021474951173+0j)
-1.3573085255889847	-1.8422864336365437	-0.014630565853364565	-1.8569298400831158	0.0	(-1.8569298400831158+0j)
-1.3134426067723575	-1.7251314812849656	-0.01431132254147831	-1.7394555717321065	0.0	(-1.7394555717321065+0j)
-1.2711991897612396	-1.615947380049632	-0.013981772464401325	-1.6299418145686018	0.0	(-1.6299418145686018+0j)
-1.230501024723974	-1.51413277184675	-0.013642772736730369	-1.5277880645003088	0.0	(-1.5277880645003088+0j)
-1.1912754382096011	-1.4191371696814772	-0.01329528111215951	-1.4324447889608323	0.0	(-1.4324447889608323+0j)
-1.1534540121475267	-1.3304561581392267	-0.01294033896374729	-1.3434086104065486	0.0	(-1.3434086104065486+0j)
-1.116972288824138	-1.2476270940010337	-0.012579052939808778	-1.2602179886269969	0.0	(-1.2602179886269969+0j)
-1.0817694994616234	-1.170225249965451	-0.012212576048587564	-1.1824493456152287	0.0	(-1.1824493456152287+0j)
-1.0477883142657596	-1.097860351511882	-0.011842088856456462	-1.109713583724578	0.0	(-1.109713583724578+0j)
-1.0149746120238983	-1.0301734630530628	-0.011468781389515535	-1.0416529538525832	0.0	(-1.0416529538525832+0j)
-0.983277267525198	-0.9668341848318197	-0.011093836218521235	-0.9779382355898513	0.0	(-0.9779382355898513+0j)
-0.9526479552450803	-0.9075381266326324	-0.010718413092000991	-0.9182661957475418	0.0	(-0.9182661957475418+0j)
-0.9230409678874824	-0.8520046283986602	-0.010343635370133919	-0.862357295635878	0.0	(-0.862357295635878+0j)
-0.8944130485138297	-0.7999747013518024	-0.009970578408365956	-0.8099536207937763	0.0	(-0.8099536207937763+0j)
-0.8667232351087131	-0.7512091662773135	-0.009600259948641372	-0.7608170098841857	0.0	(-0.7608170098841857+0j)
-0.8399327165406026	-0.7054869683152764	-0.009233632499688555	-0.7147273620644731	0.0	(-0.7147273620644731+0j)
-0.8140046989731009	-0.6626036499502886	-0.008871577626691083	-0.6714811044051967	0.0	(-0.6714811044051967+0j)
-0.7889042818693972	-0.6223699659518693	-0.008514902024515929	-0.6308898029710842	0.0	(-0.6308898029710842+0j)
-0.7645983428109173	-0.5846106258292011	-0.00816433521631462	-0.5927789029427178	0.0	(-0.5927789029427178+0j)
-0.7410554304216328	-0.5491631509573914	-0.007820528699142168	-0.5569865847425444	0.0	(-0.5569865847425444+0j)
-0.7182456647529329	-0.5158768349363826	-0.007484056348394107	-0.5233627245384967	0.0	(-0.5233627245384967+0j)
-0.6961406445411588	-0.48461179698217993	-0.0071554158914264344	-0.49176794873457147	0.0	(-0.49176794873457147+0j)
-0.6747133608015242	-0.4552381192440878	-0.006835031265847431	-0.4620727731830909	0.0	(-0.4620727731830909+0j)
-0.6539381162687773	-0.4276350599091569	-0.0065232556879594224	-0.4341568188310677	0.0	(-0.4341568188310677+0j)
-0.6337904502371234	-0.40169033481177563	-0.0062203752701929255	-0.407908096400172	0.0	(-0.407908096400172+0j)
-0.6142470683901082	-0.3772994610258423	-0.0059266130418515525	-0.38322235347060235	0.0	(-0.38322235347060235+0j)
-0.5952857772457417	-0.3543651565910668	-0.005642133244038547	-0.3600024780391259	0.0	(-0.3600024780391259+0j)
-0.5768854228735254	-0.3327967911239662	-0.005367045786446818	-0.3381579532196069	0.0	(-0.3381579532196069+0j)
-0.5590258335685147	-0.31250988259697265	-0.005101410770140851	-0.3176043583056812	0.0	(-0.3176043583056812+0j)
-0.541687766193439	-0.2934256360436378	-0.004845242996090383	-0.2982629118863552	0.0	(-0.2982629118863552+0j)
-0.5248528559234337	-0.27547052037098463	-0.0045985163937243695	-0.28006005313136906	0.0	(-0.28006005313136906+0j)
-0.5085035691493666	-0.25857587983764463	-0.004361168316971753	-0.2629270577440596	0.0	(-0.2629270577440596+0j)
-0.49262315931526657	-0.2426775770937545	-0.004133103667047906	-0.24679968541725272	0.0	(-0.24679968541725272+0j)
-0.47719562548316485	-0.22771566498026893	-0.003914198811609766	-0.2316178559327027	0.0	(-0.2316178559327027+0j)
-0.4622056734349051	-0.21363408455541413	-0.00370430527887107	-0.2173253513237759	0.0	(-0.2173253513237759+0j)
-0.4476386791353268	-0.20038038705802005	-0.0035032532129101283	-0.20386954176655495	0.0	(-0.20386954176655495+0j)
-0.43348065439478467	-0.18790547773453076	-0.0033108545828115094	-0.19120113309316336	0.0	(-0.19120113309316336+0j)
-0.41971821458139263	-0.17616337965139195	-0.003126906143569398	-0.17927393402524652	0.0	(-0.17927393402524652+0j)
-0.4063385482447361	-0.16511101578963971	-0.0029511921509606798	-0.16804464140752257	0.0	(-0.16804464140752257+0j)
-0.39332938852321925	-0.15470800787604955	-0.0027834868359879403	-0.15747264188948285	0.0	(-0.15747264188948285+0j)
-0.3806789862167604	-0.14491649054702044	-0.002623556647111794	-0.14751982865019714	0.0	(-0.14751982865019714+0j)
-0.3683760844153189	-0.13570093956916215	-0.002471162270445651	-0.13815043189595186	0.0	(-0.13815043189595186+0j)
-0.3564098945817796	-0.12702801295579522	-0.002326060439476453	-0.1293308619786183	0.0	(-0.1293308619786183+0j)
-0.3447700739951267	-0.11886640392260515	-0.002188005546792035	-0.12102956409065695	0.0	(-0.12102956409065695+0j)
-0.3334467044666386	-0.11118670471966183	-0.00205675107082319	-0.11321688358880269	0.0	(-0.11321688358880269+0j)
-0.3224302722480978	-0.10396128046198246	-0.0019320508308171003	-0.10586494108431911	0.0	(-0.10586494108431911+0j)
-0.31171164905678095	-0.09716415215769776	-0.0018136600832137778	-0.09894751651712529	0.0	(-0.09894751651712529+0j)
-0.3012820741473035	-0.09077088820250129	-0.0017013364723510588	-0.09243994149954347	0.0	(-0.09243994149954347+0j)
-0.29113313736530033	-0.08475850367216284	-0.0015948408480257609	-0.08631899928085705	0.0	(-0.08631899928085705+0j)
-0.2812567631224444	-0.0791053668021148	-0.0014939379619250681	-0.08056283174022794	0.0	(-0.08056283174022794+0j)
-0.27164519523648456	-0.07379111209506782	-0.0013983970543499646	-0.07515085286780328	0.0	(-0.07515085286780328+0j)
-0.26229098258383937	-0.06879655954479592	-0.0013079923420045297	-0.07006366824058631	0.0	(-0.07006366824058631+0j)
-0.25318696551585984	-0.0641036395071292	-0.0012225034169472127	-0.06528300004249406	0.0	(-0.06528300004249406+0j)
-0.24432626299316415	-0.059695322788204816	-0.001141715566107926	-0.0607916172154896	0.0	(-0.0607916172154896+0j)
-0.2357022603955158	-0.05555555555555554	-0.0010654200200838626	-0.05657327036331861	0.0	(-0.05657327036331861+0j)
-0.22730859796753808	-0.051669198709967855	-0.0009934141392472229	-0.0526126310610685	0.0	(-0.0526126310610685+0j)
-0.2191391598631871	-0.048021971385543476	-0.0009255015445388814	-0.04889523525046677	0.0	(-0.04889523525046677+0j)
-0.21118806375433505	-0.04460039827230509	-0.0008614921996887015	-0.04540743042738439	0.0	(-0.04540743042738439+0j)
-0.20344965097107684	-0.04139176048025299	-0.0008012024510014593	-0.04213632635027345	0.0	(-0.04213632635027345+0j)
-0.19591847714346478	-0.03838404968621433	-0.0007444550302774522	-0.0390697490189846	0.0	(-0.0390697490189846+0j)
-0.18858930331632742	-0.03556592532533775	-0.0006910790259039845	-0.03619619769276713	0.0	(-0.03619619769276713+0j)
-0.18145708751063608	-0.03292667460784264	-0.0006409098266564883	-0.033504804733332644	0.0	(-0.033504804733332644+0j)
-0.17451697670656563	-0.03045617515879997	-0.0005937890422851311	-0.03098529807449916	0.0	(-0.03098529807449916+0j)
-0.16776429922496452	-0.028144860094443433	-0.0005495644045369619	-0.02862796613487586	0.0	(-0.02862796613487586+0j)
-0.16119455748540285	-0.025983685362914843	-0.0005080896518716016	-0.026423625003450815	0.0	(-0.026423625003450815+0j)
-0.1548034211203298	-0.02396409919055817	-0.0004692244007684643	-0.024363587739939692	0.0	(-0.024363587739939692+0j)
-0.14858672042613494	-0.022078013486994386	-0.0004328340061948155	-0.022439635643946222	0.0	(-0.022439635643946222+0j)
-0.14254044013308836	-0.02031777707333455	-0.00039878941350723895	-0.020643991357177687	0.0	(-0.020643991357177687+0j)
-0.13666071347723602	-0.0186761506081072	-0.0003669670037848016	-0.018969293673160678	0.0	(-0.018969293673160678+0j)
-0.13094381655835477	-0.017146283094868063	-0.00033724843435078977	-0.01740857393818728	0.0	(-0.01740857393818728+0j)
-0.12538616296903085	-0.015721689864096364	-0.0003095204760151793	-0.01595523393597386	0.0	(-0.01595523393597386+0j)
-0.119984298680822	-0.014396231929928704	-0.00028367484837366064	-0.014603025156655123	0.0	(-0.014603025156655123+0j)
-0.11473489717430391	-0.01316409662959809	-0.00025960805431868295	-0.013346029358573507	0.0	(-0.013346029358573507+0j)
-0.10963475480058238	-0.012019779460183821	-0.00023722121475866498	-0.012178640338653008	0.0	(-0.012178640338653008+0j)
-0.10468078636259055	-0.010958067033490324	-0.00021641990439835723	-0.01109554683434728	0.0	(-0.01109554683434728+0j)
-0.09987002090517375	-0.00997402107559984	-0.00019711398930810642	-0.010091716487029237	0.0	(-0.010091716487029237+0j)
-0.0951995977036112	-0.009062963402929414	-0.00017921746689220086	-0.009162380803725525	0.0	(-0.009162380803725525+0j)
-0.09066676244082543	-0.008220461811501073	-0.00016264830877221748	-0.008303021061093421	0.0	(-0.008303021061093421+0j)
-0.08626886356409591	-0.007442316820640595	-0.00014732830700769917	-0.007509355102973229	0.0	(-0.007509355102973229+0j)
-0.0820033488126251	-0.0067245492164850615	-0.00013318292400232856	-0.006777324990668881	0.0	(-0.006777324990668881+0j)
-0.07786776190780223	-0.006063388344530176	-0.0001201411463718216	-0.0061030854736469475	0.0	(-0.0061030854736469475+0j)
-0.07385973939847824	-0.0054552611040111195	-0.00010813534299392025	-0.005482993257310684	0.0	(-0.005482993257310684+0j)
-0.06997700765400564	-0.004896781600208763	-9.710112740313193e-05	-0.004913597053762683	0.0	(-0.004913597053762683+0j)
-0.06621737999820884	-0.004384741413827189	-8.697722465411672e-05	-0.004391628409472874	0.0	(-0.004391628409472874+0j)
-0.06257875397784089	-0.003916100449419137	-7.770534273010554e-05	-0.003913993307870842	0.0	(-0.003913993307870842+0j)
-0.05905910875944754	-0.003487978327460253	-6.92300485471975e-05	-0.00347776453928261	0.0	(-0.00347776453928261+0j)
-0.05565650264890387	-0.0030976462871074436	-6.149864857052378e-05	-0.0030801748054558944	0.0	(-0.0030801748054558944+0j)
-0.05236907072821473	-0.0027425195689367568	-5.4461074035838664e-05	-0.0027186104654829462	0.0	(-0.0027186104654829462+0j)
-0.049195022604474704	-0.002420150249054777	-4.8069770744341156e-05	-0.0023906057140982524	0.0	(-0.0023906057140982524+0j)
-0.046132640266173426	-0.002128220497928166	-4.227959339342391e-05	-0.0020938367956854524	0.0	(-0.0020938367956854524+0j)
-0.04318027604230418	-0.0018645362390895882	-3.7047704379844504e-05	-0.001826115607636333	0.0	(-0.001826115607636333+0j)
-0.04033635065999079	-0.0016270211845657396	-3.233347699538314e-05	-0.001585381812423923	0.0	(-0.001585381812423923+0j)
-0.0375993513965925	-0.0014137112254444422	-2.8098402947485113e-05	-0.0013696925463861501	0.0	(-0.0013696925463861501+0j)
-0.0349678303224755	-0.0012227491574614373	-2.4306004103635814e-05	-0.001177209262427496	0.0	(-0.001177209262427496+0j)
-0.032440402630858414	-0.0010523797228522056	-2.0921748372870752e-05	-0.001006182359671622	0.0	(-0.001006182359671622+0j)
-0.030015745051345563	-0.0009009449509873756	-1.791296961783928e-05	-0.0008549357907326268	0.0	(-0.0008549357907326268+0j)
-0.027692594343957332	-0.0007668797814989777	-1.5248791507715964e-05	-0.0007218549354615885	0.0	(-0.0007218549354615885+0j)
-0.02546974587065299	-0.000648707954715645	-1.2900055185838255e-05	-0.0006053806624459206	0.0	(-0.0006053806624459206+0j)
-0.023346052241517565	-0.0005450381552636673	-1.0839250677463497e-05	-0.0005040104701859683	0.0	(-0.0005040104701859683+0j)
-0.02132042203295229	-0.0004545603956631974	-9.040451907083025e-06	-0.00041630501935853496	0.0	(-0.00041630501935853496+0j)
-0.019391818575367488	-0.00037604262765996755	-7.479255245357308e-06	-0.0003408968017813258	0.0	(-0.0003408968017813258+0j)
-0.017559258808029145	-0.0003083275698873491	-6.132721445339939e-06	-0.00027649782247186834	0.0	(-0.00027649782247186834+0j)
-0.015821812198854805	-0.00025032974125583073	-4.97932094845055e-06	-0.00022190445523423554	0.0	(-0.00022190445523423554+0j)
-0.014178599727093575	-0.000201032690221138	-3.998882341704757e-06	-0.00017599906852690784	0.0	(-0.00017599906852690784+0j)
-0.012628792926956506	-0.00015948641079194668	-3.17254399817557e-06	-0.00013774896237238546	0.0	(-0.00013774896237238546+0j)
-0.011171612990390817	-0.00012480493680706886	-2.4827087514722734e-06	-0.00010620350747329723	0.0	(-0.00010620350747329723+0j)
-0.009806329927312342	-9.616410664330169e-05	-1.913001483444532e-06	-8.049033017353302e-05	0.0	(-8.049033017353302e-05+0j)
-0.008532261781727255	-7.279949111192355e-05	-1.4482295682682889e-06	-5.981117370303818e-05	0.0	(-5.981117370303818e-05+0j)
-0.00734877390228588	-5.400447786691804e-05	-1.0743462723894481e-06	-4.343783578122491e-05	0.0	(-4.343783578122491e-05+0j)
-0.0062552782659191656	-3.912850618408068e-05	-7.784165632074291e-07	-3.07084016899588e-05	0.0	(-3.07084016899588e-05+0j)
-0.005251232853312349	-2.7575446479706958e-05	-5.485860015141952e-07	-2.1023867860442235e-05	0.0	(-2.1023867860442235e-05+0j)
-0.004336141075070599	-1.880211942291441e-05	-3.74051637663797e-07	-1.3845180300308257e-05	0.0	(-1.3845180300308257e-05+0j)
-0.003509551247528612	-1.2316949959029635e-05	-2.450359488648246e-07	-8.690671839820152e-06	0.0	(-8.690671839820152e-06+0j)
-0.002771056117250336	-7.67875200495051e-06	-1.527632775832899e-07	-5.133864867121198e-06	0.0	(-5.133864867121198e-06+0j)
-0.002120292433356479	-4.4956400029487386e-06	-8.943788998294622e-08	-2.8016031716383636e-06	0.0	(-2.8016031716383636e-06+0j)
-0.001556940566906641	-2.4240639288795724e-06	-4.822504706680775e-08	-1.3724773671698326e-06	0.0	(-1.3724773671698326e-06+0j)
-0.0010807241766498574	-1.1679647459955123e-06	-2.323577064089477e-08	-5.755098687857619e-07	0.0	(-5.755098687857619e-07+0j)
-0.0006914099205424476	-4.780476782245138e-07	-9.51331458054483e-09	-1.8906408751578624e-07	0.0	(-1.8906408751578624e-07+0j)
-0.0003888072125155047	-1.5117104850407686e-07	-3.0122464522719383e-09	-4.0029582802564685e-08	0.0	(-4.0029582802564685e-08+0j)
-0.00017276802405636742	-2.984879013634155e-08	-6.402842700481415e-10	-2.898486926724381e-09	0.0	(-2.898486926724381e-09+0j)
-4.3186730249243375e-05	-1.865093669620913e-09	-0.0	-1.94313830434098e-14	-0.0012267161280959072	(-1.94313830434098e-14-0.0012267161280959072j)
4.3186730249243375e-05	1.865093669620913e-09	0.0	-1.94313830434098e-14	0.0012267161280959072	(-1.94313830434098e-14+0.0012267161280959072j)
0.00017276802405636742	2.984879013634155e-08	6.402842700481415e-10	2.8984867331629274e-09	0.0	(2.8984867331629274e-09+0j)
0.0003888072125155047	1.5117104850407686e-07	3.0122464522719383e-09	4.0029544481219536e-08	0.0	(4.0029544481219536e-08+0j)
0.0006914099205424476	4.780476782245138e-07	9.51331458054483e-09	1.8906409942161819e-07	0.0	(1.8906409942161819e-07+0j)
0.0010807241766498574	1.1679647459955123e-06	2.323577064089477e-08	5.755098611240973e-07	0.0	(5.755098611240973e-07+0j)
0.001556940566906641	2.4240639288795724e-06	4.822504706680775e-08	1.3724772863292122e-06	0.0	(1.3724772863292122e-06+0j)
0.002120292433356479	4.4956400029487386e-06	8.943788998294622e-08	2.801603202998263e-06	0.0	(2.801603202998263e-06+0j)
0.002771056117250336	7.67875200495051e-06	1.527632775832899e-07	5.133864849397524e-06	0.0	(5.133864849397524e-06+0j)
0.003509551247528612	1.2316949959029635e-05	2.450359488648246e-07	8.690671879314825e-06	0.0	(8.690671879314825e-06+0j)
0.004336141075070599	1.880211942291441e-05	3.74051637663797e-07	1.3845180426476345e-05	0.0	(1.3845180426476345e-05+0j)
0.005251232853312349	2.7575446479706958e-05	5.485860015141952e-07	2.1023867835754958e-05	0.0	(2.1023867835754958e-05+0j)
0.0062552782659191656	3.912850618408068e-05	7.784165632074291e-07	3.0708401689647966e-05	0.0	(3.0708401689647966e-05+0j)
0.00734877390228588	5.400447786691804e-05	1.0743462723894481e-06	4.34378357798678e-05	0.0	(4.34378357798678e-05+0j)
0.008532261781727255	7.279949111192355e-05	1.4482295682682889e-06	5.981117373260235e-05	0.0	(5.981117373260235e-05+0j)
0.009806329927312342	9.616410664330169e-05	1.913001483444532e-06	8.049033017588801e-05	0.0	(8.049033017588801e-05+0j)
0.011171612990390817	0.00012480493680706886	2.4827087514722734e-06	0.0001062035074451411	0.0	(0.0001062035074451411+0j)
0.012628792926956506	0.00015948641079194668	3.17254399817557e-06	0.00013774896238538204	0.0	(0.00013774896238538204+0j)
0.014178599727093575	0.000201032690221138	3.998882341704757e-06	0.00017599906855317795	0.0	(0.00017599906855317795+0j)
0.015821812198854805	0.00025032974125583073	4.97932094845055e-06	0.000221904455237701	0.0	(0.000221904455237701+0j)
0.017559258808029145	0.0003083275698873491	6.132721445339939e-06	0.00027649782246186	0.0	(0.00027649782246186+0j)
0.019391818575367488	0.00037604262765996755	7.479255245357308e-06	0.0003408968017903161	0.0	(0.0003408968017903161+0j)
0.02132042203295229	0.0004545603956631974	9.040451907083025e-06	0.00041630501933754524	0.0	(0.00041630501933754524+0j)
0.023346052241517565	0.0005450381552636673	1.0839250677463497e-05	0.0005040104701939323	0.0	(0.0005040104701939323+0j)
0.02546974587065299	0.000648707954715645	1.2900055185838255e-05	0.0006053806625022838	0.0	(0.0006053806625022838+0j)
0.027692594343957332	0.0007668797814989777	1.5248791507715964e-05	0.0007218549354681181	0.0	(0.0007218549354681181+0j)
0.030015745051345563	0.0009009449509873756	1.791296961783928e-05	0.0008549357907387001	0.0	(0.0008549357907387001+0j)
0.032440402630858414	0.0010523797228522056	2.0921748372870752e-05	0.0010061823596778678	0.0	(0.0010061823596778678+0j)
0.0349678303224755	0.0012227491574614373	2.4306004103635814e-05	0.001177209262395585	0.0	(0.001177209262395585+0j)
0.0375993513965925	0.0014137112254444422	2.8098402947485113e-05	0.001369692546393601	0.0	(0.001369692546393601+0j)
0.04033635065999079	0.0016270211845657396	3.233347699538314e-05	0.0015853818124240138	0.0	(0.0015853818124240138+0j)
0.04318027604230418	0.0018645362390895882	3.7047704379844504e-05	0.0018261156076375556	0.0	(0.0018261156076375556+0j)
0.046132640266173426	0.002128220497928166	4.227959339342391e-05	0.002093836795703306	0.0	(0.002093836795703306+0j)
0.049195022604474704	0.002420150249054777	4.8069770744341156e-05	0.002390605714093398	0.0	(0.002390605714093398+0j)
0.05236907072821473	0.0027425195689367568	5.4461074035838664e-05	0.0027186104654679908	0.0	(0.0027186104654679908+0j)
0.05565650264890387	0.0030976462871074436	6.149864857052378e-05	0.003080174805447405	0.0	(0.003080174805447405+0j)
0.05905910875944754	0.003487978327460253	6.92300485471975e-05	0.0034777645392649686	0.0	(0.0034777645392649686+0j)
0.06257875397784089	0.003916100449419137	7.770534273010554e-05	0.003913993307872276	0.0	(0.003913993307872276+0j)
0.06621737999820884	0.004384741413827189	8.697722465411672e-05	0.004391628409460731	0.0	(0.004391628409460731+0j)
0.06997700765400564	0.004896781600208763	9.710112740313193e-05	0.004913597053755077	0.0	(0.004913597053755077+0j)
0.07385973939847824	0.0054552611040111195	0.00010813534299392025	0.005482993257291057	0.0	(0.005482993257291057+0j)
0.07786776190780223	0.006063388344530176	0.0001201411463718216	0.006103085473651515	0.0	(0.006103085473651515+0j)
0.0820033488126251	0.0067245492164850615	0.00013318292400232856	0.006777324990607931	0.0	(0.006777324990607931+0j)
0.08626886356409591	0.007442316820640595	0.00014732830700769917	0.007509355102954508	0.0	(0.007509355102954508+0j)
0.09066676244082543	0.008220461811501073	0.00016264830877221748	0.008303021061093986	0.0	(0.008303021061093986+0j)
0.0951995977036112	0.009062963402929414	0.00017921746689220086	0.009162380803724857	0.0	(0.009162380803724857+0j)
0.09987002090517375	0.00997402107559984	0.00019711398930810642	0.010091716487048133	0.0	(0.010091716487048133+0j)
0.10468078636259055	0.010958067033490324	0.00021641990439835723	0.011095546834345429	0.0	(0.011095546834345429+0j)
0.10963475480058238	0.012019779460183821	0.00023722121475866498	0.012178640338651398	0.0	(0.012178640338651398+0j)
0.11473489717430391	0.01316409662959809	0.00025960805431868295	0.01334602935858324	0.0	(0.01334602935858324+0j)
0.119984298680822	0.014396231929928704	0.00028367484837366064	0.014603025156659528	0.0	(0.014603025156659528+0j)
0.12538616296903085	0.015721689864096364	0.0003095204760151793	0.015955233935970786	0.0	(0.015955233935970786+0j)
0.13094381655835477	0.017146283094868063	0.00033724843435078977	0.017408573938182837	0.0	(0.017408573938182837+0j)
0.13666071347723602	0.0186761506081072	0.0003669670037848016	0.018969293673160352	0.0	(0.018969293673160352+0j)
0.14254044013308836	0.02031777707333455	0.00039878941350723895	0.020643991357165627	0.0	(0.020643991357165627+0j)
0.14858672042613494	0.022078013486994386	0.0004328340061948155	0.022439635643933593	0.0	(0.022439635643933593+0j)
0.1548034211203298	0.02396409919055817	0.0004692244007684643	0.02436358773991447	0.0	(0.02436358773991447+0j)
0.16119455748540285	0.025983685362914843	0.0005080896518716016	0.026423625003454573	0.0	(0.026423625003454573+0j)
0.16776429922496452	0.028144860094443433	0.0005495644045369619	0.02862796613487682	0.0	(0.02862796613487682+0j)
0.17451697670656563	0.03045617515879997	0.0005937890422851311	0.030985298074497118	0.0	(0.030985298074497118+0j)
0.18145708751063608	0.03292667460784264	0.0006409098266564883	0.03350480473332584	0.0	(0.03350480473332584+0j)
0.18858930331632742	0.03556592532533775	0.0006910790259039845	0.036196197692772485	0.0	(0.036196197692772485+0j)
0.19591847714346478	0.03838404968621433	0.0007444550302774522	0.039069749018975086	0.0	(0.039069749018975086+0j)
0.20344965097107684	0.04139176048025299	0.0008012024510014593	0.04213632635027068	0.0	(0.04213632635027068+0j)
0.21118806375433505	0.04460039827230509	0.0008614921996887015	0.045407430427383086	0.0	(0.045407430427383086+0j)
0.2191391598631871	0.048021971385543476	0.0009255015445388814	0.04889523525045443	0.0	(0.04889523525045443+0j)
0.22730859796753808	0.051669198709967855	0.0009934141392472229	0.05261263106104317	0.0	(0.05261263106104317+0j)
0.2357022603955158	0.05555555555555554	0.0010654200200838626	0.05657327036332079	0.0	(0.05657327036332079+0j)
0.24432626299316415	0.059695322788204816	0.001141715566107926	0.06079161721548457	0.0	(0.06079161721548457+0j)
0.25318696551585984	0.0641036395071292	0.0012225034169472127	0.0652830000425115	0.0	(0.0652830000425115+0j)
0.26229098258383937	0.06879655954479592	0.0013079923420045297	0.07006366824057121	0.0	(0.07006366824057121+0j)
0.27164519523648456	0.07379111209506782	0.0013983970543499646	0.07515085286778957	0.0	(0.07515085286778957+0j)
0.2812567631224444	0.0791053668021148	0.0014939379619250681	0.08056283174016793	0.0	(0.08056283174016793+0j)
0.29113313736530033	0.08475850367216284	0.0015948408480257609	0.08631899928086781	0.0	(0.08631899928086781+0j)
0.3012820741473035	0.09077088820250129	0.0017013364723510588	0.09243994149954007	0.0	(0.09243994149954007+0j)
0.31171164905678095	0.09716415215769776	0.0018136600832137778	0.09894751651711266	0.0	(0.09894751651711266+0j)
0.3224302722480978	0.10396128046198246	0.0019320508308171003	0.10586494108435077	0.0	(0.10586494108435077+0j)
0.3334467044666386	0.11118670471966183	0.00205675107082319	0.11321688358880044	0.0	(0.11321688358880044+0j)
0.3447700739951267	0.11886640392260515	0.002188005546792035	0.12102956409067599	0.0	(0.12102956409067599+0j)
0.3564098945817796	0.12702801295579522	0.002326060439476453	0.12933086197858548	0.0	(0.12933086197858548+0j)
0.3683760844153189	0.13570093956916215	0.002471162270445651	0.13815043189589407	0.0	(0.13815043189589407+0j)
0.3806789862167604	0.14491649054702044	0.002623556647111794	0.14751982865012758	0.0	(0.14751982865012758+0j)
0.39332938852321925	0.15470800787604955	0.0027834868359879403	0.15747264188940518	0.0	(0.15747264188940518+0j)
0.4063385482447361	0.16511101578963971	0.0029511921509606798	0.16804464140754424	0.0	(0.16804464140754424+0j)
0.41971821458139263	0.17616337965139195	0.003126906143569398	0.17927393402528077	0.0	(0.17927393402528077+0j)
0.43348065439478467	0.18790547773453076	0.0033108545828115094	0.19120113309315376	0.0	(0.19120113309315376+0j)
0.4476386791353268	0.20038038705802005	0.0035032532129101283	0.20386954176644298	0.0	(0.20386954176644298+0j)
0.4622056734349051	0.21363408455541413	0.00370430527887107	0.21732535132378067	0.0	(0.21732535132378067+0j)
0.47719562548316485	0.22771566498026893	0.003914198811609766	0.2316178559327113	0.0	(0.2316178559327113+0j)
0.49262315931526657	0.2426775770937545	0.004133103667047906	0.24679968541715172	0.0	(0.24679968541715172+0j)
0.5085035691493666	0.25857587983764463	0.004361168316971753	0.26292705774357894	0.0	(0.26292705774357894+0j)
0.5248528559234337	0.27547052037098463	0.0045985163937243695	0.28006005313100296	0.0	(0.28006005313100296+0j)
0.541687766193439	0.2934256360436378	0.004845242996090383	0.298262911886344	0.0	(0.298262911886344+0j)
0.5590258335685147	0.31250988259697265	0.005101410770140851	0.3176043583057202	0.0	(0.3176043583057202+0j)
0.5768854228735254	0.3327967911239662	0.005367045786446818	0.3381579532196144	0.0	(0.3381579532196144+0j)
0.5952857772457417	0.3543651565910668	0.005642133244038547	0.36000247803920715	0.0	(0.36000247803920715+0j)
0.6142470683901082	0.3772994610258423	0.0059266130418515525	0.38322235347063754	0.0	(0.38322235347063754+0j)
0.6337904502371234	0.40169033481177563	0.0062203752701929255	0.40790809640006237	0.0	(0.40790809640006237+0j)
0.6539381162687773	0.4276350599091569	0.0065232556879594224	0.43415681883096874	0.0	(0.43415681883096874+0j)
0.6747133608015242	0.4552381192440878	0.006835031265847431	0.46207277318290696	0.0	(0.46207277318290696+0j)
0.6961406445411588	0.48461179698217993	0.0071554158914264344	0.49176794873465846	0.0	(0.49176794873465846+0j)
0.7182456647529329	0.5158768349363826	0.007484056348394107	0.5233627245382281	0.0	(0.5233627245382281+0j)
0.7410554304216328	0.5491631509573914	0.007820528699142168	0.5569865847424428	0.0	(0.5569865847424428+0j)
0.7645983428109173	0.5846106258292011	0.00816433521631462	0.5927789029425332	0.0	(0.5927789029425332+0j)
0.7889042818693972	0.6223699659518693	0.008514902024515929	0.6308898029710349	0.0	(0.6308898029710349+0j)
0.8140046989731009	0.6626036499502886	0.008871577626691083	0.671481104404947	0.0	(0.671481104404947+0j)
0.8399327165406026	0.7054869683152764	0.009233632499688555	0.7147273620645073	0.0	(0.7147273620645073+0j)
0.8667232351087131	0.7512091662773135	0.009600259948641372	0.7608170098842268	0.0	(0.7608170098842268+0j)
0.8944130485138297	0.7999747013518024	0.009970578408365956	0.8099536207935617	0.0	(0.8099536207935617+0j)
0.9230409678874824	0.8520046283986602	0.010343635370133919	0.8623572956359156	0.0	(0.8623572956359156+0j)
0.9526479552450803	0.9075381266326324	0.010718413092000991	0.9182661957473203	0.0	(0.9182661957473203+0j)
0.983277267525198	0.9668341848318197	0.011093836218521235	0.9779382355899274	0.0	(0.9779382355899274+0j)
1.0149746120238983	1.0301734630530628	0.011468781389515535	1.0416529538539392	0.0	(1.0416529538539392+0j)
1.0477883142657596	1.097860351511882	0.011842088856456462	1.1097135837246281	0.0	(1.1097135837246281+0j)
1.0817694994616234	1.170225249965451	0.012212576048587564	1.1824493456151177	0.0	(1.1824493456151177+0j)
1.116972288824138	1.2476270940010337	0.012579052939808778	1.260217988627074	0.0	(1.260217988627074+0j)
1.1534540121475267	1.3304561581392267	0.01294033896374729	1.343408610406551	0.0	(1.343408610406551+0j)
1.1912754382096011	1.4191371696814772	0.01329528111215951	1.4324447889603755	0.0	(1.4324447889603755+0j)
1.230501024723974	1.51413277184675	0.013642772736730369	1.5277880645004782	0.0	(1.5277880645004782+0j)
1.2711991897612396	1.615947380049632	0.013981772464401325	1.6299418145695501	0.0	(1.6299418145695501+0j)
1.3134426067723575	1.7251314812849656	0.01431132254147831	1.7394555717320865	0.0	(1.7394555717320865+0j)
1.3573085255889847	1.8422864336365437	0.014630565853364565	1.8569298400833056	0.0	(1.8569298400833056+0j)
1.4028791220476988	1.9680698310773221	0.014938760836906276	1.9830214749508268	0.0	(1.9830214749508268+0j)
1.450241879192413	2.1032015081635413	0.01523529352247601	2.118449699641489	0.0	(2.118449699641489+0j)
1.4994900033568186	2.248470270167032	0.015519686022162511	2.264002844066628	0.0	(2.264002844066628+0j)
1.5507228788222132	2.4047414469026522	0.015791600923577145	2.4205459029768357	0.0	(2.4205459029768357+0j)
1.604046565192437	2.5729653833056547	0.016050841254273137	2.5890290265177076	0.0	(2.5890290265177076+0j)
1.659574342134735	2.7541869970719386	0.016297345940017596	2.770497073348644	0.0	(2.770497073348644+0j)
1.7174273067123342	2.949556553841182	0.01653118097268259	2.966100376990002	0.0	(2.966100376990002+0j)
1.777735029192262	3.1603418340172125	0.01675252680344824	3.177106900063489	0.0	(3.177106900063489+0j)
1.8406362739628734	3.38794189302793	0.016961662751282035	3.404915978962289	0.0	(3.404915978962289+0j)
1.9062797930545654	3.6339026494081565	0.017158949430178292	3.6510738943696066	0.0	(3.6510738943696066+0j)
1.974825200741543	3.8999345734838755	0.017344810319985637	3.917291541519221	0.0	(3.917291541519221+0j)
2.0464439388326796	4.187932794785012	0.017519713613496406	4.205464519464879	0.0	(4.205464519464879+0j)
2.121320343559641	4.499999999999994	0.017684155361326514	4.517696012177723	0.0	(4.517696012177723+0j)
2.199652826468995	4.838472556993039	0.01783864471963929	4.856322897822538	0.0	(4.856322897822538+0j)
2.281655183455845	5.205950376190925	0.017983691816188054	5.223945598009207	0.0	(5.223945598009207+0j)
2.3675580480799607	5.605331111028193	0.018119798433043184	5.6234622689279155	0.0	(5.6234622689279155+0j)
2.4576105076291417	6.039849407209167	0.01824745140944525	6.058108044017473	0.0	(6.058108044017473+0j)
2.5520819030961843	6.513122040111042	0.01836711843830132	6.531500167170988	0.0	(6.531500167170988+0j)
2.6512638373838864	7.0291999354195305	0.018479245791159404	7.047690011100964	0.0	(7.047690011100964+0j)
2.7554724197295006	7.59262825588995	0.018584257463625627	7.611223163250374	0.0	(7.611223163250374+0j)
2.8650507786454744	8.208515964217039	0.018682555270306853	8.227208988765573	0.0	(8.227208988765573+0j)
2.98037188072727	8.882616547429805	0.018774519506390124	8.901401355554263	0.0	(8.901401355554263+0j)
3.101841698627311	9.621421923343162	0.01886050989971741	9.640292541700916	0.0	(9.640292541700916+0j)
3.2299027785138295	10.432271958651356	0.018940866676584338	10.451222754623794	0.0	(10.451222754623794+0j)
3.3650382656406927	11.323482529226121	0.019015911641589056	11.342508192463802	0.0	(11.342508192463802+0j)
3.5077764565140632	12.304495668874358	0.019085949223038422	12.323591193889103	0.0	(12.323591193889103+0j)
3.658695957878825	13.386056112198853	0.01915126746468643	13.405216781954175	0.0	(13.405216781954175+0j)
3.8184315467632324	14.580419477316651	0.019212138958936753	14.599640847754829	0.0	(14.599640847754829+0j)
3.9876808426101613	15.901598502520086	0.01926882172257976	15.920876387969917	0.0	(15.920876387969917+0j)
4.167211922704006	17.365655208726416	0.019321560018100536	17.384985668136153	0.0	(17.384985668136153+0j)
4.357872036442461	18.99104868600716	0.019370585124001943	19.010428009951973	0.0	(19.010428009951973+0j)
4.56059760346492	20.799050500729972	0.019416116057496248	20.818475199147972	0.0	(20.818475199147972+0j)
4.776425716445359	22.81424262472056	0.019458360252708837	22.83370941532912	0.0	(22.83370941532912+0j)
5.006507413017847	25.06511647660265	0.019497514197315803	25.08462227395946	0.0	(25.08462227395946+0j)
5.252123034770273	27.5847963723645	0.019533764030327628	27.6043382775353	0.0	(27.6043382775353+0j)
5.514700056995304	30.41191671862401	0.01956728610353728	30.431492009440205	0.0	(30.431492009440205+0j)
5.79583385410555	33.59169006439599	0.01959824750897169	33.611296186203084	0.0	(33.611296186203084+0j)
6.0973119663988715	37.177213215590875	0.019626806574519835	37.19684777200042	0.0	(37.19684777200042+0j)
6.421142559510249	41.231071769553836	0.019653113329757478	41.25073251180121	0.0	(41.25073251180121+0j)
6.7695879253305575	45.827320678781284	0.019677309943846838	45.84700549114118	0.0	(45.84700549114118+0j)
7.145204071488741	51.053941223219276	0.019699531137258253	51.073648101991374	0.0	(51.073648101991374+0j)
7.550887697663739	57.0159050227296	0.019719904568939333	57.03563204946882	0.0	(57.03563204946882+0j)
7.989932176934198	63.83901619200846	0.019738551200444557	63.85876150823466	0.0	(63.85876150823466+0j)
8.466094570382701	71.67475727466345	0.019755585638433742	71.69451907171111	0.0	(71.69451907171111+0j)
8.983676231942443	80.70643864036757	0.019771116456851066	80.72621517808338	0.0	(80.72621517808338+0j)
9.547620246975589	91.1570523804582	0.019785246500006282	91.17684203799759	0.0	(91.17684203799759+0j)
10.163629845644598	103.29937163927764	0.01979807316769638	103.31917298327006	0.0	(103.31917298327006+0j)
10.838313114426764	117.4690311663552	0.019809688683428226	117.48884300551137	0.0	(117.48884300551137+0j)
11.579360898715521	134.08159882270192	0.019820180346730647	134.10142021407935	0.0	(134.10142021407935+0j)
12.395766890631103	153.6550368068663	0.0198296307704772	153.6748669961899	0.0	(153.6748669961899+0j)
13.298101733885579	176.83950972477064	0.01983811810407842	176.85934804180258	0.0	(176.85934804180258+0j)
14.298856846105949	204.45730710543097	0.01984571624334406	204.47715287228084	0.0	(204.47715287228084+0j)
15.4128789857985	237.55683863086898	0.019852495027761517	237.5766911341871	0.0	(237.5766911341871+0j)
16.657924004374692	277.4864321355226	0.019858520425886088	277.506290656708	0.0	(277.506290656708+0j)
18.055368658845175	325.9963374068086	0.01986385470949122	326.01620126155024	0.0	(326.01620126155024+0j)
19.631134230362083	385.3814311704939	0.01986855661708291	385.4012997271101	0.0	(385.4012997271101+0j)
21.416897162202954	458.6834840563769	0.019872681507340943	458.7033567378837	0.0	(458.7033567378837+0j)
23.45169336832135	549.9819218417676	0.019876281503011017	550.0017981232733	0.0	(550.0017981232733+0j)
25.784069609393207	664.8182456220344	0.01987940562573558	664.8381250276577	0.0	(664.8381250276577+0j)
28.475006004887277	810.8259669783665	0.019882099922277147	810.8458490782887	0.0	(810.8458490782887+0j)
31.60194254082919	998.6827723538696	0.019884407582555972	998.7026567614505	0.0	(998.7026567614505+0j)
35.26441324417679	1243.5788414560711	0.01988636904989398	1243.598727825121	0.0	(1243.598727825121+0j)
39.59206575734854	1567.531670934211	0.019888022123828536	1567.551558956335	0.0	(1567.551558956335+0j)
44.75629440708981	2003.1258890540987	0.01988940205583314	2003.1457784561562	0.0	(2003.1457784561562+0j)
50.987474794970254	2599.722585967727	0.019890541638256844	2599.742476509364	0.0	(2599.742476509364+0j)
58.60110868501503	3434.0899391129437	0.01989147128677066	3434.109830584227	0.0	(3434.109830584227+0j)
68.0385608059694	4629.245756547595	0.019892219116586514	4629.265648766702	0.0	(4629.265648766702+0j)
79.93249520555548	6389.20378978615	0.01989281101269317	6389.223682597157	0.0	(6389.223682597157+0j)
95.21573580280513	9066.036344469587	0.019893270694333116	9066.05623774028	0.0	(9066.05623774028+0j)
115.30990144084706	13296.373370297862	0.019893619773925227	13296.393263917636	0.0	(13296.393263917636+0j)
142.46835698783258	20297.232742812503	0.019893877810619468	20297.252636690315	0.0	(20297.252636690315+0j)
180.43662013461488	32557.37388560331	0.019894062358652327	32557.39377966567	0.0	(32557.39377966567+0j)
235.81652801000044	55609.43488269132	0.01989418901065471	55609.45477688033	0.0	(55609.45477688033+0j)
321.1426374440291	103132.59358450712	0.019894271436047755	103132.61347877856	0.0	(103132.61347877856+0j)
462.65273860158646	214047.5565355479	0.019894321414646247	214047.5764298693	0.0	(214047.5764298693+0j)
723.160002690916	522960.38949192566	0.019894348865574164	522960.4093862745	0.0	(522960.4093862745+0j)
1285.984374531262	1653755.8115385608	0.019894361871582014	1653755.8314329227	0.0	(1653755.8314329227+0j)
2894.05405155796	8375548.853339043	0.019894366698841294	8375548.8732334105	0.0	(8375548.8732334105+0j)
11577.630376607392	134041525.13734223	0.0198943678122772	134041525.15723659	0.0	(134041525.15723659+0j)
