-1.0	-1.0	-0.0058569038037506235	-1.0058808008726725	0.0	(-1.0058808008726725+0j)
-0.9950062500000001	-0.9900374375390627	-0.005851779128066198	-0.9959072707917953	0.0	(-0.9959072707917953+0j)
-0.990025	-0.9801495006250001	-0.005846589862753557	-0.9860111020878632	0.0	(-0.9860111020878632+0j)
-0.9850562500000001	-0.9703358156640627	-0.005841335032108704	-0.9761901017645607	0.0	(-0.9761901017645607+0j)
-0.9801	-0.96059601	-0.005836013643586958	-0.9664434202895748	0.0	(-0.9664434202895748+0j)
-0.9751562500000001	-0.9509297119140626	-0.005830624687509192	-0.9567704900708778	0.0	(-0.9567704900708778+0j)
-0.970225	-0.941336550625	-0.005825167136765748	-0.9471708402851466	0.0	(-0.9471708402851466+0j)
-0.96530625	-0.9318161562890626	-0.005819639946518336	-0.9376440427311998	0.0	(-0.9376440427311998+0j)
-0.9603999999999999	-0.9223681599999999	-0.00581404205390019	-0.9281896912085174	0.0	(-0.9281896912085174+0j)
-0.9555062500000001	-0.9129921937890627	-0.005808372377714856	-0.9188073922458894	0.0	(-0.9188073922458894+0j)
-0.9506249999999999	-0.9036878906249999	-0.005802629818133942	-0.9094967604235638	0.0	(-0.9094967604235638+0j)
-0.9457562500000001	-0.8944548844140626	-0.005796813256394261	-0.9002574158028118	0.0	(-0.9002574158028118+0j)
-0.9409	-0.8852928099999999	-0.005790921554494784	-0.8910889824175996	0.0	(-0.8910889824175996+0j)
-0.93605625	-0.8762013031640625	-0.005784953554893883	-0.8819910873417912	0.0	(-0.8819910873417912+0j)
-0.931225	-0.8671800006249999	-0.005778908080207347	-0.8729633600872649	0.0	(-0.8729633600872649+0j)
-0.9264062500000001	-0.8582285400390627	-0.005772783932907747	-0.8640054322014963	0.0	(-0.8640054322014963+0j)
-0.9216	-0.84934656	-0.005766579895025701	-0.8551169369903754	0.0	(-0.8551169369903754+0j)
-0.91680625	-0.8405337000390626	-0.005760294727853683	-0.8462975093223798	0.0	(-0.8462975093223798+0j)
-0.9120250000000001	-0.8317896006250002	-0.005753927171653025	-0.8375467854871081	0.0	(-0.8375467854871081+0j)
-0.90725625	-0.8231139031640625	-0.005747475945364831	-0.8288644030911874	0.0	(-0.8288644030911874+0j)
-0.9025000000000001	-0.8145062500000001	-0.005740939746325548	-0.820250000980254	0.0	(-0.820250000980254+0j)
-0.89775625	-0.8059662844140626	-0.005734317249987994	-0.8117032191796972	0.0	(-0.8117032191796972+0j)
-0.8930250000000001	-0.7974936506250001	-0.00572760710964868	-0.803223698848977	0.0	(-0.803223698848977+0j)
-0.88830625	-0.7890879937890625	-0.0057208079561823265	-0.794811082245992	0.0	(-0.794811082245992+0j)
-0.8836000000000002	-0.7807489600000003	-0.0057139183977845025	-0.7864650126989134	0.0	(-0.7864650126989134+0j)
-0.87890625	-0.7724761962890625	-0.005706937019723375	-0.7781851345837665	0.0	(-0.7781851345837665+0j)
-0.8742250000000001	-0.7642693506250002	-0.005699862384101618	-0.7699710933062813	0.0	(-0.7699710933062813+0j)
-0.86955625	-0.7561280719140625	-0.005692693029629533	-0.7618225352871872	0.0	(-0.7618225352871872+0j)
-0.8649000000000001	-0.7480520100000002	-0.005685427471410563	-0.7537391079500322	0.0	(-0.7537391079500322+0j)
-0.86025625	-0.7400408156640624	-0.005678064200740332	-0.7457204597111345	0.0	(-0.7457204597111345+0j)
-0.8556250000000001	-0.7320941406250001	-0.0056706016849204935	-0.7377662399711086	0.0	(-0.7377662399711086+0j)
-0.85100625	-0.7242116375390625	-0.00566303836708862	-0.7298760991077191	0.0	(-0.7298760991077191+0j)
-0.8464	-0.7163929600000001	-0.005655372666065508	-0.7220496884697446	0.0	(-0.7220496884697446+0j)
-0.84180625	-0.7086377625390624	-0.0056476029762212495	-0.7142866603717013	0.0	(-0.7142866603717013+0j)
-0.8372250000000001	-0.7009457006250002	-0.005639727667361507	-0.7065866680892491	0.0	(-0.7065866680892491+0j)
-0.83265625	-0.6933164306640625	-0.005631745084635456	-0.6989493658551754	0.0	(-0.6989493658551754+0j)
-0.8281000000000001	-0.6857496100000001	-0.005623653548466912	-0.6913744088557957	0.0	(-0.6913744088557957+0j)
-0.82355625	-0.6782448969140625	-0.0056154513545101925	-0.6838614532278109	0.0	(-0.6838614532278109+0j)
-0.819025	-0.670801950625	-0.005607136773632327	-0.6764101560554509	0.0	(-0.6764101560554509+0j)
-0.81450625	-0.6634204312890625	-0.005598708051923218	-0.6690201753679199	0.0	(-0.6690201753679199+0j)
-0.81	-0.6561000000000001	-0.00559016341073546	-0.661691170137086	0.0	(-0.661691170137086+0j)
-0.80550625	-0.6488403187890625	-0.005581501046755469	-0.6544228002753868	0.0	(-0.6544228002753868+0j)
-0.801025	-0.641641050625	-0.005572719132107712	-0.6472147266339384	0.0	(-0.6472147266339384+0j)
-0.7965562500000001	-0.6345018594140627	-0.005563815814493727	-0.6400666110008033	0.0	(-0.6400666110008033+0j)
-0.7921	-0.6274224100000001	-0.005554789217367767	-0.6329781160994651	0.0	(-0.6329781160994651+0j)
-0.7876562500000002	-0.6204023681640628	-0.005545637440150817	-0.6259489055873861	0.0	(-0.6259489055873861+0j)
-0.7832250000000001	-0.6134414006250001	-0.005536358558484827	-0.6189786440547818	0.0	(-0.6189786440547818+0j)
-0.7788062500000001	-0.6065391750390627	-0.00552695062452895	-0.6120669970234707	0.0	(-0.6120669970234707+0j)
-0.7744	-0.59969536	-0.005517411667299622	-0.6052136309459134	0.0	(-0.6052136309459134+0j)
-0.7700062500000001	-0.5929096250390626	-0.005507739693056296	-0.5984182132043296	0.0	(-0.5984182132043296+0j)
-0.765625	-0.586181640625	-0.005497932685734632	-0.5916804121099905	0.0	(-0.5916804121099905+0j)
-0.7612562500000001	-0.5795110781640627	-0.0054879886074289674	-0.5849998969025556	0.0	(-0.5849998969025556+0j)
-0.7569	-0.5728976100000001	-0.005477905398925811	-0.5783763377496396	0.0	(-0.5783763377496396+0j)
-0.75255625	-0.5663409094140626	-0.005467680980290148	-0.5718094057464038	0.0	(-0.5718094057464038+0j)
-0.748225	-0.559840650625	-0.005457313251506255	-0.565298772915311	0.0	(-0.565298772915311+0j)
-0.7439062500000001	-0.5533965087890627	-0.005446800093174724	-0.5588441122059854	0.0	(-0.5588441122059854+0j)
-0.7395999999999999	-0.5470081599999999	-0.005436139367267327	-0.5524450974951831	0.0	(-0.5524450974951831+0j)
-0.73530625	-0.5406752812890626	-0.005425328917941315	-0.5461014035869047	0.0	(-0.5461014035869047+0j)
-0.7310249999999999	-0.5343975506249999	-0.005414366572414664	-0.5398127062125795	0.0	(-0.5398127062125795+0j)
-0.7267562500000001	-0.5281746469140627	-0.005403250141903756	-0.5335786820313718	0.0	(-0.5335786820313718+0j)
-0.7224999999999999	-0.5220062499999999	-0.00539197742262485	-0.5273990086306359	0.0	(-0.5273990086306359+0j)
-0.71825625	-0.5158920406640626	-0.005380546196860677	-0.5212733645264294	0.0	(-0.5212733645264294+0j)
-0.7140249999999999	-0.5098317006249998	-0.005368954234093352	-0.5152014291641557	0.0	(-0.5152014291641557+0j)
-0.7098062500000001	-0.5038249125390626	-0.005357199292204746	-0.509182882919342	0.0	(-0.509182882919342+0j)
-0.7055999999999999	-0.4978713599999999	-0.005345279118745299	-0.5032174070984479	0.0	(-0.5032174070984479+0j)
-0.70140625	-0.4919707275390625	-0.005333191452272226	-0.4973046839398768	0.0	(-0.4973046839398768+0j)
-0.697225	-0.48612270062499996	-0.005320934023757849	-0.4914443966149989	0.0	(-0.4914443966149989+0j)
-0.69305625	-0.4803269656640626	-0.005308504558068748	-0.4856362292293416	0.0	(-0.4856362292293416+0j)
-0.6889000000000001	-0.4745832100000001	-0.005295900775516242	-0.4798798668238308	0.0	(-0.4798798668238308+0j)
-0.6847562500000001	-0.46889112191406257	-0.00528312039347858	-0.474174995376168	0.0	(-0.474174995376168+0j)
-0.6806250000000001	-0.4632503906250002	-0.005270161128095092	-0.468521301802292	0.0	(-0.468521301802292+0j)
-0.67650625	-0.45766070628906247	-0.00525702069603235	-0.46291847395790736	0.0	(-0.46291847395790736+0j)
-0.6724000000000001	-0.45212176000000015	-0.0052436968163223135	-0.45736620064015404	0.0	(-0.45736620064015404+0j)
-0.66830625	-0.4466332437890625	-0.005230187212272142	-0.4518641715893304	0.0	(-0.4518641715893304+0j)
-0.6642250000000001	-0.4411948506250001	-0.005216489613445331	-0.44641207749072526	0.0	(-0.44641207749072526+0j)
-0.66015625	-0.4358062744140625	-0.005202601757713519	-0.4410096099765143	0.0	(-0.4410096099765143+0j)
-0.6561000000000001	-0.43046721000000016	-0.005188521393378218	-0.43565646162777316	0.0	(-0.43565646162777316+0j)
-0.65205625	-0.4251773531640625	-0.005174246281361498	-0.43035232597654177	0.0	(-0.43035232597654177+0j)
-0.6480250000000001	-0.4199364006250001	-0.00515977419746447	-0.42509689750799057	0.0	(-0.42509689750799057+0j)
-0.64400625	-0.4147440500390625	-0.005145102934692208	-0.419889871662653	0.0	(-0.419889871662653+0j)
-0.6400000000000001	-0.4096000000000002	-0.005130230305643589	-0.4147309448387391	0.0	(-0.4147309448387391+0j)
-0.63600625	-0.4045039500390625	-0.005115154144964281	-0.40961981439450773	0.0	(-0.40961981439450773+0j)
-0.6320250000000001	-0.3994556006250001	-0.005099872311860961	-0.4045561786507237	0.0	(-0.4045561786507237+0j)
-0.62805625	-0.3944546531640625	-0.0050843826926745715	-0.3995397368931792	0.0	(-0.3995397368931792+0j)
-0.6241000000000001	-0.38950081000000014	-0.00506868320351033	-0.3945701893752789	0.0	(-0.3945701893752789+0j)
-0.62015625	-0.38459377441406245	-0.0050527717929218716	-0.38964723732066614	0.0	(-0.38964723732066614+0j)
-0.616225	-0.379733250625	-0.005036646444646821	-0.38477058292593824	0.0	(-0.38477058292593824+0j)
-0.6123062499999999	-0.37491894378906243	-0.005020305180390805	-0.3799399293633823	0.0	(-0.3799399293633823+0j)
-0.6084	-0.3701505600000001	-0.00500374606265678	-0.3751549807837961	0.0	(-0.3751549807837961+0j)
-0.6045062499999999	-0.3654278062890624	-0.0049869671976163045	-0.37041544231931156	0.0	(-0.37041544231931156+0j)
-0.6006250000000001	-0.3607503906250001	-0.004969966738019234	-0.36572102008630664	0.0	(-0.36572102008630664+0j)
-0.59675625	-0.3561180219140625	-0.004952742886138093	-0.3610714211883138	0.0	(-0.3610714211883138+0j)
-0.5929	-0.35153040999999996	-0.004935293896743235	-0.35646635371899227	0.0	(-0.35646635371899227+0j)
-0.5890562500000001	-0.34698726566406257	-0.0049176180801046845	-0.3519055267651136	0.0	(-0.3519055267651136+0j)
-0.585225	-0.342488300625	-0.0048997138050164155	-0.3473886504095721	0.0	(-0.3473886504095721+0j)
-0.5814062500000001	-0.3380332275390626	-0.004881579501838646	-0.3429154357344263	0.0	(-0.3429154357344263+0j)
-0.5776	-0.33362176	-0.004863213665553551	-0.33848559482393664	0.0	(-0.33848559482393664+0j)
-0.5738062500000001	-0.3292536125390626	-0.0048446148588297145	-0.33409884076764396	0.0	(-0.33409884076764396+0j)
-0.570025	-0.324928500625	-0.004825781715090389	-0.32975488766341293	0.0	(-0.32975488766341293+0j)
-0.5662562500000001	-0.32064614066406266	-0.004806712941580648	-0.3254534506205153	0.0	(-0.3254534506205153+0j)
-0.5625	-0.31640625	-0.004787407322428249	-0.3211942457626725	0.0	(-0.3211942457626725+0j)
-0.5587562500000001	-0.3122085469140626	-0.004767863721693041	-0.3169769902311233	0.0	(-0.3169769902311233+0j)
-0.555025	-0.308052750625	-0.0047480810863995615	-0.31280140218764274	0.0	(-0.31280140218764274+0j)
-0.5513062500000001	-0.3039385812890626	-0.0047280584495474455	-0.30866720081755855	0.0	(-0.30866720081755855+0j)
-0.5476	-0.29986576	-0.004707794933094159	-0.3045741063327437	0.0	(-0.3045741063327437+0j)
-0.54390625	-0.2958340087890625	-0.004687289750904523	-0.30052183997455895	0.0	(-0.30052183997455895+0j)
-0.540225	-0.29184305062499993	-0.004666542211661454	-0.29651012401677673	0.0	(-0.29651012401677673+0j)
-0.5365562500000001	-0.2878926094140626	-0.00464555172173228	-0.29253868176843995	0.0	(-0.29253868176843995+0j)
-0.5328999999999999	-0.2839824099999999	-0.004624317787985027	-0.28860723757669554	0.0	(-0.28860723757669554+0j)
-0.5292562500000001	-0.2801121781640626	-0.004602840020549007	-0.2847155168295513	0.0	(-0.2847155168295513+0j)
-0.525625	-0.276281640625	-0.004581118135514074	-0.2808632459585941	0.0	(-0.2808632459585941+0j)
-0.52200625	-0.2724905250390625	-0.004559151957562953	-0.27705015244160625	0.0	(-0.27705015244160625+0j)
-0.5184	-0.26873855999999996	-0.0045369414225310285	-0.2732759648051622	0.0	(-0.2732759648051622+0j)
-0.51480625	-0.26502547503906254	-0.004514486579888108	-0.26954041262708384	0.0	(-0.26954041262708384+0j)
-0.5112249999999999	-0.26135100062499994	-0.004491787595136655	-0.2658432265388747	0.0	(-0.2658432265388747+0j)
-0.50765625	-0.2577148681640625	-0.004468844752121144	-0.2621841382280202	0.0	(-0.2621841382280202+0j)
-0.5041	-0.25411680999999997	-0.004445658455243232	-0.25856288044021514	0.0	(-0.25856288044021514+0j)
-0.50055625	-0.2505565594140625	-0.004422229231577568	-0.25497918698149247	0.0	(-0.25497918698149247+0j)
-0.49702499999999994	-0.24703385062499994	-0.004398557732883187	-0.2514327927202325	0.0	(-0.2514327927202325+0j)
-0.49350625000000004	-0.24354841878906253	-0.004374644737505573	-0.24792343358908178	0.0	(-0.24792343358908178+0j)
-0.4900000000000001	-0.2401000000000001	-0.004350491152164595	-0.24445084658674876	0.0	(-0.24445084658674876+0j)
-0.48650625000000003	-0.23668833128906253	-0.004326098013623755	-0.24101476977967543	0.0	(-0.24101476977967543+0j)
-0.4830250000000001	-0.23331315062500008	-0.004301466490236267	-0.23761494230360342	0.0	(-0.23761494230360342+0j)
-0.47955625	-0.2299741969140625	-0.004276597883363751	-0.23425110436498806	0.0	(-0.23425110436498806+0j)
-0.4761000000000001	-0.22667121000000007	-0.0042514936286635	-0.2309229972423026	0.0	(-0.2309229972423026+0j)
-0.47265625	-0.2234039306640625	-0.004226155297240475	-0.2276303632871976	0.0	(-0.2276303632871976+0j)
-0.46922500000000006	-0.22017210062500006	-0.004200584596660435	-0.22437294592552165	0.0	(-0.22437294592552165+0j)
-0.46580625	-0.21697546253906247	-0.004174783371820814	-0.22115048965820164	0.0	(-0.22115048965820164+0j)
-0.4624000000000001	-0.21381376000000007	-0.004148753605676233	-0.21796274006197586	0.0	(-0.21796274006197586+0j)
-0.45900625	-0.2106867375390625	-0.004122497419815733	-0.21480944378997746	0.0	(-0.21480944378997746+0j)
-0.45562500000000006	-0.20759414062500006	-0.004096017074889161	-0.2116903485721728	0.0	(-0.2116903485721728+0j)
-0.45225624999999997	-0.20453571566406248	-0.004069314970880302	-0.20860520321564127	0.0	(-0.20860520321564127+0j)
-0.4489000000000001	-0.20151121000000008	-0.004042393647224728	-0.20555375760469752	0.0	(-0.20555375760469752+0j)
-0.44555625	-0.1985203719140625	-0.004015255782770538	-0.20253576270086496	0.0	(-0.20253576270086496+0j)
-0.44222500000000003	-0.19556295062500004	-0.003987904195580509	-0.19955097054267742	0.0	(-0.19955097054267742+0j)
-0.43890625	-0.1926386962890625	-0.003960341842574413	-0.1965991342453352	0.0	(-0.1965991342453352+0j)
-0.43560000000000004	-0.18974736000000003	-0.003932571819010609	-0.19368000800018675	0.0	(-0.19368000800018675+0j)
-0.43230624999999995	-0.18688869378906245	-0.0039045973578062648	-0.19079334707406453	0.0	(-0.19079334707406453+0j)
-0.42902500000000005	-0.18406245062500004	-0.0038764218286959115	-0.18793890780843314	0.0	(-0.18793890780843314+0j)
-0.42575624999999995	-0.18126838441406246	-0.0038480487372282777	-0.18511644761840693	0.0	(-0.18511644761840693+0j)
-0.42250000000000004	-0.17850625000000003	-0.0038194817236017393	-0.18232572499158	0.0	(-0.18232572499158+0j)
-0.41925624999999994	-0.17577580316406244	-0.0037907245613389103	-0.17956649948671052	0.0	(-0.17956649948671052+0j)
-0.41602500000000003	-0.17307680062500003	-0.0037617811558013255	-0.17683853173223535	0.0	(-0.17683853173223535+0j)
-0.41280624999999993	-0.17040900003906245	-0.00373265554254534	-0.174141583424631	0.0	(-0.174141583424631+0j)
-0.4096	-0.16777216	-0.0037033518855207987	-0.17147541732661417	0.0	(-0.17147541732661417+0j)
-0.4064062500000001	-0.16516604003906257	-0.0036738744751141886	-0.16883979726519188	0.0	(-0.16883979726519188+0j)
-0.403225	-0.162590400625	-0.003644227726038389	-0.16623448812954966	0.0	(-0.16623448812954966+0j)
-0.40005625000000006	-0.16004500316406253	-0.003614416175071358	-0.16365925586878524	0.0	(-0.16365925586878524+0j)
-0.39690000000000003	-0.15752961000000001	-0.0035844444786463725	-0.1611138674895176	0.0	(-0.1611138674895176+0j)
-0.3937562500000001	-0.15504398441406256	-0.0035543174102967475	-0.15859809105332	0.0	(-0.15859809105332+0j)
-0.390625	-0.152587890625	-0.0035240398579581915	-0.15611169567402117	0.0	(-0.15611169567402117+0j)
-0.38750625000000005	-0.15016109378906253	-0.003493616821132229	-0.15365445151488435	0.0	(-0.15365445151488435+0j)
-0.3844	-0.14776336	-0.003463053407914352	-0.1512261297856242	0.0	(-0.1512261297856242+0j)
-0.38130625000000007	-0.14539445628906256	-0.0034323548318908443	-0.14882650273930853	0.0	(-0.14882650273930853+0j)
-0.378225	-0.143054150625	-0.0034015264089083987	-0.14645534366912932	0.0	(-0.14645534366912932+0j)
-0.3751562500000001	-0.14074221191406255	-0.0033705735537209068	-0.14411242690505344	0.0	(-0.14411242690505344+0j)
-0.3721	-0.13845840999999998	-0.003339501776517993	-0.14179752781034902	0.0	(-0.14179752781034902+0j)
-0.36905625000000003	-0.13620251566406252	-0.003308316679340078	-0.13951042277800596	0.0	(-0.13951042277800596+0j)
-0.366025	-0.133974300625	-0.0032770239523849244	-0.13725088922704165	0.0	(-0.13725088922704165+0j)
-0.36300625000000003	-0.1317735375390625	-0.0032456293702108198	-0.1350187055987098	0.0	(-0.1350187055987098+0j)
-0.36	-0.1296	-0.0032141387878416765	-0.13281365135261083	0.0	(-0.13281365135261083+0j)
-0.35700625	-0.1274534625390625	-0.0031825581367795415	-0.13063550696270515	0.0	(-0.13063550696270515+0j)
-0.354025	-0.125333700625	-0.0031508934209300656	-0.12848405391324488	0.0	(-0.12848405391324488+0j)
-0.35105625	-0.12324049066406251	-0.003119150712446697	-0.12635907469462593	0.0	(-0.12635907469462593+0j)
-0.34809999999999997	-0.12117360999999997	-0.0030873361474993916	-0.1242603527991551	0.0	(-0.1242603527991551+0j)
-0.34515625000000005	-0.11913283691406254	-0.0030554559219738197	-0.12218767271676732	0.0	(-0.12218767271676732+0j)
-0.34222499999999995	-0.11711795062499997	-0.0030235162871070243	-0.12014081993065903	0.0	(-0.12014081993065903+0j)
-0.33930625000000003	-0.11512873128906252	-0.002991523545065709	-0.1181195809128825	0.0	(-0.1181195809128825+0j)
-0.3364	-0.11316495999999998	-0.002959484044473216	-0.11612374311987052	0.0	(-0.11612374311987052+0j)
-0.33350625	-0.1112264187890625	-0.0029274041758914748	-0.1141530949879352	0.0	(-0.1141530949879352+0j)
-0.33062500000000006	-0.10931289062500003	-0.0028952903672640916	-0.11220742592871898	0.0	(-0.11220742592871898+0j)
-0.32775625	-0.10742415941406251	-0.002863149079326878	-0.11028652632460594	0.0	(-0.11028652632460594+0j)
-0.3249000000000001	-0.10556001000000005	-0.002830986800992052	-0.10839018752412183	0.0	(-0.10839018752412183+0j)
-0.32205625	-0.1037202281640625	-0.002798810044712363	-0.10651820183729814	0.0	(-0.10651820183729814+0j)
-0.3192250000000001	-0.10190460062500006	-0.002766625341831417	-0.10467036253103226	0.0	(-0.10467036253103226+0j)
-0.31640625	-0.1001129150390625	-0.0027344392379263314	-0.10284646382443262	0.0	(-0.10284646382443262+0j)
-0.31360000000000005	-0.09834496000000002	-0.0027022582881489777	-0.10104630088415653	0.0	(-0.10104630088415653+0j)
-0.31080625	-0.09660052503906251	-0.002670089052571818	-0.09926966981976258	0.0	(-0.09926966981976258+0j)
-0.30802500000000005	-0.09487940062500003	-0.0026379380915444737	-0.09751636767905902	0.0	(-0.09751636767905902+0j)
-0.30525625	-0.09318137816406251	-0.002605811961066903	-0.09578619244346907	0.0	(-0.09578619244346907+0j)
-0.30250000000000005	-0.09150625000000003	-0.0025737172081851316	-0.09407894302341263	0.0	(-0.09407894302341263+0j)
-0.29975625	-0.0898538094140625	-0.002541660366415266	-0.09239441925371772	0.0	(-0.09239441925371772+0j)
-0.29702500000000004	-0.08822385062500002	-0.0025096479512014807	-0.09073242188905425	0.0	(-0.09073242188905425+0j)
-0.29430625	-0.08661616878906249	-0.0024776864554135257	-0.08909275259939736	0.0	(-0.08909275259939736+0j)
-0.2916	-0.08503056000000002	-0.002445782344889169	-0.08747521396554432	0.0	(-0.08747521396554432+0j)
-0.28890625	-0.08346682128906249	-0.002413942054026863	-0.08587960947465807	0.0	(-0.08587960947465807+0j)
-0.286225	-0.081924750625	-0.0023821719814337843	-0.08430574351586571	0.0	(-0.08430574351586571+0j)
-0.28355624999999995	-0.08040414691406247	-0.002350478485634219	-0.08275342137590846	0.0	(-0.08275342137590846+0j)
-0.28090000000000004	-0.07890481000000002	-0.0023188678808431515	-0.08122244923485114	0.0	(-0.08122244923485114+0j)
-0.27825625	-0.07742654066406249	-0.0022873464328096757	-0.07971263416184388	0.0	(-0.07971263416184388+0j)
-0.275625	-0.075969140625	-0.0022559203547347882	-0.07822378411095762	0.0	(-0.07822378411095762+0j)
-0.27300624999999995	-0.07453241253906247	-0.002224595803267799	-0.07675570791708225	0.0	(-0.07675570791708225+0j)
-0.27040000000000003	-0.07311616000000001	-0.002193378874585566	-0.07530821529190551	0.0	(-0.07530821529190551+0j)
-0.26780624999999997	-0.07172018753906248	-0.0021622756005584345	-0.0738811168199565	0.0	(-0.0738811168199565+0j)
-0.265225	-0.070344300625	-0.002131291945006692	-0.07247422395474426	0.0	(-0.07247422395474426+0j)
-0.26265625	-0.06898830566406249	-0.0021004338000510376	-0.07108734901497178	0.0	(-0.07108734901497178+0j)
-0.2601	-0.06765201	-0.0020697069825604776	-0.06972030518084207	0.0	(-0.06972030518084207+0j)
-0.25755625000000004	-0.06633522191406252	-0.002039117230700774	-0.06837290649045592	0.0	(-0.06837290649045592+0j)
-0.255025	-0.065037750625	-0.002008670200586403	-0.067044967836305	0.0	(-0.067044967836305+0j)
-0.25250625000000004	-0.06375940628906253	-0.0019783714630387996	-0.0657363049618663	0.0	(-0.0657363049618663+0j)
-0.25	-0.0625	-0.001948226500453391	-0.06444673445830046	0.0	(-0.06444673445830046+0j)
-0.24750625	-0.061259343789062504	-0.0019182407037778115	-0.06317607376125246	0.0	(-0.06317607376125246+0j)
-0.245025	-0.060037250625	-0.001888419369603377	-0.06192414114776831	0.0	(-0.06192414114776831+0j)
-0.24255625	-0.0588335344140625	-0.0018587676973717895	-0.06069075573332299	0.0	(-0.06069075573332299+0j)
-0.24009999999999998	-0.05764800999999999	-0.0018292907866987711	-0.059475737468962626	0.0	(-0.059475737468962626+0j)
-0.23765624999999999	-0.05648049316406249	-0.001799993634816155	-0.05827890713857337	0.0	(-0.05827890713857337+0j)
-0.235225	-0.055330800624999996	-0.001770881134133739	-0.05710008635626606	0.0	(-0.05710008635626606+0j)
-0.23280625	-0.05419875003906249	-0.0017419580699220274	-0.055939097563894626	0.0	(-0.055939097563894626+0j)
-0.2304	-0.05308416	-0.00171322911811677	-0.05479576402869635	0.0	(-0.05479576402869635+0j)
-0.22800625000000002	-0.05198685003906251	-0.00168469884324604	-0.05366990984106986	0.0	(-0.05366990984106986+0j)
-0.22562500000000002	-0.050906640625000006	-0.0016563716964803372	-0.05256135991248143	0.0	(-0.05256135991248143+0j)
-0.22325625000000002	-0.04984335316406251	-0.0016282520138061075	-0.051469939973512936	0.0	(-0.051469939973512936+0j)
-0.22090000000000004	-0.04879681000000002	-0.0016003440143228043	-0.05039547657204449	0.0	(-0.05039547657204449+0j)
-0.21855625000000004	-0.047766834414062515	-0.001572651798663464	-0.04933779707157514	0.0	(-0.04933779707157514+0j)
-0.21622500000000003	-0.04675325062500001	-0.0015451793475386218	-0.048296729649690555	0.0	(-0.048296729649690555+0j)
-0.21390625000000002	-0.04575588378906251	-0.0015179305204031527	-0.04727210329666569	0.0	(-0.04727210329666569+0j)
-0.2116	-0.044774560000000005	-0.0014909090542455337	-0.04626374781421505	0.0	(-0.04626374781421505+0j)
-0.20930625000000003	-0.04380910628906251	-0.0014641185624987918	-0.04527149381438354	0.0	(-0.04527149381438354+0j)
-0.20702500000000001	-0.04285935062500001	-0.0014375625340722967	-0.04429517271858034	0.0	(-0.04429517271858034+0j)
-0.20475625	-0.0419251219140625	-0.0014112443325033789	-0.04333461675675715	0.0	(-0.04333461675675715+0j)
-0.2025	-0.04100625000000001	-0.0013851671952275916	-0.04238965896672515	0.0	(-0.04238965896672515+0j)
-0.20025625	-0.0401025656640625	-0.0013593342329663678	-0.04146013319361509	0.0	(-0.04146013319361509+0j)
-0.198025	-0.039213900625000006	-0.0013337484292305522	-0.040545874089474784	0.0	(-0.040545874089474784+0j)
-0.19580625000000002	-0.038340087539062505	-0.0013084126399383377	-0.0396467171130046	0.0	(-0.0396467171130046+0j)
-0.1936	-0.03748096	-0.0012833295931458403	-0.038762498529427	0.0	(-0.038762498529427+0j)
-0.19140625	-0.0366363525390625	-0.0012585018888885526	-0.037893055410489054	0.0	(-0.037893055410489054+0j)
-0.189225	-0.035806100625000004	-0.0012339319991317224	-0.03703822563459297	0.0	(-0.03703822563459297+0j)
-0.18705625	-0.0349900406640625	-0.0012096222678276772	-0.03619784788705533	0.0	(-0.03619784788705533+0j)
-0.18489999999999998	-0.03418800999999999	-0.0011855749110779423	-0.03537176166048426	0.0	(-0.03537176166048426+0j)
-0.18275624999999998	-0.033399846914062496	-0.001161792017397932	-0.034559807255281086	0.0	(-0.034559807255281086+0j)
-0.18062499999999998	-0.03262539062499999	-0.0011382755480819611	-0.03376182578025299	0.0	(-0.03376182578025299+0j)
-0.17850624999999998	-0.03186448128906249	-0.0011150273376661305	-0.032977659153337634	0.0	(-0.032977659153337634+0j)
-0.17639999999999997	-0.031116959999999992	-0.001092049094486687	-0.03220715010243513	0.0	(-0.03220715010243513+0j)
-0.17430625	-0.030382668789062497	-0.0010693424013313284	-0.03145014216634006	0.0	(-0.03145014216634006+0j)
-0.17222500000000002	-0.029661450625000006	-0.0010469087161808222	-0.030706479695775585	0.0	(-0.030706479695775585+0j)
-0.17015625000000004	-0.02895314941406251	-0.0010247493730383712	-0.02997600785451563	0.0	(-0.02997600785451563+0j)
-0.16810000000000003	-0.02825761000000001	-0.0010028655828439696	-0.029258572620600852	0.0	(-0.029258572620600852+0j)
-0.16605625000000002	-0.027574678164062505	-0.0009812584344710655	-0.028554020787635387	0.0	(-0.028554020787635387+0j)
-0.16402500000000003	-0.02690420062500001	-0.0009599288958027207	-0.027862199966166533	0.0	(-0.027862199966166533+0j)
-0.16200625000000002	-0.026246025039062506	-0.0009388778148844822	-0.027182958585137917	0.0	(-0.027182958585137917+0j)
-0.16000000000000003	-0.02560000000000001	-0.0009181059211511317	-0.026516145893415374	0.0	(-0.026516145893415374+0j)
-0.15800625000000001	-0.024965975039062505	-0.0008976138267244391	-0.02586161196138052	0.0	(-0.02586161196138052+0j)
-0.15602500000000002	-0.02434380062500001	-0.0008774020277790701	-0.02521920768258569	0.0	(-0.02521920768258569+0j)
-0.15405625	-0.0237333281640625	-0.000857470905973743	-0.02458878477546919	0.0	(-0.02458878477546919+0j)
-0.1521	-0.023134410000000005	-0.000837820729944757	-0.023970195785126845	0.0	(-0.023970195785126845+0j)
-0.15015625000000002	-0.022546899414062505	-0.0008184516568590025	-0.023363294085132782	0.0	(-0.023363294085132782+0j)
-0.148225	-0.021970650624999997	-0.000799363734023513	-0.022767933879410552	0.0	(-0.022767933879410552+0j)
-0.14630625	-0.0214055187890625	-0.0007805569005487553	-0.022183970204146784	0.0	(-0.022183970204146784+0j)
-0.1444	-0.02085136	-0.0007620309890627036	-0.02161125892974646	0.0	(-0.02161125892974646+0j)
-0.14250625	-0.0203080312890625	-0.0007437857274728947	-0.02104965676282595	0.0	(-0.02104965676282595+0j)
-0.140625	-0.019775390625	-0.0007258207407735799	-0.020499021248240247	0.0	(-0.020499021248240247+0j)
-0.13875625	-0.0192532969140625	-0.0007081355528951935	-0.019959210771141128	0.0	(-0.019959210771141128+0j)
-0.1369	-0.01874161	-0.0006907295885933036	-0.019430084559062723	0.0	(-0.019430084559062723+0j)
-0.13505625	-0.018240190664062496	-0.0006736021753743424	-0.018911502684032556	0.0	(-0.018911502684032556+0j)
-0.13322499999999998	-0.017748900624999994	-0.0006567525454553337	-0.018403326064704427	0.0	(-0.018403326064704427+0j)
-0.13140625	-0.0172676025390625	-0.0006401798377549429	-0.017905416468509416	0.0	(-0.017905416468509416+0j)
-0.1296	-0.016796159999999997	-0.0006238830999131806	-0.01741763651382279	0.0	(-0.01741763651382279+0j)
-0.12780624999999998	-0.016334437539062496	-0.0006078612903372103	-0.01693984967214329	0.0	(-0.01693984967214329+0j)
-0.126025	-0.015882300624999998	-0.0005921132802706071	-0.016471920270282464	0.0	(-0.016471920270282464+0j)
-0.12425624999999998	-0.015439615664062496	-0.0005766378558835945	-0.01601371349256151	0.0	(-0.01601371349256151+0j)
-0.12250000000000003	-0.015006250000000006	-0.0005614337203817821	-0.01556509538301007	0.0	(-0.01556509538301007+0j)
-0.12075625000000002	-0.014582071914062505	-0.0005464994961309928	-0.015125932847568472	0.0	(-0.015125932847568472+0j)
-0.11902500000000002	-0.014166950625000004	-0.0005318337267957579	-0.014696093656285627	0.0	(-0.014696093656285627+0j)
-0.11730625000000001	-0.013760756289062504	-0.0005174348794892702	-0.01427544644551431	0.0	(-0.01427544644551431+0j)
-0.11560000000000002	-0.013363360000000005	-0.0005033013469324041	-0.013863860720098318	0.0	(-0.013863860720098318+0j)
-0.11390625000000001	-0.012974633789062504	-0.0004894314496197427	-0.013461206855549437	0.0	(-0.013461206855549437+0j)
-0.11222500000000002	-0.012594450625000005	-0.00047582343799035254	-0.013067356100211794	0.0	(-0.013067356100211794+0j)
-0.11055625000000001	-0.012222684414062502	-0.00046247549460128046	-0.012682180577411757	0.0	(-0.012682180577411757+0j)
-0.10890000000000001	-0.011859210000000002	-0.0004493857363017939	-0.01230555328758963	0.0	(-0.01230555328758963+0j)
-0.10725625000000001	-0.011503903164062503	-0.0004365522164063024	-0.011937348110412006	0.0	(-0.011937348110412006+0j)
-0.10562500000000001	-0.011156640625000002	-0.00042397292686414956	-0.011577439806861881	0.0	(-0.011577439806861881+0j)
-0.10400625000000001	-0.010817300039062502	-0.0004116458004244372	-0.011225704021305672	0.0	(-0.011225704021305672+0j)
-0.1024	-0.01048576	-0.000399568712794042	-0.010882017283533165	0.0	(-0.010882017283533165+0j)
-0.10080625	-0.0101619000390625	-0.0003877394847872223	-0.010546257010771894	0.0	(-0.010546257010771894+0j)
-0.09922500000000001	-0.009845600625000001	-0.00037615588446509446	-0.010218301509670744	0.0	(-0.010218301509670744+0j)
-0.09765625	-0.0095367431640625	-0.00036481562926343747	-0.009898029978254824	0.0	(-0.009898029978254824+0j)
-0.0961	-0.00923521	-0.00035371638810730716	-0.009585322507847716	0.0	(-0.009585322507847716+0j)
-0.09455625	-0.0089408844140625	-0.0003428557835110091	-0.009280060084962804	0.0	(-0.009280060084962804+0j)
-0.093025	-0.008653650624999999	-0.00033223139366202886	-0.008982124593160237	0.0	(-0.008982124593160237+0j)
-0.09150625	-0.0083733937890625	-0.00032184075448764976	-0.008691398814870554	0.0	(-0.008691398814870554+0j)
-0.09	-0.0081	-0.00031168136170295346	-0.008407766433184251	0.0	(-0.008407766433184251+0j)
-0.08850625	-0.0078333562890625	-0.0003017506728389893	-0.008131112033607332	0.0	(-0.008131112033607332+0j)
-0.08702499999999999	-0.007573350624999998	-0.00029204610925005065	-0.007861321105781575	0.0	(-0.007861321105781575+0j)
-0.08555624999999999	-0.007319871914062498	-0.00028256505809892696	-0.007598280045171234	0.0	(-0.007598280045171234+0j)
-0.0841	-0.007072809999999999	-0.00027330487431909134	-0.007341876154714951	0.0	(-0.007341876154714951+0j)
-0.08265625000000001	-0.006832055664062502	-0.0002642628825530319	-0.0070919976464444145	0.0	(-0.0070919976464444145+0j)
-0.08122500000000002	-0.006597500625000003	-0.0002554363790655545	-0.006848533643069431	0.0	(-0.006848533643069431+0j)
-0.07980625000000002	-0.006369037539062504	-0.0002468226336315438	-0.006611374179530746	0.0	(-0.006611374179530746+0j)
-0.07840000000000001	-0.006146560000000001	-0.0002384188913971269	-0.006380410204520405	0.0	(-0.006380410204520405+0j)
-0.07700625000000001	-0.005929962539062502	-0.0002302223747136234	-0.0061555335819715624	0.0	(-0.0061555335819715624+0j)
-0.07562500000000001	-0.005719140625000002	-0.00022223028494380848	-0.005936637092517877	0.0	(-0.005936637092517877+0j)
-0.07425625000000001	-0.005513990664062501	-0.00021443980423939413	-0.00572361443492368	0.0	(-0.00572361443492368+0j)
-0.0729	-0.005314410000000001	-0.00020684809728972742	-0.005516360227486113	0.0	(-0.005516360227486113+0j)
-0.07155625	-0.0051202969140625	-0.00019945231304074884	-0.005314770009409907	0.0	(-0.005314770009409907+0j)
-0.07022500000000001	-0.004931550625000001	-0.0001922495863840301	-0.005118740242156085	0.0	(-0.005118740242156085+0j)
-0.06890625	-0.0047480712890625	-0.0001852370398153641	-0.004928168310765944	0.0	(-0.004928168310765944+0j)
-0.06760000000000001	-0.004569760000000001	-0.0001784117850625322	-0.0047429525251608436	0.0	(-0.0047429525251608436+0j)
-0.06630625	-0.0043965187890625	-0.00017177092468194377	-0.0045629921214195845	0.0	(-0.0045629921214195845+0j)
-0.065025	-0.004228250625	-0.00016531155362396743	-0.004388187263033915	0.0	(-0.004388187263033915+0j)
-0.06375625	-0.0040648594140625	-0.00015903076076657918	-0.0042184390421433635	0.0	(-0.0042184390421433635+0j)
-0.0625	-0.00390625	-0.00015292563041720275	-0.004053649480751049	0.0	(-0.004053649480751049+0j)
-0.06125625	-0.0037523281640625	-0.00014699324378267264	-0.003893721531920594	0.0	(-0.003893721531920594+0j)
-0.060024999999999995	-0.0036030006249999995	-0.00014123068040716724	-0.0037385590809561483	0.0	(-0.0037385590809561483+0j)
-0.05880625	-0.0034581750390624997	-0.00013563501957783441	-0.003588066946565679	0.0	(-0.003588066946565679+0j)
-0.0576	-0.00331776	-0.00013020334169844272	-0.003442150882009334	0.0	(-0.003442150882009334+0j)
-0.056406250000000005	-0.0031816650390625004	-0.00012493272963090551	-0.003300717576233644	0.0	(-0.003300717576233644+0j)
-0.05522500000000001	-0.003049800625000001	-0.00011982027000467799	-0.003163674654992759	0.0	(-0.003163674654992759+0j)
-0.05405625000000001	-0.002922078164062501	-0.00011486305449387446	-0.0030309306819573767	0.0	(-0.0030309306819573767+0j)
-0.0529	-0.0027984100000000003	-0.00011005818106299414	-0.0029023951598137537	0.0	(-0.0029023951598137537+0j)
-0.051756250000000004	-0.0026787094140625005	-0.00010540275518028386	-0.0027779785313527972	0.0	(-0.0027779785313527972+0j)
-0.050625	-0.0025628906250000005	-0.00010089389099984802	-0.002657592180551703	0.0	(-0.002657592180551703+0j)
-0.04950625	-0.0024508687890625004	-9.652871251220052e-05	-0.002541148433649434	0.0	(-0.002541148433649434+0j)
-0.0484	-0.00234256	-9.230435466356379e-05	-0.0024285605602180154	0.0	(-0.0024285605602180154+0j)
-0.04730625	-0.0022378812890625002	-8.821796444422048e-05	-0.0023197427742319356	0.0	(-0.0023197427742319356+0j)
-0.046224999999999995	-0.0021367506249999994	-8.426670194622288e-05	-0.0022146102351383217	0.0	(-0.0022146102351383217+0j)
-0.045156249999999995	-0.0020390869140624996	-8.044774139065458e-05	-0.0021130790489311173	0.0	(-0.0021130790489311173+0j)
-0.04409999999999999	-0.0019448099999999995	-7.675827212455522e-05	-0.0020150662692326377	0.0	(-0.0020150662692326377+0j)
-0.043056250000000004	-0.0018538406640625003	-7.319549958856308e-05	-0.0019204898983876282	0.0	(-0.0019204898983876282+0j)
-0.04202500000000001	-0.0017661006250000006	-6.975664625447076e-05	-0.0018292688885746958	0.0	(-0.0018292688885746958+0j)
-0.04100625000000001	-0.0016815125390625006	-6.643895253449772e-05	-0.001741323142941936	0.0	(-0.001741323142941936+0j)
-0.04000000000000001	-0.0016000000000000007	-6.323967766103111e-05	-0.0016565735167742685	0.0	(-0.0016565735167742685+0j)
-0.039006250000000006	-0.0015214875390625006	-6.0156100538888424e-05	-0.0015749418187024607	0.0	(-0.0015749418187024607+0j)
-0.038025	-0.0014459006250000003	-5.7185520568991954e-05	-0.0014963508119643948	0.0	(-0.0014963508119643948+0j)
-0.03705625	-0.0013731656640624998	-5.432525844545344e-05	-0.001420724215733205	0.0	(-0.001420724215733205+0j)
-0.0361	-0.00130321	-5.157265692468105e-05	-0.001347986706527312	0.0	(-0.001347986706527312+0j)
-0.03515625	-0.0012359619140625	-4.892508156861819e-05	-0.0012780639197230194	0.0	(-0.0012780639197230194+0j)
-0.034225	-0.001171350625	-4.6379921462058604e-05	-0.0012108824511925641	0.0	(-0.0012108824511925641+0j)
-0.033306249999999996	-0.0011093062890624996	-4.3934589903427135e-05	-0.0011463698590942553	0.0	(-0.0011463698590942553+0j)
-0.0324	-0.0010497599999999998	-4.158652507146865e-05	-0.0010844546658486914	0.0	(-0.0010844546658486914+0j)
-0.03150625	-0.0009926437890624999	-3.933319066684593e-05	-0.001025066360338003	0.0	(-0.001025066360338003+0j)
-0.030625000000000006	-0.0009378906250000004	-3.717207652931265e-05	-0.0009681354003724578	0.0	(-0.0009681354003724578+0j)
-0.029756250000000005	-0.0008854344140625003	-3.510069923196024e-05	-0.0009135932154759814	0.0	(-0.0009135932154759814+0j)
-0.028900000000000006	-0.0008352100000000003	-3.311660265148397e-05	-0.0008613722100471525	0.0	(-0.0008613722100471525+0j)
-0.028056250000000005	-0.0007871531640625003	-3.121735851685514e-05	-0.0008114057669611088	0.0	(-0.0008114057669611088+0j)
-0.027225000000000003	-0.0007412006250000001	-2.9400566934456585e-05	-0.0007636282516801066	0.0	(-0.0007636282516801066+0j)
-0.026406250000000003	-0.0006972900390625001	-2.7663856893567207e-05	-0.000717975016947756	0.0	(-0.000717975016947756+0j)
-0.0256	-0.00065536	-2.6004886748642875e-05	-0.000674382408135523	0.0	(-0.000674382408135523+0j)
-0.024806250000000002	-0.0006153500390625001	-2.4421344682834523e-05	-0.0006327877693080169	0.0	(-0.0006327877693080169+0j)
-0.024025	-0.000577200625	-2.2910949150301008e-05	-0.0005931294500506234	0.0	(-0.0005931294500506234+0j)
-0.02325625	-0.0005408531640624999	-2.1471449299759193e-05	-0.0005553468130729325	0.0	(-0.0005553468130729325+0j)
-0.0225	-0.00050625	-2.010062537860513e-05	-0.000519380242544676	0.0	(-0.000519380242544676+0j)
-0.021756249999999998	-0.0004733344140624999	-1.8796289118938603e-05	-0.0004851711530383511	0.0	(-0.0004851711530383511+0j)
-0.021025	-0.0004420506249999999	-1.7556284105380016e-05	-0.0004526619988308345	0.0	(-0.0004526619988308345+0j)
-0.020306250000000005	-0.0004123437890625002	-1.637848612534576e-05	-0.0004217962831506352	0.0	(-0.0004217962831506352+0j)
-0.019600000000000003	-0.0003841600000000001	-1.5260803503114317e-05	-0.0003925185667406459	0.0	(-0.0003925185667406459+0j)
-0.018906250000000003	-0.0003574462890625001	-1.4201177416461874e-05	-0.00036477447483838617	0.0	(-0.00036477447483838617+0j)
-0.018225	-0.0003321506250000001	-1.3197582198865021e-05	-0.00033851070137360187	0.0	(-0.00033851070137360187+0j)
-0.017556250000000002	-0.0003082219140625001	-1.2248025624383985e-05	-0.000313675008870701	0.0	(-0.000313675008870701+0j)
-0.016900000000000002	-0.00028561000000000005	-1.1350549179889313e-05	-0.0002902162222873173	0.0	(-0.0002902162222873173+0j)
-0.01625625	-0.0002642656640625	-1.0503228320635216e-05	-0.0002680842148951152	0.0	(-0.0002680842148951152+0j)
-0.015625	-0.000244140625	-9.704172714730674e-06	-0.0002472298844402877	0.0	(-0.0002472298844402877+0j)
-0.015006249999999999	-0.00022518753906249997	-8.95152647073516e-06	-0.00022760511831879088	0.0	(-0.00022760511831879088+0j)
-0.0144	-0.00020736	-8.243468355484396e-06	-0.00020916274747384984	0.0	(-0.00020916274747384984+0j)
-0.013806250000000003	-0.00019061253906250007	-7.578211997927298e-06	-0.0001918564901717626	0.0	(-0.0001918564901717626+0j)
-0.013225	-0.00017490062500000002	-6.954006081638653e-06	-0.0001756408886306902	0.0	(-0.0001756408886306902+0j)
-0.01265625	-0.00016018066406250003	-6.369134525119335e-06	-0.00016047124336561737	0.0	(-0.00016047124336561737+0j)
-0.0121	-0.00014641	-5.821916651438386e-06	-0.00014630355163787066	0.0	(-0.00014630355163787066+0j)
-0.011556249999999999	-0.00013354691406249996	-5.310707346772858e-06	-0.00013309445707284116	0.0	(-0.00013309445707284116+0j)
-0.011024999999999998	-0.00012155062499999997	-4.833897211398153e-06	-0.00012080121696396712	0.0	(-0.00012080121696396712+0j)
-0.010506250000000002	-0.00011038128906250004	-4.389912694691134e-06	-0.00010938169195115551	0.0	(-0.00010938169195115551+0j)
-0.010000000000000002	-0.00010000000000000005	-3.97721623102143e-06	-9.879435990951791e-05	0.0	(-9.879435990951791e-05+0j)
-0.00950625	-9.036878906250002e-05	-3.5943063538823594e-06	-8.899835266411593e-05	0.0	(-8.899835266411593e-05+0j)
-0.009025	-8.1450625e-05	-3.2397178149068395e-06	-7.995351123205544e-05	0.0	(-7.995351123205544e-05+0j)
-0.00855625	-7.32094140625e-05	-2.9120216833433687e-06	-7.162045334636423e-05	0.0	(-7.162045334636423e-05+0j)
-0.0081	-6.560999999999999e-05	-2.6098254437556534e-06	-6.396064629295964e-05	0.0	(-6.396064629295964e-05+0j)
-0.007656250000000002	-5.861816406250002e-05	-2.3317730875049847e-06	-5.693647855196234e-05	0.0	(-5.693647855196234e-05+0j)
-0.007225000000000001	-5.220062500000002e-05	-2.0765451971271887e-06	-5.051132504678042e-05	0.0	(-5.051132504678042e-05+0j)
-0.006806250000000001	-4.632503906250001e-05	-1.8428590102814724e-06	-4.464960258192892e-05	0.0	(-4.464960258192892e-05+0j)
-0.0064	-4.096e-05	-1.6294685085682659e-06	-3.931681372402529e-05	0.0	(-3.931681372402529e-05+0j)
-0.00600625	-3.60750390625e-05	-1.4351644654908569e-06	-3.447957893211555e-05	0.0	(-3.447957893211555e-05+0j)
-0.005625	-3.1640625e-05	-1.258774510404237e-06	-3.01056577598937e-05	0.0	(-3.01056577598937e-05+0j)
-0.00525625	-2.7628164062499995e-05	-1.0991631818058067e-06	-2.6163960615244624e-05	0.0	(-2.6163960615244624e-05+0j)
-0.004900000000000001	-2.4010000000000006e-05	-9.55231982402438e-07	-2.2624552809188148e-05	0.0	(-2.2624552809188148e-05+0j)
-0.00455625	-2.0759414062500005e-05	-8.259194004267556e-07	-1.9458652735382708e-05	0.0	(-1.9458652735382708e-05+0j)
-0.0042250000000000005	-1.7850625000000003e-05	-7.102009753623406e-07	-1.6638625749275152e-05	0.0	(-1.6638625749275152e-05+0j)
-0.00390625	-1.52587890625e-05	-6.070893334708671e-07	-1.4137975112699569e-05	0.0	(-1.4137975112699569e-05+0j)
-0.0036	-1.296e-05	-5.156341700285338e-07	-1.1931331297567464e-05	0.0	(-1.1931331297567464e-05+0j)
-0.00330625	-1.0931289062500001e-05	-4.3492237011832913e-07	-9.994440216498699e-06	0.0	(-9.994440216498699e-06+0j)
-0.003025	-9.150625e-06	-3.6407791981218907e-07	-8.304151395253785e-06	0.0	(-8.304151395253785e-06+0j)
-0.0027562499999999996	-7.596914062499998e-06	-3.022620376214036e-07	-6.838406184368984e-06	0.0	(-6.838406184368984e-06+0j)
-0.0025000000000000005	-6.250000000000003e-06	-2.4867311765319755e-07	-5.57622658865041e-06	0.0	(-5.57622658865041e-06+0j)
-0.00225625	-5.0906640625e-06	-2.025468006650044e-07	-4.497704661046465e-06	0.0	(-4.497704661046465e-06+0j)
-0.002025	-4.100624999999999e-06	-1.6315590301019256e-07	-3.583992887730809e-06	0.0	(-3.583992887730809e-06+0j)
-0.0018062500000000003	-3.262539062500001e-06	-1.2981055874661251e-07	-2.8172951580092544e-06	0.0	(-2.8172951580092544e-06+0j)
-0.0016	-2.56e-06	-1.0185809173890448e-07	-2.180858779461207e-06	0.0	(-2.180858779461207e-06+0j)
-0.00140625	-1.9775390625e-06	-7.868311513448134e-08	-1.6589672613543648e-06	0.0	(-1.6589672613543648e-06+0j)
-0.0012250000000000002	-1.5006250000000003e-06	-5.970758820694755e-08	-1.2369336113133391e-06	0.0	(-1.2369336113133391e-06+0j)
-0.0010562500000000001	-1.1156640625000002e-06	-4.439061740413308e-08	-9.01094800170062e-07	0.0	(-9.01094800170062e-07+0j)
-0.0009	-8.1e-07	-3.2228740565187763e-08	-6.388062466718131e-07	0.0	(-6.388062466718131e-07+0j)
-0.00075625	-5.719140625e-07	-2.2755557438358665e-08	-4.384380731290915e-07	0.0	(-4.384380731290915e-07+0j)
-0.0006250000000000001	-3.906250000000002e-07	-1.5542582332273014e-08	-2.8936934813919046e-07	0.0	(-2.8936934813919046e-07+0j)
-0.00050625	-2.5628906249999996e-07	-1.0197481969953515e-08	-1.8198686210587708e-07	0.0	(-1.8198686210587708e-07+0j)
-0.0004	-1.6e-07	-6.366462912410498e-09	-1.0767944385684091e-07	0.0	(-1.0767944385684091e-07+0j)
-0.00030625000000000004	-9.378906250000002e-08	-3.7316567613743246e-09	-5.8837697298996986e-08	0.0	(-5.8837697298996986e-08+0j)
-0.000225	-5.0625e-08	-2.013621269725263e-09	-2.885166101377528e-08	0.0	(-2.885166101377528e-08+0j)
-0.00015625000000000003	-2.441406250000001e-08	-9.713403414934874e-10	-1.210673939175135e-08	0.0	(-1.210673939175135e-08+0j)
-0.0001	-1e-08	-4.001776687800884e-10	-3.966241619989793e-09	0.0	(-3.966241619989793e-09+0j)
-5.625e-05	-3.1640625e-09	-1.1641532182693481e-10	-1.7960789660601952e-09	0.0	(-1.7960789660601952e-09+0j)
-2.5e-05	-6.25e-10	-0.0	-8.149424547447858e-10	0.0	(-8.149424547447858e-10+0j)
-6.25e-06	-3.90625e-11	1.862645149230957e-09	-1.5449880957918438e-18	-0.0001913542935639179	(-1.5449880957918438e-18-0.0001913542935639179j)
6.25e-06	3.90625e-11	-1.862645149230957e-09	-1.5449880957918438e-18	0.0001913542935639179	(-1.5449880957918438e-18+0.0001913542935639179j)
2.5e-05	6.25e-10	0.0	8.149424466272228e-10	0.0	(8.149424466272228e-10+0j)
5.625e-05	3.1640625e-09	1.1641532182693481e-10	1.7960789666590963e-09	0.0	(1.7960789666590963e-09+0j)
0.0001	1e-08	4.001776687800884e-10	3.966241609464329e-09	0.0	(3.966241609464329e-09+0j)
0.00015625000000000003	2.441406250000001e-08	9.713403414934874e-10	1.2106739400790105e-08	0.0	(1.2106739400790105e-08+0j)
0.000225	5.0625e-08	2.013621269725263e-09	2.8851661030797715e-08	0.0	(2.8851661030797715e-08+0j)
0.00030625000000000004	9.378906250000002e-08	3.7316567613743246e-09	5.8837697307443783e-08	0.0	(5.8837697307443783e-08+0j)
0.0004	1.6e-07	6.366462912410498e-09	1.0767944385881081e-07	0.0	(1.0767944385881081e-07+0j)
0.00050625	2.5628906249999996e-07	1.0197481969953515e-08	1.8198686210960932e-07	0.0	(1.8198686210960932e-07+0j)
0.0006250000000000001	3.906250000000002e-07	1.5542582332273014e-08	2.893693481489707e-07	0.0	(2.893693481489707e-07+0j)
0.00075625	5.719140625e-07	2.2755557438358665e-08	4.384380731302613e-07	0.0	(4.384380731302613e-07+0j)
0.0009	8.1e-07	3.2228740565187763e-08	6.388062466516772e-07	0.0	(6.388062466516772e-07+0j)
0.0010562500000000001	1.1156640625000002e-06	4.439061740413308e-08	9.010948001569046e-07	0.0	(9.010948001569046e-07+0j)
0.0012250000000000002	1.5006250000000003e-06	5.970758820694755e-08	1.2369336112907369e-06	0.0	(1.2369336112907369e-06+0j)
0.00140625	1.9775390625e-06	7.868311513448134e-08	1.658967261352984e-06	0.0	(1.658967261352984e-06+0j)
0.0016	2.56e-06	1.0185809173890448e-07	2.180858779423355e-06	0.0	(2.180858779423355e-06+0j)
0.0018062500000000003	3.262539062500001e-06	1.2981055874661251e-07	2.8172951580015604e-06	0.0	(2.8172951580015604e-06+0j)
0.002025	4.100624999999999e-06	1.6315590301019256e-07	3.583992887717215e-06	0.0	(3.583992887717215e-06+0j)
0.00225625	5.0906640625e-06	2.025468006650044e-07	4.497704661041986e-06	0.0	(4.497704661041986e-06+0j)
0.0025000000000000005	6.250000000000003e-06	2.4867311765319755e-07	5.576226588636022e-06	0.0	(5.576226588636022e-06+0j)
0.0027562499999999996	7.596914062499998e-06	3.022620376214036e-07	6.838406184365318e-06	0.0	(6.838406184365318e-06+0j)
0.003025	9.150625e-06	3.6407791981218907e-07	8.304151395235163e-06	0.0	(8.304151395235163e-06+0j)
0.00330625	1.0931289062500001e-05	4.3492237011832913e-07	9.994440216484628e-06	0.0	(9.994440216484628e-06+0j)
0.0036	1.296e-05	5.156341700285338e-07	1.1931331297553891e-05	0.0	(1.1931331297553891e-05+0j)
0.00390625	1.52587890625e-05	6.070893334708671e-07	1.4137975112698614e-05	0.0	(1.4137975112698614e-05+0j)
0.0042250000000000005	1.7850625000000003e-05	7.102009753623406e-07	1.663862574927529e-05	0.0	(1.663862574927529e-05+0j)
0.00455625	2.0759414062500005e-05	8.259194004267556e-07	1.9458652735405686e-05	0.0	(1.9458652735405686e-05+0j)
0.004900000000000001	2.4010000000000006e-05	9.55231982402438e-07	2.2624552809179013e-05	0.0	(2.2624552809179013e-05+0j)
0.00525625	2.7628164062499995e-05	1.0991631818058067e-06	2.616396061524709e-05	0.0	(2.616396061524709e-05+0j)
0.005625	3.1640625e-05	1.258774510404237e-06	3.0105657759891175e-05	0.0	(3.0105657759891175e-05+0j)
0.00600625	3.60750390625e-05	1.4351644654908569e-06	3.4479578932104526e-05	0.0	(3.4479578932104526e-05+0j)
0.0064	4.096e-05	1.6294685085682659e-06	3.9316813724021095e-05	0.0	(3.9316813724021095e-05+0j)
0.006806250000000001	4.632503906250001e-05	1.8428590102814724e-06	4.464960258194306e-05	0.0	(4.464960258194306e-05+0j)
0.007225000000000001	5.220062500000002e-05	2.0765451971271887e-06	5.0511325046749057e-05	0.0	(5.0511325046749057e-05+0j)
0.007656250000000002	5.861816406250002e-05	2.3317730875049847e-06	5.693647855197068e-05	0.0	(5.693647855197068e-05+0j)
0.0081	6.560999999999999e-05	2.6098254437556534e-06	6.396064629295362e-05	0.0	(6.396064629295362e-05+0j)
0.00855625	7.32094140625e-05	2.9120216833433687e-06	7.162045334636679e-05	0.0	(7.162045334636679e-05+0j)
0.009025	8.1450625e-05	3.2397178149068395e-06	7.995351123204709e-05	0.0	(7.995351123204709e-05+0j)
0.00950625	9.036878906250002e-05	3.5943063538823594e-06	8.899835266412542e-05	0.0	(8.899835266412542e-05+0j)
0.010000000000000002	0.00010000000000000005	3.97721623102143e-06	9.879435990951188e-05	0.0	(9.879435990951188e-05+0j)
0.010506250000000002	0.00011038128906250004	4.389912694691134e-06	0.00010938169195115093	0.0	(0.00010938169195115093+0j)
0.011024999999999998	0.00012155062499999997	4.833897211398153e-06	0.00012080121696396341	0.0	(0.00012080121696396341+0j)
0.011556249999999999	0.00013354691406249996	5.310707346772858e-06	0.00013309445707285897	0.0	(0.00013309445707285897+0j)
0.0121	0.00014641	5.821916651438386e-06	0.000146303551637876	0.0	(0.000146303551637876+0j)
0.01265625	0.00016018066406250003	6.369134525119335e-06	0.00016047124336561377	0.0	(0.00016047124336561377+0j)
0.013225	0.00017490062500000002	6.954006081638653e-06	0.00017564088863068674	0.0	(0.00017564088863068674+0j)
0.013806250000000003	0.00019061253906250007	7.578211997927298e-06	0.0001918564901717644	0.0	(0.0001918564901717644+0j)
0.0144	0.00020736	8.243468355484396e-06	0.00020916274747383198	0.0	(0.00020916274747383198+0j)
0.015006249999999999	0.00022518753906249997	8.95152647073516e-06	0.00022760511831880682	0.0	(0.00022760511831880682+0j)
0.015625	0.000244140625	9.704172714730674e-06	0.0002472298844402654	0.0	(0.0002472298844402654+0j)
0.01625625	0.0002642656640625	1.0503228320635216e-05	0.00026808421489511394	0.0	(0.00026808421489511394+0j)
0.016900000000000002	0.00028561000000000005	1.1350549179889313e-05	0.0002902162222872986	0.0	(0.0002902162222872986+0j)
0.017556250000000002	0.0003082219140625001	1.2248025624383985e-05	0.00031367500887068985	0.0	(0.00031367500887068985+0j)
0.018225	0.0003321506250000001	1.3197582198865021e-05	0.000338510701373584	0.0	(0.000338510701373584+0j)
0.018906250000000003	0.0003574462890625001	1.4201177416461874e-05	0.00036477447483840086	0.0	(0.00036477447483840086+0j)
0.019600000000000003	0.0003841600000000001	1.5260803503114317e-05	0.0003925185667406302	0.0	(0.0003925185667406302+0j)
0.020306250000000005	0.0004123437890625002	1.637848612534576e-05	0.00042179628315062306	0.0	(0.00042179628315062306+0j)
0.021025	0.0004420506249999999	1.7556284105380016e-05	0.00045266199883083915	0.0	(0.00045266199883083915+0j)
0.021756249999999998	0.0004733344140624999	1.8796289118938603e-05	0.00048517115303835256	0.0	(0.00048517115303835256+0j)
0.0225	0.00050625	2.010062537860513e-05	0.0005193802425446707	0.0	(0.0005193802425446707+0j)
0.02325625	0.0005408531640624999	2.1471449299759193e-05	0.0005553468130729404	0.0	(0.0005553468130729404+0j)
0.024025	0.000577200625	2.2910949150301008e-05	0.0005931294500506329	0.0	(0.0005931294500506329+0j)
0.024806250000000002	0.0006153500390625001	2.4421344682834523e-05	0.0006327877693080222	0.0	(0.0006327877693080222+0j)
0.0256	0.00065536	2.6004886748642875e-05	0.0006743824081355064	0.0	(0.0006743824081355064+0j)
0.026406250000000003	0.0006972900390625001	2.7663856893567207e-05	0.0007179750169477298	0.0	(0.0007179750169477298+0j)
0.027225000000000003	0.0007412006250000001	2.9400566934456585e-05	0.0007636282516801039	0.0	(0.0007636282516801039+0j)
0.028056250000000005	0.0007871531640625003	3.121735851685514e-05	0.0008114057669611191	0.0	(0.0008114057669611191+0j)
0.028900000000000006	0.0008352100000000003	3.311660265148397e-05	0.0008613722100471597	0.0	(0.0008613722100471597+0j)
0.029756250000000005	0.0008854344140625003	3.510069923196024e-05	0.0009135932154759722	0.0	(0.0009135932154759722+0j)
0.030625000000000006	0.0009378906250000004	3.717207652931265e-05	0.0009681354003724565	0.0	(0.0009681354003724565+0j)
0.03150625	0.0009926437890624999	3.933319066684593e-05	0.0010250663603380017	0.0	(0.0010250663603380017+0j)
0.0324	0.0010497599999999998	4.158652507146865e-05	0.0010844546658486894	0.0	(0.0010844546658486894+0j)
0.033306249999999996	0.0011093062890624996	4.3934589903427135e-05	0.001146369859094238	0.0	(0.001146369859094238+0j)
0.034225	0.001171350625	4.6379921462058604e-05	0.001210882451192559	0.0	(0.001210882451192559+0j)
0.03515625	0.0012359619140625	4.892508156861819e-05	0.0012780639197230133	0.0	(0.0012780639197230133+0j)
0.0361	0.00130321	5.157265692468105e-05	0.0013479867065273065	0.0	(0.0013479867065273065+0j)
0.03705625	0.0013731656640624998	5.432525844545344e-05	0.0014207242157332103	0.0	(0.0014207242157332103+0j)
0.038025	0.0014459006250000003	5.7185520568991954e-05	0.0014963508119643972	0.0	(0.0014963508119643972+0j)
0.039006250000000006	0.0015214875390625006	6.0156100538888424e-05	0.0015749418187024598	0.0	(0.0015749418187024598+0j)
0.04000000000000001	0.0016000000000000007	6.323967766103111e-05	0.001656573516774248	0.0	(0.001656573516774248+0j)
0.04100625000000001	0.0016815125390625006	6.643895253449772e-05	0.0017413231429419217	0.0	(0.0017413231429419217+0j)
0.04202500000000001	0.0017661006250000006	6.975664625447076e-05	0.001829268888574694	0.0	(0.001829268888574694+0j)
0.043056250000000004	0.0018538406640625003	7.319549958856308e-05	0.0019204898983876376	0.0	(0.0019204898983876376+0j)
0.04409999999999999	0.0019448099999999995	7.675827212455522e-05	0.0020150662692326104	0.0	(0.0020150662692326104+0j)
0.045156249999999995	0.0020390869140624996	8.044774139065458e-05	0.002113079048931096	0.0	(0.002113079048931096+0j)
0.046224999999999995	0.0021367506249999994	8.426670194622288e-05	0.0022146102351383373	0.0	(0.0022146102351383373+0j)
0.04730625	0.0022378812890625002	8.821796444422048e-05	0.002319742774231915	0.0	(0.002319742774231915+0j)
0.0484	0.00234256	9.230435466356379e-05	0.00242856056021799	0.0	(0.00242856056021799+0j)
0.04950625	0.0024508687890625004	9.652871251220052e-05	0.002541148433649416	0.0	(0.002541148433649416+0j)
0.050625	0.0025628906250000005	0.00010089389099984802	0.0026575921805516802	0.0	(0.0026575921805516802+0j)
0.051756250000000004	0.0026787094140625005	0.00010540275518028386	0.002777978531352795	0.0	(0.002777978531352795+0j)
0.0529	0.0027984100000000003	0.00011005818106299414	0.0029023951598137554	0.0	(0.0029023951598137554+0j)
0.05405625000000001	0.002922078164062501	0.00011486305449387446	0.0030309306819573706	0.0	(0.0030309306819573706+0j)
0.05522500000000001	0.003049800625000001	0.00011982027000467799	0.0031636746549927714	0.0	(0.0031636746549927714+0j)
0.056406250000000005	0.0031816650390625004	0.00012493272963090551	0.0033007175762336375	0.0	(0.0033007175762336375+0j)
0.0576	0.00331776	0.00013020334169844272	0.0034421508820093438	0.0	(0.0034421508820093438+0j)
0.05880625	0.0034581750390624997	0.00013563501957783441	0.0035880669465656644	0.0	(0.0035880669465656644+0j)
0.060024999999999995	0.0036030006249999995	0.00014123068040716724	0.003738559080956171	0.0	(0.003738559080956171+0j)
0.06125625	0.0037523281640625	0.00014699324378267264	0.0038937215319206006	0.0	(0.0038937215319206006+0j)
0.0625	0.00390625	0.00015292563041720275	0.004053649480751013	0.0	(0.004053649480751013+0j)
0.06375625	0.0040648594140625	0.00015903076076657918	0.00421843904214336	0.0	(0.00421843904214336+0j)
0.065025	0.004228250625	0.00016531155362396743	0.004388187263033898	0.0	(0.004388187263033898+0j)
0.06630625	0.0043965187890625	0.00017177092468194377	0.004562992121419597	0.0	(0.004562992121419597+0j)
0.06760000000000001	0.004569760000000001	0.0001784117850625322	0.004742952525160849	0.0	(0.004742952525160849+0j)
0.06890625	0.0047480712890625	0.0001852370398153641	0.004928168310765899	0.0	(0.004928168310765899+0j)
0.07022500000000001	0.004931550625000001	0.0001922495863840301	0.005118740242156096	0.0	(0.005118740242156096+0j)
0.07155625	0.0051202969140625	0.00019945231304074884	0.005314770009409919	0.0	(0.005314770009409919+0j)
0.0729	0.005314410000000001	0.00020684809728972742	0.005516360227486143	0.0	(0.005516360227486143+0j)
0.07425625000000001	0.005513990664062501	0.00021443980423939413	0.005723614434923679	0.0	(0.005723614434923679+0j)
0.07562500000000001	0.005719140625000002	0.00022223028494380848	0.005936637092517852	0.0	(0.005936637092517852+0j)
0.07700625000000001	0.005929962539062502	0.0002302223747136234	0.006155533581971552	0.0	(0.006155533581971552+0j)
0.07840000000000001	0.006146560000000001	0.0002384188913971269	0.0063804102045204505	0.0	(0.0063804102045204505+0j)
0.07980625000000002	0.006369037539062504	0.0002468226336315438	0.006611374179530759	0.0	(0.006611374179530759+0j)
0.08122500000000002	0.006597500625000003	0.0002554363790655545	0.006848533643069433	0.0	(0.006848533643069433+0j)
0.08265625000000001	0.006832055664062502	0.0002642628825530319	0.007091997646444403	0.0	(0.007091997646444403+0j)
0.0841	0.007072809999999999	0.00027330487431909134	0.0073418761547149065	0.0	(0.0073418761547149065+0j)
0.08555624999999999	0.007319871914062498	0.00028256505809892696	0.007598280045171244	0.0	(0.007598280045171244+0j)
0.08702499999999999	0.007573350624999998	0.00029204610925005065	0.007861321105781529	0.0	(0.007861321105781529+0j)
0.08850625	0.0078333562890625	0.0003017506728389893	0.008131112033607266	0.0	(0.008131112033607266+0j)
0.09	0.0081	0.00031168136170295346	0.008407766433184237	0.0	(0.008407766433184237+0j)
0.09150625	0.0083733937890625	0.00032184075448764976	0.00869139881487051	0.0	(0.00869139881487051+0j)
0.093025	0.008653650624999999	0.00033223139366202886	0.008982124593160312	0.0	(0.008982124593160312+0j)
0.09455625	0.0089408844140625	0.0003428557835110091	0.009280060084962823	0.0	(0.009280060084962823+0j)
0.0961	0.00923521	0.00035371638810730716	0.00958532250784765	0.0	(0.00958532250784765+0j)
0.09765625	0.0095367431640625	0.00036481562926343747	0.009898029978254777	0.0	(0.009898029978254777+0j)
0.09922500000000001	0.009845600625000001	0.00037615588446509446	0.010218301509670798	0.0	(0.010218301509670798+0j)
0.10080625	0.0101619000390625	0.0003877394847872223	0.010546257010771906	0.0	(0.010546257010771906+0j)
0.1024	0.01048576	0.000399568712794042	0.01088201728353313	0.0	(0.01088201728353313+0j)
0.10400625000000001	0.010817300039062502	0.0004116458004244372	0.011225704021305658	0.0	(0.011225704021305658+0j)
0.10562500000000001	0.011156640625000002	0.00042397292686414956	0.011577439806861944	0.0	(0.011577439806861944+0j)
0.10725625000000001	0.011503903164062503	0.0004365522164063024	0.011937348110412183	0.0	(0.011937348110412183+0j)
0.10890000000000001	0.011859210000000002	0.0004493857363017939	0.01230555328758963	0.0	(0.01230555328758963+0j)
0.11055625000000001	0.012222684414062502	0.00046247549460128046	0.012682180577411767	0.0	(0.012682180577411767+0j)
0.11222500000000002	0.012594450625000005	0.00047582343799035254	0.013067356100211789	0.0	(0.013067356100211789+0j)
0.11390625000000001	0.012974633789062504	0.0004894314496197427	0.01346120685554936	0.0	(0.01346120685554936+0j)
0.11560000000000002	0.013363360000000005	0.0005033013469324041	0.013863860720098342	0.0	(0.013863860720098342+0j)
0.11730625000000001	0.013760756289062504	0.0005174348794892702	0.014275446445514366	0.0	(0.014275446445514366+0j)
0.11902500000000002	0.014166950625000004	0.0005318337267957579	0.014696093656285653	0.0	(0.014696093656285653+0j)
0.12075625000000002	0.014582071914062505	0.0005464994961309928	0.015125932847568418	0.0	(0.015125932847568418+0j)
0.12250000000000003	0.015006250000000006	0.0005614337203817821	0.015565095383010092	0.0	(0.015565095383010092+0j)
0.12425624999999998	0.015439615664062496	0.0005766378558835945	0.01601371349256153	0.0	(0.01601371349256153+0j)
0.126025	0.015882300624999998	0.0005921132802706071	0.016471920270282436	0.0	(0.016471920270282436+0j)
0.12780624999999998	0.016334437539062496	0.0006078612903372103	0.016939849672143296	0.0	(0.016939849672143296+0j)
0.1296	0.016796159999999997	0.0006238830999131806	0.017417636513822814	0.0	(0.017417636513822814+0j)
0.13140625	0.0172676025390625	0.0006401798377549429	0.017905416468509436	0.0	(0.017905416468509436+0j)
0.13322499999999998	0.017748900624999994	0.0006567525454553337	0.018403326064704472	0.0	(0.018403326064704472+0j)
0.13505625	0.018240190664062496	0.0006736021753743424	0.018911502684032667	0.0	(0.018911502684032667+0j)
0.1369	0.01874161	0.0006907295885933036	0.019430084559062734	0.0	(0.019430084559062734+0j)
0.13875625	0.0192532969140625	0.0007081355528951935	0.019959210771141316	0.0	(0.019959210771141316+0j)
0.140625	0.019775390625	0.0007258207407735799	0.02049902124824038	0.0	(0.02049902124824038+0j)
0.14250625	0.0203080312890625	0.0007437857274728947	0.021049656762825983	0.0	(0.021049656762825983+0j)
0.1444	0.02085136	0.0007620309890627036	0.02161125892974639	0.0	(0.02161125892974639+0j)
0.14630625	0.0214055187890625	0.0007805569005487553	0.022183970204146898	0.0	(0.022183970204146898+0j)
0.148225	0.021970650624999997	0.000799363734023513	0.02276793387941063	0.0	(0.02276793387941063+0j)
0.15015625000000002	0.022546899414062505	0.0008184516568590025	0.023363294085132824	0.0	(0.023363294085132824+0j)
0.1521	0.023134410000000005	0.000837820729944757	0.023970195785126682	0.0	(0.023970195785126682+0j)
0.15405625	0.0237333281640625	0.000857470905973743	0.024588784775469375	0.0	(0.024588784775469375+0j)
0.15602500000000002	0.02434380062500001	0.0008774020277790701	0.025219207682585572	0.0	(0.025219207682585572+0j)
0.15800625000000001	0.024965975039062505	0.0008976138267244391	0.025861611961380628	0.0	(0.025861611961380628+0j)
0.16000000000000003	0.02560000000000001	0.0009181059211511317	0.026516145893415485	0.0	(0.026516145893415485+0j)
0.16200625000000002	0.026246025039062506	0.0009388778148844822	0.027182958585137817	0.0	(0.027182958585137817+0j)
0.16402500000000003	0.02690420062500001	0.0009599288958027207	0.027862199966166484	0.0	(0.027862199966166484+0j)
0.16605625000000002	0.027574678164062505	0.0009812584344710655	0.028554020787635123	0.0	(0.028554020787635123+0j)
0.16810000000000003	0.02825761000000001	0.0010028655828439696	0.029258572620600977	0.0	(0.029258572620600977+0j)
0.17015625000000004	0.02895314941406251	0.0010247493730383712	0.029976007854515745	0.0	(0.029976007854515745+0j)
0.17222500000000002	0.029661450625000006	0.0010469087161808222	0.030706479695775585	0.0	(0.030706479695775585+0j)
0.17430625	0.030382668789062497	0.0010693424013313284	0.031450142166339914	0.0	(0.031450142166339914+0j)
0.17639999999999997	0.031116959999999992	0.001092049094486687	0.03220715010243517	0.0	(0.03220715010243517+0j)
0.17850624999999998	0.03186448128906249	0.0011150273376661305	0.0329776591533375	0.0	(0.0329776591533375+0j)
0.18062499999999998	0.03262539062499999	0.0011382755480819611	0.03376182578025312	0.0	(0.03376182578025312+0j)
0.18275624999999998	0.033399846914062496	0.001161792017397932	0.03455980725528109	0.0	(0.03455980725528109+0j)
0.18489999999999998	0.03418800999999999	0.0011855749110779423	0.03537176166048418	0.0	(0.03537176166048418+0j)
0.18705625	0.0349900406640625	0.0012096222678276772	0.03619784788705529	0.0	(0.03619784788705529+0j)
0.189225	0.035806100625000004	0.0012339319991317224	0.03703822563459308	0.0	(0.03703822563459308+0j)
0.19140625	0.0366363525390625	0.0012585018888885526	0.03789305541048903	0.0	(0.03789305541048903+0j)
0.1936	0.03748096	0.0012833295931458403	0.038762498529427175	0.0	(0.038762498529427175+0j)
0.19580625000000002	0.038340087539062505	0.0013084126399383377	0.03964671711300473	0.0	(0.03964671711300473+0j)
0.198025	0.039213900625000006	0.0013337484292305522	0.040545874089475006	0.0	(0.040545874089475006+0j)
0.20025625	0.0401025656640625	0.0013593342329663678	0.04146013319361513	0.0	(0.04146013319361513+0j)
0.2025	0.04100625000000001	0.0013851671952275916	0.042389658966725474	0.0	(0.042389658966725474+0j)
0.20475625	0.0419251219140625	0.0014112443325033789	0.043334616756757136	0.0	(0.043334616756757136+0j)
0.20702500000000001	0.04285935062500001	0.0014375625340722967	0.04429517271858062	0.0	(0.04429517271858062+0j)
0.20930625000000003	0.04380910628906251	0.0014641185624987918	0.04527149381438337	0.0	(0.04527149381438337+0j)
0.2116	0.044774560000000005	0.0014909090542455337	0.046263747814215134	0.0	(0.046263747814215134+0j)
0.21390625000000002	0.04575588378906251	0.0015179305204031527	0.04727210329666588	0.0	(0.04727210329666588+0j)
0.21622500000000003	0.04675325062500001	0.0015451793475386218	0.048296729649690555	0.0	(0.048296729649690555+0j)
0.21855625000000004	0.047766834414062515	0.001572651798663464	0.0493377970715752	0.0	(0.0493377970715752+0j)
0.22090000000000004	0.04879681000000002	0.0016003440143228043	0.05039547657204432	0.0	(0.05039547657204432+0j)
0.22325625000000002	0.04984335316406251	0.0016282520138061075	0.05146993997351306	0.0	(0.05146993997351306+0j)
0.22562500000000002	0.050906640625000006	0.0016563716964803372	0.05256135991248144	0.0	(0.05256135991248144+0j)
0.22800625000000002	0.05198685003906251	0.00168469884324604	0.05366990984106988	0.0	(0.05366990984106988+0j)
0.2304	0.05308416	0.00171322911811677	0.054795764028696306	0.0	(0.054795764028696306+0j)
0.23280625	0.05419875003906249	0.0017419580699220274	0.055939097563894924	0.0	(0.055939097563894924+0j)
0.235225	0.055330800624999996	0.001770881134133739	0.05710008635626626	0.0	(0.05710008635626626+0j)
0.23765624999999999	0.05648049316406249	0.001799993634816155	0.05827890713857321	0.0	(0.05827890713857321+0j)
0.24009999999999998	0.05764800999999999	0.0018292907866987711	0.0594757374689627	0.0	(0.0594757374689627+0j)
0.24255625	0.0588335344140625	0.0018587676973717895	0.06069075573332309	0.0	(0.06069075573332309+0j)
0.245025	0.060037250625	0.001888419369603377	0.06192414114776859	0.0	(0.06192414114776859+0j)
0.24750625	0.061259343789062504	0.0019182407037778115	0.06317607376125245	0.0	(0.06317607376125245+0j)
0.25	0.0625	0.001948226500453391	0.0644467344583	0.0	(0.0644467344583+0j)
0.25250625000000004	0.06375940628906253	0.0019783714630387996	0.06573630496186646	0.0	(0.06573630496186646+0j)
0.255025	0.065037750625	0.002008670200586403	0.06704496783630493	0.0	(0.06704496783630493+0j)
0.25755625000000004	0.06633522191406252	0.002039117230700774	0.06837290649045567	0.0	(0.06837290649045567+0j)
0.2601	0.06765201	0.0020697069825604776	0.06972030518084207	0.0	(0.06972030518084207+0j)
0.26265625	0.06898830566406249	0.0021004338000510376	0.07108734901497152	0.0	(0.07108734901497152+0j)
0.265225	0.070344300625	0.002131291945006692	0.07247422395474457	0.0	(0.07247422395474457+0j)
0.26780624999999997	0.07172018753906248	0.0021622756005584345	0.07388111681995611	0.0	(0.07388111681995611+0j)
0.27040000000000003	0.07311616000000001	0.002193378874585566	0.07530821529190505	0.0	(0.07530821529190505+0j)
0.27300624999999995	0.07453241253906247	0.002224595803267799	0.07675570791708289	0.0	(0.07675570791708289+0j)
0.275625	0.075969140625	0.0022559203547347882	0.07822378411095714	0.0	(0.07822378411095714+0j)
0.27825625	0.07742654066406249	0.0022873464328096757	0.07971263416184397	0.0	(0.07971263416184397+0j)
0.28090000000000004	0.07890481000000002	0.0023188678808431515	0.08122244923485103	0.0	(0.08122244923485103+0j)
0.28355624999999995	0.08040414691406247	0.002350478485634219	0.08275342137590855	0.0	(0.08275342137590855+0j)
0.286225	0.081924750625	0.0023821719814337843	0.08430574351586471	0.0	(0.08430574351586471+0j)
0.28890625	0.08346682128906249	0.002413942054026863	0.0858796094746578	0.0	(0.0858796094746578+0j)
0.2916	0.08503056000000002	0.002445782344889169	0.08747521396554409	0.0	(0.08747521396554409+0j)
0.29430625	0.08661616878906249	0.0024776864554135257	0.08909275259939732	0.0	(0.08909275259939732+0j)
0.29702500000000004	0.08822385062500002	0.0025096479512014807	0.09073242188905337	0.0	(0.09073242188905337+0j)
0.29975625	0.0898538094140625	0.002541660366415266	0.09239441925371816	0.0	(0.09239441925371816+0j)
0.30250000000000005	0.09150625000000003	0.0025737172081851316	0.09407894302341291	0.0	(0.09407894302341291+0j)
0.30525625	0.09318137816406251	0.002605811961066903	0.09578619244346925	0.0	(0.09578619244346925+0j)
0.30802500000000005	0.09487940062500003	0.0026379380915444737	0.09751636767905958	0.0	(0.09751636767905958+0j)
0.31080625	0.09660052503906251	0.002670089052571818	0.09926966981976326	0.0	(0.09926966981976326+0j)
0.31360000000000005	0.09834496000000002	0.0027022582881489777	0.101046300884156	0.0	(0.101046300884156+0j)
0.31640625	0.1001129150390625	0.0027344392379263314	0.10284646382443238	0.0	(0.10284646382443238+0j)
0.3192250000000001	0.10190460062500006	0.002766625341831417	0.10467036253103403	0.0	(0.10467036253103403+0j)
0.32205625	0.1037202281640625	0.002798810044712363	0.10651820183729796	0.0	(0.10651820183729796+0j)
0.3249000000000001	0.10556001000000005	0.002830986800992052	0.10839018752412133	0.0	(0.10839018752412133+0j)
0.32775625	0.10742415941406251	0.002863149079326878	0.11028652632460717	0.0	(0.11028652632460717+0j)
0.33062500000000006	0.10931289062500003	0.0028952903672640916	0.11220742592871885	0.0	(0.11220742592871885+0j)
0.33350625	0.1112264187890625	0.0029274041758914748	0.11415309498793523	0.0	(0.11415309498793523+0j)
0.3364	0.11316495999999998	0.002959484044473216	0.11612374311986927	0.0	(0.11612374311986927+0j)
0.33930625000000003	0.11512873128906252	0.002991523545065709	0.11811958091288169	0.0	(0.11811958091288169+0j)
0.34222499999999995	0.11711795062499997	0.0030235162871070243	0.12014081993065921	0.0	(0.12014081993065921+0j)
0.34515625000000005	0.11913283691406254	0.0030554559219738197	0.12218767271676775	0.0	(0.12218767271676775+0j)
0.34809999999999997	0.12117360999999997	0.0030873361474993916	0.12426035279915479	0.0	(0.12426035279915479+0j)
0.35105625	0.12324049066406251	0.003119150712446697	0.1263590746946251	0.0	(0.1263590746946251+0j)
0.354025	0.125333700625	0.0031508934209300656	0.12848405391324555	0.0	(0.12848405391324555+0j)
0.35700625	0.1274534625390625	0.0031825581367795415	0.13063550696270484	0.0	(0.13063550696270484+0j)
0.36	0.1296	0.0032141387878416765	0.1328136513526106	0.0	(0.1328136513526106+0j)
0.36300625000000003	0.1317735375390625	0.0032456293702108198	0.1350187055987094	0.0	(0.1350187055987094+0j)
0.366025	0.133974300625	0.0032770239523849244	0.13725088922703935	0.0	(0.13725088922703935+0j)
0.36905625000000003	0.13620251566406252	0.003308316679340078	0.1395104227780054	0.0	(0.1395104227780054+0j)
0.3721	0.13845840999999998	0.003339501776517993	0.14179752781034896	0.0	(0.14179752781034896+0j)
0.3751562500000001	0.14074221191406255	0.0033705735537209068	0.1441124269050545	0.0	(0.1441124269050545+0j)
0.378225	0.143054150625	0.0034015264089083987	0.14645534366912932	0.0	(0.14645534366912932+0j)
0.38130625000000007	0.14539445628906256	0.0034323548318908443	0.14882650273930803	0.0	(0.14882650273930803+0j)
0.3844	0.14776336	0.003463053407914352	0.15122612978562444	0.0	(0.15122612978562444+0j)
0.38750625000000005	0.15016109378906253	0.003493616821132229	0.15365445151488494	0.0	(0.15365445151488494+0j)
0.390625	0.152587890625	0.0035240398579581915	0.1561116956740199	0.0	(0.1561116956740199+0j)
0.3937562500000001	0.15504398441406256	0.0035543174102967475	0.15859809105331907	0.0	(0.15859809105331907+0j)
0.39690000000000003	0.15752961000000001	0.0035844444786463725	0.16111386748951784	0.0	(0.16111386748951784+0j)
0.40005625000000006	0.16004500316406253	0.003614416175071358	0.1636592558687842	0.0	(0.1636592558687842+0j)
0.403225	0.162590400625	0.003644227726038389	0.16623448812954775	0.0	(0.16623448812954775+0j)
0.4064062500000001	0.16516604003906257	0.0036738744751141886	0.16883979726519255	0.0	(0.16883979726519255+0j)
0.4096	0.16777216	0.0037033518855207987	0.17147541732661412	0.0	(0.17147541732661412+0j)
0.41280624999999993	0.17040900003906245	0.00373265554254534	0.17414158342463038	0.0	(0.17414158342463038+0j)
0.41602500000000003	0.17307680062500003	0.0037617811558013255	0.17683853173223513	0.0	(0.17683853173223513+0j)
0.41925624999999994	0.17577580316406244	0.0037907245613389103	0.1795664994867107	0.0	(0.1795664994867107+0j)
0.42250000000000004	0.17850625000000003	0.0038194817236017393	0.18232572499157942	0.0	(0.18232572499157942+0j)
0.42575624999999995	0.18126838441406246	0.0038480487372282777	0.18511644761840626	0.0	(0.18511644761840626+0j)
0.42902500000000005	0.18406245062500004	0.0038764218286959115	0.18793890780843261	0.0	(0.18793890780843261+0j)
0.43230624999999995	0.18688869378906245	0.0039045973578062648	0.19079334707406362	0.0	(0.19079334707406362+0j)
0.43560000000000004	0.18974736000000003	0.003932571819010609	0.19368000800018687	0.0	(0.19368000800018687+0j)
0.43890625	0.1926386962890625	0.003960341842574413	0.19659913424533323	0.0	(0.19659913424533323+0j)
0.44222500000000003	0.19556295062500004	0.003987904195580509	0.19955097054267673	0.0	(0.19955097054267673+0j)
0.44555625	0.1985203719140625	0.004015255782770538	0.20253576270086363	0.0	(0.20253576270086363+0j)
0.4489000000000001	0.20151121000000008	0.004042393647224728	0.20555375760469882	0.0	(0.20555375760469882+0j)
0.45225624999999997	0.20453571566406248	0.004069314970880302	0.2086052032156402	0.0	(0.2086052032156402+0j)
0.45562500000000006	0.20759414062500006	0.004096017074889161	0.21169034857217212	0.0	(0.21169034857217212+0j)
0.45900625	0.2106867375390625	0.004122497419815733	0.21480944378997713	0.0	(0.21480944378997713+0j)
0.4624000000000001	0.21381376000000007	0.004148753605676233	0.21796274006197497	0.0	(0.21796274006197497+0j)
0.46580625	0.21697546253906247	0.004174783371820814	0.22115048965820194	0.0	(0.22115048965820194+0j)
0.46922500000000006	0.22017210062500006	0.004200584596660435	0.22437294592552115	0.0	(0.22437294592552115+0j)
0.47265625	0.2234039306640625	0.004226155297240475	0.22763036328719674	0.0	(0.22763036328719674+0j)
0.4761000000000001	0.22667121000000007	0.0042514936286635	0.2309229972423021	0.0	(0.2309229972423021+0j)
0.47955625	0.2299741969140625	0.004276597883363751	0.23425110436498794	0.0	(0.23425110436498794+0j)
0.4830250000000001	0.23331315062500008	0.004301466490236267	0.23761494230360358	0.0	(0.23761494230360358+0j)
0.48650625000000003	0.23668833128906253	0.004326098013623755	0.24101476977967595	0.0	(0.24101476977967595+0j)
0.4900000000000001	0.2401000000000001	0.004350491152164595	0.24445084658674868	0.0	(0.24445084658674868+0j)
0.49350625000000004	0.24354841878906253	0.004374644737505573	0.24792343358908306	0.0	(0.24792343358908306+0j)
0.49702499999999994	0.24703385062499994	0.004398557732883187	0.2514327927202322	0.0	(0.2514327927202322+0j)
0.50055625	0.2505565594140625	0.004422229231577568	0.2549791869814936	0.0	(0.2549791869814936+0j)
0.5041	0.25411680999999997	0.004445658455243232	0.2585628804402156	0.0	(0.2585628804402156+0j)
0.50765625	0.2577148681640625	0.004468844752121144	0.26218413822802084	0.0	(0.26218413822802084+0j)
0.5112249999999999	0.26135100062499994	0.004491787595136655	0.26584322653887477	0.0	(0.26584322653887477+0j)
0.51480625	0.26502547503906254	0.004514486579888108	0.269540412627083	0.0	(0.269540412627083+0j)
0.5184	0.26873855999999996	0.0045369414225310285	0.2732759648051625	0.0	(0.2732759648051625+0j)
0.52200625	0.2724905250390625	0.004559151957562953	0.27705015244160713	0.0	(0.27705015244160713+0j)
0.525625	0.276281640625	0.004581118135514074	0.28086324595859247	0.0	(0.28086324595859247+0j)
0.5292562500000001	0.2801121781640626	0.004602840020549007	0.2847155168295514	0.0	(0.2847155168295514+0j)
0.5328999999999999	0.2839824099999999	0.004624317787985027	0.28860723757669443	0.0	(0.28860723757669443+0j)
0.5365562500000001	0.2878926094140626	0.00464555172173228	0.29253868176843945	0.0	(0.29253868176843945+0j)
0.540225	0.29184305062499993	0.004666542211661454	0.29651012401677634	0.0	(0.29651012401677634+0j)
0.54390625	0.2958340087890625	0.004687289750904523	0.30052183997456045	0.0	(0.30052183997456045+0j)
0.5476	0.29986576	0.004707794933094159	0.3045741063327429	0.0	(0.3045741063327429+0j)
0.5513062500000001	0.3039385812890626	0.0047280584495474455	0.30866720081755933	0.0	(0.30866720081755933+0j)
0.555025	0.308052750625	0.0047480810863995615	0.3128014021876416	0.0	(0.3128014021876416+0j)
0.5587562500000001	0.3122085469140626	0.004767863721693041	0.31697699023112313	0.0	(0.31697699023112313+0j)
0.5625	0.31640625	0.004787407322428249	0.32119424576267364	0.0	(0.32119424576267364+0j)
0.5662562500000001	0.32064614066406266	0.004806712941580648	0.3254534506205146	0.0	(0.3254534506205146+0j)
0.570025	0.324928500625	0.004825781715090389	0.3297548876634149	0.0	(0.3297548876634149+0j)
0.5738062500000001	0.3292536125390626	0.0048446148588297145	0.33409884076764473	0.0	(0.33409884076764473+0j)
0.5776	0.33362176	0.004863213665553551	0.3384855948239386	0.0	(0.3384855948239386+0j)
0.5814062500000001	0.3380332275390626	0.004881579501838646	0.3429154357344224	0.0	(0.3429154357344224+0j)
0.585225	0.342488300625	0.0048997138050164155	0.3473886504095727	0.0	(0.3473886504095727+0j)
0.5890562500000001	0.34698726566406257	0.0049176180801046845	0.3519055267651114	0.0	(0.3519055267651114+0j)
0.5929	0.35153040999999996	0.004935293896743235	0.35646635371899305	0.0	(0.35646635371899305+0j)
0.59675625	0.3561180219140625	0.004952742886138093	0.3610714211883123	0.0	(0.3610714211883123+0j)
0.6006250000000001	0.3607503906250001	0.004969966738019234	0.36572102008630747	0.0	(0.36572102008630747+0j)
0.6045062499999999	0.3654278062890624	0.0049869671976163045	0.3704154423193137	0.0	(0.3704154423193137+0j)
0.6084	0.3701505600000001	0.00500374606265678	0.3751549807837972	0.0	(0.3751549807837972+0j)
0.6123062499999999	0.37491894378906243	0.005020305180390805	0.37993992936338283	0.0	(0.37993992936338283+0j)
0.616225	0.379733250625	0.005036646444646821	0.3847705829259388	0.0	(0.3847705829259388+0j)
0.62015625	0.38459377441406245	0.0050527717929218716	0.38964723732066625	0.0	(0.38964723732066625+0j)
0.6241000000000001	0.38950081000000014	0.00506868320351033	0.39457018937528004	0.0	(0.39457018937528004+0j)
0.62805625	0.3944546531640625	0.0050843826926745715	0.3995397368931799	0.0	(0.3995397368931799+0j)
0.6320250000000001	0.3994556006250001	0.005099872311860961	0.40455617865072097	0.0	(0.40455617865072097+0j)
0.63600625	0.4045039500390625	0.005115154144964281	0.4096198143945067	0.0	(0.4096198143945067+0j)
0.6400000000000001	0.4096000000000002	0.005130230305643589	0.414730944838739	0.0	(0.414730944838739+0j)
0.64400625	0.4147440500390625	0.005145102934692208	0.4198898716626514	0.0	(0.4198898716626514+0j)
0.6480250000000001	0.4199364006250001	0.00515977419746447	0.42509689750799007	0.0	(0.42509689750799007+0j)
0.65205625	0.4251773531640625	0.005174246281361498	0.4303523259765391	0.0	(0.4303523259765391+0j)
0.6561000000000001	0.43046721000000016	0.005188521393378218	0.43565646162777194	0.0	(0.43565646162777194+0j)
0.66015625	0.4358062744140625	0.005202601757713519	0.4410096099765154	0.0	(0.4410096099765154+0j)
0.6642250000000001	0.4411948506250001	0.005216489613445331	0.44641207749072576	0.0	(0.44641207749072576+0j)
0.66830625	0.4466332437890625	0.005230187212272142	0.4518641715893333	0.0	(0.4518641715893333+0j)
0.6724000000000001	0.45212176000000015	0.0052436968163223135	0.45736620064015404	0.0	(0.45736620064015404+0j)
0.67650625	0.45766070628906247	0.00525702069603235	0.46291847395790714	0.0	(0.46291847395790714+0j)
0.6806250000000001	0.4632503906250002	0.005270161128095092	0.4685213018022899	0.0	(0.4685213018022899+0j)
0.6847562500000001	0.46889112191406257	0.00528312039347858	0.4741749953761686	0.0	(0.4741749953761686+0j)
0.6889000000000001	0.4745832100000001	0.005295900775516242	0.4798798668238303	0.0	(0.4798798668238303+0j)
0.69305625	0.4803269656640626	0.005308504558068748	0.48563622922934035	0.0	(0.48563622922934035+0j)
0.697225	0.48612270062499996	0.005320934023757849	0.4914443966149979	0.0	(0.4914443966149979+0j)
0.70140625	0.4919707275390625	0.005333191452272226	0.49730468393987726	0.0	(0.49730468393987726+0j)
0.7055999999999999	0.4978713599999999	0.005345279118745299	0.5032174070984478	0.0	(0.5032174070984478+0j)
0.7098062500000001	0.5038249125390626	0.005357199292204746	0.5091828829193409	0.0	(0.5091828829193409+0j)
0.7140249999999999	0.5098317006249998	0.005368954234093352	0.5152014291641563	0.0	(0.5152014291641563+0j)
0.71825625	0.5158920406640626	0.005380546196860677	0.521273364526424	0.0	(0.521273364526424+0j)
0.7224999999999999	0.5220062499999999	0.00539197742262485	0.5273990086306348	0.0	(0.5273990086306348+0j)
0.7267562500000001	0.5281746469140627	0.005403250141903756	0.5335786820313702	0.0	(0.5335786820313702+0j)
0.7310249999999999	0.5343975506249999	0.005414366572414664	0.539812706212578	0.0	(0.539812706212578+0j)
0.73530625	0.5406752812890626	0.005425328917941315	0.546101403586907	0.0	(0.546101403586907+0j)
0.7395999999999999	0.5470081599999999	0.005436139367267327	0.5524450974951778	0.0	(0.5524450974951778+0j)
0.7439062500000001	0.5533965087890627	0.005446800093174724	0.5588441122059838	0.0	(0.5588441122059838+0j)
0.748225	0.559840650625	0.005457313251506255	0.5652987729153107	0.0	(0.5652987729153107+0j)
0.75255625	0.5663409094140626	0.005467680980290148	0.571809405746405	0.0	(0.571809405746405+0j)
0.7569	0.5728976100000001	0.005477905398925811	0.5783763377496354	0.0	(0.5783763377496354+0j)
0.7612562500000001	0.5795110781640627	0.0054879886074289674	0.5849998969025532	0.0	(0.5849998969025532+0j)
0.765625	0.586181640625	0.005497932685734632	0.5916804121099868	0.0	(0.5916804121099868+0j)
0.7700062500000001	0.5929096250390626	0.005507739693056296	0.5984182132043295	0.0	(0.5984182132043295+0j)
0.7744	0.59969536	0.005517411667299622	0.6052136309459109	0.0	(0.6052136309459109+0j)
0.7788062500000001	0.6065391750390627	0.00552695062452895	0.6120669970234714	0.0	(0.6120669970234714+0j)
0.7832250000000001	0.6134414006250001	0.005536358558484827	0.6189786440547785	0.0	(0.6189786440547785+0j)
0.7876562500000002	0.6204023681640628	0.005545637440150817	0.6259489055873896	0.0	(0.6259489055873896+0j)
0.7921	0.6274224100000001	0.005554789217367767	0.6329781160994704	0.0	(0.6329781160994704+0j)
0.7965562500000001	0.6345018594140627	0.005563815814493727	0.640066611000805	0.0	(0.640066611000805+0j)
0.801025	0.641641050625	0.005572719132107712	0.6472147266339345	0.0	(0.6472147266339345+0j)
0.80550625	0.6488403187890625	0.005581501046755469	0.6544228002753883	0.0	(0.6544228002753883+0j)
0.81	0.6561000000000001	0.00559016341073546	0.6616911701370877	0.0	(0.6616911701370877+0j)
0.81450625	0.6634204312890625	0.005598708051923218	0.6690201753679209	0.0	(0.6690201753679209+0j)
0.819025	0.670801950625	0.005607136773632327	0.6764101560554507	0.0	(0.6764101560554507+0j)
0.82355625	0.6782448969140625	0.0056154513545101925	0.6838614532278104	0.0	(0.6838614532278104+0j)
0.8281000000000001	0.6857496100000001	0.005623653548466912	0.6913744088557913	0.0	(0.6913744088557913+0j)
0.83265625	0.6933164306640625	0.005631745084635456	0.6989493658551724	0.0	(0.6989493658551724+0j)
0.8372250000000001	0.7009457006250002	0.005639727667361507	0.7065866680892505	0.0	(0.7065866680892505+0j)
0.84180625	0.7086377625390624	0.0056476029762212495	0.7142866603716981	0.0	(0.7142866603716981+0j)
0.8464	0.7163929600000001	0.005655372666065508	0.7220496884697424	0.0	(0.7220496884697424+0j)
0.85100625	0.7242116375390625	0.00566303836708862	0.7298760991077187	0.0	(0.7298760991077187+0j)
0.8556250000000001	0.7320941406250001	0.0056706016849204935	0.7377662399711087	0.0	(0.7377662399711087+0j)
0.86025625	0.7400408156640624	0.005678064200740332	0.7457204597111388	0.0	(0.7457204597111388+0j)
0.8649000000000001	0.7480520100000002	0.005685427471410563	0.7537391079500317	0.0	(0.7537391079500317+0j)
0.86955625	0.7561280719140625	0.005692693029629533	0.7618225352871881	0.0	(0.7618225352871881+0j)
0.8742250000000001	0.7642693506250002	0.005699862384101618	0.7699710933062835	0.0	(0.7699710933062835+0j)
0.87890625	0.7724761962890625	0.005706937019723375	0.7781851345837651	0.0	(0.7781851345837651+0j)
0.8836000000000002	0.7807489600000003	0.0057139183977845025	0.7864650126989133	0.0	(0.7864650126989133+0j)
0.88830625	0.7890879937890625	0.0057208079561823265	0.7948110822459868	0.0	(0.7948110822459868+0j)
0.8930250000000001	0.7974936506250001	0.00572760710964868	0.803223698848978	0.0	(0.803223698848978+0j)
0.89775625	0.8059662844140626	0.005734317249987994	0.8117032191796958	0.0	(0.8117032191796958+0j)
0.9025000000000001	0.8145062500000001	0.005740939746325548	0.8202500009802549	0.0	(0.8202500009802549+0j)
0.90725625	0.8231139031640625	0.005747475945364831	0.828864403091189	0.0	(0.828864403091189+0j)
0.9120250000000001	0.8317896006250002	0.005753927171653025	0.8375467854871086	0.0	(0.8375467854871086+0j)
0.91680625	0.8405337000390626	0.005760294727853683	0.8462975093223755	0.0	(0.8462975093223755+0j)
0.9216	0.84934656	0.005766579895025701	0.8551169369903768	0.0	(0.8551169369903768+0j)
0.9264062500000001	0.8582285400390627	0.005772783932907747	0.8640054322014978	0.0	(0.8640054322014978+0j)
0.931225	0.8671800006249999	0.005778908080207347	0.8729633600872608	0.0	(0.8729633600872608+0j)
0.93605625	0.8762013031640625	0.005784953554893883	0.8819910873417901	0.0	(0.8819910873417901+0j)
0.9409	0.8852928099999999	0.005790921554494784	0.8910889824176003	0.0	(0.8910889824176003+0j)
0.9457562500000001	0.8944548844140626	0.005796813256394261	0.9002574158028123	0.0	(0.9002574158028123+0j)
0.9506249999999999	0.9036878906249999	0.005802629818133942	0.9094967604235572	0.0	(0.9094967604235572+0j)
0.9555062500000001	0.9129921937890627	0.005808372377714856	0.9188073922458926	0.0	(0.9188073922458926+0j)
0.9603999999999999	0.9223681599999999	0.00581404205390019	0.9281896912085147	0.0	(0.9281896912085147+0j)
0.96530625	0.9318161562890626	0.005819639946518336	0.937644042731202	0.0	(0.937644042731202+0j)
0.970225	0.941336550625	0.005825167136765748	0.9471708402851488	0.0	(0.9471708402851488+0j)
0.9751562500000001	0.9509297119140626	0.005830624687509192	0.9567704900708788	0.0	(0.9567704900708788+0j)
0.9801	0.96059601	0.005836013643586958	0.9664434202895734	0.0	(0.9664434202895734+0j)
0.9850562500000001	0.9703358156640627	0.005841335032108704	0.9761901017645619	0.0	(0.9761901017645619+0j)
0.990025	0.9801495006250001	0.005846589862753557	0.9860111020878619	0.0	(0.9860111020878619+0j)
0.9950062500000001	0.9900374375390627	0.005851779128066198	0.9959072707917992	0.0	(0.9959072707917992+0j)
1.0	1.0	0.0058569038037506235	1.0058808008726694	0.0	(1.0058808008726694+0j)
