-1.0	-1.0	-0.0058569038037506235	-1.0058719544089358	0.0	(-1.0058719544089358+0j)
-0.9975	-0.9950062500000001	-0.005854347875823551	-1.0008726298814838	0.0	(-1.0008726298814838+0j)
-0.995	-0.990025	-0.005851772665838331	-0.9958872287563182	0.0	(-0.9958872287563182+0j)
-0.9925	-0.9850562500000001	-0.005849177979761946	-0.9909148119896339	0.0	(-0.9909148119896339+0j)
-0.99	-0.9801	-0.005846563621137107	-0.9859551336309251	0.0	(-0.9859551336309251+0j)
-0.9875	-0.9751562500000001	-0.005843929391046988	-0.9810080928920882	0.0	(-0.9810080928920882+0j)
-0.985	-0.970225	-0.005841275088079397	-0.976073638510387	0.0	(-0.976073638510387+0j)
-0.9825	-0.96530625	-0.005838600508290405	-0.9711517407768995	0.0	(-0.9711517407768995+0j)
-0.98	-0.9603999999999999	-0.005835905445167413	-0.966242380882442	0.0	(-0.966242380882442+0j)
-0.9775	-0.9555062500000001	-0.005833189689591654	-0.9613455461269179	0.0	(-0.9613455461269179+0j)
-0.975	-0.9506249999999999	-0.005830453029800114	-0.9564612275017554	0.0	(-0.9564612275017554+0j)
-0.9725	-0.9457562500000001	-0.00582769525134689	-0.9515894183610761	0.0	(-0.9515894183610761+0j)
-0.97	-0.9409	-0.0058249161370639395	-0.9467301136414913	0.0	(-0.9467301136414913+0j)
-0.9675	-0.93605625	-0.005822115467021244	-0.9418833093792494	0.0	(-0.9418833093792494+0j)
-0.965	-0.931225	-0.005819293018486381	-0.9370490023982757	0.0	(-0.9370490023982757+0j)
-0.9625	-0.9264062500000001	-0.005816448565883467	-0.9322271901012881	0.0	(-0.9322271901012881+0j)
-0.96	-0.9216	-0.005813581880751499	-0.9274178703255893	0.0	(-0.9274178703255893+0j)
-0.9575	-0.91680625	-0.005810692731702071	-0.9226210412409156	0.0	(-0.9226210412409156+0j)
-0.9550000000000001	-0.9120250000000001	-0.005807780884376459	-0.9178367012754037	0.0	(-0.9178367012754037+0j)
-0.9525	-0.90725625	-0.0058048461014020706	-0.9130648490608877	0.0	(-0.9130648490608877+0j)
-0.9500000000000001	-0.9025000000000001	-0.005801888142348254	-0.9083054833917275	0.0	(-0.9083054833917275+0j)
-0.9475	-0.89775625	-0.005798906763681454	-0.9035586031933799	0.0	(-0.9035586031933799+0j)
-0.9450000000000001	-0.8930250000000001	-0.00579590171871972	-0.8988242074980393	0.0	(-0.8988242074980393+0j)
-0.9425	-0.88830625	-0.005792872757586546	-0.8941022954255335	0.0	(-0.8941022954255335+0j)
-0.9400000000000001	-0.8836000000000002	-0.005789819627164043	-0.889392866168148	0.0	(-0.889392866168148+0j)
-0.9375	-0.87890625	-0.005786742071045444	-0.8846959189784961	0.0	(-0.8846959189784961+0j)
-0.935	-0.8742250000000001	-0.0057836398294869255	-0.8800114531596551	0.0	(-0.8800114531596551+0j)
-0.9325	-0.86955625	-0.005780512639358748	-0.8753394680571613	0.0	(-0.8753394680571613+0j)
-0.93	-0.8649000000000001	-0.005777360234095699	-0.8706799630523613	0.0	(-0.8706799630523613+0j)
-0.9275	-0.86025625	-0.0057741823436468515	-0.866032937556979	0.0	(-0.866032937556979+0j)
-0.925	-0.8556250000000001	-0.005770978694424618	-0.8613983910084908	0.0	(-0.8613983910084908+0j)
-0.9225	-0.85100625	-0.005767749009253096	-0.8567763228663001	0.0	(-0.8567763228663001+0j)
-0.92	-0.8464	-0.005764493007315711	-0.8521667326085044	0.0	(-0.8521667326085044+0j)
-0.9175	-0.84180625	-0.005761210404102148	-0.8475696197290803	0.0	(-0.8475696197290803+0j)
-0.915	-0.8372250000000001	-0.005757900911354558	-0.842984983735568	0.0	(-0.842984983735568+0j)
-0.9125	-0.83265625	-0.0057545642370130535	-0.838412824147015	0.0	(-0.838412824147015+0j)
-0.91	-0.8281000000000001	-0.005751200085160481	-0.8338531404922255	0.0	(-0.8338531404922255+0j)
-0.9075	-0.82355625	-0.005747808155966455	-0.8293059323082397	0.0	(-0.8293059323082397+0j)
-0.905	-0.819025	-0.005744388145630683	-0.8247711991390159	0.0	(-0.8247711991390159+0j)
-0.9025	-0.81450625	-0.005740939746325548	-0.820248940534252	0.0	(-0.820248940534252+0j)
-0.9	-0.81	-0.005737462646137961	-0.8157391560483889	0.0	(-0.8157391560483889+0j)
-0.8975	-0.80550625	-0.005733956529010488	-0.8112418452396953	0.0	(-0.8112418452396953+0j)
-0.895	-0.801025	-0.005730421074681735	-0.8067570076694744	0.0	(-0.8067570076694744+0j)
-0.8925000000000001	-0.7965562500000001	-0.005726855958626006	-0.8022846429013659	0.0	(-0.8022846429013659+0j)
-0.89	-0.7921	-0.005723260851992228	-0.7978247505006892	0.0	(-0.7978247505006892+0j)
-0.8875000000000001	-0.7876562500000002	-0.005719635421542138	-0.7933773300339124	0.0	(-0.7933773300339124+0j)
-0.885	-0.7832250000000001	-0.005715979329587754	-0.7889423810681089	0.0	(-0.7889423810681089+0j)
-0.8825000000000001	-0.7788062500000001	-0.005712292233928104	-0.7845199031705151	0.0	(-0.7845199031705151+0j)
-0.88	-0.7744	-0.005708573787785234	-0.7801098959081094	0.0	(-0.7801098959081094+0j)
-0.8775000000000001	-0.7700062500000001	-0.005704823639739503	-0.7757123588472318	0.0	(-0.7757123588472318+0j)
-0.875	-0.765625	-0.005701041433664146	-0.771327291553234	0.0	(-0.771327291553234+0j)
-0.8725	-0.7612562500000001	-0.00569722680865914	-0.766954693590176	0.0	(-0.766954693590176+0j)
-0.87	-0.7569	-0.0056933793989843535	-0.7625945645204979	0.0	(-0.7625945645204979+0j)
-0.8675	-0.75255625	-0.005689498833991999	-0.7582469039048043	0.0	(-0.7582469039048043+0j)
-0.865	-0.748225	-0.005685584738058392	-0.7539117113015477	0.0	(-0.7539117113015477+0j)
-0.8625	-0.7439062500000001	-0.005681636730515027	-0.7495889862668426	0.0	(-0.7495889862668426+0j)
-0.86	-0.7395999999999999	-0.0056776544255789764	-0.7452787283542242	0.0	(-0.7452787283542242+0j)
-0.8575	-0.73530625	-0.005673637432282625	-0.7409809371144512	0.0	(-0.7409809371144512+0j)
-0.855	-0.7310249999999999	-0.005669585354402749	-0.736695612095308	0.0	(-0.736695612095308+0j)
-0.8525	-0.7267562500000001	-0.00566549779038895	-0.7324227528414103	0.0	(-0.7324227528414103+0j)
-0.85	-0.7224999999999999	-0.005661374333291466	-0.7281623588940439	0.0	(-0.7281623588940439+0j)
-0.8475	-0.71825625	-0.00565721457068836	-0.7239144297909879	0.0	(-0.7239144297909879+0j)
-0.845	-0.7140249999999999	-0.005653018084612112	-0.7196789650663552	0.0	(-0.7196789650663552+0j)
-0.8425	-0.7098062500000001	-0.0056487844514756256	-0.7154559642504605	0.0	(-0.7154559642504605+0j)
-0.84	-0.7055999999999999	-0.00564451324199767	-0.7112454268696164	0.0	(-0.7112454268696164+0j)
-0.8375	-0.70140625	-0.005640204021127767	-0.7070473524460659	0.0	(-0.7070473524460659+0j)
-0.835	-0.697225	-0.005635856347970566	-0.7028617404977637	0.0	(-0.7028617404977637+0j)
-0.8325	-0.69305625	-0.005631469775709697	-0.6986885905383063	0.0	(-0.6986885905383063+0j)
-0.8300000000000001	-0.6889000000000001	-0.005627043851531146	-0.6945279020767445	0.0	(-0.6945279020767445+0j)
-0.8275	-0.6847562500000001	-0.005622578116546176	-0.6903796746175134	0.0	(-0.6903796746175134+0j)
-0.8250000000000001	-0.6806250000000001	-0.00561807210571381	-0.6862439076602512	0.0	(-0.6862439076602512+0j)
-0.8225	-0.67650625	-0.005613525347762907	-0.6821206006996869	0.0	(-0.6821206006996869+0j)
-0.8200000000000001	-0.6724000000000001	-0.005608937365113868	-0.6780097532255517	0.0	(-0.6780097532255517+0j)
-0.8175	-0.66830625	-0.005604307673799984	-0.6739113647224222	0.0	(-0.6739113647224222+0j)
-0.8150000000000001	-0.6642250000000001	-0.005599635783388477	-0.669825434669596	0.0	(-0.669825434669596+0j)
-0.8125	-0.66015625	-0.005594921196901262	-0.665751962541018	0.0	(-0.665751962541018+0j)
-0.81	-0.6561000000000001	-0.00559016341073546	-0.6616909478051245	0.0	(-0.6616909478051245+0j)
-0.8075	-0.65205625	-0.0055853619145836975	-0.6576423899247292	0.0	(-0.6576423899247292+0j)
-0.805	-0.6480250000000001	-0.00558051619135425	-0.653606288356921	0.0	(-0.653606288356921+0j)
-0.8025	-0.64400625	-0.005575625717091049	-0.6495826425529669	0.0	(-0.6495826425529669+0j)
-0.8	-0.6400000000000001	-0.005570689960893604	-0.6455714519581695	0.0	(-0.6455714519581695+0j)
-0.7975	-0.63600625	-0.005565708384836889	-0.6415727160117557	0.0	(-0.6415727160117557+0j)
-0.795	-0.6320250000000001	-0.005560680443891237	-0.6375864341468053	0.0	(-0.6375864341468053+0j)
-0.7925	-0.62805625	-0.005555605585842292	-0.6336126057900958	0.0	(-0.6336126057900958+0j)
-0.79	-0.6241000000000001	-0.0055504832512110564	-0.6296512303620213	0.0	(-0.6296512303620213+0j)
-0.7875	-0.62015625	-0.005545312873174128	-0.6257023072764724	0.0	(-0.6257023072764724+0j)
-0.785	-0.616225	-0.005540093877484122	-0.6217658359407413	0.0	(-0.6217658359407413+0j)
-0.7825	-0.6123062499999999	-0.005534825682390398	-0.6178418157554001	0.0	(-0.6178418157554001+0j)
-0.78	-0.6084	-0.005529507698560107	-0.6139302461142063	0.0	(-0.6139302461142063+0j)
-0.7775	-0.6045062499999999	-0.005524139328999644	-0.6100311264040027	0.0	(-0.6100311264040027+0j)
-0.775	-0.6006250000000001	-0.005518719968976567	-0.6061444560045929	0.0	(-0.6061444560045929+0j)
-0.7725	-0.59675625	-0.005513249005942042	-0.6022702342886707	0.0	(-0.6022702342886707+0j)
-0.77	-0.5929	-0.00550772581945391	-0.598408460621701	0.0	(-0.598408460621701+0j)
-0.7675000000000001	-0.5890562500000001	-0.005502149781100408	-0.5945591343618138	0.0	(-0.5945591343618138+0j)
-0.765	-0.585225	-0.0054965202544246606	-0.5907222548597236	0.0	(-0.5907222548597236+0j)
-0.7625000000000001	-0.5814062500000001	-0.005490836594850004	-0.586897821458623	0.0	(-0.586897821458623+0j)
-0.76	-0.5776	-0.0054850981496062075	-0.5830858334940726	0.0	(-0.5830858334940726+0j)
-0.7575000000000001	-0.5738062500000001	-0.005479304257656709	-0.5792862902939508	0.0	(-0.5792862902939508+0j)
-0.755	-0.570025	-0.005473454249626932	-0.5754991911783	0.0	(-0.5754991911783+0j)
-0.7525000000000001	-0.5662562500000001	-0.005467547447733771	-0.571724535459285	0.0	(-0.571724535459285+0j)
-0.75	-0.5625	-0.00546158316571635	-0.5679623224410991	0.0	(-0.5679623224410991+0j)
-0.7475	-0.5587562500000001	-0.005455560708768147	-0.5642125514198262	0.0	(-0.5642125514198262+0j)
-0.745	-0.555025	-0.005449479373470576	-0.5604752216834398	0.0	(-0.5604752216834398+0j)
-0.7425	-0.5513062500000001	-0.005443338447728133	-0.5567503325116337	0.0	(-0.5567503325116337+0j)
-0.74	-0.5476	-0.005437137210705223	-0.5530378831758055	0.0	(-0.5530378831758055+0j)
-0.7375	-0.54390625	-0.005430874932764749	-0.5493378729389463	0.0	(-0.5493378729389463+0j)
-0.735	-0.540225	-0.005424550875408601	-0.5456503010555652	0.0	(-0.5456503010555652+0j)
-0.7325	-0.5365562500000001	-0.005418164291220156	-0.54197516677163	0.0	(-0.54197516677163+0j)
-0.73	-0.5328999999999999	-0.005411714423808879	-0.5383124693244747	0.0	(-0.5383124693244747+0j)
-0.7275	-0.5292562500000001	-0.005405200507757189	-0.5346622079427402	0.0	(-0.5346622079427402+0j)
-0.725	-0.525625	-0.005398621768569682	-0.5310243818463363	0.0	(-0.5310243818463363+0j)
-0.7225	-0.52200625	-0.005391977422624851	-0.5273989902463205	0.0	(-0.5273989902463205+0j)
-0.72	-0.5184	-0.005385266677129432	-0.5237860323448869	0.0	(-0.5237860323448869+0j)
-0.7175	-0.51480625	-0.00537848873007552	-0.5201855073352873	0.0	(-0.5201855073352873+0j)
-0.715	-0.5112249999999999	-0.005371642770200567	-0.5165974144017852	0.0	(-0.5165974144017852+0j)
-0.7125	-0.50765625	-0.005364727976950436	-0.5130217527196003	0.0	(-0.5130217527196003+0j)
-0.71	-0.5041	-0.005357743520445628	-0.5094585214548787	0.0	(-0.5094585214548787+0j)
-0.7075	-0.50055625	-0.00535068856145085	-0.5059077197646195	0.0	(-0.5059077197646195+0j)
-0.705	-0.49702499999999994	-0.00534356225134806	-0.5023693467966703	0.0	(-0.5023693467966703+0j)
-0.7025	-0.49350625000000004	-0.0053363637321131524	-0.4988434016896662	0.0	(-0.4988434016896662+0j)
-0.7000000000000001	-0.4900000000000001	-0.005329092136296437	-0.4953298835730037	0.0	(-0.4953298835730037+0j)
-0.6975	-0.48650625000000003	-0.005321746587007081	-0.4918287915668393	0.0	(-0.4918287915668393+0j)
-0.6950000000000001	-0.4830250000000001	-0.005314326197901661	-0.4883401247820389	0.0	(-0.4883401247820389+0j)
-0.6925	-0.47955625	-0.0053068300731770185	-0.4848638823201722	0.0	(-0.4848638823201722+0j)
-0.6900000000000001	-0.4761000000000001	-0.005299257307567561	-0.48140006327349744	0.0	(-0.48140006327349744+0j)
-0.6875	-0.47265625	-0.005291606986347209	-0.47794866672496134	0.0	(-0.47794866672496134+0j)
-0.685	-0.46922500000000006	-0.0052838781853361515	-0.47450969174819635	0.0	(-0.47450969174819635+0j)
-0.6825	-0.46580625	-0.005276069970912587	-0.47108313740751273	0.0	(-0.47108313740751273+0j)
-0.68	-0.4624000000000001	-0.005268181400029652	-0.4676690027579213	0.0	(-0.4676690027579213+0j)
-0.6775	-0.45900625	-0.0052602115202377035	-0.46426728684514373	0.0	(-0.46426728684514373+0j)
-0.675	-0.45562500000000006	-0.0052521593697121595	-0.46087798870562907	0.0	(-0.46087798870562907+0j)
-0.6725	-0.45225624999999997	-0.005244023977287078	-0.45750110736658234	0.0	(-0.45750110736658234+0j)
-0.67	-0.4489000000000001	-0.005235804362494688	-0.4541366418460067	0.0	(-0.4541366418460067+0j)
-0.6675	-0.44555625	-0.005227499535611044	-0.45078459115272684	0.0	(-0.45078459115272684+0j)
-0.665	-0.44222500000000003	-0.0052191084977080355	-0.4474449542864433	0.0	(-0.4474449542864433+0j)
-0.6625	-0.43890625	-0.005210630240711925	-0.44411773023779644	0.0	(-0.44411773023779644+0j)
-0.66	-0.43560000000000004	-0.005202063747468647	-0.4408029179884007	0.0	(-0.4408029179884007+0j)
-0.6575	-0.43230624999999995	-0.005193407991816057	-0.4375005165109259	0.0	(-0.4375005165109259+0j)
-0.655	-0.42902500000000005	-0.005184661938663355	-0.43421052476918537	0.0	(-0.43421052476918537+0j)
-0.6525	-0.42575624999999995	-0.005175824544077878	-0.4309329417181894	0.0	(-0.4309329417181894+0j)
-0.65	-0.42250000000000004	-0.005166894755379505	-0.4276677663042595	0.0	(-0.4276677663042595+0j)
-0.6475	-0.41925624999999994	-0.005157871511242852	-0.42441499746511363	0.0	(-0.42441499746511363+0j)
-0.645	-0.41602500000000003	-0.0051487537418075284	-0.4211746341299616	0.0	(-0.4211746341299616+0j)
-0.6425	-0.41280624999999993	-0.005139540368796604	-0.417946675219655	0.0	(-0.417946675219655+0j)
-0.64	-0.4096	-0.005130230305643588	-0.4147311196467769	0.0	(-0.4147311196467769+0j)
-0.6375000000000001	-0.4064062500000001	-0.005120822457628076	-0.4115279663157883	0.0	(-0.4115279663157883+0j)
-0.635	-0.403225	-0.005111315722020324	-0.40833721412315327	0.0	(-0.40833721412315327+0j)
-0.6325000000000001	-0.40005625000000006	-0.005101708988234971	-0.4051588619575234	0.0	(-0.4051588619575234+0j)
-0.63	-0.39690000000000003	-0.005092001137994121	-0.4019929086998589	0.0	(-0.4019929086998589+0j)
-0.6275000000000001	-0.3937562500000001	-0.005082191045500028	-0.3988393532236234	0.0	(-0.3988393532236234+0j)
-0.625	-0.390625	-0.005072277577617601	-0.39569819439496023	0.0	(-0.39569819439496023+0j)
-0.6225	-0.38750625000000005	-0.005062259594066954	-0.3925694310728613	0.0	(-0.3925694310728613+0j)
-0.62	-0.3844	-0.005052135947626231	-0.38945306210940434	0.0	(-0.38945306210940434+0j)
-0.6175	-0.38130625000000007	-0.005041905484344941	-0.3863490863499203	0.0	(-0.3863490863499203+0j)
-0.615	-0.378225	-0.005031567043768006	-0.38325750263325725	0.0	(-0.38325750263325725+0j)
-0.6125	-0.3751562500000001	-0.0050211194591707736	-0.3801783097919784	0.0	(-0.3801783097919784+0j)
-0.61	-0.3721	-0.005010561557805187	-0.37711150665263005	0.0	(-0.37711150665263005+0j)
-0.6075	-0.36905625000000003	-0.004999892161157382	-0.37405709203597676	0.0	(-0.37405709203597676+0j)
-0.605	-0.366025	-0.004989110085216873	-0.3710150647572849	0.0	(-0.3710150647572849+0j)
-0.6025	-0.36300625000000003	-0.004978214140757593	-0.3679854236265958	0.0	(-0.3679854236265958+0j)
-0.6	-0.36	-0.004967203133630984	-0.3649681674490117	0.0	(-0.3649681674490117+0j)
-0.5975	-0.35700625	-0.004956075865071361	-0.3619632950250073	0.0	(-0.3619632950250073+0j)
-0.595	-0.354025	-0.0049448311320137535	-0.35897080515073293	0.0	(-0.35897080515073293+0j)
-0.5925	-0.35105625	-0.004933467727424433	-0.35599069661836047	0.0	(-0.35599069661836047+0j)
-0.59	-0.34809999999999997	-0.004921984440644349	-0.3530229682164065	0.0	(-0.3530229682164065+0j)
-0.5875	-0.34515625000000005	-0.0049103800577456475	-0.35006761873010306	0.0	(-0.35006761873010306+0j)
-0.585	-0.34222499999999995	-0.004898653361901488	-0.3471246469417558	0.0	(-0.3471246469417558+0j)
-0.5825	-0.33930625000000003	-0.004886803133769363	-0.3441940516311147	0.0	(-0.3441940516311147+0j)
-0.58	-0.3364	-0.00487482815188807	-0.3412758315758017	0.0	(-0.3412758315758017+0j)
-0.5775	-0.33350625	-0.0048627271930885615	-0.33836998555168823	0.0	(-0.33836998555168823+0j)
-0.5750000000000001	-0.33062500000000006	-0.0048504990329188286	-0.33547651233332665	0.0	(-0.33547651233332665+0j)
-0.5725	-0.32775625	-0.004838142446082991	-0.3325954106943947	0.0	(-0.3325954106943947+0j)
-0.5700000000000001	-0.3249000000000001	-0.004825656206894775	-0.32972667940813777	0.0	(-0.32972667940813777+0j)
-0.5675	-0.32205625	-0.004813039089745512	-0.3268703172478396	0.0	(-0.3268703172478396+0j)
-0.5650000000000001	-0.3192250000000001	-0.0048002898695868445	-0.3240263229872989	0.0	(-0.3240263229872989+0j)
-0.5625	-0.31640625	-0.004787407322428249	-0.3211946954013341	0.0	(-0.3211946954013341+0j)
-0.56	-0.31360000000000005	-0.004774390225849546	-0.3183754332662764	0.0	(-0.3183754332662764+0j)
-0.5575	-0.31080625	-0.0047612373595285066	-0.31556853536051427	0.0	(-0.31556853536051427+0j)
-0.555	-0.30802500000000005	-0.004747947505783679	-0.31277400046501563	0.0	(-0.31277400046501563+0j)
-0.5525	-0.30525625	-0.004734519450132552	-0.30999182736390424	0.0	(-0.30999182736390424+0j)
-0.55	-0.30250000000000005	-0.0047209519818651674	-0.30722201484500516	0.0	(-0.30722201484500516+0j)
-0.5475	-0.29975625	-0.004707243894633243	-0.3044645617004544	0.0	(-0.3044645617004544+0j)
-0.545	-0.29702500000000004	-0.004693393987054931	-0.30171946672729055	0.0	(-0.30171946672729055+0j)
-0.5425	-0.29430625	-0.004679401063335248	-0.29898672872806675	0.0	(-0.29898672872806675+0j)
-0.54	-0.2916	-0.004665263933902262	-0.29626634651149397	0.0	(-0.29626634651149397+0j)
-0.5375	-0.28890625	-0.004650981416059071	-0.2935583188930933	0.0	(-0.2935583188930933+0j)
-0.535	-0.286225	-0.004636552334651627	-0.29086264469584205	0.0	(-0.29086264469584205+0j)
-0.5325	-0.28355624999999995	-0.0046219755227524095	-0.28817932275087627	0.0	(-0.28817932275087627+0j)
-0.53	-0.28090000000000004	-0.004607249822359986	-0.2855083518981668	0.0	(-0.2855083518981668+0j)
-0.5275	-0.27825625	-0.004592374085114437	-0.2828497309872423	0.0	(-0.2828497309872423+0j)
-0.525	-0.275625	-0.004577347173028655	-0.2802034588779271	0.0	(-0.2802034588779271+0j)
-0.5225	-0.27300624999999995	-0.00456216795923546	-0.27756953444105764	0.0	(-0.27756953444105764+0j)
-0.52	-0.27040000000000003	-0.004546835328750533	-0.2749479565592664	0.0	(-0.2749479565592664+0j)
-0.5175	-0.26780624999999997	-0.004531348179251051	-0.2723387241277424	0.0	(-0.2723387241277424+0j)
-0.515	-0.265225	-0.004515705421870025	-0.2697418360550268	0.0	(-0.2697418360550268+0j)
-0.5125	-0.26265625	-0.004499905982006183	-0.2671572912638149	0.0	(-0.2671572912638149+0j)
-0.51	-0.2601	-0.004483948800149337	-0.2645850886917879	0.0	(-0.2645850886917879+0j)
-0.5075000000000001	-0.25755625000000004	-0.004467832832721113	-0.2620252272924303	0.0	(-0.2620252272924303+0j)
-0.505	-0.255025	-0.00445155705293088	-0.2594777060358944	0.0	(-0.2594777060358944+0j)
-0.5025000000000001	-0.25250625000000004	-0.004435120451646761	-0.25694252390986294	0.0	(-0.25694252390986294+0j)
-0.5	-0.25	-0.004418522038281515	-0.2544196799204348	0.0	(-0.2544196799204348+0j)
-0.4975	-0.24750625	-0.00440176084169315	-0.2519091730930046	0.0	(-0.2519091730930046+0j)
-0.495	-0.245025	-0.0043848359111000055	-0.24941100247318929	0.0	(-0.24941100247318929+0j)
-0.4925	-0.24255625	-0.004367746317010113	-0.24692516712774318	0.0	(-0.24692516712774318+0j)
-0.49	-0.24009999999999998	-0.004350491152164595	-0.24445166614549857	0.0	(-0.24445166614549857+0j)
-0.4875	-0.23765624999999999	-0.004333069532494806	-0.24199049863831054	0.0	(-0.24199049863831054+0j)
-0.485	-0.235225	-0.004315480598092971	-0.23954166374202826	0.0	(-0.23954166374202826+0j)
-0.4825	-0.23280625	-0.004297723514195977	-0.2371051606174664	0.0	(-0.2371051606174664+0j)
-0.48	-0.2304	-0.004279797472182039	-0.23468098845139881	0.0	(-0.23468098845139881+0j)
-0.47750000000000004	-0.22800625000000002	-0.004261701690579858	-0.23226914645755584	0.0	(-0.23226914645755584+0j)
-0.47500000000000003	-0.22562500000000002	-0.00424343541608993	-0.22986963387764608	0.0	(-0.22986963387764608+0j)
-0.47250000000000003	-0.22325625000000002	-0.004224997924617612	-0.22748244998236988	0.0	(-0.22748244998236988+0j)
-0.47000000000000003	-0.22090000000000004	-0.004206388522317547	-0.225107594072464	0.0	(-0.225107594072464+0j)
-0.4675	-0.21855625000000004	-0.0041876065466489995	-0.22274506547974665	0.0	(-0.22274506547974665+0j)
-0.465	-0.21622500000000003	-0.0041686513674416914	-0.22039486356817614	0.0	(-0.22039486356817614+0j)
-0.4625	-0.21390625000000002	-0.004149522387971621	-0.2180569877349136	0.0	(-0.2180569877349136+0j)
-0.46	-0.2116	-0.004130219046046422	-0.21573143741139741	0.0	(-0.21573143741139741+0j)
-0.4575	-0.20930625000000003	-0.004110740815099701	-0.2134182120644403	0.0	(-0.2134182120644403+0j)
-0.455	-0.20702500000000001	-0.004091087205293856	-0.21111731119730323	0.0	(-0.21111731119730323+0j)
-0.4525	-0.20475625	-0.004071257764630811	-0.20882873435081625	0.0	(-0.20882873435081625+0j)
-0.45	-0.2025	-0.004051252080070059	-0.20655248110447053	0.0	(-0.20655248110447053+0j)
-0.4475	-0.20025625	-0.004031069778653453	-0.20428855107753865	0.0	(-0.20428855107753865+0j)
-0.445	-0.198025	-0.004010710528636102	-0.20203694393019175	0.0	(-0.20203694393019175+0j)
-0.4425	-0.19580625000000002	-0.003990174040622713	-0.19979765936463167	0.0	(-0.19979765936463167+0j)
-0.44	-0.1936	-0.003969460068708748	-0.19757069712621195	0.0	(-0.19757069712621195+0j)
-0.4375	-0.19140625	-0.003948568411625675	-0.19535605700457562	0.0	(-0.19535605700457562+0j)
-0.435	-0.189225	-0.003927498913889607	-0.1931537388347891	0.0	(-0.1931537388347891+0j)
-0.4325	-0.18705625	-0.003906251466952627	-0.19096374249848505	0.0	(-0.19096374249848505+0j)
-0.43	-0.18489999999999998	-0.0038848260103559996	-0.18878606792499844	0.0	(-0.18878606792499844+0j)
-0.4275	-0.18275624999999998	-0.0038632225328845324	-0.18662071509251094	0.0	(-0.18662071509251094+0j)
-0.425	-0.18062499999999998	-0.0038414410737212744	-0.18446768402919755	0.0	(-0.18446768402919755+0j)
-0.4225	-0.17850624999999998	-0.003819481723601739	-0.18232697481435522	0.0	(-0.18232697481435522+0j)
-0.42	-0.17639999999999997	-0.003797344625966817	-0.18019858757955434	0.0	(-0.18019858757955434+0j)
-0.4175	-0.17430625	-0.0037750299781135204	-0.17808252250977036	0.0	(-0.17808252250977036+0j)
-0.41500000000000004	-0.17222500000000002	-0.003752538032342687	-0.17597877984452098	0.0	(-0.17597877984452098+0j)
-0.41250000000000003	-0.17015625000000004	-0.003729869097102739	-0.1738873598789965	0.0	(-0.1738873598789965+0j)
-0.41000000000000003	-0.16810000000000003	-0.0037070235381285992	-0.17180826296518215	0.0	(-0.17180826296518215+0j)
-0.40750000000000003	-0.16605625000000002	-0.0036840017795748193	-0.16974148951298595	0.0	(-0.16974148951298595+0j)
-0.405	-0.16402500000000003	-0.0036608043051419665	-0.16768703999133963	0.0	(-0.16768703999133963+0j)
-0.4025	-0.16200625000000002	-0.0036374316591953225	-0.16564491492932423	0.0	(-0.16564491492932423+0j)
-0.4	-0.16000000000000003	-0.0036138844478748795	-0.16361511491724623	0.0	(-0.16361511491724623+0j)
-0.3975	-0.15800625000000001	-0.0035901633401956663	-0.16159764060773757	0.0	(-0.16159764060773757+0j)
-0.395	-0.15602500000000002	-0.003566269069137359	-0.15959249271684267	0.0	(-0.15959249271684267+0j)
-0.3925	-0.15405625	-0.003542202432722163	-0.15759967202506883	0.0	(-0.15759967202506883+0j)
-0.39	-0.1521	-0.0035179642950799164	-0.15561917937844835	0.0	(-0.15561917937844835+0j)
-0.3875	-0.15015625000000002	-0.003493555587499351	-0.15365101568958534	0.0	(-0.15365101568958534+0j)
-0.385	-0.148225	-0.0034689773094644517	-0.15169518193867884	0.0	(-0.15169518193867884+0j)
-0.3825	-0.14630625	-0.003444230529674818	-0.14975167917454038	0.0	(-0.14975167917454038+0j)
-0.38	-0.1444	-0.003419316387048936	-0.14782050851558884	0.0	(-0.14782050851558884+0j)
-0.3775	-0.14250625	-0.003394236091709263	-0.14590167115083388	0.0	(-0.14590167115083388+0j)
-0.375	-0.140625	-0.003368990925948003	-0.14399516834083664	0.0	(-0.14399516834083664+0j)
-0.3725	-0.13875625	-0.0033435822451724517	-0.14210100141865725	0.0	(-0.14210100141865725+0j)
-0.37	-0.1369	-0.0033180114788287874	-0.1402191717907787	0.0	(-0.1402191717907787+0j)
-0.3675	-0.13505625	-0.003292280131303154	-0.13834968093801112	0.0	(-0.13834968093801112+0j)
-0.365	-0.13322499999999998	-0.003266389782798919	-0.13649253041637602	0.0	(-0.13649253041637602+0j)
-0.3625	-0.13140625	-0.0032403420901889373	-0.13464772185796364	0.0	(-0.13464772185796364+0j)
-0.36	-0.1296	-0.0032141387878416765	-0.13281525697177785	0.0	(-0.13281525697177785+0j)
-0.3575	-0.12780624999999998	-0.0031877816884200647	-0.13099513754453918	0.0	(-0.13099513754453918+0j)
-0.355	-0.126025	-0.003161272683651882	-0.12918736544147863	0.0	(-0.12918736544147863+0j)
-0.3525	-0.12425624999999998	-0.003134613745070568	-0.1273919426070976	0.0	(-0.1273919426070976+0j)
-0.35000000000000003	-0.12250000000000003	-0.0031078069247252736	-0.12560887106590124	0.0	(-0.12560887106590124+0j)
-0.34750000000000003	-0.12075625000000002	-0.0030808543558590116	-0.12383815292310595	0.0	(-0.12383815292310595+0j)
-0.34500000000000003	-0.11902500000000002	-0.003053758253553771	-0.12207979036531588	0.0	(-0.12207979036531588+0j)
-0.3425	-0.11730625000000001	-0.003026520915341432	-0.12033378566116722	0.0	(-0.12033378566116722+0j)
-0.34	-0.11560000000000002	-0.0029991447217793633	-0.11860014116194706	0.0	(-0.11860014116194706+0j)
-0.3375	-0.11390625000000001	-0.0029716321369895665	-0.11687885930217591	0.0	(-0.11687885930217591+0j)
-0.335	-0.11222500000000002	-0.0029439857091602436	-0.11516994260016206	0.0	(-0.11516994260016206+0j)
-0.3325	-0.11055625000000001	-0.0029162080710086902	-0.11347339365851081	0.0	(-0.11347339365851081+0j)
-0.33	-0.10890000000000001	-0.0028883019402044024	-0.11178921516461168	0.0	(-0.11178921516461168+0j)
-0.3275	-0.10725625000000001	-0.0028602701197513094	-0.11011740989108464	0.0	(-0.11011740989108464+0j)
-0.325	-0.10562500000000001	-0.0028321154983280885	-0.10845798069618483	0.0	(-0.10845798069618483+0j)
-0.3225	-0.10400625000000001	-0.00280384105058546	-0.10681093052417549	0.0	(-0.10681093052417549+0j)
-0.32	-0.1024	-0.002775449837399469	-0.10517626240565606	0.0	(-0.10517626240565606+0j)
-0.3175	-0.10080625	-0.002746945006079692	-0.10355397945785226	0.0	(-0.10355397945785226+0j)
-0.315	-0.09922500000000001	-0.0027183297905314027	-0.10194408488486484	0.0	(-0.10194408488486484+0j)
-0.3125	-0.09765625	-0.002689607511370685	-0.10034658197786987	0.0	(-0.10034658197786987+0j)
-0.31	-0.0961	-0.0026607815759915584	-0.09876147411528066	0.0	(-0.09876147411528066+0j)
-0.3075	-0.09455625	-0.0026318554785841647	-0.09718876476285798	0.0	(-0.09718876476285798+0j)
-0.305	-0.093025	-0.002602832800103119	-0.09562845747377173	0.0	(-0.09562845747377173+0j)
-0.3025	-0.09150625	-0.0025737172081851316	-0.09408055588861972	0.0	(-0.09408055588861972+0j)
-0.3	-0.09	-0.0025445124570150565	-0.09254506373538449	0.0	(-0.09254506373538449+0j)
-0.2975	-0.08850625	-0.002515222387139531	-0.09102198482933974	0.0	(-0.09102198482933974+0j)
-0.295	-0.08702499999999999	-0.0024858509252274185	-0.0895113230729094	0.0	(-0.0895113230729094+0j)
-0.2925	-0.08555624999999999	-0.002456402083776295	-0.08801308245545186	0.0	(-0.08801308245545186+0j)
-0.29	-0.0841	-0.0024268799607642375	-0.08652726705299935	0.0	(-0.08652726705299935+0j)
-0.28750000000000003	-0.08265625000000001	-0.002397288739246239	-0.08505388102792182	0.0	(-0.08505388102792182+0j)
-0.28500000000000003	-0.08122500000000002	-0.0023676326868945713	-0.08359292862853081	0.0	(-0.08359292862853081+0j)
-0.28250000000000003	-0.07980625000000002	-0.0023379161554825004	-0.08214441418861859	0.0	(-0.08214441418861859+0j)
-0.28	-0.07840000000000001	-0.0023081435803107464	-0.08070834212691451	0.0	(-0.08070834212691451+0j)
-0.2775	-0.07700625000000001	-0.002278319479576171	-0.07928471694647271	0.0	(-0.07928471694647271+0j)
-0.275	-0.07562500000000001	-0.002248448453682172	-0.07787354323397949	0.0	(-0.07787354323397949+0j)
-0.2725	-0.07425625000000001	-0.002218535184490346	-0.07647482565898225	0.0	(-0.07647482565898225+0j)
-0.27	-0.0729	-0.002188584434512994	-0.07508856897302559	0.0	(-0.07508856897302559+0j)
-0.2675	-0.07155625	-0.002158601046046098	-0.07371477800870689	0.0	(-0.07371477800870689+0j)
-0.265	-0.07022500000000001	-0.0021285899402424635	-0.07235345767862786	0.0	(-0.07235345767862786+0j)
-0.2625	-0.06890625	-0.0020985561161247315	-0.07100461297425607	0.0	(-0.07100461297425607+0j)
-0.26	-0.06760000000000001	-0.0020685046495380506	-0.06966824896468227	0.0	(-0.06966824896468227+0j)
-0.2575	-0.06630625	-0.0020384406920422103	-0.06834437079527259	0.0	(-0.06834437079527259+0j)
-0.255	-0.065025	-0.0020083694697431344	-0.06703298368621023	0.0	(-0.06703298368621023+0j)
-0.2525	-0.06375625	-0.001978296282063631	-0.06573409293092106	0.0	(-0.06573409293092106+0j)
-0.25	-0.0625	-0.001948226500453391	-0.06444770389438591	0.0	(-0.06444770389438591+0j)
-0.2475	-0.06125625	-0.0019181655670382522	-0.06317382201132236	0.0	(-0.06317382201132236+0j)
-0.245	-0.060024999999999995	-0.0018881189932088245	-0.06191245278425062	0.0	(-0.06191245278425062+0j)
-0.2425	-0.05880625	-0.0018580923581485876	-0.06066360178141869	0.0	(-0.06066360178141869+0j)
-0.24	-0.0576	-0.001828091307301681	-0.05942727463459938	0.0	(-0.05942727463459938+0j)
-0.23750000000000002	-0.056406250000000005	-0.0017981215507806066	-0.05820347703675007	0.0	(-0.05820347703675007+0j)
-0.23500000000000001	-0.05522500000000001	-0.0017681888617141596	-0.056992214739531574	0.0	(-0.056992214739531574+0j)
-0.2325	-0.05405625000000001	-0.0017382990745359412	-0.055793493550682735	0.0	(-0.055793493550682735+0j)
-0.23	-0.0529	-0.0017084580832138763	-0.054607319331251	0.0	(-0.054607319331251+0j)
-0.2275	-0.051756250000000004	-0.0016786718394212006	-0.05343369799267647	0.0	(-0.05343369799267647+0j)
-0.225	-0.050625	-0.0016489463506494453	-0.052272635493726946	0.0	(-0.052272635493726946+0j)
-0.2225	-0.04950625	-0.0016192876782640218	-0.05112413783728274	0.0	(-0.05112413783728274+0j)
-0.22	-0.0484	-0.0015897019355030515	-0.049988211066973084	0.0	(-0.049988211066973084+0j)
-0.2175	-0.04730625	-0.001560195285420127	-0.04886486126366275	0.0	(-0.04886486126366275+0j)
-0.215	-0.046224999999999995	-0.0015307739387717904	-0.047754094541789034	0.0	(-0.047754094541789034+0j)
-0.2125	-0.045156249999999995	-0.0015014441518505584	-0.046655917045554426	0.0	(-0.046655917045554426+0j)
-0.21	-0.04409999999999999	-0.0014722122242643333	-0.04557033494497037	0.0	(-0.04557033494497037+0j)
-0.20750000000000002	-0.043056250000000004	-0.0014430844966631991	-0.04449735443176134	0.0	(-0.04449735443176134+0j)
-0.20500000000000002	-0.04202500000000001	-0.00141406734841454	-0.043436981715129	0.0	(-0.043436981715129+0j)
-0.2025	-0.04100625000000001	-0.0013851671952275916	-0.04238922301738077	0.0	(-0.04238922301738077+0j)
-0.2	-0.04000000000000001	-0.0013563904867284985	-0.041354084569429565	0.0	(-0.041354084569429565+0j)
-0.1975	-0.039006250000000006	-0.0013277437039870546	-0.040331572606165586	0.0	(-0.040331572606165586+0j)
-0.195	-0.038025	-0.0012992333569963816	-0.03932169336170924	0.0	(-0.03932169336170924+0j)
-0.1925	-0.03705625	-0.00127086598210678	-0.038324453064551164	0.0	(-0.038324453064551164+0j)
-0.19	-0.0361	-0.0012426481394151407	-0.037339857932585534	0.0	(-0.037339857932585534+0j)
-0.1875	-0.03515625	-0.001214586410111268	-0.036367914168041575	0.0	(-0.036367914168041575+0j)
-0.185	-0.034225	-0.0011866873937825834	-0.03540862795232613	0.0	(-0.03540862795232613+0j)
-0.1825	-0.033306249999999996	-0.0011589577056787016	-0.0344620054407817	0.0	(-0.0344620054407817+0j)
-0.18	-0.0324	-0.0011314039739374424	-0.033528052757369725	0.0	(-0.033528052757369725+0j)
-0.1775	-0.03150625	-0.0011040328367738494	-0.032606775989289155	0.0	(-0.032606775989289155+0j)
-0.17500000000000002	-0.030625000000000006	-0.0010768509396339027	-0.0316981811815418	0.0	(-0.0316981811815418+0j)
-0.17250000000000001	-0.029756250000000005	-0.0010498649323146085	-0.030802274331450785	0.0	(-0.030802274331450785+0j)
-0.17	-0.028900000000000006	-0.0010230814660522267	-0.029919061383149374	0.0	(-0.029919061383149374+0j)
-0.1675	-0.028056250000000005	-0.0009965071905804063	-0.0290485482220487	0.0	(-0.0290485482220487+0j)
-0.165	-0.027225000000000003	-0.0009701487511600878	-0.02819074066929948	0.0	(-0.02819074066929948+0j)
-0.1625	-0.026406250000000003	-0.0009440127855830684	-0.027345644476260433	0.0	(-0.027345644476260433+0j)
-0.16	-0.0256	-0.0009181059211511317	-0.026513265318992087	0.0	(-0.026513265318992087+0j)
-0.1575	-0.024806250000000002	-0.0008924347716327032	-0.02569360879278934	0.0	(-0.02569360879278934+0j)
-0.155	-0.024025	-0.0008670059341990728	-0.02488668040677268	0.0	(-0.02488668040677268+0j)
-0.1525	-0.02325625	-0.0008418259863421894	-0.024092485578557084	0.0	(-0.024092485578557084+0j)
-0.15	-0.0225	-0.000816901482776123	-0.023311029629019587	0.0	(-0.023311029629019587+0j)
-0.1475	-0.021756249999999998	-0.0007922389523243104	-0.022542317777187508	0.0	(-0.022542317777187508+0j)
-0.145	-0.021025	-0.0007678448947946968	-0.021786355135271912	0.0	(-0.021786355135271912+0j)
-0.14250000000000002	-0.020306250000000005	-0.0007437257778450113	-0.021043146703869586	0.0	(-0.021043146703869586+0j)
-0.14	-0.019600000000000003	-0.0007198880338402901	-0.02031269736736178	0.0	(-0.02031269736736178+0j)
-0.1375	-0.018906250000000003	-0.000696338056704944	-0.019595011889537207	0.0	(-0.019595011889537207+0j)
-0.135	-0.018225	-0.0006730821987716122	-0.018890094909467848	0.0	(-0.018890094909467848+0j)
-0.1325	-0.017556250000000002	-0.0006501267676290307	-0.018197950937667667	0.0	(-0.018197950937667667+0j)
-0.13	-0.016900000000000002	-0.0006274780229712645	-0.017518584352564866	0.0	(-0.017518584352564866+0j)
-0.1275	-0.01625625	-0.0006051421734505659	-0.016851999397325422	0.0	(-0.016851999397325422+0j)
-0.125	-0.015625	-0.0005831253735362404	-0.016198200177055994	0.0	(-0.016198200177055994+0j)
-0.1225	-0.015006249999999999	-0.0005614337203817855	-0.015557190656431415	0.0	(-0.015557190656431415+0j)
-0.12	-0.0144	-0.0005400732507027141	-0.014928974657786958	0.0	(-0.014928974657786958+0j)
-0.11750000000000001	-0.013806250000000003	-0.0005190499376674131	-0.014313555859725413	0.0	(-0.014313555859725413+0j)
-0.115	-0.013225	-0.0004983696878033475	-0.013710937796301982	0.0	(-0.013710937796301982+0j)
-0.1125	-0.01265625	-0.0004780383379210523	-0.013121123856863877	0.0	(-0.013121123856863877+0j)
-0.11	-0.0121	-0.0004580616520582226	-0.01254411728664532	0.0	(-0.01254411728664532+0j)
-0.1075	-0.011556249999999999	-0.0004384453184462789	-0.011979921188255192	0.0	(-0.011979921188255192+0j)
-0.105	-0.011024999999999998	-0.00041919494650186073	-0.011428538524241439	0.0	(-0.011428538524241439+0j)
-0.10250000000000001	-0.010506250000000002	-0.00040031606384539203	-0.010889972120992616	0.0	(-0.010889972120992616+0j)
-0.1	-0.010000000000000002	-0.00038181411334935883	-0.010364224674331679	0.0	(-0.010364224674331679+0j)
-0.0975	-0.00950625	-0.000363694450218395	-0.009851298757301995	0.0	(-0.009851298757301995+0j)
-0.095	-0.009025	-0.000345962339103556	-0.009351196830842998	0.0	(-0.009351196830842998+0j)
-0.0925	-0.00855625	-0.00032862295125327123	-0.008863921258323354	0.0	(-0.008863921258323354+0j)
-0.09	-0.0081	-0.00031168136170295346	-0.00838947432528062	0.0	(-0.00838947432528062+0j)
-0.08750000000000001	-0.007656250000000002	-0.0002951425465058041	-0.00792785826623488	0.0	(-0.00792785826623488+0j)
-0.085	-0.007225000000000001	-0.00027901138000695214	-0.007479075301157517	0.0	(-0.007479075301157517+0j)
-0.0825	-0.006806250000000001	-0.0002632926321630563	-0.007043127685149609	0.0	(-0.007043127685149609+0j)
-0.08	-0.0064	-0.00024799096590982783	-0.006620017776206142	0.0	(-0.006620017776206142+0j)
-0.0775	-0.00600625	-0.00023311093457936694	-0.006209748127720917	0.0	(-0.006209748127720917+0j)
-0.075	-0.005625	-0.00021865697936951367	-0.005812321614760864	0.0	(-0.005812321614760864+0j)
-0.0725	-0.00525625	-0.0002046334268674399	-0.005427741606259687	0.0	(-0.005427741606259687+0j)
-0.07	-0.004900000000000001	-0.00019104448662933537	-0.005056012199297483	0.0	(-0.005056012199297483+0j)
-0.0675	-0.00455625	-0.00017789424881842208	-0.004697138536647663	0.0	(-0.004697138536647663+0j)
-0.065	-0.0042250000000000005	-0.0001651866819031289	-0.004351127234723524	0.0	(-0.004351127234723524+0j)
-0.0625	-0.00390625	-0.00015292563041720275	-0.004017986955538589	0.0	(-0.004017986955538589+0j)
-0.06	-0.0036	-0.0001411148127841988	-0.003697729162205418	0.0	(-0.003697729162205418+0j)
-0.0575	-0.00330625	-0.00012975781920743223	-0.0033903691004863205	0.0	(-0.0033903691004863205+0j)
-0.055	-0.003025	-0.00011885810962788956	-0.0030959270445931803	0.0	(-0.0030959270445931803+0j)
-0.0525	-0.0027562499999999996	-0.00010841901175115409	-0.002814429826467306	0.0	(-0.002814429826467306+0j)
-0.05	-0.0025000000000000005	-9.844371914571881e-05	-0.002545912623304614	0.0	(-0.002545912623304614+0j)
-0.0475	-0.00225625	-8.893528941361639e-05	-0.0022904208948037992	0.0	(-0.0022904208948037992+0j)
-0.045	-0.002025	-7.989664243576722e-05	-0.002048012228679718	0.0	(-0.002048012228679718+0j)
-0.0425	-0.0018062500000000003	-7.133055869235072e-05	-0.0018187576738983794	0.0	(-0.0018187576738983794+0j)
-0.04	-0.0016	-6.323967766103111e-05	-0.0016027419532841267	0.0	(-0.0016027419532841267+0j)
-0.0375	-0.00140625	-5.5626496293315064e-05	-0.0014000618415480497	0.0	(-0.0014000618415480497+0j)
-0.035	-0.0012250000000000002	-4.8493367570845436e-05	-0.0012108221115483561	0.0	(-0.0012108221115483561+0j)
-0.0325	-0.0010562500000000001	-4.184249914296334e-05	-0.0010351289175528288	0.0	(-0.0010351289175528288+0j)
-0.03	-0.0009	-3.567595204645446e-05	-0.0008730812856013046	0.0	(-0.0008730812856013046+0j)
-0.0275	-0.00075625	-2.9995639508229033e-05	-0.0007247622507633739	0.0	(-0.0007247622507633739+0j)
-0.025	-0.0006250000000000001	-2.480332583365552e-05	-0.000590231656593958	0.0	(-0.000590231656593958+0j)
-0.0225	-0.00050625	-2.010062537860513e-05	-0.00046952234868490435	0.0	(-0.00046952234868490435+0j)
-0.02	-0.0004	-1.588900160953699e-05	-0.0003626405118270163	0.0	(-0.0003626405118270163+0j)
-0.0175	-0.00030625000000000004	-1.2169766248737446e-05	-0.00026956972611316395	0.0	(-0.00026956972611316395+0j)
-0.015	-0.000225	-8.944078510708664e-06	-0.0001902775635998593	0.0	(-0.0001902775635998593+0j)
-0.0125	-0.00015625000000000003	-6.21294442071374e-06	-0.0001247235830363677	0.0	(-0.0001247235830363677+0j)
-0.01	-0.0001	-3.97721623102143e-06	-7.286863450148435e-05	0.0	(-7.286863450148435e-05+0j)
-0.0075	-5.625e-05	-2.2375919215278373e-06	-3.468883610690031e-05	0.0	(-3.468883610690031e-05+0j)
-0.005	-2.5e-05	-9.946147869754896e-07	-1.0215874974846789e-05	0.0	(-1.0215874974846789e-05+0j)
-0.0025	-6.25e-06	-2.4867311765319755e-07	1.862117231243854e-17	-0.0017917571173721508	(1.862117231243854e-17-0.0017917571173721508j)
0.0025	6.25e-06	2.4867311765319755e-07	1.862117231243854e-17	0.0017917571173721508	(1.862117231243854e-17+0.0017917571173721508j)
0.005	2.5e-05	9.946147869754896e-07	1.0215874974822572e-05	0.0	(1.0215874974822572e-05+0j)
0.0075	5.625e-05	2.2375919215278373e-06	3.4688836106878045e-05	0.0	(3.4688836106878045e-05+0j)
0.01	0.0001	3.97721623102143e-06	7.286863450147627e-05	0.0	(7.286863450147627e-05+0j)
0.0125	0.00015625000000000003	6.21294442071374e-06	0.00012472358303636174	0.0	(0.00012472358303636174+0j)
0.015	0.000225	8.944078510708664e-06	0.00019027756359982516	0.0	(0.00019027756359982516+0j)
0.0175	0.00030625000000000004	1.2169766248737446e-05	0.00026956972611315495	0.0	(0.00026956972611315495+0j)
0.02	0.0004	1.588900160953699e-05	0.0003626405118270128	0.0	(0.0003626405118270128+0j)
0.0225	0.00050625	2.010062537860513e-05	0.0004695223486849117	0.0	(0.0004695223486849117+0j)
0.025	0.0006250000000000001	2.480332583365552e-05	0.000590231656593973	0.0	(0.000590231656593973+0j)
0.0275	0.00075625	2.9995639508229033e-05	0.000724762250763386	0.0	(0.000724762250763386+0j)
0.03	0.0009	3.567595204645446e-05	0.000873081285601298	0.0	(0.000873081285601298+0j)
0.0325	0.0010562500000000001	4.184249914296334e-05	0.0010351289175528511	0.0	(0.0010351289175528511+0j)
0.035	0.0012250000000000002	4.8493367570845436e-05	0.001210822111548337	0.0	(0.001210822111548337+0j)
0.0375	0.00140625	5.5626496293315064e-05	0.0014000618415480693	0.0	(0.0014000618415480693+0j)
0.04	0.0016	6.323967766103111e-05	0.001602741953284141	0.0	(0.001602741953284141+0j)
0.0425	0.0018062500000000003	7.133055869235072e-05	0.0018187576738984	0.0	(0.0018187576738984+0j)
0.045	0.002025	7.989664243576722e-05	0.00204801222867976	0.0	(0.00204801222867976+0j)
0.0475	0.00225625	8.893528941361639e-05	0.0022904208948037984	0.0	(0.0022904208948037984+0j)
0.05	0.0025000000000000005	9.844371914571881e-05	0.002545912623304645	0.0	(0.002545912623304645+0j)
0.0525	0.0027562499999999996	0.00010841901175115409	0.002814429826467309	0.0	(0.002814429826467309+0j)
0.055	0.003025	0.00011885810962788956	0.0030959270445931647	0.0	(0.0030959270445931647+0j)
0.0575	0.00330625	0.00012975781920743223	0.00339036910048635	0.0	(0.00339036910048635+0j)
0.06	0.0036	0.0001411148127841988	0.003697729162205419	0.0	(0.003697729162205419+0j)
0.0625	0.00390625	0.00015292563041720275	0.004017986955538599	0.0	(0.004017986955538599+0j)
0.065	0.0042250000000000005	0.0001651866819031289	0.004351127234723524	0.0	(0.004351127234723524+0j)
0.0675	0.00455625	0.00017789424881842208	0.004697138536647645	0.0	(0.004697138536647645+0j)
0.07	0.004900000000000001	0.00019104448662933537	0.005056012199297499	0.0	(0.005056012199297499+0j)
0.0725	0.00525625	0.0002046334268674399	0.005427741606259674	0.0	(0.005427741606259674+0j)
0.075	0.005625	0.00021865697936951367	0.005812321614760867	0.0	(0.005812321614760867+0j)
0.0775	0.00600625	0.00023311093457936694	0.006209748127720881	0.0	(0.006209748127720881+0j)
0.08	0.0064	0.00024799096590982783	0.006620017776206109	0.0	(0.006620017776206109+0j)
0.0825	0.006806250000000001	0.0002632926321630563	0.007043127685149608	0.0	(0.007043127685149608+0j)
0.085	0.007225000000000001	0.00027901138000695214	0.007479075301157484	0.0	(0.007479075301157484+0j)
0.08750000000000001	0.007656250000000002	0.0002951425465058041	0.007927858266234865	0.0	(0.007927858266234865+0j)
0.09	0.0081	0.00031168136170295346	0.008389474325280578	0.0	(0.008389474325280578+0j)
0.0925	0.00855625	0.00032862295125327123	0.00886392125832334	0.0	(0.00886392125832334+0j)
0.095	0.009025	0.000345962339103556	0.009351196830842986	0.0	(0.009351196830842986+0j)
0.0975	0.00950625	0.000363694450218395	0.009851298757302025	0.0	(0.009851298757302025+0j)
0.1	0.010000000000000002	0.00038181411334935883	0.010364224674331637	0.0	(0.010364224674331637+0j)
0.10250000000000001	0.010506250000000002	0.00040031606384539203	0.010889972120992632	0.0	(0.010889972120992632+0j)
0.105	0.011024999999999998	0.00041919494650186073	0.011428538524241352	0.0	(0.011428538524241352+0j)
0.1075	0.011556249999999999	0.0004384453184462789	0.011979921188255149	0.0	(0.011979921188255149+0j)
0.11	0.0121	0.0004580616520582226	0.01254411728664532	0.0	(0.01254411728664532+0j)
0.1125	0.01265625	0.0004780383379210523	0.013121123856863884	0.0	(0.013121123856863884+0j)
0.115	0.013225	0.0004983696878033475	0.01371093779630194	0.0	(0.01371093779630194+0j)
0.11750000000000001	0.013806250000000003	0.0005190499376674131	0.014313555859725375	0.0	(0.014313555859725375+0j)
0.12	0.0144	0.0005400732507027141	0.01492897465778699	0.0	(0.01492897465778699+0j)
0.1225	0.015006249999999999	0.0005614337203817855	0.015557190656431484	0.0	(0.015557190656431484+0j)
0.125	0.015625	0.0005831253735362404	0.016198200177055956	0.0	(0.016198200177055956+0j)
0.1275	0.01625625	0.0006051421734505659	0.016851999397325415	0.0	(0.016851999397325415+0j)
0.13	0.016900000000000002	0.0006274780229712645	0.017518584352564842	0.0	(0.017518584352564842+0j)
0.1325	0.017556250000000002	0.0006501267676290307	0.018197950937667455	0.0	(0.018197950937667455+0j)
0.135	0.018225	0.0006730821987716122	0.01889009490946794	0.0	(0.01889009490946794+0j)
0.1375	0.018906250000000003	0.000696338056704944	0.019595011889537245	0.0	(0.019595011889537245+0j)
0.14	0.019600000000000003	0.0007198880338402901	0.020312697367361784	0.0	(0.020312697367361784+0j)
0.14250000000000002	0.020306250000000005	0.0007437257778450113	0.021043146703869666	0.0	(0.021043146703869666+0j)
0.145	0.021025	0.0007678448947946968	0.021786355135272002	0.0	(0.021786355135272002+0j)
0.1475	0.021756249999999998	0.0007922389523243104	0.02254231777718769	0.0	(0.02254231777718769+0j)
0.15	0.0225	0.000816901482776123	0.023311029629019573	0.0	(0.023311029629019573+0j)
0.1525	0.02325625	0.0008418259863421894	0.024092485578557185	0.0	(0.024092485578557185+0j)
0.155	0.024025	0.0008670059341990728	0.02488668040677274	0.0	(0.02488668040677274+0j)
0.1575	0.024806250000000002	0.0008924347716327032	0.02569360879278935	0.0	(0.02569360879278935+0j)
0.16	0.0256	0.0009181059211511317	0.026513265318992067	0.0	(0.026513265318992067+0j)
0.1625	0.026406250000000003	0.0009440127855830684	0.027345644476260294	0.0	(0.027345644476260294+0j)
0.165	0.027225000000000003	0.0009701487511600878	0.028190740669299608	0.0	(0.028190740669299608+0j)
0.1675	0.028056250000000005	0.0009965071905804063	0.02904854822204883	0.0	(0.02904854822204883+0j)
0.17	0.028900000000000006	0.0010230814660522267	0.0299190613831493	0.0	(0.0299190613831493+0j)
0.17250000000000001	0.029756250000000005	0.0010498649323146085	0.030802274331450864	0.0	(0.030802274331450864+0j)
0.17500000000000002	0.030625000000000006	0.0010768509396339027	0.03169818118154161	0.0	(0.03169818118154161+0j)
0.1775	0.03150625	0.0011040328367738494	0.03260677598928929	0.0	(0.03260677598928929+0j)
0.18	0.0324	0.0011314039739374424	0.033528052757369683	0.0	(0.033528052757369683+0j)
0.1825	0.033306249999999996	0.0011589577056787016	0.034462005440781616	0.0	(0.034462005440781616+0j)
0.185	0.034225	0.0011866873937825834	0.03540862795232604	0.0	(0.03540862795232604+0j)
0.1875	0.03515625	0.001214586410111268	0.03636791416804127	0.0	(0.03636791416804127+0j)
0.19	0.0361	0.0012426481394151407	0.037339857932585575	0.0	(0.037339857932585575+0j)
0.1925	0.03705625	0.00127086598210678	0.03832445306455139	0.0	(0.03832445306455139+0j)
0.195	0.038025	0.0012992333569963816	0.03932169336170917	0.0	(0.03932169336170917+0j)
0.1975	0.039006250000000006	0.0013277437039870546	0.040331572606165586	0.0	(0.040331572606165586+0j)
0.2	0.04000000000000001	0.0013563904867284985	0.04135408456942965	0.0	(0.04135408456942965+0j)
0.2025	0.04100625000000001	0.0013851671952275916	0.04238922301738103	0.0	(0.04238922301738103+0j)
0.20500000000000002	0.04202500000000001	0.00141406734841454	0.043436981715128976	0.0	(0.043436981715128976+0j)
0.20750000000000002	0.043056250000000004	0.0014430844966631991	0.04449735443176123	0.0	(0.04449735443176123+0j)
0.21	0.04409999999999999	0.0014722122242643333	0.04557033494497022	0.0	(0.04557033494497022+0j)
0.2125	0.045156249999999995	0.0015014441518505584	0.04665591704555452	0.0	(0.04665591704555452+0j)
0.215	0.046224999999999995	0.0015307739387717904	0.047754094541789145	0.0	(0.047754094541789145+0j)
0.2175	0.04730625	0.001560195285420127	0.048864861263662615	0.0	(0.048864861263662615+0j)
0.22	0.0484	0.0015897019355030515	0.04998821106697301	0.0	(0.04998821106697301+0j)
0.2225	0.04950625	0.0016192876782640218	0.05112413783728297	0.0	(0.05112413783728297+0j)
0.225	0.050625	0.0016489463506494453	0.05227263549372698	0.0	(0.05227263549372698+0j)
0.2275	0.051756250000000004	0.0016786718394212006	0.05343369799267628	0.0	(0.05343369799267628+0j)
0.23	0.0529	0.0017084580832138763	0.05460731933125102	0.0	(0.05460731933125102+0j)
0.2325	0.05405625000000001	0.0017382990745359412	0.05579349355068265	0.0	(0.05579349355068265+0j)
0.23500000000000001	0.05522500000000001	0.0017681888617141596	0.05699221473953189	0.0	(0.05699221473953189+0j)
0.23750000000000002	0.056406250000000005	0.0017981215507806066	0.05820347703675016	0.0	(0.05820347703675016+0j)
0.24	0.0576	0.001828091307301681	0.0594272746345991	0.0	(0.0594272746345991+0j)
0.2425	0.05880625	0.0018580923581485876	0.06066360178141894	0.0	(0.06066360178141894+0j)
0.245	0.060024999999999995	0.0018881189932088245	0.061912452784251316	0.0	(0.061912452784251316+0j)
0.2475	0.06125625	0.0019181655670382522	0.06317382201132278	0.0	(0.06317382201132278+0j)
0.25	0.0625	0.001948226500453391	0.06444770389438578	0.0	(0.06444770389438578+0j)
0.2525	0.06375625	0.001978296282063631	0.06573409293092106	0.0	(0.06573409293092106+0j)
0.255	0.065025	0.0020083694697431344	0.06703298368620983	0.0	(0.06703298368620983+0j)
0.2575	0.06630625	0.0020384406920422103	0.06834437079527225	0.0	(0.06834437079527225+0j)
0.26	0.06760000000000001	0.0020685046495380506	0.06966824896468164	0.0	(0.06966824896468164+0j)
0.2625	0.06890625	0.0020985561161247315	0.07100461297425587	0.0	(0.07100461297425587+0j)
0.265	0.07022500000000001	0.0021285899402424635	0.07235345767862783	0.0	(0.07235345767862783+0j)
0.2675	0.07155625	0.002158601046046098	0.0737147780087069	0.0	(0.0737147780087069+0j)
0.27	0.0729	0.002188584434512994	0.07508856897302552	0.0	(0.07508856897302552+0j)
0.2725	0.07425625000000001	0.002218535184490346	0.07647482565898132	0.0	(0.07647482565898132+0j)
0.275	0.07562500000000001	0.002248448453682172	0.07787354323397946	0.0	(0.07787354323397946+0j)
0.2775	0.07700625000000001	0.002278319479576171	0.07928471694647249	0.0	(0.07928471694647249+0j)
0.28	0.07840000000000001	0.0023081435803107464	0.08070834212691474	0.0	(0.08070834212691474+0j)
0.28250000000000003	0.07980625000000002	0.0023379161554825004	0.08214441418861905	0.0	(0.08214441418861905+0j)
0.28500000000000003	0.08122500000000002	0.0023676326868945713	0.08359292862853017	0.0	(0.08359292862853017+0j)
0.28750000000000003	0.08265625000000001	0.002397288739246239	0.08505388102792083	0.0	(0.08505388102792083+0j)
0.29	0.0841	0.0024268799607642375	0.08652726705299899	0.0	(0.08652726705299899+0j)
0.2925	0.08555624999999999	0.002456402083776295	0.08801308245545232	0.0	(0.08801308245545232+0j)
0.295	0.08702499999999999	0.0024858509252274185	0.0895113230729088	0.0	(0.0895113230729088+0j)
0.2975	0.08850625	0.002515222387139531	0.0910219848293398	0.0	(0.0910219848293398+0j)
0.3	0.09	0.0025445124570150565	0.09254506373538393	0.0	(0.09254506373538393+0j)
0.3025	0.09150625	0.0025737172081851316	0.09408055588861974	0.0	(0.09408055588861974+0j)
0.305	0.093025	0.002602832800103119	0.09562845747377244	0.0	(0.09562845747377244+0j)
0.3075	0.09455625	0.0026318554785841647	0.09718876476285757	0.0	(0.09718876476285757+0j)
0.31	0.0961	0.0026607815759915584	0.09876147411528126	0.0	(0.09876147411528126+0j)
0.3125	0.09765625	0.002689607511370685	0.10034658197787016	0.0	(0.10034658197787016+0j)
0.315	0.09922500000000001	0.0027183297905314027	0.10194408488486507	0.0	(0.10194408488486507+0j)
0.3175	0.10080625	0.002746945006079692	0.10355397945785266	0.0	(0.10355397945785266+0j)
0.32	0.1024	0.002775449837399469	0.10517626240565582	0.0	(0.10517626240565582+0j)
0.3225	0.10400625000000001	0.00280384105058546	0.10681093052417541	0.0	(0.10681093052417541+0j)
0.325	0.10562500000000001	0.0028321154983280885	0.10845798069618486	0.0	(0.10845798069618486+0j)
0.3275	0.10725625000000001	0.0028602701197513094	0.11011740989108512	0.0	(0.11011740989108512+0j)
0.33	0.10890000000000001	0.0028883019402044024	0.11178921516461202	0.0	(0.11178921516461202+0j)
0.3325	0.11055625000000001	0.0029162080710086902	0.11347339365851035	0.0	(0.11347339365851035+0j)
0.335	0.11222500000000002	0.0029439857091602436	0.11516994260016192	0.0	(0.11516994260016192+0j)
0.3375	0.11390625000000001	0.0029716321369895665	0.11687885930217691	0.0	(0.11687885930217691+0j)
0.34	0.11560000000000002	0.0029991447217793633	0.11860014116194695	0.0	(0.11860014116194695+0j)
0.3425	0.11730625000000001	0.003026520915341432	0.12033378566116687	0.0	(0.12033378566116687+0j)
0.34500000000000003	0.11902500000000002	0.003053758253553771	0.12207979036531616	0.0	(0.12207979036531616+0j)
0.34750000000000003	0.12075625000000002	0.0030808543558590116	0.12383815292310665	0.0	(0.12383815292310665+0j)
0.35000000000000003	0.12250000000000003	0.0031078069247252736	0.1256088710659016	0.0	(0.1256088710659016+0j)
0.3525	0.12425624999999998	0.003134613745070568	0.12739194260709744	0.0	(0.12739194260709744+0j)
0.355	0.126025	0.003161272683651882	0.1291873654414785	0.0	(0.1291873654414785+0j)
0.3575	0.12780624999999998	0.0031877816884200647	0.13099513754453898	0.0	(0.13099513754453898+0j)
0.36	0.1296	0.0032141387878416765	0.13281525697177848	0.0	(0.13281525697177848+0j)
0.3625	0.13140625	0.0032403420901889373	0.1346477218579635	0.0	(0.1346477218579635+0j)
0.365	0.13322499999999998	0.003266389782798919	0.1364925304163752	0.0	(0.1364925304163752+0j)
0.3675	0.13505625	0.003292280131303154	0.1383496809380107	0.0	(0.1383496809380107+0j)
0.37	0.1369	0.0033180114788287874	0.14021917179077925	0.0	(0.14021917179077925+0j)
0.3725	0.13875625	0.0033435822451724517	0.14210100141865728	0.0	(0.14210100141865728+0j)
0.375	0.140625	0.003368990925948003	0.14399516834083678	0.0	(0.14399516834083678+0j)
0.3775	0.14250625	0.003394236091709263	0.1459016711508348	0.0	(0.1459016711508348+0j)
0.38	0.1444	0.003419316387048936	0.14782050851558973	0.0	(0.14782050851558973+0j)
0.3825	0.14630625	0.003444230529674818	0.14975167917454035	0.0	(0.14975167917454035+0j)
0.385	0.148225	0.0034689773094644517	0.15169518193867898	0.0	(0.15169518193867898+0j)
0.3875	0.15015625000000002	0.003493555587499351	0.15365101568958525	0.0	(0.15365101568958525+0j)
0.39	0.1521	0.0035179642950799164	0.15561917937844846	0.0	(0.15561917937844846+0j)
0.3925	0.15405625	0.003542202432722163	0.15759967202507016	0.0	(0.15759967202507016+0j)
0.395	0.15602500000000002	0.003566269069137359	0.15959249271684273	0.0	(0.15959249271684273+0j)
0.3975	0.15800625000000001	0.0035901633401956663	0.1615976406077384	0.0	(0.1615976406077384+0j)
0.4	0.16000000000000003	0.0036138844478748795	0.16361511491724404	0.0	(0.16361511491724404+0j)
0.4025	0.16200625000000002	0.0036374316591953225	0.16564491492932315	0.0	(0.16564491492932315+0j)
0.405	0.16402500000000003	0.0036608043051419665	0.16768703999134002	0.0	(0.16768703999134002+0j)
0.40750000000000003	0.16605625000000002	0.0036840017795748193	0.16974148951298543	0.0	(0.16974148951298543+0j)
0.41000000000000003	0.16810000000000003	0.0037070235381285992	0.1718082629651838	0.0	(0.1718082629651838+0j)
0.41250000000000003	0.17015625000000004	0.003729869097102739	0.1738873598789953	0.0	(0.1738873598789953+0j)
0.41500000000000004	0.17222500000000002	0.003752538032342687	0.17597877984452087	0.0	(0.17597877984452087+0j)
0.4175	0.17430625	0.0037750299781135204	0.17808252250977036	0.0	(0.17808252250977036+0j)
0.42	0.17639999999999997	0.003797344625966817	0.18019858757955384	0.0	(0.18019858757955384+0j)
0.4225	0.17850624999999998	0.003819481723601739	0.1823269748143546	0.0	(0.1823269748143546+0j)
0.425	0.18062499999999998	0.0038414410737212744	0.18446768402919914	0.0	(0.18446768402919914+0j)
0.4275	0.18275624999999998	0.0038632225328845324	0.18662071509251188	0.0	(0.18662071509251188+0j)
0.43	0.18489999999999998	0.0038848260103559996	0.18878606792499802	0.0	(0.18878606792499802+0j)
0.4325	0.18705625	0.003906251466952627	0.19096374249848552	0.0	(0.19096374249848552+0j)
0.435	0.189225	0.003927498913889607	0.19315373883478842	0.0	(0.19315373883478842+0j)
0.4375	0.19140625	0.003948568411625675	0.1953560570045768	0.0	(0.1953560570045768+0j)
0.44	0.1936	0.003969460068708748	0.1975706971262121	0.0	(0.1975706971262121+0j)
0.4425	0.19580625000000002	0.003990174040622713	0.19979765936463156	0.0	(0.19979765936463156+0j)
0.445	0.198025	0.004010710528636102	0.20203694393019253	0.0	(0.20203694393019253+0j)
0.4475	0.20025625	0.004031069778653453	0.20428855107753874	0.0	(0.20428855107753874+0j)
0.45	0.2025	0.004051252080070059	0.20655248110447097	0.0	(0.20655248110447097+0j)
0.4525	0.20475625	0.004071257764630811	0.20882873435081736	0.0	(0.20882873435081736+0j)
0.455	0.20702500000000001	0.004091087205293856	0.2111173111973039	0.0	(0.2111173111973039+0j)
0.4575	0.20930625000000003	0.004110740815099701	0.2134182120644385	0.0	(0.2134182120644385+0j)
0.46	0.2116	0.004130219046046422	0.21573143741139794	0.0	(0.21573143741139794+0j)
0.4625	0.21390625000000002	0.004149522387971621	0.218056987734913	0.0	(0.218056987734913+0j)
0.465	0.21622500000000003	0.0041686513674416914	0.2203948635681774	0.0	(0.2203948635681774+0j)
0.4675	0.21855625000000004	0.0041876065466489995	0.2227450654797471	0.0	(0.2227450654797471+0j)
0.47000000000000003	0.22090000000000004	0.004206388522317547	0.22510759407246386	0.0	(0.22510759407246386+0j)
0.47250000000000003	0.22325625000000002	0.004224997924617612	0.22748244998236897	0.0	(0.22748244998236897+0j)
0.47500000000000003	0.22562500000000002	0.00424343541608993	0.22986963387764506	0.0	(0.22986963387764506+0j)
0.47750000000000004	0.22800625000000002	0.004261701690579858	0.23226914645755678	0.0	(0.23226914645755678+0j)
0.48	0.2304	0.004279797472182039	0.23468098845139845	0.0	(0.23468098845139845+0j)
0.4825	0.23280625	0.004297723514195977	0.23710516061746836	0.0	(0.23710516061746836+0j)
0.485	0.235225	0.004315480598092971	0.23954166374202762	0.0	(0.23954166374202762+0j)
0.4875	0.23765624999999999	0.004333069532494806	0.24199049863831001	0.0	(0.24199049863831001+0j)
0.49	0.24009999999999998	0.004350491152164595	0.24445166614549854	0.0	(0.24445166614549854+0j)
0.4925	0.24255625	0.004367746317010113	0.24692516712774246	0.0	(0.24692516712774246+0j)
0.495	0.245025	0.0043848359111000055	0.24941100247318707	0.0	(0.24941100247318707+0j)
0.4975	0.24750625	0.00440176084169315	0.2519091730930025	0.0	(0.2519091730930025+0j)
0.5	0.25	0.004418522038281515	0.25441967992043285	0.0	(0.25441967992043285+0j)
0.5025000000000001	0.25250625000000004	0.004435120451646761	0.25694252390986283	0.0	(0.25694252390986283+0j)
0.505	0.255025	0.00445155705293088	0.2594777060358932	0.0	(0.2594777060358932+0j)
0.5075000000000001	0.25755625000000004	0.004467832832721113	0.26202522729242844	0.0	(0.26202522729242844+0j)
0.51	0.2601	0.004483948800149337	0.2645850886917884	0.0	(0.2645850886917884+0j)
0.5125	0.26265625	0.004499905982006183	0.2671572912638156	0.0	(0.2671572912638156+0j)
0.515	0.265225	0.004515705421870025	0.2697418360550251	0.0	(0.2697418360550251+0j)
0.5175	0.26780624999999997	0.004531348179251051	0.2723387241277415	0.0	(0.2723387241277415+0j)
0.52	0.27040000000000003	0.004546835328750533	0.2749479565592667	0.0	(0.2749479565592667+0j)
0.5225	0.27300624999999995	0.00456216795923546	0.2775695344410576	0.0	(0.2775695344410576+0j)
0.525	0.275625	0.004577347173028655	0.28020345887792736	0.0	(0.28020345887792736+0j)
0.5275	0.27825625	0.004592374085114437	0.2828497309872415	0.0	(0.2828497309872415+0j)
0.53	0.28090000000000004	0.004607249822359986	0.2855083518981642	0.0	(0.2855083518981642+0j)
0.5325	0.28355624999999995	0.0046219755227524095	0.2881793227508773	0.0	(0.2881793227508773+0j)
0.535	0.286225	0.004636552334651627	0.29086264469584333	0.0	(0.29086264469584333+0j)
0.5375	0.28890625	0.004650981416059071	0.2935583188930926	0.0	(0.2935583188930926+0j)
0.54	0.2916	0.004665263933902262	0.29626634651149636	0.0	(0.29626634651149636+0j)
0.5425	0.29430625	0.004679401063335248	0.2989867287280654	0.0	(0.2989867287280654+0j)
0.545	0.29702500000000004	0.004693393987054931	0.30171946672728805	0.0	(0.30171946672728805+0j)
0.5475	0.29975625	0.004707243894633243	0.304464561700456	0.0	(0.304464561700456+0j)
0.55	0.30250000000000005	0.0047209519818651674	0.30722201484500516	0.0	(0.30722201484500516+0j)
0.5525	0.30525625	0.004734519450132552	0.30999182736390424	0.0	(0.30999182736390424+0j)
0.555	0.30802500000000005	0.004747947505783679	0.3127740004650175	0.0	(0.3127740004650175+0j)
0.5575	0.31080625	0.0047612373595285066	0.3155685353605152	0.0	(0.3155685353605152+0j)
0.56	0.31360000000000005	0.004774390225849546	0.31837543326627465	0.0	(0.31837543326627465+0j)
0.5625	0.31640625	0.004787407322428249	0.32119469540133283	0.0	(0.32119469540133283+0j)
0.5650000000000001	0.3192250000000001	0.0048002898695868445	0.32402632298729966	0.0	(0.32402632298729966+0j)
0.5675	0.32205625	0.004813039089745512	0.3268703172478392	0.0	(0.3268703172478392+0j)
0.5700000000000001	0.3249000000000001	0.004825656206894775	0.329726679408139	0.0	(0.329726679408139+0j)
0.5725	0.32775625	0.004838142446082991	0.3325954106943955	0.0	(0.3325954106943955+0j)
0.5750000000000001	0.33062500000000006	0.0048504990329188286	0.33547651233332704	0.0	(0.33547651233332704+0j)
0.5775	0.33350625	0.0048627271930885615	0.33836998555168946	0.0	(0.33836998555168946+0j)
0.58	0.3364	0.00487482815188807	0.34127583157580244	0.0	(0.34127583157580244+0j)
0.5825	0.33930625000000003	0.004886803133769363	0.34419405163111444	0.0	(0.34419405163111444+0j)
0.585	0.34222499999999995	0.004898653361901488	0.34712464694175266	0.0	(0.34712464694175266+0j)
0.5875	0.34515625000000005	0.0049103800577456475	0.3500676187301026	0.0	(0.3500676187301026+0j)
0.59	0.34809999999999997	0.004921984440644349	0.3530229682164065	0.0	(0.3530229682164065+0j)
0.5925	0.35105625	0.004933467727424433	0.3559906966183595	0.0	(0.3559906966183595+0j)
0.595	0.354025	0.0049448311320137535	0.3589708051507326	0.0	(0.3589708051507326+0j)
0.5975	0.35700625	0.004956075865071361	0.3619632950250058	0.0	(0.3619632950250058+0j)
0.6	0.36	0.004967203133630984	0.3649681674490132	0.0	(0.3649681674490132+0j)
0.6025	0.36300625000000003	0.004978214140757593	0.3679854236265977	0.0	(0.3679854236265977+0j)
0.605	0.366025	0.004989110085216873	0.37101506475728413	0.0	(0.37101506475728413+0j)
0.6075	0.36905625000000003	0.004999892161157382	0.3740570920359759	0.0	(0.3740570920359759+0j)
0.61	0.3721	0.005010561557805187	0.37711150665262744	0.0	(0.37711150665262744+0j)
0.6125	0.3751562500000001	0.0050211194591707736	0.3801783097919799	0.0	(0.3801783097919799+0j)
0.615	0.378225	0.005031567043768006	0.3832575026332577	0.0	(0.3832575026332577+0j)
0.6175	0.38130625000000007	0.005041905484344941	0.3863490863499236	0.0	(0.3863490863499236+0j)
0.62	0.3844	0.005052135947626231	0.3894530621094029	0.0	(0.3894530621094029+0j)
0.6225	0.38750625000000005	0.005062259594066954	0.392569431072862	0.0	(0.392569431072862+0j)
0.625	0.390625	0.005072277577617601	0.3956981943949599	0.0	(0.3956981943949599+0j)
0.6275000000000001	0.3937562500000001	0.005082191045500028	0.39883935322362357	0.0	(0.39883935322362357+0j)
0.63	0.39690000000000003	0.005092001137994121	0.40199290869985843	0.0	(0.40199290869985843+0j)
0.6325000000000001	0.40005625000000006	0.005101708988234971	0.4051588619575187	0.0	(0.4051588619575187+0j)
0.635	0.403225	0.005111315722020324	0.40833721412315094	0.0	(0.40833721412315094+0j)
0.6375000000000001	0.4064062500000001	0.005120822457628076	0.4115279663157838	0.0	(0.4115279663157838+0j)
0.64	0.4096	0.005130230305643588	0.41473111964677833	0.0	(0.41473111964677833+0j)
0.6425	0.41280624999999993	0.005139540368796604	0.41794667521965667	0.0	(0.41794667521965667+0j)
0.645	0.41602500000000003	0.0051487537418075284	0.42117463412996153	0.0	(0.42117463412996153+0j)
0.6475	0.41925624999999994	0.005157871511242852	0.42441499746510986	0.0	(0.42441499746510986+0j)
0.65	0.42250000000000004	0.005166894755379505	0.4276677663042624	0.0	(0.4276677663042624+0j)
0.6525	0.42575624999999995	0.005175824544077878	0.43093294171819074	0.0	(0.43093294171819074+0j)
0.655	0.42902500000000005	0.005184661938663355	0.4342105247691852	0.0	(0.4342105247691852+0j)
0.6575	0.43230624999999995	0.005193407991816057	0.43750051651092775	0.0	(0.43750051651092775+0j)
0.66	0.43560000000000004	0.005202063747468647	0.4408029179883982	0.0	(0.4408029179883982+0j)
0.6625	0.43890625	0.005210630240711925	0.44411773023779666	0.0	(0.44411773023779666+0j)
0.665	0.44222500000000003	0.0052191084977080355	0.4474449542864454	0.0	(0.4474449542864454+0j)
0.6675	0.44555625	0.005227499535611044	0.45078459115272673	0.0	(0.45078459115272673+0j)
0.67	0.4489000000000001	0.005235804362494688	0.45413664184600705	0.0	(0.45413664184600705+0j)
0.6725	0.45225624999999997	0.005244023977287078	0.4575011073665823	0.0	(0.4575011073665823+0j)
0.675	0.45562500000000006	0.0052521593697121595	0.46087798870562546	0.0	(0.46087798870562546+0j)
0.6775	0.45900625	0.0052602115202377035	0.4642672868451425	0.0	(0.4642672868451425+0j)
0.68	0.4624000000000001	0.005268181400029652	0.4676690027579203	0.0	(0.4676690027579203+0j)
0.6825	0.46580625	0.005276069970912587	0.4710831374075124	0.0	(0.4710831374075124+0j)
0.685	0.46922500000000006	0.0052838781853361515	0.47450969174819635	0.0	(0.47450969174819635+0j)
0.6875	0.47265625	0.005291606986347209	0.4779486667249626	0.0	(0.4779486667249626+0j)
0.6900000000000001	0.4761000000000001	0.005299257307567561	0.4814000632734966	0.0	(0.4814000632734966+0j)
0.6925	0.47955625	0.0053068300731770185	0.4848638823201715	0.0	(0.4848638823201715+0j)
0.6950000000000001	0.4830250000000001	0.005314326197901661	0.4883401247820397	0.0	(0.4883401247820397+0j)
0.6975	0.48650625000000003	0.005321746587007081	0.4918287915668414	0.0	(0.4918287915668414+0j)
0.7000000000000001	0.4900000000000001	0.005329092136296437	0.4953298835730033	0.0	(0.4953298835730033+0j)
0.7025	0.49350625000000004	0.0053363637321131524	0.4988434016896607	0.0	(0.4988434016896607+0j)
0.705	0.49702499999999994	0.00534356225134806	0.5023693467966726	0.0	(0.5023693467966726+0j)
0.7075	0.50055625	0.00535068856145085	0.5059077197646219	0.0	(0.5059077197646219+0j)
0.71	0.5041	0.005357743520445628	0.5094585214548799	0.0	(0.5094585214548799+0j)
0.7125	0.50765625	0.005364727976950436	0.5130217527196048	0.0	(0.5130217527196048+0j)
0.715	0.5112249999999999	0.005371642770200567	0.5165974144017798	0.0	(0.5165974144017798+0j)
0.7175	0.51480625	0.00537848873007552	0.5201855073352822	0.0	(0.5201855073352822+0j)
0.72	0.5184	0.005385266677129432	0.5237860323448869	0.0	(0.5237860323448869+0j)
0.7225	0.52200625	0.005391977422624851	0.5273989902463205	0.0	(0.5273989902463205+0j)
0.725	0.525625	0.005398621768569682	0.5310243818463392	0.0	(0.5310243818463392+0j)
0.7275	0.5292562500000001	0.005405200507757189	0.5346622079427455	0.0	(0.5346622079427455+0j)
0.73	0.5328999999999999	0.005411714423808879	0.5383124693244793	0.0	(0.5383124693244793+0j)
0.7325	0.5365562500000001	0.005418164291220156	0.5419751667716295	0.0	(0.5419751667716295+0j)
0.735	0.540225	0.005424550875408601	0.5456503010555648	0.0	(0.5456503010555648+0j)
0.7375	0.54390625	0.005430874932764749	0.5493378729389531	0.0	(0.5493378729389531+0j)
0.74	0.5476	0.005437137210705223	0.5530378831758059	0.0	(0.5530378831758059+0j)
0.7425	0.5513062500000001	0.005443338447728133	0.5567503325116363	0.0	(0.5567503325116363+0j)
0.745	0.555025	0.005449479373470576	0.560475221683439	0.0	(0.560475221683439+0j)
0.7475	0.5587562500000001	0.005455560708768147	0.5642125514198318	0.0	(0.5642125514198318+0j)
0.75	0.5625	0.00546158316571635	0.5679623224410956	0.0	(0.5679623224410956+0j)
0.7525000000000001	0.5662562500000001	0.005467547447733771	0.5717245354592899	0.0	(0.5717245354592899+0j)
0.755	0.570025	0.005473454249626932	0.5754991911783006	0.0	(0.5754991911783006+0j)
0.7575000000000001	0.5738062500000001	0.005479304257656709	0.5792862902939464	0.0	(0.5792862902939464+0j)
0.76	0.5776	0.0054850981496062075	0.5830858334940767	0.0	(0.5830858334940767+0j)
0.7625000000000001	0.5814062500000001	0.005490836594850004	0.5868978214586187	0.0	(0.5868978214586187+0j)
0.765	0.585225	0.0054965202544246606	0.5907222548597267	0.0	(0.5907222548597267+0j)
0.7675000000000001	0.5890562500000001	0.005502149781100408	0.5945591343618125	0.0	(0.5945591343618125+0j)
0.77	0.5929	0.00550772581945391	0.5984084606217026	0.0	(0.5984084606217026+0j)
0.7725	0.59675625	0.005513249005942042	0.6022702342886735	0.0	(0.6022702342886735+0j)
0.775	0.6006250000000001	0.005518719968976567	0.6061444560045909	0.0	(0.6061444560045909+0j)
0.7775	0.6045062499999999	0.005524139328999644	0.6100311264040028	0.0	(0.6100311264040028+0j)
0.78	0.6084	0.005529507698560107	0.6139302461142077	0.0	(0.6139302461142077+0j)
0.7825	0.6123062499999999	0.005534825682390398	0.6178418157554036	0.0	(0.6178418157554036+0j)
0.785	0.616225	0.005540093877484122	0.6217658359407419	0.0	(0.6217658359407419+0j)
0.7875	0.62015625	0.005545312873174128	0.6257023072764732	0.0	(0.6257023072764732+0j)
0.79	0.6241000000000001	0.0055504832512110564	0.6296512303620166	0.0	(0.6296512303620166+0j)
0.7925	0.62805625	0.005555605585842292	0.6336126057900976	0.0	(0.6336126057900976+0j)
0.795	0.6320250000000001	0.005560680443891237	0.6375864341468083	0.0	(0.6375864341468083+0j)
0.7975	0.63600625	0.005565708384836889	0.641572716011758	0.0	(0.641572716011758+0j)
0.8	0.6400000000000001	0.005570689960893604	0.6455714519581718	0.0	(0.6455714519581718+0j)
0.8025	0.64400625	0.005575625717091049	0.6495826425529727	0.0	(0.6495826425529727+0j)
0.805	0.6480250000000001	0.00558051619135425	0.6536062883569248	0.0	(0.6536062883569248+0j)
0.8075	0.65205625	0.0055853619145836975	0.6576423899247291	0.0	(0.6576423899247291+0j)
0.81	0.6561000000000001	0.00559016341073546	0.6616909478051327	0.0	(0.6616909478051327+0j)
0.8125	0.66015625	0.005594921196901262	0.6657519625410189	0.0	(0.6657519625410189+0j)
0.8150000000000001	0.6642250000000001	0.005599635783388477	0.6698254346696024	0.0	(0.6698254346696024+0j)
0.8175	0.66830625	0.005604307673799984	0.6739113647224184	0.0	(0.6739113647224184+0j)
0.8200000000000001	0.6724000000000001	0.005608937365113868	0.6780097532255537	0.0	(0.6780097532255537+0j)
0.8225	0.67650625	0.005613525347762907	0.6821206006996869	0.0	(0.6821206006996869+0j)
0.8250000000000001	0.6806250000000001	0.00561807210571381	0.6862439076602499	0.0	(0.6862439076602499+0j)
0.8275	0.6847562500000001	0.005622578116546176	0.6903796746175102	0.0	(0.6903796746175102+0j)
0.8300000000000001	0.6889000000000001	0.005627043851531146	0.6945279020767444	0.0	(0.6945279020767444+0j)
0.8325	0.69305625	0.005631469775709697	0.6986885905383012	0.0	(0.6986885905383012+0j)
0.835	0.697225	0.005635856347970566	0.7028617404977626	0.0	(0.7028617404977626+0j)
0.8375	0.70140625	0.005640204021127767	0.7070473524460645	0.0	(0.7070473524460645+0j)
0.84	0.7055999999999999	0.00564451324199767	0.7112454268696211	0.0	(0.7112454268696211+0j)
0.8425	0.7098062500000001	0.0056487844514756256	0.7154559642504618	0.0	(0.7154559642504618+0j)
0.845	0.7140249999999999	0.005653018084612112	0.7196789650663603	0.0	(0.7196789650663603+0j)
0.8475	0.71825625	0.00565721457068836	0.7239144297909822	0.0	(0.7239144297909822+0j)
0.85	0.7224999999999999	0.005661374333291466	0.7281623588940423	0.0	(0.7281623588940423+0j)
0.8525	0.7267562500000001	0.00566549779038895	0.7324227528414065	0.0	(0.7324227528414065+0j)
0.855	0.7310249999999999	0.005669585354402749	0.7366956120953108	0.0	(0.7366956120953108+0j)
0.8575	0.73530625	0.005673637432282625	0.7409809371144482	0.0	(0.7409809371144482+0j)
0.86	0.7395999999999999	0.0056776544255789764	0.7452787283542183	0.0	(0.7452787283542183+0j)
0.8625	0.7439062500000001	0.005681636730515027	0.7495889862668424	0.0	(0.7495889862668424+0j)
0.865	0.748225	0.005685584738058392	0.7539117113015451	0.0	(0.7539117113015451+0j)
0.8675	0.75255625	0.005689498833991999	0.7582469039048012	0.0	(0.7582469039048012+0j)
0.87	0.7569	0.0056933793989843535	0.7625945645205005	0.0	(0.7625945645205005+0j)
0.8725	0.7612562500000001	0.00569722680865914	0.7669546935901714	0.0	(0.7669546935901714+0j)
0.875	0.765625	0.005701041433664146	0.7713272915532344	0.0	(0.7713272915532344+0j)
0.8775000000000001	0.7700062500000001	0.005704823639739503	0.7757123588472273	0.0	(0.7757123588472273+0j)
0.88	0.7744	0.005708573787785234	0.7801098959081073	0.0	(0.7801098959081073+0j)
0.8825000000000001	0.7788062500000001	0.005712292233928104	0.7845199031705141	0.0	(0.7845199031705141+0j)
0.885	0.7832250000000001	0.005715979329587754	0.7889423810681117	0.0	(0.7889423810681117+0j)
0.8875000000000001	0.7876562500000002	0.005719635421542138	0.7933773300339131	0.0	(0.7933773300339131+0j)
0.89	0.7921	0.005723260851992228	0.7978247505006908	0.0	(0.7978247505006908+0j)
0.8925000000000001	0.7965562500000001	0.005726855958626006	0.8022846429013631	0.0	(0.8022846429013631+0j)
0.895	0.801025	0.005730421074681735	0.8067570076694756	0.0	(0.8067570076694756+0j)
0.8975	0.80550625	0.005733956529010488	0.8112418452396952	0.0	(0.8112418452396952+0j)
0.9	0.81	0.005737462646137961	0.8157391560483881	0.0	(0.8157391560483881+0j)
0.9025	0.81450625	0.005740939746325548	0.8202489405342485	0.0	(0.8202489405342485+0j)
0.905	0.819025	0.005744388145630683	0.8247711991390145	0.0	(0.8247711991390145+0j)
0.9075	0.82355625	0.005747808155966455	0.8293059323082403	0.0	(0.8293059323082403+0j)
0.91	0.8281000000000001	0.005751200085160481	0.8338531404922256	0.0	(0.8338531404922256+0j)
0.9125	0.83265625	0.0057545642370130535	0.8384128241470108	0.0	(0.8384128241470108+0j)
0.915	0.8372250000000001	0.005757900911354558	0.8429849837355687	0.0	(0.8429849837355687+0j)
0.9175	0.84180625	0.005761210404102148	0.8475696197290798	0.0	(0.8475696197290798+0j)
0.92	0.8464	0.005764493007315711	0.8521667326085037	0.0	(0.8521667326085037+0j)
0.9225	0.85100625	0.005767749009253096	0.8567763228662995	0.0	(0.8567763228662995+0j)
0.925	0.8556250000000001	0.005770978694424618	0.86139839100849	0.0	(0.86139839100849+0j)
0.9275	0.86025625	0.0057741823436468515	0.8660329375569761	0.0	(0.8660329375569761+0j)
0.93	0.8649000000000001	0.005777360234095699	0.8706799630523638	0.0	(0.8706799630523638+0j)
0.9325	0.86955625	0.005780512639358748	0.8753394680571608	0.0	(0.8753394680571608+0j)
0.935	0.8742250000000001	0.0057836398294869255	0.8800114531596566	0.0	(0.8800114531596566+0j)
0.9375	0.87890625	0.005786742071045444	0.884695918978496	0.0	(0.884695918978496+0j)
0.9400000000000001	0.8836000000000002	0.005789819627164043	0.8893928661681504	0.0	(0.8893928661681504+0j)
0.9425	0.88830625	0.005792872757586546	0.8941022954255321	0.0	(0.8941022954255321+0j)
0.9450000000000001	0.8930250000000001	0.00579590171871972	0.8988242074980388	0.0	(0.8988242074980388+0j)
0.9475	0.89775625	0.005798906763681454	0.9035586031933807	0.0	(0.9035586031933807+0j)
0.9500000000000001	0.9025000000000001	0.005801888142348254	0.9083054833917296	0.0	(0.9083054833917296+0j)
0.9525	0.90725625	0.0058048461014020706	0.9130648490608881	0.0	(0.9130648490608881+0j)
0.9550000000000001	0.9120250000000001	0.005807780884376459	0.9178367012754041	0.0	(0.9178367012754041+0j)
0.9575	0.91680625	0.005810692731702071	0.9226210412409152	0.0	(0.9226210412409152+0j)
0.96	0.9216	0.005813581880751499	0.9274178703255908	0.0	(0.9274178703255908+0j)
0.9625	0.9264062500000001	0.005816448565883467	0.9322271901012883	0.0	(0.9322271901012883+0j)
0.965	0.931225	0.005819293018486381	0.9370490023982739	0.0	(0.9370490023982739+0j)
0.9675	0.93605625	0.005822115467021244	0.9418833093792476	0.0	(0.9418833093792476+0j)
0.97	0.9409	0.0058249161370639395	0.9467301136414922	0.0	(0.9467301136414922+0j)
0.9725	0.9457562500000001	0.00582769525134689	0.951589418361076	0.0	(0.951589418361076+0j)
0.975	0.9506249999999999	0.005830453029800114	0.9564612275017532	0.0	(0.9564612275017532+0j)
0.9775	0.9555062500000001	0.005833189689591654	0.961345546126918	0.0	(0.961345546126918+0j)
0.98	0.9603999999999999	0.005835905445167413	0.9662423808824425	0.0	(0.9662423808824425+0j)
0.9825	0.96530625	0.005838600508290405	0.9711517407769013	0.0	(0.9711517407769013+0j)
0.985	0.970225	0.005841275088079397	0.9760736385103866	0.0	(0.9760736385103866+0j)
0.9875	0.9751562500000001	0.005843929391046988	0.9810080928920888	0.0	(0.9810080928920888+0j)
0.99	0.9801	0.005846563621137107	0.9859551336309247	0.0	(0.9859551336309247+0j)
0.9925	0.9850562500000001	0.005849177979761946	0.9909148119896345	0.0	(0.9909148119896345+0j)
0.995	0.990025	0.005851772665838331	0.9958872287563187	0.0	(0.9958872287563187+0j)
0.9975	0.9950062500000001	0.005854347875823551	1.0008726298814843	0.0	(1.0008726298814843+0j)
1.0	1.0	0.0058569038037506235	1.0058719544089332	0.0	(1.0058719544089332+0j)
