-1209598.9185262648	-1463129543699.9094	-0.0007957747154594332	-1463129543699.9102	0.0	(-1463129543699.9102+0j)
-151172.1627947616	-22853022804.045902	-0.0007957747154566909	-22853022804.0467	0.0	(-22853022804.0467+0j)
-44778.073711307276	-2005075885.2952678	-0.0007957747154277262	-2005075885.2960637	0.0	(-2005075885.2960637+0j)
-18882.672722805288	-356555329.15657485	-0.0007957747152809294	-356555329.1573706	0.0	(-356555329.1573706+0j)
-9662.612764718197	-93366085.44089504	-0.0007957747147776233	-93366085.44169082	0.0	(-93366085.44169082+0j)
-5588.031222884966	-31226092.94793725	-0.0007957747134207337	-31226092.948733024	0.0	(-31226092.948733024+0j)
-3516.197255818686	-12363643.141826857	-0.000795774710310349	-12363643.142622631	0.0	(-12363643.142622631+0j)
-2353.417045125024	-5538571.788284998	-0.0007957747039651818	-5538571.7890807735	0.0	(-5538571.7890807735+0j)
-1651.1612699663262	-2726333.539436811	-0.0007957746921087104	-2726333.5402325857	0.0	(-2726333.5402325857+0j)
-1202.2970203207008	-1445518.1250720355	-0.0007957746714185365	-1445518.12586781	0.0	(-1445518.12586781+0j)
-902.1421224679432	-813860.4091309654	-0.0007957746372372452	-813860.40992674	0.0	(-813860.40992674+0j)
-693.9000596638814	-481497.29280153813	-0.0007957745832427889	-481497.2935973127	0.0	(-481497.2935973127+0j)
-544.9348050674845	-296953.9417739373	-0.0007957745010761388	-296953.9425697118	0.0	(-296953.9425697118+0j)
-435.5826956730059	-189732.28476976248	-0.0007957743799236593	-189732.28556553685	0.0	(-189732.28556553685+0j)
-353.51441291600565	-124972.44013934814	-0.000795774206051345	-124972.44093512234	0.0	(-124972.44093512234+0j)
-290.732144905761	-84525.18008150441	-0.0007957739622877334	-84525.18087727837	0.0	(-84525.18087727837+0j)
-241.89345215900826	-58512.44219740242	-0.0007957736274519547	-58512.44299317605	0.0	(-58512.44299317605+0j)
-203.33721107049217	-41346.02140592589	-0.0007957731757230021	-41346.02220169906	0.0	(-41346.02220169906+0j)
-172.49739387007384	-29755.350891967388	-0.0007957725759458992	-29755.351687739963	0.0	(-29755.351687739963+0j)
-147.53926170486494	-21767.833744416628	-0.0007957717908700121	-21767.834540188418	0.0	(-21767.834540188418+0j)
-127.12737129116371	-16161.368531401395	-0.0007957707763142791	-16161.369327172171	0.0	(-16161.369327172171+0j)
-110.27401318935443	-12160.357984885915	-0.0007957694802536286	-12160.358780655395	0.0	(-12160.358780655395+0j)
-96.23802379441496	-9261.75722385438	-0.0007957678418203067	-9261.758019622222	0.0	(-9261.758019622222+0j)
-84.4558929953336	-7132.797861639239	-0.0007957657902132449	-7132.798657405029	0.0	(-7132.798657405029+0j)
-74.494019787306	-5549.358984071538	-0.0007957632435079559	-5549.359779834781	0.0	(-5549.359779834781+0j)
-66.01508458138542	-4357.991392287471	-0.0007957601073587472	-4357.992188047579	0.0	(-4357.992188047579+0j)
-58.754011270063216	-3452.0338403227156	-0.0007957562735842861	-3452.034636078989	0.0	(-3452.034636078989+0j)
-52.50054922355529	-2756.3076687749517	-0.0007957516186267254	-2756.308464526571	0.0	(-2756.308464526571+0j)
-47.08649306653929	-2217.1378293052526	-0.0007957460018737017	-2217.138625051252	0.0	(-2217.138625051252+0j)
-42.376196144271574	-1795.7419996577771	-0.0007957392638315429	-1795.7427953970425	0.0	(-1795.7427953970425+0j)
-38.25945280426815	-1463.785728882022	-0.0007957312241369555	-1463.7865246132494	0.0	(-1463.7865246132494+0j)
-34.64610438705312	-1200.3525491985815	-0.0007957216793932982	-1200.3533449202594	0.0	(-1200.3533449202594+0j)
-31.461913247165306	-989.8519851721558	-0.0007957104008162872	-989.8527808825572	0.0	(-989.8527808825572+0j)
-28.64537912446167	-820.5577451841444	-0.0007956971316725825	-820.5585408812758	0.0	(-820.5585408812758+0j)
-26.14526252799216	-683.5747526576309	-0.0007956815844932008	-683.5755483392155	0.0	(-683.5755483392155+0j)
-23.918643319342358	-572.1014982379209	-0.0007956634380420379	-572.1022939013601	0.0	(-572.1022939013601+0j)
-21.929387844185747	-480.89805122072164	-0.0007956423340179733	-480.89884686305606	0.0	(-480.89884686305606+0j)
-20.14693040131219	-405.89880459531736	-0.000795617873467049	-405.8996002131909	0.0	(-405.8996002131909+0j)
-18.545298368552277	-343.92809157862774	-0.0007955896128790374	-343.92888716824103	0.0	(-343.92888716824103+0j)
-17.102327529253973	-292.4896069178783	-0.0007955570599403367	-292.49040247493804	0.0	(-292.49040247493804+0j)
-15.799026860736173	-249.60924974626312	-0.0007955196689125179	-249.6100452659321	0.0	(-249.6100452659321+0j)
-14.619061513616193	-213.7169595388942	-0.0007954768356029875	-213.7177550157301	0.0	(-213.7177550157301+0j)
-13.548329813570865	-183.55724073729314	-0.0007954278918910843	-183.558036165185	0.0	(-183.558036165185+0j)
-12.57461548493147	-158.12095459387834	-0.0007953720997694799	-158.12174996597778	0.0	(-158.12174996597778+0j)
-11.687300380670402	-136.59299018801852	-0.000795308644856958	-136.59378549666266	0.0	(-136.59378549666266+0j)
-10.877126133024653	-118.31187291372784	-0.0007952366293344841	-118.3126681503573	0.0	(-118.3126681503573+0j)
-10.135995551894553	-102.73840582802616	-0.000795155064251891	-102.73920098309044	0.0	(-102.73920098309044+0j)
-9.456806469667123	-89.43118860473795	-0.0007950628611474634	-89.43198366759871	0.0	(-89.43198366759871+0j)
-8.833312191087042	-78.02740426520697	-0.0007949588229171542	-78.02819922403015	0.0	(-78.02819922403015+0j)
-8.260003852004482	-68.22766363512889	-0.0007948416338640521	-68.22845847676425	0.0	(-68.22845847676425+0j)
-7.732010893868104	-59.783992462895036	-0.0007947098488519769	-59.78478717275389	0.0	(-59.78478717275389+0j)
-7.245016576502953	-52.490265193802564	-0.0007945618814796575	-52.4910597557369	0.0	(-52.4910597557369+0j)
-6.795186021636264	-46.17455306864087	-0.0007943959911837458	-46.1753474648411	0.0	(-46.1753474648411+0j)
-6.379104735595156	-40.692977227692545	-0.0007942102691698738	-40.69377143861013	0.0	(-40.69377143861013+0j)
-5.993725926010504	-35.92475047613048	-0.0007940026230609768	-35.92554448040198	0.0	(-35.92554448040198+0j)
-5.636325223067443	-31.76816202018626	-0.0007937707601410574	-31.76895579449201	0.0	(-31.76895579449201+0j)
-5.30446165546979	-28.137313454349307	-0.000793512169060367	-28.138106973153604	0.0	(-28.138106973153604+0j)
-4.995943926236034	-24.95945571409472	-0.0007932240998544734	-24.96024894924704	0.0	(-24.96024894924704+0j)
-4.708801192652311	-22.17280867192383	-0.0007929035421147408	-22.173601592166513	0.0	(-22.173601592166513+0j)
-4.441257685203385	-19.72476982637813	-0.0007925472011311917	-19.72556239683406	0.0	(-19.72556239683406+0j)
-4.191710607642078	-17.570437818219116	-0.0007921514718103773	-17.57122999993011	0.0	(-17.57122999993011+0j)
-3.958710848952246	-15.671391585612211	-0.0007917124101505336	-15.672183335162698	0.0	(-15.672183335162698+0j)
-3.7409461113238116	-13.994677807828747	-0.0007912257020337339	-13.995469077052435	0.0	(-13.995469077052435+0j)
-3.537226119203227	-12.51196861837352	-0.0007906866290696761	-12.512759354106455	0.0	(-12.512759354106455+0j)
-3.3464696252667663	-11.198858952833092	-0.0007900900311979026	-11.199649096659885	0.0	(-11.199649096659885+0j)
-3.1676929716073188	-10.034278762370406	-0.0007894302657242852	-10.035068250307969	0.0	(-10.035068250307969+0j)
-2.9999999999999973	-8.999999999999984	-0.0007887011624331702	-9.000788762077878	0.0	(-9.000788762077878+0j)
-2.842573135012568	-8.080222027895179	-0.0007878959743782317	-8.081009987617701	0.0	(-8.081009987617701+0j)
-2.6946654889263955	-7.26122209721093	-0.0007870073239123691	-7.262009170906275	0.0	(-7.262009170906275+0j)
-2.5555938587270473	-6.531059970763399	-0.0007860271434693642	-6.531846066843204	0.0	(-6.531846066843204+0j)
-2.4247325034618408	-5.879327713344326	-0.0007849466105568933	-5.880112731491938	0.0	(-5.880112731491938+0j)
-2.3015076055802877	-5.296937258543909	-0.0007837560763611804	-5.2977210888436606	0.0	(-5.2977210888436606+0j)
-2.1853923329131555	-4.775939648755604	-0.0007824449872973242	-4.776722170760213	0.0	(-4.776722170760213+0j)
-2.075902429071858	-4.309370895026441	-0.0007810017987652483	-4.310151976752358	0.0	(-4.310151976752358+0j)
-1.9725922695643299	-3.8911202619449536	-0.0007794138802883383	-3.8918997587813937	0.0	(-3.8918997587813937+0j)
-1.8750513290776138	-3.515817486675726	-0.000777667411119014	-3.5165952401927907	0.0	(-3.5165952401927907+0j)
-1.7829010123805906	-3.178736019947735	-0.0007757472652914677	-3.1795118565908	0.0	(-3.1795118565908+0j)
-1.695791807327491	-2.875709853799038	-0.0007736368849851485	-2.87648358345655	0.0	(-2.87648358345655+0j)
-1.6134007236404333	-2.603061895043474	-0.0007713181409316188	-2.60383330947492	0.0	(-2.60383330947492+0j)
-1.5354289856404248	-2.357542169944784	-0.0007687711784503215	-2.358311041054775	0.0	(-2.358311041054775+0j)
-1.4615999509842248	-2.136274416717088	-0.0007659742475334368	-2.137040494659166	0.0	(-2.137040494659166+0j)
-1.39165723083669	-1.936709848140044	-0.000762903515214408	-1.9374728592327422	0.0	(-1.9374728592327422+0j)
-1.3253629898383261	-1.756587054833187	-0.0007595328582494612	-1.7573466992687172	0.0	(-1.7573466992687172+0j)
-1.2624964067782076	-1.5938971771278856	-0.0007558336339338448	-1.5946531264511887	0.0	(-1.5946531264511887+0j)
-1.202852279106299	-1.4468536053512178	-0.0007517744267562265	-1.4476054996855998	0.0	(-1.4476054996855998+0j)
-1.146239756361531	-1.313865579063742	-0.0007473207689069673	-1.3146130240566052	0.0	(-1.3146130240566052+0j)
-1.0924811892911694	-1.193515148955048	-0.000742434834374766	-1.1942577124174365	0.0	(-1.1942577124174365+0j)
-1.0414110829259533	-1.084537043641007	-0.000737075111656989	-1.0852742518594158	0.0	(-1.0852742518594158+0j)
-0.9928751431821456	-0.9858010499489662	-0.0007311960726209325	-0.9865323836655112	0.0	(-0.9865323836655112+0j)
-0.946729407710138	-0.8962965714231887	-0.0007247478790737189	-0.8970214615219277	0.0	(-0.8970214615219277+0j)
-0.9028394527202239	-0.8151190773881535	-0.0007176762063388463	-0.8158369004042315	0.0	(-0.8158369004042315+0j)
-0.8610796684073763	-0.741458195344557	-0.0007099223107037807	-0.7421682690400687	0.0	(-0.7421682690400687+0j)
-0.821332596383606	-0.6745872338822354	-0.000701423512079865	-0.6752888133042042	0.0	(-0.6752888133042042+0j)
-0.783488323222002	-0.6138539526252244	-0.00069211428401612	-0.6145462272523398	0.0	(-0.6145462272523398+0j)
-0.7474439248322069	-0.5586724207685737	-0.0006819281190206856	-0.5593545135223915	0.0	(-0.5593545135223915+0j)
-0.7131029569328535	-0.5085158271863791	-0.0006708002561314207	-0.509186796168994	0.0	(-0.509186796168994+0j)
-0.6803749873708325	-0.46291012343986043	-0.0006586712257162503	-0.46356896721502566	0.0	(-0.46356896721502566+0j)
-0.6491751664677271	-0.4214283967584012	-0.0006454910085424316	-0.42207406378993634	0.0	(-0.42207406378993634+0j)
-0.6194238319567661	-0.383685883596004	-0.0006312234594275539	-0.384317286108425	0.0	(-0.384317286108425+0j)
-0.591046145414866	-0.3493355460097709	-0.0006158505475359883	-0.349951578087141	0.0	(-0.349951578087141+0j)
-0.5639717573986723	-0.3180641431433469	-0.0005993759408850419	-0.31866370241047964	0.0	(-0.31866370241047964+0j)
-0.5381344987652963	-0.2895887387613767	-0.000581827518019639	-0.2901707505743277	0.0	(-0.2901707505743277+0j)
-0.5134720959014145	-0.2636535932693914	-0.0005632585119388161	-0.26421703604643715	0.0	(-0.26421703604643715+0j)
-0.4899259078018587	-0.24002739513547533	-0.0005437471534409837	-0.24057132533228867	0.0	(-0.24057132533228867+0j)
-0.4674406831336701	-0.2185007922484722	-0.000523394851295758	-0.21902436750935056	0.0	(-0.21902436750935056+0j)
-0.44596433559636334	-0.19888418862390578	-0.0005023230964039538	-0.19938668784303368	0.0	(-0.19938668784303368+0j)
-0.4254477360460714	-0.18100577610672763	-0.00048066938644000475	-0.18148661541619993	0.0	(-0.18148661541619993+0j)
-0.4058445199922993	-0.16470977440777984	-0.0004585825272901484	-0.16516851848167532	0.0	(-0.16516851848167532+0j)
-0.38711090920292607	-0.14985485602391607	-0.00043621767881029847	-0.15029122444643797	0.0	(-0.15029122444643797+0j)
-0.3692055462674028	-0.13631273539461133	-0.000413731483223913	-0.1367266041831811	0.0	(-0.1367266041831811+0j)
-0.35208934107114	-0.12396690409590955	-0.0003912775569838106	-0.12435830274931757	0.0	(-0.12435830274931757+0j)
-0.3357253282270783	-0.11271149601317945	-0.00036900255410832075	-0.11308060065829736	0.0	(-0.11308060065829736+0j)
-0.3200785345944261	-0.10245026830811522	-0.00034704293244740606	-0.1027973916406334	0.0	(-0.1027973916406334+0j)
-0.30511585609049147	-0.09309568563783349	-0.0003255224829335025	-0.09342126441302312	0.0	(-0.09342126441302312+0j)
-0.29080594307025415	-0.0845680965249799	-0.00030455062141835964	-0.08487267733182327	0.0	(-0.08487267733182327+0j)
-0.27711909361055953	-0.07679499204353805	-0.0002842213960845941	-0.07707921605595482	0.0	(-0.07707921605595482+0j)
-0.26402715409224337	-0.06971033809804922	-0.00026461313120125317	-0.06997492541331292	0.0	(-0.06997492541331292+0j)
-0.25150342652467966	-0.06325397355365495	-0.00024578860906956137	-0.06349970763428638	0.0	(-0.06349970763428638+0j)
-0.2395225821037321	-0.05737106733763908	-0.00022779568430121328	-0.057598779985060106	0.0	(-0.057598779985060106+0j)
-0.22806058053632985	-0.05201162839456779	-0.00021066822558540128	-0.05222218559125317	0.0	(-0.05222218559125317+0j)
-0.2170945947033171	-0.04713006304939752	-0.0001944272873137913	-0.04732435192342957	0.0	(-0.04732435192342957+0j)
-0.20660294026719475	-0.04268477492705004	-0.0001790824245715922	-0.04286369201713956	0.0	(-0.04286369201713956+0j)
-0.19656500986324205	-0.03863780310253644	-0.0001646330781784911	-0.03880224402779137	0.0	(-0.03880224402779137+0j)
-0.1869612115415512	-0.03495449462108466	-0.00015106997021676997	-0.03510534519723019	0.0	(-0.03510534519723019+0j)
-0.1777729111540156	-0.03160320794017353	-0.00013837646377159725	-0.03174133672701188	0.0	(-0.03174133672701188+0j)
-0.16898237840451125	-0.02855504421124543	-0.0001265298527500338	-0.028681296431263544	0.0	(-0.028681296431263544+0j)
-0.16057273630262453	-0.025783603643712193	-0.0001155025582563092	-0.02589879637597543	0.0	(-0.02589879637597543+0j)
-0.152527913781502	-0.023264764482537306	-0.00010526321692255931	-0.02336968301520698	0.0	(-0.02336968301520698+0j)
-0.14483260125889905	-0.020976482387419247	-9.577765382834261e-05	-0.02107187759676995	0.0	(-0.02107187759676995+0j)
-0.13747220893745052	-0.01889860823014205	-8.700973829657002e-05	-0.018985194850054492	0.0	(-0.018985194850054492+0j)
-0.13043282765570904	-0.017012722530263896	-7.892212509782266e-05	-0.017091178176742414	0.0	(-0.017091178176742414+0j)
-0.12370119211573812	-0.01530198493085475	-7.147688662841219e-05	-0.015372949752349945	0.0	(-0.015372949752349945+0j)
-0.117264646326104	-0.013750997277986258	-6.463604365525288e-05	-0.013815074111341051	0.0	(-0.013815074111341051+0j)
-0.1111111111111111	-0.012345679012345678	-5.8362003438608943e-05	-0.012403433936924705	0.0	(-0.012403433936924705+0j)
-0.10522905354813994	-0.011073153710637303	-5.2617914629923476e-05	-0.011125116906628695	0.0	(-0.011125116906628695+0j)
-0.09960745820508124	-0.009921645730077006	-4.736794845105422e-05	-0.009968312561387041	0.0	(-0.009968312561387041+0j)
-0.09423580005917682	-0.00888038601279315	-4.2577515424052637e-05	-0.008922218269515635	0.0	(-0.008922218269515635+0j)
-0.08910401898715839	-0.007939526199663883	-3.821342644418253e-05	-0.007976953448402649	0.0	(-0.007976953448402649+0j)
-0.08420249572447475	-0.007090060286230188	-3.424400635858478e-05	-0.007123481288444368	0.0	(-0.007123481288444368+0j)
-0.0795220291986808	-0.006323753127875842	-3.0639167495320405e-05	-0.006353537296238052	0.0	(-0.006353537296238052+0j)
-0.07505381514877553	-0.005633075168386567	-2.7370449832477342e-05	-0.005659564039074665	0.0	(-0.005659564039074665+0j)
-0.07078942594847114	-0.005011142826114079	-2.4411033741275623e-05	-0.005034651531031825	0.0	(-0.005034651531031825+0j)
-0.06672079155709584	-0.004451664026005432	-2.1735730506507872e-05	-0.0044724827530845624	0.0	(-0.0044724827530845624+0j)
-0.06284018152711322	-0.003948888414360542	-1.9320955139219206e-05	-0.00396728384717484	0.0	(-0.00396728384717484+0j)
-0.059140188002125955	-0.0034975618369268028	-1.7144685360705875e-05	-0.0035137785667058562	0.0	(-0.0035137785667058562+0j)
-0.05561370964374471	-0.003092884700338743	-1.5186410059393057e-05	-0.003107146604777665	0.0	(-0.003107146604777665+0j)
-0.05225393642987957	-0.0027304738724178955	-1.3427070004328606e-05	-0.002742985456542114	0.0	(-0.002742985456542114+0j)
-0.049054335270878616	-0.002406327808867766	-1.1848993140554237e-05	-0.0024172755037176813	0.0	(-0.0024172755037176813+0j)
-0.046008636393517745	-0.0021167946227909256	-1.0435826389376679e-05	-0.0021263480383224664	0.0	(-0.0021263480383224664+0j)
-0.043110820446164204	-0.0018585428395414096	-9.172465527264306e-06	-0.001866855968575789	0.0	(-0.001866855968575789+0j)
-0.04035510628151127	-0.0016285346029920702	-8.04498441608903e-06	-0.0016357469735798769	0.0	(-0.0016357469735798769+0j)
-0.03773593937613485	-0.0014240011205993246	-7.0405646002413835e-06	-0.001430238894751105	0.0	(-0.001430238894751105+0j)
-0.03524798084876816	-0.001242420153915127	-6.147426067922013e-06	-0.0012477971712155	0.0	(-0.0012477971712155+0j)
-0.03288609704164967	-0.0010814953786327994	-5.3547597902506294e-06	-0.0010861141438604006	0.0	(-0.0010861141438604006+0j)
-0.030645349631579707	-0.0009391374540417626	-4.652662498355609e-06	-0.0009430900684917433	0.0	(-0.0009430900684917433+0j)
-0.02852098623944262	-0.0008134466560704753	-4.032074031212751e-06	-0.000816815692832533	0.0	(-0.000816815692832533+0j)
-0.026508431508921782	-0.0007026969410631971	-3.4847174826685423e-06	-0.0007055562649881807	0.0	(-0.0007055562649881807+0j)
-0.024603278626967397	-0.0006053213191961908	-3.003042290297686e-06	-0.0006077368527332048	0.0	(-0.0006077368527332048+0j)
-0.022801281260282438	-0.0005198984271105071	-2.580170340424348e-06	-0.0005219288635590471	0.0	(-0.0005219288635590471+0j)
-0.02109834588367813	-0.00044514019902731797	-2.2098451082641635e-06	-0.0004468376650500713	0.0	(-0.0004468376650500713+0j)
-0.019490524477627863	-0.0003798805444130109	-1.8863838092686436e-06	-0.00038129121388775616	0.0	(-0.00038129121388775616+0j)
-0.01797400757372418	-0.00032306494826029415	-1.6046325041207954e-06	-0.00032422960972036837	0.0	(-0.00032422960972036837+0j)
-0.01654511762802453	-0.00027374091732516805	-1.3599240745731933e-06	-0.00027469549735064416	0.0	(-0.00027469549735064416+0j)
-0.015200302703466109	-0.0002310492022769991	-1.1480389687235082e-06	-0.00023182524726144836	0.0	(-0.00023182524726144836+0j)
-0.013936130443643347	-0.0001942157317422429	-9.65168600652877e-07	-0.00019484085048170733	0.0	(-0.00019484085048170733+0j)
-0.012749282321279155	-0.0001625441997076812	-8.078812823719694e-07	-0.000163042469242134	0.0	(-0.000163042469242134+0j)
-0.011636548145689705	-0.00013540925274695451	-6.730905576235457e-07	-0.0001358015898400505	0.0	(-0.0001358015898400505+0j)
-0.010594820814445106	-0.00011225022809019927	-5.580258088944134e-07	-0.00011255472866634961	0.0	(-0.00011255472866634961+0j)
-0.009621091295271172	-9.256539771194272e-05	-4.602050056590201e-07	-9.279764648603904e-05	0.0	(-9.279764648603904e-05+0j)
-0.008712443825023735	-7.590667740419422e-05	-3.7740946556841237e-07	-7.608002984165884e-05	0.0	(-7.608002984165884e-05+0j)
-0.00786605131330065	-6.187476326347888e-05	-3.076605021856693e-07	-6.200060190382531e-05	0.0	(-6.200060190382531e-05+0j)
-0.007079170938941881	-5.0114661182759274e-05	-2.4919783836452325e-07	-5.020262824992725e-05	0.0	(-5.020262824992725e-05+0j)
-0.0063491399283072195	-4.031157782922501e-05	-2.0045966819814964e-07	-4.036978594023366e-05	0.0	(-4.036978594023366e-05+0j)
-0.005673371504818021	-3.218714423168109e-05	-1.6006425473946706e-07	-3.222236690093899e-05	0.0	(-3.222236690093899e-05+0j)
-0.005049350999806567	-2.5495945519247576e-05	-1.2679296013118346e-07	-2.5513789048968038e-05	0.0	(-2.5513789048968038e-05+0j)
-0.004474632115236381	-2.0022332566704812e-05	-9.957460544995911e-08	-2.0027390803243783e-05	0.0	(-2.0027390803243783e-05+0j)
-0.0039468333293421	-1.5577493329605645e-05	-7.747106778310808e-08	-1.5573486664758034e-05	0.0	(-1.5573486664758034e-05+0j)
-0.0034636344366900593	-1.1996763511025264e-05	-5.96640248318181e-08	-1.1986663406420115e-05	0.0	(-1.1986663406420115e-05+0j)
-0.0030227732145828184	-9.137157906799345e-06	-4.5442765106429306e-08	-9.123298128702996e-06	0.0	(-9.123298128702996e-06+0j)
-0.0026220422081243964	-6.8751053411858605e-06	-3.4192989772918736e-08	-6.859281005581758e-06	0.0	(-6.859281005581758e-06+0j)
-0.0022592856266295245	-5.104371542694764e-06	-2.5386521329551215e-08	-5.087926978681291e-06	0.0	(-5.087926978681291e-06+0j)
-0.0019323963444015978	-3.7341556318566585e-06	-1.8571878257489516e-08	-3.7180620161793748e-06	0.0	(-3.7180620161793748e-06+0j)
-0.0016393129992216462	-2.687347109417069e-06	-1.336561794573754e-08	-2.672270721928567e-06	0.0	(-2.672270721928567e-06+0j)
-0.0013780171821857227	-1.8989313543990793e-06	-9.444434567740245e-09	-1.8852932765516748e-06	0.0	(-1.8852932765516748e-06+0j)
-0.001146530712802266	-1.3145326753988722e-06	-6.537909769122052e-09	-1.3025606492760185e-06	0.0	(-1.3025606492760185e-06+0j)
-0.000942912993515015	-8.890849133394468e-07	-4.421934818310547e-09	-8.788580807725885e-07	0.0	(-8.788580807725885e-07+0j)
-0.000765258438052294	-5.856204770102366e-07	-2.9126283607183723e-09	-5.771075471938547e-07	0.0	(-5.771075471938547e-07+0j)
-0.0006116939682207532	-3.7416951075765185e-07	-1.8609966900839936e-09	-3.6726112381673534e-07	0.0	(-3.6726112381673534e-07+0j)
-0.00048037657396195644	-2.30761652811427e-07	-1.1477254702185746e-09	-2.252971140972524e-07	0.0	(-2.252971140972524e-07+0j)
-0.0003694909316743242	-1.3652354858956012e-07	-6.790514817112125e-10	-1.3231300109391187e-07	0.0	(-1.3231300109391187e-07+0j)
-0.00027724707597164255	-7.686594113482573e-08	-3.823288352577947e-10	-7.370768175565327e-08	0.0	(-7.370768175565327e-08+0j)
-0.00020187812020332262	-4.075477541682718e-08	-2.0258994481991976e-10	-3.844861627207041e-08	0.0	(-3.844861627207041e-08+0j)
-0.00014163802120147604	-2.0061329049869775e-08	-9.958966984413564e-11	-1.8418235285601747e-08	0.0	(-1.8418235285601747e-08+0j)
-9.47993838462065e-05	-8.986923177620399e-09	-4.4565240386873484e-11	-7.833969650130506e-09	0.0	(-7.833969650130506e-09+0j)
-5.965130115383321e-05	-3.5582777293453034e-09	-1.8189894035458565e-11	-2.738457061115349e-09	0.0	(-2.738457061115349e-09+0j)
-3.449722569349556e-05	-1.1900585805479704e-09	-0.0	-6.099630220660799e-10	0.0	(-6.099630220660799e-10+0j)
-1.7652868226157262e-05	-3.1162375661007266e-10	-0.0	-8.484265291082554e-11	0.0	(-8.484265291082554e-11+0j)
-7.444119536771307e-06	-5.5414915677740256e-11	-0.0	-7.014913491514366e-12	0.0	(-7.014913491514366e-12+0j)
-2.2049914955961543e-06	-4.8619874956513654e-12	-0.0	-1.1863854518753876e-13	0.0	(-1.1863854518753876e-13+0j)
-2.7557343862331254e-07	-7.59407200746766e-14	-0.0	-2.20346103439924e-15	-7.980938212413182e-10	(-2.20346103439924e-15-7.980938212413182e-10j)
2.7557343862331254e-07	7.59407200746766e-14	0.0	-2.20346103439924e-15	7.980938212413182e-10	(-2.20346103439924e-15+7.980938212413182e-10j)
2.2049914955961543e-06	4.8619874956513654e-12	0.0	1.3824314934762698e-13	0.0	(1.3824314934762698e-13+0j)
7.444119536771307e-06	5.5414915677740256e-11	0.0	7.02307418565676e-12	0.0	(7.02307418565676e-12+0j)
1.7652868226157262e-05	3.1162375661007266e-10	0.0	8.484223497516056e-11	0.0	(8.484223497516056e-11+0j)
3.449722569349556e-05	1.1900585805479704e-09	0.0	6.09963938980747e-10	0.0	(6.09963938980747e-10+0j)
5.965130115383321e-05	3.5582777293453034e-09	1.8189894035458565e-11	2.73845827267837e-09	0.0	(2.73845827267837e-09+0j)
9.47993838462065e-05	8.986923177620399e-09	4.4565240386873484e-11	7.833970408237713e-09	0.0	(7.833970408237713e-09+0j)
0.00014163802120147604	2.0061329049869775e-08	9.958966984413564e-11	1.8418232867900462e-08	0.0	(1.8418232867900462e-08+0j)
0.00020187812020332262	4.075477541682718e-08	2.0258994481991976e-10	3.844861453531465e-08	0.0	(3.844861453531465e-08+0j)
0.00027724707597164255	7.686594113482573e-08	3.823288352577947e-10	7.37076807089187e-08	0.0	(7.37076807089187e-08+0j)
0.0003694909316743242	1.3652354858956012e-07	6.790514817112125e-10	1.3231299876184234e-07	0.0	(1.3231299876184234e-07+0j)
0.00048037657396195644	2.30761652811427e-07	1.1477254702185746e-09	2.2529711202024773e-07	0.0	(2.2529711202024773e-07+0j)
0.0006116939682207532	3.7416951075765185e-07	1.8609966900839936e-09	3.672611239344704e-07	0.0	(3.672611239344704e-07+0j)
0.000765258438052294	5.856204770102366e-07	2.9126283607183723e-09	5.77107548329082e-07	0.0	(5.77107548329082e-07+0j)
0.000942912993515015	8.890849133394468e-07	4.421934818310547e-09	8.788580774982339e-07	0.0	(8.788580774982339e-07+0j)
0.001146530712802266	1.3145326753988722e-06	6.537909769122052e-09	1.3025606468942677e-06	0.0	(1.3025606468942677e-06+0j)
0.0013780171821857227	1.8989313543990793e-06	9.444434567740245e-09	1.8852932806600256e-06	0.0	(1.8852932806600256e-06+0j)
0.0016393129992216462	2.687347109417069e-06	1.336561794573754e-08	2.672270721129949e-06	0.0	(2.672270721129949e-06+0j)
0.0019323963444015978	3.7341556318566585e-06	1.8571878257489516e-08	3.7180620136670607e-06	0.0	(3.7180620136670607e-06+0j)
0.0022592856266295245	5.104371542694764e-06	2.5386521329551215e-08	5.08792697631066e-06	0.0	(5.08792697631066e-06+0j)
0.0026220422081243964	6.8751053411858605e-06	3.4192989772918736e-08	6.8592810071470635e-06	0.0	(6.8592810071470635e-06+0j)
0.0030227732145828184	9.137157906799345e-06	4.5442765106429306e-08	9.123298126382795e-06	0.0	(9.123298126382795e-06+0j)
0.0034636344366900593	1.1996763511025264e-05	5.96640248318181e-08	1.1986663409179406e-05	0.0	(1.1986663409179406e-05+0j)
0.0039468333293421	1.5577493329605645e-05	7.747106778310808e-08	1.5573486664607323e-05	0.0	(1.5573486664607323e-05+0j)
0.004474632115236381	2.0022332566704812e-05	9.957460544995911e-08	2.0027390805004782e-05	0.0	(2.0027390805004782e-05+0j)
0.005049350999806567	2.5495945519247576e-05	1.2679296013118346e-07	2.5513789055921403e-05	0.0	(2.5513789055921403e-05+0j)
0.005673371504818021	3.218714423168109e-05	1.6006425473946706e-07	3.222236690027674e-05	0.0	(3.222236690027674e-05+0j)
0.0063491399283072195	4.031157782922501e-05	2.0045966819814964e-07	4.036978594016697e-05	0.0	(4.036978594016697e-05+0j)
0.007079170938941881	5.0114661182759274e-05	2.4919783836452325e-07	5.020262825143076e-05	0.0	(5.020262825143076e-05+0j)
0.00786605131330065	6.187476326347888e-05	3.076605021856693e-07	6.20006019055477e-05	0.0	(6.20006019055477e-05+0j)
0.008712443825023735	7.590667740419422e-05	3.7740946556841237e-07	7.608002983877936e-05	0.0	(7.608002983877936e-05+0j)
0.009621091295271172	9.256539771194272e-05	4.602050056590201e-07	9.279764648548297e-05	0.0	(9.279764648548297e-05+0j)
0.010594820814445106	0.00011225022809019927	5.580258088944134e-07	0.0001125547286666897	0.0	(0.0001125547286666897+0j)
0.011636548145689705	0.00013540925274695451	6.730905576235457e-07	0.000135801589838199	0.0	(0.000135801589838199+0j)
0.012749282321279155	0.0001625441997076812	8.078812823719694e-07	0.00016304246924181298	0.0	(0.00016304246924181298+0j)
0.013936130443643347	0.0001942157317422429	9.65168600652877e-07	0.00019484085048125966	0.0	(0.00019484085048125966+0j)
0.015200302703466109	0.0002310492022769991	1.1480389687235082e-06	0.00023182524726116744	0.0	(0.00023182524726116744+0j)
0.01654511762802453	0.00027374091732516805	1.3599240745731933e-06	0.0002746954973501005	0.0	(0.0002746954973501005+0j)
0.01797400757372418	0.00032306494826029415	1.6046325041207954e-06	0.0003242296097210072	0.0	(0.0003242296097210072+0j)
0.019490524477627863	0.0003798805444130109	1.8863838092686436e-06	0.0003812912138881373	0.0	(0.0003812912138881373+0j)
0.02109834588367813	0.00044514019902731797	2.2098451082641635e-06	0.000446837665051534	0.0	(0.000446837665051534+0j)
0.022801281260282438	0.0005198984271105071	2.580170340424348e-06	0.0005219288635570977	0.0	(0.0005219288635570977+0j)
0.024603278626967397	0.0006053213191961908	3.003042290297686e-06	0.0006077368527334036	0.0	(0.0006077368527334036+0j)
0.026508431508921782	0.0007026969410631971	3.4847174826685423e-06	0.0007055562649864437	0.0	(0.0007055562649864437+0j)
0.02852098623944262	0.0008134466560704753	4.032074031212751e-06	0.0008168156928297657	0.0	(0.0008168156928297657+0j)
0.030645349631579707	0.0009391374540417626	4.652662498355609e-06	0.000943090068491056	0.0	(0.000943090068491056+0j)
0.03288609704164967	0.0010814953786327994	5.3547597902506294e-06	0.00108611414385912	0.0	(0.00108611414385912+0j)
0.03524798084876816	0.001242420153915127	6.147426067922013e-06	0.0012477971712145618	0.0	(0.0012477971712145618+0j)
0.03773593937613485	0.0014240011205993246	7.0405646002413835e-06	0.0014302388947502616	0.0	(0.0014302388947502616+0j)
0.04035510628151127	0.0016285346029920702	8.04498441608903e-06	0.0016357469735783987	0.0	(0.0016357469735783987+0j)
0.043110820446164204	0.0018585428395414096	9.172465527264306e-06	0.0018668559685727692	0.0	(0.0018668559685727692+0j)
0.046008636393517745	0.0021167946227909256	1.0435826389376679e-05	0.002126348038318231	0.0	(0.002126348038318231+0j)
0.049054335270878616	0.002406327808867766	1.1848993140554237e-05	0.0024172755037126323	0.0	(0.0024172755037126323+0j)
0.05225393642987957	0.0027304738724178955	1.3427070004328606e-05	0.0027429854565357474	0.0	(0.0027429854565357474+0j)
0.05561370964374471	0.003092884700338743	1.5186410059393057e-05	0.003107146604776132	0.0	(0.003107146604776132+0j)
0.059140188002125955	0.0034975618369268028	1.7144685360705875e-05	0.0035137785667005233	0.0	(0.0035137785667005233+0j)
0.06284018152711322	0.003948888414360542	1.9320955139219206e-05	0.003967283847175026	0.0	(0.003967283847175026+0j)
0.06672079155709584	0.004451664026005432	2.1735730506507872e-05	0.0044724827530823255	0.0	(0.0044724827530823255+0j)
0.07078942594847114	0.005011142826114079	2.4411033741275623e-05	0.005034651531029295	0.0	(0.005034651531029295+0j)
0.07505381514877553	0.005633075168386567	2.7370449832477342e-05	0.005659564039064857	0.0	(0.005659564039064857+0j)
0.0795220291986808	0.006323753127875842	3.0639167495320405e-05	0.0063535372962259294	0.0	(0.0063535372962259294+0j)
0.08420249572447475	0.007090060286230188	3.424400635858478e-05	0.007123481288429832	0.0	(0.007123481288429832+0j)
0.08910401898715839	0.007939526199663883	3.821342644418253e-05	0.007976953448375733	0.0	(0.007976953448375733+0j)
0.09423580005917682	0.00888038601279315	4.2577515424052637e-05	0.008922218269491845	0.0	(0.008922218269491845+0j)
0.09960745820508124	0.009921645730077006	4.736794845105422e-05	0.009968312561373982	0.0	(0.009968312561373982+0j)
0.10522905354813994	0.011073153710637303	5.2617914629923476e-05	0.01112511690661834	0.0	(0.01112511690661834+0j)
0.1111111111111111	0.012345679012345678	5.8362003438608943e-05	0.012403433936900724	0.0	(0.012403433936900724+0j)
0.117264646326104	0.013750997277986258	6.463604365525288e-05	0.013815074111318357	0.0	(0.013815074111318357+0j)
0.12370119211573812	0.01530198493085475	7.147688662841219e-05	0.01537294975234845	0.0	(0.01537294975234845+0j)
0.13043282765570904	0.017012722530263896	7.892212509782266e-05	0.017091178176742796	0.0	(0.017091178176742796+0j)
0.13747220893745052	0.01889860823014205	8.700973829657002e-05	0.018985194850026005	0.0	(0.018985194850026005+0j)
0.14483260125889905	0.020976482387419247	9.577765382834261e-05	0.021071877596775306	0.0	(0.021071877596775306+0j)
0.152527913781502	0.023264764482537306	0.00010526321692255931	0.023369683015180488	0.0	(0.023369683015180488+0j)
0.16057273630262453	0.025783603643712193	0.0001155025582563092	0.02589879637597606	0.0	(0.02589879637597606+0j)
0.16898237840451125	0.02855504421124543	0.0001265298527500338	0.028681296431178113	0.0	(0.028681296431178113+0j)
0.1777729111540156	0.03160320794017353	0.00013837646377159725	0.03174133672694809	0.0	(0.03174133672694809+0j)
0.1869612115415512	0.03495449462108466	0.00015106997021676997	0.03510534519719116	0.0	(0.03510534519719116+0j)
0.19656500986324205	0.03863780310253644	0.0001646330781784911	0.038802244027676874	0.0	(0.038802244027676874+0j)
0.20660294026719475	0.04268477492705004	0.0001790824245715922	0.04286369201716242	0.0	(0.04286369201716242+0j)
0.2170945947033171	0.04713006304939752	0.0001944272873137913	0.047324351923396304	0.0	(0.047324351923396304+0j)
0.22806058053632985	0.05201162839456779	0.00021066822558540128	0.05222218559128272	0.0	(0.05222218559128272+0j)
0.2395225821037321	0.05737106733763908	0.00022779568430121328	0.0575987799850641	0.0	(0.0575987799850641+0j)
0.25150342652467966	0.06325397355365495	0.00024578860906956137	0.06349970763424935	0.0	(0.06349970763424935+0j)
0.26402715409224337	0.06971033809804922	0.00026461313120125317	0.06997492541335121	0.0	(0.06997492541335121+0j)
0.27711909361055953	0.07679499204353805	0.0002842213960845941	0.07707921605583835	0.0	(0.07707921605583835+0j)
0.29080594307025415	0.0845680965249799	0.00030455062141835964	0.08487267733158853	0.0	(0.08487267733158853+0j)
0.30511585609049147	0.09309568563783349	0.0003255224829335025	0.09342126441272779	0.0	(0.09342126441272779+0j)
0.3200785345944261	0.10245026830811522	0.00034704293244740606	0.1027973916404882	0.0	(0.1027973916404882+0j)
0.3357253282270783	0.11271149601317945	0.00036900255410832075	0.1130806006578405	0.0	(0.1130806006578405+0j)
0.35208934107114	0.12396690409590955	0.0003912775569838106	0.12435830274929001	0.0	(0.12435830274929001+0j)
0.3692055462674028	0.13631273539461133	0.000413731483223913	0.13672660418320257	0.0	(0.13672660418320257+0j)
0.38711090920292607	0.14985485602391607	0.00043621767881029847	0.15029122444642468	0.0	(0.15029122444642468+0j)
0.4058445199922993	0.16470977440777984	0.0004585825272901484	0.1651685184816976	0.0	(0.1651685184816976+0j)
0.4254477360460714	0.18100577610672763	0.00048066938644000475	0.18148661541615574	0.0	(0.18148661541615574+0j)
0.44596433559636334	0.19888418862390578	0.0005023230964039538	0.19938668784306168	0.0	(0.19938668784306168+0j)
0.4674406831336701	0.2185007922484722	0.000523394851295758	0.2190243675093099	0.0	(0.2190243675093099+0j)
0.4899259078018587	0.24002739513547533	0.0005437471534409837	0.24057132533160203	0.0	(0.24057132533160203+0j)
0.5134720959014145	0.2636535932693914	0.0005632585119388161	0.26421703604630054	0.0	(0.26421703604630054+0j)
0.5381344987652963	0.2895887387613767	0.000581827518019639	0.29017075057396646	0.0	(0.29017075057396646+0j)
0.5639717573986723	0.3180641431433469	0.0005993759408850419	0.31866370241044595	0.0	(0.31866370241044595+0j)
0.591046145414866	0.3493355460097709	0.0006158505475359883	0.349951578087006	0.0	(0.349951578087006+0j)
0.6194238319567661	0.383685883596004	0.0006312234594275539	0.38431728610833493	0.0	(0.38431728610833493+0j)
0.6491751664677271	0.4214283967584012	0.0006454910085424316	0.4220740637899239	0.0	(0.4220740637899239+0j)
0.6803749873708325	0.46291012343986043	0.0006586712257162503	0.4635689672150521	0.0	(0.4635689672150521+0j)
0.7131029569328535	0.5085158271863791	0.0006708002561314207	0.5091867961690135	0.0	(0.5091867961690135+0j)
0.7474439248322069	0.5586724207685737	0.0006819281190206856	0.5593545135223953	0.0	(0.5593545135223953+0j)
0.783488323222002	0.6138539526252244	0.00069211428401612	0.6145462272523432	0.0	(0.6145462272523432+0j)
0.821332596383606	0.6745872338822354	0.000701423512079865	0.6752888133041816	0.0	(0.6752888133041816+0j)
0.8610796684073763	0.741458195344557	0.0007099223107037807	0.7421682690400835	0.0	(0.7421682690400835+0j)
0.9028394527202239	0.8151190773881535	0.0007176762063388463	0.8158369004042176	0.0	(0.8158369004042176+0j)
0.946729407710138	0.8962965714231887	0.0007247478790737189	0.8970214615219283	0.0	(0.8970214615219283+0j)
0.9928751431821456	0.9858010499489662	0.0007311960726209325	0.9865323836655133	0.0	(0.9865323836655133+0j)
1.0414110829259533	1.084537043641007	0.000737075111656989	1.0852742518594207	0.0	(1.0852742518594207+0j)
1.0924811892911694	1.193515148955048	0.000742434834374766	1.1942577124174243	0.0	(1.1942577124174243+0j)
1.146239756361531	1.313865579063742	0.0007473207689069673	1.3146130240566003	0.0	(1.3146130240566003+0j)
1.202852279106299	1.4468536053512178	0.0007517744267562265	1.4476054996856145	0.0	(1.4476054996856145+0j)
1.2624964067782076	1.5938971771278856	0.0007558336339338448	1.5946531264512018	0.0	(1.5946531264512018+0j)
1.3253629898383261	1.756587054833187	0.0007595328582494612	1.7573466992687268	0.0	(1.7573466992687268+0j)
1.39165723083669	1.936709848140044	0.000762903515214408	1.937472859232757	0.0	(1.937472859232757+0j)
1.4615999509842248	2.136274416717088	0.0007659742475334368	2.137040494659148	0.0	(2.137040494659148+0j)
1.5354289856404248	2.357542169944784	0.0007687711784503215	2.3583110410547854	0.0	(2.3583110410547854+0j)
1.6134007236404333	2.603061895043474	0.0007713181409316188	2.603833309474922	0.0	(2.603833309474922+0j)
1.695791807327491	2.875709853799038	0.0007736368849851485	2.876483583456538	0.0	(2.876483583456538+0j)
1.7829010123805906	3.178736019947735	0.0007757472652914677	3.1795118565908127	0.0	(3.1795118565908127+0j)
1.8750513290776138	3.515817486675726	0.000777667411119014	3.5165952401927836	0.0	(3.5165952401927836+0j)
1.9725922695643299	3.8911202619449536	0.0007794138802883383	3.891899758781385	0.0	(3.891899758781385+0j)
2.075902429071858	4.309370895026441	0.0007810017987652483	4.310151976752362	0.0	(4.310151976752362+0j)
2.1853923329131555	4.775939648755604	0.0007824449872973242	4.776722170760184	0.0	(4.776722170760184+0j)
2.3015076055802877	5.296937258543909	0.0007837560763611804	5.2977210888436534	0.0	(5.2977210888436534+0j)
2.4247325034618408	5.879327713344326	0.0007849466105568933	5.880112731491977	0.0	(5.880112731491977+0j)
2.5555938587270473	6.531059970763399	0.0007860271434693642	6.531846066843249	0.0	(6.531846066843249+0j)
2.6946654889263955	7.26122209721093	0.0007870073239123691	7.262009170906286	0.0	(7.262009170906286+0j)
2.842573135012568	8.080222027895179	0.0007878959743782317	8.081009987617614	0.0	(8.081009987617614+0j)
2.9999999999999973	8.999999999999984	0.0007887011624331702	9.000788762077857	0.0	(9.000788762077857+0j)
3.1676929716073188	10.034278762370406	0.0007894302657242852	10.035068250307878	0.0	(10.035068250307878+0j)
3.3464696252667663	11.198858952833092	0.0007900900311979026	11.199649096659874	0.0	(11.199649096659874+0j)
3.537226119203227	12.51196861837352	0.0007906866290696761	12.51275935410642	0.0	(12.51275935410642+0j)
3.7409461113238116	13.994677807828747	0.0007912257020337339	13.9954690770524	0.0	(13.9954690770524+0j)
3.958710848952246	15.671391585612211	0.0007917124101505336	15.672183335162606	0.0	(15.672183335162606+0j)
4.191710607642078	17.570437818219116	0.0007921514718103773	17.5712299999301	0.0	(17.5712299999301+0j)
4.441257685203385	19.72476982637813	0.0007925472011311917	19.72556239683411	0.0	(19.72556239683411+0j)
4.708801192652311	22.17280867192383	0.0007929035421147408	22.17360159216647	0.0	(22.17360159216647+0j)
4.995943926236034	24.95945571409472	0.0007932240998544734	24.96024894924699	0.0	(24.96024894924699+0j)
5.30446165546979	28.137313454349307	0.000793512169060367	28.138106973153505	0.0	(28.138106973153505+0j)
5.636325223067443	31.76816202018626	0.0007937707601410574	31.768955794491998	0.0	(31.768955794491998+0j)
5.993725926010504	35.92475047613048	0.0007940026230609768	35.925544480402074	0.0	(35.925544480402074+0j)
6.379104735595156	40.692977227692545	0.0007942102691698738	40.693771438610185	0.0	(40.693771438610185+0j)
6.795186021636264	46.17455306864087	0.0007943959911837458	46.17534746484092	0.0	(46.17534746484092+0j)
7.245016576502953	52.490265193802564	0.0007945618814796575	52.49105975573624	0.0	(52.49105975573624+0j)
7.732010893868104	59.783992462895036	0.0007947098488519769	59.78478717275384	0.0	(59.78478717275384+0j)
8.260003852004482	68.22766363512889	0.0007948416338640521	68.22845847676396	0.0	(68.22845847676396+0j)
8.833312191087042	78.02740426520697	0.0007949588229171542	78.02819922402969	0.0	(78.02819922402969+0j)
9.456806469667123	89.43118860473795	0.0007950628611474634	89.43198366759836	0.0	(89.43198366759836+0j)
10.135995551894553	102.73840582802616	0.000795155064251891	102.73920098309085	0.0	(102.73920098309085+0j)
10.877126133024653	118.31187291372784	0.0007952366293344841	118.31266815035694	0.0	(118.31266815035694+0j)
11.687300380670402	136.59299018801852	0.000795308644856958	136.59378549666354	0.0	(136.59378549666354+0j)
12.57461548493147	158.12095459387834	0.0007953720997694799	158.1217499659781	0.0	(158.1217499659781+0j)
13.548329813570865	183.55724073729314	0.0007954278918910843	183.55803616518517	0.0	(183.55803616518517+0j)
14.619061513616193	213.7169595388942	0.0007954768356029875	213.7177550157299	0.0	(213.7177550157299+0j)
15.799026860736173	249.60924974626312	0.0007955196689125179	249.610045265932	0.0	(249.610045265932+0j)
17.102327529253973	292.4896069178783	0.0007955570599403367	292.49040247493815	0.0	(292.49040247493815+0j)
18.545298368552277	343.92809157862774	0.0007955896128790374	343.92888716824115	0.0	(343.92888716824115+0j)
20.14693040131219	405.89880459531736	0.000795617873467049	405.8996002131911	0.0	(405.8996002131911+0j)
21.929387844185747	480.89805122072164	0.0007956423340179733	480.8988468630564	0.0	(480.8988468630564+0j)
23.918643319342358	572.1014982379209	0.0007956634380420379	572.1022939013562	0.0	(572.1022939013562+0j)
26.14526252799216	683.5747526576309	0.0007956815844932008	683.5755483392164	0.0	(683.5755483392164+0j)
28.64537912446167	820.5577451841444	0.0007956971316725825	820.5585408812767	0.0	(820.5585408812767+0j)
31.461913247165306	989.8519851721558	0.0007957104008162872	989.852780882552	0.0	(989.852780882552+0j)
34.64610438705312	1200.3525491985815	0.0007957216793932982	1200.353344920264	0.0	(1200.353344920264+0j)
38.25945280426815	1463.785728882022	0.0007957312241369555	1463.7865246132485	0.0	(1463.7865246132485+0j)
42.376196144271574	1795.7419996577771	0.0007957392638315429	1795.7427953970414	0.0	(1795.7427953970414+0j)
47.08649306653929	2217.1378293052526	0.0007957460018737017	2217.138625051262	0.0	(2217.138625051262+0j)
52.50054922355529	2756.3076687749517	0.0007957516186267254	2756.3084645265717	0.0	(2756.3084645265717+0j)
58.754011270063216	3452.0338403227156	0.0007957562735842861	3452.034636078989	0.0	(3452.034636078989+0j)
66.01508458138542	4357.991392287471	0.0007957601073587472	4357.992188047579	0.0	(4357.992188047579+0j)
74.494019787306	5549.358984071538	0.0007957632435079559	5549.359779834781	0.0	(5549.359779834781+0j)
84.4558929953336	7132.797861639239	0.0007957657902132449	7132.798657405029	0.0	(7132.798657405029+0j)
96.23802379441496	9261.75722385438	0.0007957678418203067	9261.758019622222	0.0	(9261.758019622222+0j)
110.27401318935443	12160.357984885915	0.0007957694802536286	12160.358780655395	0.0	(12160.358780655395+0j)
127.12737129116371	16161.368531401395	0.0007957707763142791	16161.369327172171	0.0	(16161.369327172171+0j)
147.53926170486494	21767.833744416628	0.0007957717908700121	21767.834540188418	0.0	(21767.834540188418+0j)
172.49739387007384	29755.350891967388	0.0007957725759458992	29755.351687739963	0.0	(29755.351687739963+0j)
203.33721107049217	41346.02140592589	0.0007957731757230021	41346.02220169906	0.0	(41346.02220169906+0j)
241.89345215900826	58512.44219740242	0.0007957736274519547	58512.44299317605	0.0	(58512.44299317605+0j)
290.732144905761	84525.18008150441	0.0007957739622877334	84525.18087727837	0.0	(84525.18087727837+0j)
353.51441291600565	124972.44013934814	0.000795774206051345	124972.44093512234	0.0	(124972.44093512234+0j)
435.5826956730059	189732.28476976248	0.0007957743799236593	189732.28556553685	0.0	(189732.28556553685+0j)
544.9348050674845	296953.9417739373	0.0007957745010761388	296953.9425697118	0.0	(296953.9425697118+0j)
693.9000596638814	481497.29280153813	0.0007957745832427889	481497.2935973127	0.0	(481497.2935973127+0j)
902.1421224679432	813860.4091309654	0.0007957746372372452	813860.40992674	0.0	(813860.40992674+0j)
1202.2970203207008	1445518.1250720355	0.0007957746714185365	1445518.12586781	0.0	(1445518.12586781+0j)
1651.1612699663262	2726333.539436811	0.0007957746921087104	2726333.5402325857	0.0	(2726333.5402325857+0j)
2353.417045125024	5538571.788284998	0.0007957747039651818	5538571.7890807735	0.0	(5538571.7890807735+0j)
3516.197255818686	12363643.141826857	0.000795774710310349	12363643.142622631	0.0	(12363643.142622631+0j)
5588.031222884966	31226092.94793725	0.0007957747134207337	31226092.948733024	0.0	(31226092.948733024+0j)
9662.612764718197	93366085.44089504	0.0007957747147776233	93366085.44169082	0.0	(93366085.44169082+0j)
18882.672722805288	356555329.15657485	0.0007957747152809294	356555329.1573706	0.0	(356555329.1573706+0j)
44778.073711307276	2005075885.2952678	0.0007957747154277262	2005075885.2960637	0.0	(2005075885.2960637+0j)
151172.1627947616	22853022804.045902	0.0007957747154566909	22853022804.0467	0.0	(22853022804.0467+0j)
1209598.9185262648	1463129543699.9094	0.0007957747154594332	1463129543699.9102	0.0	(1463129543699.9102+0j)
