-4062257.047599779	-16501932320774.072	-0.006963028760270209	-16501932320774.08	0.0	(-16501932320774.08+0j)
-507740.6449570468	-257800562541.39783	-0.006963028760256917	-257800562541.4048	0.0	(-257800562541.4048+0j)
-150421.18686009367	-22626533456.399216	-0.006963028760116553	-22626533456.406178	0.0	(-22626533456.406178+0j)
-63446.8398829024	-4025501491.1266546	-0.006963028759405556	-4025501491.133618	0.0	(-4025501491.133618+0j)
-32476.81879197138	-1054743758.8465452	-0.0069630287569696055	-1054743758.8535082	0.0	(-1054743758.8535082+0j)
-18788.82371050371	-353019896.42438644	-0.006963028750408329	-353019896.43134946	0.0	(-353019896.43134946+0j)
-11827.838413937889	-139897761.54622474	-0.006963028735384288	-139897761.55318776	0.0	(-139897761.55318776+0j)
-7920.489136472687	-62734148.16098186	-0.006963028704774101	-62734148.167944886	0.0	(-62734148.167944886+0j)
-5560.235461968326	-30916218.392530117	-0.0069630286476591585	-30916218.399493147	0.0	(-30916218.399493147+0j)
-4051.312381594628	-16413132.013261935	-0.006963028548152808	-16413132.020224962	0.0	(-16413132.020224962+0j)
-3042.068227295077	-9254179.099518213	-0.006963028384060457	-9254179.106481241	0.0	(-9254179.106481241+0j)
-2341.69741959656	-5483546.804945188	-0.006963028125368504	-5483546.811908216	0.0	(-5483546.811908216+0j)
-1840.5523873295315	-3387633.0905044377	-0.006963027732557477	-3387633.0974674653	0.0	(-3387633.0974674653+0j)
-1472.5635616933432	-2168443.4432269847	-0.006963027154734251	-2168443.450190012	0.0	(-2168443.450190012+0j)
-1196.3009944823236	-1431136.0693993964	-0.006963026327577643	-1431136.0763624227	0.0	(-1431136.0763624227+0j)
-984.887256804191	-970002.9086152845	-0.0069630251710911	-970002.9155783097	0.0	(-970002.9155783097+0j)
-820.3667320751865	-673001.5750957208	-0.006963023587155663	-673001.5820587444	0.0	(-673001.5820587444+0j)
-690.4332693822103	-476698.0994698077	-0.006963021456875706	-476698.10643282917	0.0	(-476698.10643282917+0j)
-586.4606733385415	-343936.1213726955	-0.0069630186377093875	-343936.1283357141	0.0	(-343936.1283357141+0j)
-502.28036320721014	-252285.56326356693	-0.006963014960375036	-252285.57022658188	0.0	(-252285.57022658188+0j)
-433.40186208964224	-187837.17406276928	-0.00696301022552405	-187837.18102577952	0.0	(-187837.18102577952+0j)
-376.5035096990875	-141754.89281573085	-0.006963004200170159	-141754.89977873507	0.0	(-141754.89977873507+0j)
-329.0924221029929	-108301.82228561444	-0.00696299661386414	-108301.82924861106	0.0	(-108301.82924861106+0j)
-289.2729647092139	-83678.84811165811	-0.006962987154602337	-83678.85507464527	0.0	(-83678.85507464527+0j)
-255.58628593832233	-65324.34955974587	-0.0069629754644564765	-65324.35652272133	0.0	(-65324.35652272133+0j)
-226.8972879628321	-51482.37928488836	-0.006962961134911444	-51482.38624784949	0.0	(-51482.38624784949+0j)
-202.31382423176245	-40930.883475280476	-0.006962943701896779	-40930.890438224174	0.0	(-40930.890438224174+0j)
-181.12814487571467	-32807.40486611788	-0.006962922640496719	-32807.411829040524	0.0	(-32807.411829040524+0j)
-162.77392945908693	-26495.35211155181	-0.006962897359322606	-26495.359074449167	0.0	(-26495.359074449167+0j)
-146.79439036751677	-21548.5930433709	-0.006962867194530462	-21548.600006238095	0.0	(-21548.600006238095+0j)
-132.81833870704781	-17640.711096900075	-0.006962831403465414	-17640.71805973148	0.0	(-17640.71805973148+0j)
-120.54204466100386	-14530.384531055448	-0.006962789157913532	-14530.391493844636	0.0	(-14530.391493844636+0j)
-109.71536078960258	-12037.460393192665	-0.006962739536940382	-12037.467355932225	0.0	(-12037.467355932225+0j)
-100.13101361547054	-10026.219887661546	-0.0069626815192943455	-10026.226850343037	0.0	(-10026.226850343037+0j)
-91.6162724451523	-8393.541376744373	-0.0069626139753514145	-8393.548339358329	0.0	(-8393.548339358329+0j)
-84.02641786968496	-7060.438900010912	-0.006962535658576682	-7060.445862546569	0.0	(-7060.445862546569+0j)
-77.23958417424923	-5965.953363410932	-0.006962445196476327	-5965.960325856135	0.0	(-5965.960325856135+0j)
-71.15265892357522	-5062.700871894628	-0.006962341081012209	-5062.707834235707	0.0	(-5062.707834235707+0j)
-65.678002081681	-4313.599957441294	-0.006962221658449556	-4313.606919662943	0.0	(-4313.606919662943+0j)
-60.740804923448316	-3689.445382748403	-0.006962085118606443	-3689.4523448335253	0.0	(-3689.4523448335253+0j)
-56.276951748412806	-3167.0952980931834	-0.006961929483471825	-3167.1022600226725	0.0	(-3167.1022600226725+0j)
-52.23127923541829	-2728.106530568238	-0.006961752595156953	-2728.1134923208297	0.0	(-2728.1134923208297+0j)
-48.55615215628762	-2357.6999122245547	-0.006961552103142817	-2357.7068737766576	0.0	(-2357.7068737766576+0j)
-45.2102922146935	-2043.9705221379759	-0.0069613254507840915	-2043.9774834634277	0.0	(-2043.9774834634277+0j)
-42.157810512571146	-1777.2809872138541	-0.006961069861027599	-1777.2879482837166	0.0	(-1777.2879482837166+0j)
-39.367404670512954	-1549.792550491925	-0.006960782321300877	-1549.7995112742506	0.0	(-1549.7995112742506+0j)
-36.81168974285722	-1355.1005017243795	-0.00696045956752368	-1355.1074621839446	0.0	(-1355.1074621839446+0j)
-34.466638362271254	-1187.9491599955884	-0.006960098067192487	-1187.9561200936537	0.0	(-1187.9561200936537+0j)
-32.3111104589992	-1044.0078590936475	-0.0069596940014850246	-1044.0148187876543	0.0	(-1044.0148187876543+0j)
-30.32645675191463	-919.6939791257485	-0.006959243246328659	-919.7009383689978	0.0	(-919.7009383689978+0j)
-28.496183246158765	-812.0324595986594	-0.006958741352373136	-812.0394183400103	0.0	(-812.0394183400103+0j)
-26.805666379689328	-718.5437500592068	-0.006958183523804516	-718.5507082427342	0.0	(-718.5507082427342+0j)
-25.241910378451255	-637.1540395537652	-0.006957564595933374	-637.1609971183626	0.0	(-637.1609971183626+0j)
-23.79333991397463	-566.1230242619383	-0.006956879011486269	-566.1299811409575	0.0	(-566.1299811409575+0j)
-22.449622390102537	-503.98554545819314	-0.006956120795525182	-503.9925015790452	0.0	(-503.9925015790452+0j)
-21.201515180617427	-449.5042459539512	-0.006955283528915049	-449.5112012377688	0.0	(-449.5112012377688+0j)
-20.040733945957346	-401.6310170926471	-0.006954360320254664	-401.6379714540831	0.0	(-401.6379714540831+0j)
-18.959838813335132	-359.4754878276494	-0.006953343776181035	-359.48244117487957	0.0	(-359.48244117487957+0j)
-17.95213574044925	-322.27917764351537	-0.006952225969951816	-322.2861298783852	0.0	(-322.2861298783852+0j)
-17.011590822240496	-289.3942223033371	-0.0069509984082045595	-289.40117332137567	0.0	(-289.40117332137567+0j)
-16.132755661503882	-260.26580523378556	-0.006949651995785329	-260.27275492375014	0.0	(-260.27275492375014+0j)
-15.310702222436372	-234.41760254411807	-0.006948176998532605	-234.42455078682596	0.0	(-234.42455078682596+0j)
-14.540965833221001	-211.43968736290054	-0.006946563003895366	-211.44663402937067	0.0	(-211.44663402937067+0j)
-13.81949520896811	-190.97844783069255	-0.006944798879256717	-190.98539277991736	0.0	(-190.98539277991736+0j)
-13.142608537358175	-172.72815916623998	-0.00694287272782649	-172.73510224299454	0.0	(-172.73510224299454+0j)
-12.506954812276623	-156.42391867632938	-0.006940771841957697	-156.43085970938753	0.0	(-156.43085970938753+0j)
-11.909479720557647	-141.83570721437383	-0.006938482653732712	-141.84264601533692	0.0	(-141.84264601533692+0j)
-11.347395487676598	-128.76338435374322	-0.006935990682655354	-128.7703207164697	0.0	(-128.7703207164697+0j)
-10.818154173127459	-117.03245971355506	-0.006933280480274799	-117.03939341406506	0.0	(-117.03939341406506+0j)
-10.319423977963961	-106.49051123697754	-0.006930335571556286	-106.49744203356639	0.0	(-106.49744203356639+0j)
-9.849068187765841	-97.0041441672611	-0.006927138392801871	-97.01107180055575	0.0	(-97.01107180055575+0j)
-9.405126425913659	-88.45640308741945	-0.006923670225912037	-88.46332728014039	0.0	(-88.46332728014039+0j)
-8.98579793600448	-80.74456454670239	-0.006919911128765684	-80.75148500298891	0.0	(-80.75148500298891+0j)
-8.589426649741787	-73.77825017129442	-0.006915839861481794	-73.78516657556736	0.0	(-73.78516657556736+0j)
-8.214487828707165	-67.47781028797816	-0.0069114338083109995	-67.4847223034213	0.0	(-67.4847223034213+0j)
-7.8595760959111685	-61.77293640741824	-0.006906668894889032	-61.77984367420666	0.0	(-61.77984367420666+0j)
-7.523394696634503	-56.60146776134816	-0.006901519500566865	-56.608369894747526	0.0	(-56.608369894747526+0j)
-7.204745848394378	-51.908362739956026	-0.006895958365513867	-51.91525932838851	0.0	(-51.91525932838851+0j)
-6.902522057400854	-47.64481075290532	-0.006889956492270639	-47.65170135600211	0.0	(-47.65170135600211+0j)
-6.6156982940154645	-43.76746391743913	-0.006883483041407144	-43.77434806407958	0.0	(-43.77434806407958+0j)
-6.343324932840438	-40.237771203595145	-0.006876505220919311	-40.244648389895815	0.0	(-40.244648389895815+0j)
-6.084521374442966	-37.02140035605332	-0.006868988168973178	-37.02827004327551	0.0	(-37.02827004327551+0j)
-5.838470275605943	-34.087735159134134	-0.006860894829580035	-34.09459677148322	0.0	(-34.09459677148322+0j)
-5.60441232360277	-31.4094374929506	-0.0068521858207584805	-31.416290415250028	0.0	(-31.416290415250028+0j)
-5.38164149749948	-28.962065207608447	-0.006842819294709913	-28.968908782830344	0.0	(-28.968908782830344+0j)
-5.169500766042979	-26.723738170118942	-0.006832750789502542	-26.730571696770628	0.0	(-26.730571696770628+0j)
-4.967378177430783	-24.674845957615567	-0.006821933071725275	-24.681668686968855	0.0	(-24.681668686968855+0j)
-4.774703301284134	-22.797791615293608	-0.006810315969536793	-22.804602748442193	0.0	(-22.804602748442193+0j)
-4.590943987558804	-21.07676669690233	-0.006797846195496532	-21.083565381646988	0.0	(-21.083565381646988+0j)
-4.415603411006232	-19.497553483289867	-0.006784467158522848	-19.50433881083308	0.0	(-19.50433881083308+0j)
-4.24821737321238	-18.04735085006349	-0.006770118764279349	-18.05412185150431	0.0	(-18.05412185150431+0j)
-4.088351837252103	-16.714620745162645	-0.006754737203242855	-16.7213763877793	0.0	(-16.7213763877793+0j)
-3.9356006726549024	-15.48895265460172	-0.006738254725655451	-15.49569183790978	0.0	(-15.49569183790978+0j)
-3.789583590727793	-14.360943791113352	-0.006720599402508543	-14.367665342684715	0.0	(-14.367665342684715+0j)
-3.64994425236183	-13.32209304534916	-0.006701694871648371	-13.32879571637519	0.0	(-13.32879571637519+0j)
-3.5163485322931636	-12.364707000560285	-0.006681460068030963	-12.371389461147274	0.0	(-12.371389461147274+0j)
-3.3884829254269957	-11.48181653591029	-0.006659808937093836	-11.488477370084073	0.0	(-11.488477370084073+0j)
-3.2660530822878577	-10.667102736322017	-0.006636650130167742	-10.67374043673486	0.0	(-10.67374043673486+0j)
-3.148782461954948	-9.914830992715062	-0.006611886680875955	-9.921443955019443	0.0	(-9.921443955019443+0j)
-3.036411091994994	-9.219792319590232	-0.006585415661700457	-9.226378836476771	0.0	(-9.226378836476771+0j)
-2.928694425934691	-8.577251040500931	-0.0065571278206573574	-8.583809295366613	0.0	(-8.583809295366613+0j)
-2.825402289733909	-7.982898098833615	-0.006526907199954068	-7.989426159072494	0.0	(-7.989426159072494+0j)
-2.726317909543103	-7.4328093438954745	-0.0064946307426604335	-7.439305153793886	0.0	(-7.439305153793886+0j)
-2.6312370137641037	-6.923408222602238	-0.00646016790128502	-6.929869595839522	0.0	(-6.929869595839522+0j)
-2.5399670030929564	-6.451432376801015	-0.0064233802753021095	-6.457856988590982	0.0	(-6.457856988590982+0j)
-2.4523261828149674	-6.0139037069198285	-0.006384121324222801	-6.02028908586435	0.0	(-6.02028908586435+0j)
-2.368143052153487	-5.608101515462834	-0.006342236228468652	-5.614445035261409	0.0	(-5.614445035261409+0j)
-2.2872556459514426	-5.231538389936751	-0.006297561999603909	-5.237837261211894	0.0	(-5.237837261211894+0j)
-2.2095109243945865	-4.88193852501902	-0.006249927969358925	-4.8881897876236415	0.0	(-4.8881897876236415+0j)
-2.134764206872377	-4.557218218943449	-0.0061991568061850405	-4.563418735287325	0.0	(-4.563418735287325+0j)
-2.0628786464216957	-4.255468309862607	-0.006145066210986167	-4.261614759933888	0.0	(-4.261614759933888+0j)
-1.9937247415135764	-3.974938344923377	-0.0060874714236960675	-3.9810272238143414	0.0	(-3.9810272238143414+0j)
-1.9271798822278001	-3.7140222984635574	-0.006026188626464428	-3.7200499172987285	0.0	(-3.7200499172987285+0j)
-1.863127928117564	-3.4712456765316464	-0.005961039259172038	-3.477208167712332	0.0	(-3.477208167712332+0j)
-1.8014588152994475	-3.245253863220089	-0.0058918551756961405	-3.251147190820087	0.0	(-3.251147190820087+0j)
-1.7420681905148345	-3.03480158040363	-0.005818484475713985	-3.0406215564008185	0.0	(-3.0406215564008185+0j)
-1.6848570701003769	-2.8387433466672265	-0.005740797759778278	-2.8444856534228853	0.0	(-2.8444856534228853+0j)
-1.6297315219786033	-2.6560248337306946	-0.005658694487331639	-2.6616850528307405	0.0	(-2.6616850528307405+0j)
-1.5766023689375699	-2.485675029739557	-0.005572109077863822	-2.4912486769322233	0.0	(-2.4912486769322233+0j)
-1.5253849116116884	-2.3267991285725986	-0.005481016389805684	-2.332281694185228	0.0	(-2.332281694185228+0j)
-1.475998669706335	-2.1785720729748705	-0.005385436240296474	-2.1839590668472315	0.0	(-2.1839590668472315+0j)
-1.4283671401274947	-2.040232686995998	-0.005285436687387075	-2.045519686693567	0.0	(-2.045519686693567+0j)
-1.3824175707859427	-1.911078340017707	-0.005181135876843156	-1.9162610408958187	0.0	(-1.9162610408958187+0j)
-1.3380807489440103	-1.7904600906945636	-0.005072702348866392	-1.795534356253975	0.0	(-1.795534356253975+0j)
-1.2952908030630967	-1.677778264499842	-0.004960353795797401	-1.6827401755160323	0.0	(-1.6827401755160323+0j)
-1.2539850171922076	-1.572478423342541	-0.004844354351237895	-1.5773243242706496	0.0	(-1.5773243242706496+0j)
-1.2141036570130084	-1.4740476899723607	-0.004725010567007375	-1.4787742313397867	0.0	(-1.4787742313397867+0j)
-1.1755898067255313	-1.382011393676972	-0.0046026662923227225	-1.3866155693429425	0.0	(-1.3866155693429425+0j)
-1.1383892160216253	-1.2959300071543307	-0.004477696707426406	-1.3004091856299107	0.0	(-1.3004091856299107+0j)
-1.102450156450796	-1.2153963474583847	-0.004350501781671138	-1.219748296672534	0.0	(-1.219748296672534+0j)
-1.0677232865359136	-1.1400330166110528	-0.004221499425620782	-1.1442559218563693	0.0	(-1.1442559218563693+0j)
-1.0341615250446599	-1.0694900598826966	-0.004091118591059917	-1.0735825348725077	0.0	(-1.0735825348725077+0j)
-1.0017199318670553	-1.003442821899738	-0.003959792545565375	-1.0074039131166745	0.0	(-1.0074039131166745+0j)
-0.9703555959901904	-0.9415899826694776	-0.0038279525132855785	-0.9454191673982727	0.0	(-0.9454191673982727+0j)
-0.9400275300988208	-0.8836517573436894	-0.0036960218343876643	-0.8873489358772385	0.0	(-0.8873489358772385+0j)
-0.9106965713649502	-0.8293682450958758	-0.0035644107553896654	-0.8329337277708633	0.0	(-0.8329337277708633+0j)
-0.8823252880212902	-0.7784979138818526	-0.0034335119238101844	-0.7819324036494643	0.0	(-0.7819324036494643+0j)
-0.8548778913426676	-0.7308162091064857	-0.003303696625099077	-0.7341207803527944	0.0	(-0.7341207803527944+0j)
-0.8283201526864177	-0.6861142753464503	-0.003175311768887063	-0.689290349740374	0.0	(-0.689290349740374+0j)
-0.8026193252675695	-0.6441977812929686	-0.003048677605874196	-0.6472471013472093	0.0	(-0.6472471013472093+0j)
-0.7777440703675577	-0.6048858389918965	-0.002924086136367802	-0.6078104400428069	0.0	(-0.6078104400428069+0j)
-0.7536643876962961	-0.5680100092816329	-0.002801800156421023	-0.5708121904933678	0.0	(-0.5708121904933678+0j)
-0.7303515496469766	-0.53341338607174	-0.0026820528773007306	-0.5360956810227713	0.0	(-0.5360956810227713+0j)
-0.7077780392009602	-0.5009497527751559	-0.0025650480480529083	-0.5035149001210238	0.0	(-0.5035149001210238+0j)
-0.6859174912568177	-0.4704828048120465	-0.0024509605085757747	-0.47293371944311186	0.0	(-0.47293371944311186+0j)
-0.6647446371729734	-0.441885432650228	-0.0023399371011736674	-0.44422517767547287	0.0	(-0.44422517767547287+0j)
-0.644235252327683	-0.41503906034171334	-0.0022320978713890917	-0.4172708202101928	0.0	(-0.4172708202101928+0j)
-0.6243661065132793	-0.3898330349625516	-0.002127537493390115	-0.3919600899294369	0.0	(-0.3919600899294369+0j)
-0.6051149169938791	-0.36616406276850916	-0.002026326860791533	-0.36818976488828065	0.0	(-0.36818976488828065+0j)
-0.5864603040670644	-0.3439356882464336	-0.0019285147900569605	-0.34586343902660527	0.0	(-0.34586343902660527+0j)
-0.5683817489806017	-0.3230578125742477	-0.0018341297901943324	-0.3248910423555907	0.0	(-0.3248910423555907+0j)
-0.5508595540650095	-0.3034462483047011	-0.0017431818590257487	-0.3051883974379076	0.0	(-0.3051883974379076+0j)
-0.5338748049518669	-0.2850223073623939	-0.0016556642726630675	-0.28667680917622035	0.0	(-0.28667680917622035+0j)
-0.5174093347561604	-0.2677124196928124	-0.001571555340794183	-0.2692826852438454	0.0	(-0.2692826852438454+0j)
-0.5014456901088119	-0.2514477801287026	-0.0014908201058761112	-0.25293718469388504	0.0	(-0.25293718469388504+0j)
-0.4859670989327906	-0.2361640212451527	-0.0014134119692778072	-0.23757589250114952	0.0	(-0.23757589250114952+0j)
-0.47095743986299343	-0.22180091016230508	-0.0013392742317907807	-0.22313851795829232	0.0	(-0.22313851795829232+0j)
-0.4564012132163665	-0.20830206742537125	-0.0012683415397285837	-0.20956861506537167	0.0	(-0.20956861506537167+0j)
-0.4422835134246209	-0.19561470624722682	-0.0012005412310858753	-0.19681332319312098	0.0	(-0.19681332319312098+0j)
-0.4285900028473402	-0.1836893905406831	-0.0011357945789568589	-0.18482312640612134	0.0	(-0.18482312640612134+0j)
-0.41530688688838896	-0.1724798102969251	-0.00107401793166296	-0.17355163004112395	0.0	(-0.17355163004112395+0j)
-0.4024208903432601	-0.1619425729846622	-0.0010151237508572036	-0.16295535318410265	0.0	(-0.16295535318410265+0j)
-0.389919234909446	-0.15203700975236775	-0.0009590215503063191	-0.1529935358522338	0.0	(-0.1529935358522338+0j)
-0.3777896177960279	-0.14272499531446883	-0.0009056187391496893	-0.14362795974698622	0.0	(-0.14362795974698622+0j)
-0.3660201913725601	-0.13397078049240552	-0.0008548213742433575	-0.13482278156365865	0.0	(-0.13482278156365865+0j)
-0.354599543800905	-0.12574083646380996	-0.0008065348267607415	-0.12654437791445047	0.0	(-0.12654437791445047+0j)
-0.3435166805970615	-0.11800370984842355	-0.0007606643685801425	-0.11876120100039918	0.0	(-0.11876120100039918+0j)
-0.3327610070731549	-0.11072988782834026	-0.0007171156841781767	-0.11144364423282561	0.0	(-0.11144364423282561+0j)
-0.3223223116127228	-0.10389167256336918	-0.0006757953138001898	-0.10456391707562473	0.0	(-0.10456391707562473+0j)
-0.3121907497351576	-0.0974630642201998	-0.0006366110336217374	-0.09809592843294394	0.0	(-0.09809592843294394+0j)
-0.30235682890776616	-0.09141965198716018	-0.0005994721784734403	-0.09201517795982558	0.0	(-0.09201517795982558+0j)
-0.2928113940662991	-0.08573851249504949	-0.0005642899124957786	-0.0862986547219463	0.0	(-0.0862986547219463+0j)
-0.28354561380707677	-0.08039811510923192	-0.0005309774528381321	-0.08092474268036821	0.0	(-0.08092474268036821+0j)
-0.2745509672159419	-0.07537823359920921	-0.0004994502512321655	-0.07587313250797716	0.0	(-0.07587313250797716+0j)
-0.2658192313012629	-0.0706598637295943	-0.0004696261379654495	-0.07112473929058839	0.0	(-0.07112473929058839+0j)
-0.25734246900006463	-0.06622514635104923	-0.00044142543246682706	-0.06666162569580952	0.0	(-0.06666162569580952+0j)
-0.24911301772811112	-0.06205729560160621	-0.0004147710243977434	-0.06246693022535526	0.0	(-0.06246693022535526+0j)
-0.24112347844640347	-0.0581405318580932	-0.0003895884288306367	-0.05852480019235051	0.0	(-0.05852480019235051+0j)
-0.2333667052180859	-0.054460019104344996	-0.00036580581878971753	-0.05482032909869637	0.0	(-0.05482032909869637+0j)
-0.225835795231207	-0.05100180640771166	-0.0003433540381360428	-0.05133949810197044	0.0	(-0.05133949810197044+0j)
-0.21852407926412534	-0.047752773218233735	-0.00032216659749881164	-0.04806912129439552	0.0	(-0.04806912129439552+0j)
-0.211425112571636	-0.04470057822592895	-0.00030217965569091093	-0.044996794527119445	0.0	(-0.044996794527119445+0j)
-0.20453266617107863	-0.04183361153104989	-0.00028333198879952197	-0.042110847541004845	0.0	(-0.042110847541004845+0j)
-0.19784071850882584	-0.03914094990008846	-0.0002655649489122433	-0.039400299175076585	0.0	(-0.039400299175076585+0j)
-0.19134344748859874	-0.036612314896822144	-0.00024882241422660153	-0.036854815445323943	0.0	(-0.036854815445323943+0j)
-0.18503522284406232	-0.0342380336929518	-0.00023305073209449465	-0.03446467029942663	0.0	(-0.03446467029942663+0j)
-0.17891059883908308	-0.03200900237695932	-0.00021819865637402456	-0.032220708866266864	0.0	(-0.032220708866266864+0j)
-0.17296430727992232	-0.02991665159282339	-0.0002042172802975861	-0.030114313033135356	0.0	(-0.030114313033135356+0j)
-0.16719125082446273	-0.02795291435224841	-0.0001910599659158546	-0.028137369195246342	0.0	(-0.028137369195246342+0j)
-0.1615864965743571	-0.026110195875174724	-0.0001786822710439645	-0.026282238032081146	0.0	(-0.026282238032081146+0j)
-0.15614526993671918	-0.024381345323610897	-0.00016704187451358485	-0.02454172617682141	0.0	(-0.02454172617682141+0j)
-0.15086294874268072	-0.02275962930333671	-0.00015609850042704875	-0.022909059653048236	0.0	(-0.022909059653048236+0j)
-0.14573505761078795	-0.021238707016819684	-0.00014581384201114989	-0.021377858962842836	0.0	(-0.021377858962842836+0j)
-0.1407572625438378	-0.019812606958834883	-0.00013615148558143164	-0.0199421157178661	0.0	(-0.0199421157178661+0j)
-0.1359253657483311	-0.018475705053817584	-0.000127076835050699	-0.018596170712393893	0.0	(-0.018596170712393893+0j)
-0.13123530066627967	-0.017222704140968825	-0.00011855703734608424	-0.01733469334488051	0.0	(-0.01733469334488051+0j)
-0.12668312720961808	-0.016048614719608275	-0.00011056090903859283	-0.016152662300422546	0.0	(-0.016152662300422546+0j)
-0.12226502718796878	-0.014948736873274745	-0.00010305886443533473	-0.015045347412862873	0.0	(-0.015045347412862873+0j)
-0.11797729992097018	-0.01391864329664255	-9.602284533758998e-05	-0.014008292630647167	0.0	(-0.014008292630647167+0j)
-0.11381635802681951	-0.012954163354489161	-8.942625262658987e-05	-0.013037300015846404	0.0	(-0.013037300015846404+0j)
-0.10977872337909478	-0.01205136810674381	-8.324387980256364e-05	-0.012128414710388885	0.0	(-0.012128414710388885+0j)
-0.10586102322431669	-0.011206556238099318	-7.745184857197995e-05	-0.011277910808157605	0.0	(-0.011277910808157605+0j)
-0.10205998645307823	-0.010416240834802512	-7.202754655024623e-05	-0.010482278075525372	0.0	(-0.010482278075525372+0j)
-0.09837244001792601	-0.009677136955080452	-6.694956712385291e-05	-0.00973820946697272	0.0	(-0.00973820946697272+0j)
-0.09479530549150439	-0.008986149943227642	-6.219765149613199e-05	-0.009042589385761904	0.0	(-0.009042589385761904+0j)
-0.09132559575879504	-0.008340364440698841	-5.7752632923702135e-05	-0.0083924826431286	0.0	(-0.0083924826431286+0j)
-0.08796041183757511	-0.007737034050635823	-5.359638313555681e-05	-0.007785124072407023	0.0	(-0.007785124072407023+0j)
-0.08469693982150671	-0.007173571615127929	-4.97117609159492e-05	-0.007217908757533734	0.0	(-0.007217908757533734+0j)
-0.08153244794053156	-0.0066475400671754895	-4.60825628207262e-05	-0.006688382837636941	0.0	(-0.006688382837636941+0j)
-0.07846428373350321	-0.006156643821811697	-4.2693475988409e-05	-0.0061942348526711904	0.0	(-0.0061942348526711904+0j)
-0.07548987132822536	-0.005698720673152022	-3.95300330021886e-05	-0.005733287596267988	0.0	(-0.005733287596267988+0j)
-0.0726067088242958	-0.005271734166296074	-3.657856875084464e-05	-0.00530349044530607	0.0	(-0.00530349044530607+0j)
-0.0698123657743687	-0.004873766415014246	-3.3826179235352245e-05	-0.004902912136653328	0.0	(-0.004902912136653328+0j)
-0.06710448075965493	-0.004503011338022899	-3.12606822616468e-05	-0.0045297339642457165	0.0	(-0.0045297339642457165+0j)
-0.06448075905567281	-0.004157768288395731	-2.887057995939468e-05	-0.004182243370747483	0.0	(-0.004182243370747483+0j)
-0.06193897038444741	-0.003836436052285453	-2.6645023065685612e-05	-0.0038588279101372637	0.0	(-0.0038588279101372637+0j)
-0.05947694674953034	-0.0035375071946464683	-2.4573776908676237e-05	-0.003557969558775198	0.0	(-0.003557969558775198+0j)
-0.05709258035037935	-0.003259562731064522	-2.2647189029401102e-05	-0.003278239354077082	0.0	(-0.003278239354077082+0j)
-0.05478382157279376	-0.003001267106119703	-2.085615837701393e-05	-0.0030182923411629366	0.0	(-0.0030182923411629366+0j)
-0.0525486770522525	-0.002761363459941929	-1.919210601466492e-05	-0.00277686280913344	0.0	(-0.00277686280913344+0j)
-0.05038520780714346	-0.00253866916576903	-1.76469472741525e-05	-0.00255275979969599	0.0	(-0.00255275979969599+0j)
-0.04829152743900835	-0.0023320716223924963	-1.621306529733246e-05	-0.002344862872035936	0.0	(-0.002344862872035936+0j)
-0.04626580039705615	-0.0021405242863802407	-1.4883285903666276e-05	-0.0021521181087446454	0.0	(-0.0021521181087446454+0j)
-0.04430624030431983	-0.001963042929904135	-1.3650853727487088e-05	-0.0019735343486084952	0.0	(-0.0019735343486084952+0j)
-0.0424111083429481	-0.0017987021108772823	-1.2509409565764074e-05	-0.0018081796329107425	0.0	(-0.0018081796329107425+0j)
-0.04057871169623432	-0.0016466318429261037	-1.1452968881497938e-05	-0.0016551778527274918	0.0	(-0.0016551778527274918+0j)
-0.038807402045089236	-0.0015060144534891962	-1.0475901407724918e-05	-0.0015137055854672734	0.0	(-0.0015137055854672734+0j)
-0.0370955741167656	-0.0013760816190524503	-9.572911804411887e-06	-0.0013829891096221701	0.0	(-0.0013829891096221701+0j)
-0.03544166428373683	-0.001256111567201107	-8.739021312909044e-06	-0.0012623015873613574	0.0	(-0.0012623015873613574+0j)
-0.03384414921072317	-0.0011454264357976939	-7.96955036443947e-06	-0.0011509604052394337	0.0	(-0.0011509604052394337+0j)
-0.03230154454794487	-0.0010433897801828671	-7.260102091954933e-06	-0.0010483246638665557	0.0	(-0.0010483246638665557+0j)
-0.030812403668764587	-0.0009494042198468975	-6.6065467040132825e-06	-0.000953792807948516	0.0	(-0.000953792807948516+0j)
-0.029375316449958718	-0.0008629092165352152	-6.005006677778368e-06	-0.0008668003886327963	0.0	(-0.0008668003886327963+0j)
-0.027988908092932717	-0.0007833789762346345	-5.451842730419542e-06	-0.0007868179505434864	0.0	(-0.0007868179505434864+0j)
-0.02665183798426606	-0.000710320467939567	-4.94364052414653e-06	-0.0007133490363842009	0.0	(-0.0007133490363842009+0j)
-0.025362798594040566	-0.0006432715525218661	-4.47719807876723e-06	-0.0006459283023926407	0.0	(-0.0006459283023926407+0j)
-0.024120514410469796	-0.0005817992154256811	-4.049513847625973e-06	-0.0005841197383279021	0.0	(-0.0005841197383279021+0j)
-0.022923740909409487	-0.000525497897281734	-3.6577754245925573e-06	-0.0005275149860511467	0.0	(-0.0005275149860511467+0j)
-0.021771263557387018	-0.000473987916885208	-3.2993488472854435e-06	-0.0004757317511088112	0.0	(-0.0004757317511088112+0j)
-0.02066189684684411	-0.0004269139813096266	-2.9717684766339403e-06	-0.00042841230207492294	0.0	(-0.00042841230207492294+0j)
-0.019594483362340376	-0.0003839437782370338	-2.672727407393438e-06	-0.00038522205266939007	0.0	(-0.00038522205266939007+0j)
-0.01856789287651589	-0.00034476664587376955	-2.400068397179211e-06	-0.0003458482220297372	0.0	(-0.0003458482220297372+0j)
-0.017581021474659796	-0.00030909231609244894	-2.1517752667676856e-06	-0.0003099985687117934	0.0	(-0.0003099985687117934+0j)
-0.0166327907067782	-0.0002766497266954873	-1.9259647753955276e-06	-0.00027740019432515945	0.0	(-0.00027740019432515945+0j)
-0.015722146766098555	-0.0002471858989347433	-1.7208789262923573e-06	-0.0002477984128854961	0.0	(-0.0002477984128854961+0j)
-0.014848059692990303	-0.0002204648766466033	-1.534877676334645e-06	-0.0002209556822187503	0.0	(-0.0002209556822187503+0j)
-0.01400952260332125	-0.00019626672357296902	-1.366432044846988e-06	-0.00019665059398427017	0.0	(-0.00019665059398427017+0j)
-0.01320555094030825	-0.0001743865756370761	-1.2141175854907259e-06	-0.00017467691903870489	0.0	(-0.00017467691903870489+0j)
-0.012435181748956657	-0.00015463374512958474	-1.0766082262136933e-06	-0.00015484270510794169	0.0	(-0.00015484270510794169+0j)
-0.01169747297221872	-0.00013683087393578743	-9.526704076279201e-07	-0.00013696942382200296	0.0	(-0.00013696942382200296+0j)
-0.010991502768034012	-0.00012081313309969934	-8.411575720401742e-07	-0.00012089116446132504	0.0	(-0.00012089116446132504+0j)
-0.0103163688464472	-0.00010642746617594633	-7.410049335021539e-07	-0.00010645387179121113	0.0	(-0.00010645387179121113+0j)
-0.009671187826028764	-9.353187396632697e-05	-6.512245214196355e-07	-9.351462557606767e-05	0.0	(-9.351462557606767e-05+0j)
-0.0090550946088535	-8.199473837528773e-05	-5.709005151288693e-07	-8.194095951817183e-05	0.0	(-8.194095951817183e-05+0j)
-0.008467241773319324	-7.169418324784377e-05	-4.991847973201402e-07	-7.161021741760212e-05	0.0	(-7.161021741760212e-05+0j)
-0.00790679898411556	-6.251747017521084e-05	-4.3529279594167745e-07	-6.240894459842533e-05	0.0	(-6.240894459842533e-05+0j)
-0.007372952418675131	-5.436042736804747e-05	-3.7849950018653544e-07	-5.423231259116876e-05	0.0	(-5.423231259116876e-05+0j)
-0.006864904209469354	-4.712690980519006e-05	-3.2813571522183337e-07	-4.698357534071132e-05	0.0	(-4.698357534071132e-05+0j)
-0.00638187190152713	-4.0728288967501505e-05	-2.83584540738957e-07	-4.057355522979777e-05	0.0	(-4.057355522979777e-05+0j)
-0.0059230879245824606	-3.508297056233456e-05	-2.4427801861293117e-07	-3.492015727142463e-05	0.0	(-3.492015727142463e-05+0j)
-0.005487799079275197	-3.0115938734493705e-05	-2.0969391982816886e-07	-2.994790993669113e-05	0.0	(-2.994790993669113e-05+0j)
-0.005075266036850213	-2.5758325344805268e-05	-1.7935288951775873e-07	-2.558753140027926e-05	0.0	(-2.558753140027926e-05+0j)
-0.00468476285181929	-2.1947002977786005e-05	-1.5281538310318865e-07	-2.177551933893584e-05	0.0	(-2.177551933893584e-05+0j)
-0.004315576487068442	-1.8624200415737994e-05	-1.2967923908036027e-07	-1.8453763808228896e-05	0.0	(-1.8453763808228896e-05+0j)
-0.003967006350910908	-1.573713938816748e-05	-1.0957701306324452e-07	-1.5569181197882615e-05	0.0	(-1.5569181197882615e-05+0j)
-0.0036383638456027453	-1.3237691472989197e-05	-9.217365004587919e-08	-1.3073368688119793e-05	0.0	(-1.3073368688119793e-05+0j)
-0.0033289719268539634	-1.108205408978179e-05	-7.71641168739734e-08	-1.0922277833018143e-05	0.0	(-1.0922277833018143e-05+0j)
-0.0030381646738833206	-9.230444585632543e-06	-6.42715122012305e-08	-9.075906777470287e-06	0.0	(-9.075906777470287e-06+0j)
-0.002765286869579454	-7.646811471068537e-06	-5.3244718856149114e-08	-7.498009431162466e-06	0.0	(-7.498009431162466e-06+0j)
-0.0025096935903448805	-6.298561917418177e-06	-4.385689180708141e-08	-6.155822024425242e-06	0.0	(-6.155822024425242e-06+0j)
-0.0022707498052125484	-5.156304677872827e-06	-3.5903349271393376e-08	-5.019805272396524e-06	0.0	(-5.019805272396524e-06+0j)
-0.0020478299838372883	-4.193607642703028e-06	-2.9200100470916367e-08	-4.063403026884894e-06	0.0	(-4.063403026884894e-06+0j)
-0.001840317712976406	-3.386769284694709e-06	-2.3582174435432535e-08	-3.2628170019345476e-06	0.0	(-3.2628170019345476e-06+0j)
-0.0016476053210851282	-2.7146032940680283e-06	-1.8901869225373955e-08	-2.596798899697675e-06	0.0	(-2.596798899697675e-06+0j)
-0.0014690935106634537	-2.158235743073471e-06	-1.5027717381599357e-08	-2.046462771238656e-06	0.0	(-2.046462771238656e-06+0j)
-0.0013041909980012522	-1.7009141592675022e-06	-1.1843212632811628e-08	-1.595119465404512e-06	0.0	(-1.595119465404512e-06+0j)
-0.0011523141599783147	-1.327827923286529e-06	-9.245695764548145e-09	-1.2281320398737554e-06	0.0	(-1.2281320398737554e-06+0j)
-0.0010128866875853285	-1.0259394418875787e-06	-7.1431713877245776e-09	-9.327743146366921e-07	0.0	(-9.327743146366921e-07+0j)
-0.0008853392458406116	-7.83825580225623e-07	-5.457968654809519e-09	-6.980393492603226e-07	0.0	(-6.980393492603226e-07+0j)
-0.0007691091397858128	-5.91528868902073e-07	-4.119101504329592e-09	-5.143157078247729e-07	0.0	(-5.143157078247729e-07+0j)
-0.000663639986251706	-4.404180313521645e-07	-3.0673618311993777e-09	-3.729749002522195e-07	0.0	(-3.729749002522195e-07+0j)
-0.0005683813910927198	-3.230574057404953e-07	-2.2499079932458696e-09	-2.6611269103045244e-07	0.0	(-2.6611269103045244e-07+0j)
-0.0004827886315959191	-2.330848627982601e-07	-1.6221747500821947e-09	-1.866238635935579e-07	0.0	(-1.866238635935579e-07+0j)
-0.00040632234377683705	-1.6509784705230215e-07	-1.1485099093988537e-09	-1.2840753293224326e-07	0.0	(-1.2840753293224326e-07+0j)
-0.0003384482142808416	-1.1454719374989047e-07	-7.9453457146883e-10	-8.645970701872334e-08	0.0	(-8.645970701872334e-08+0j)
-0.0002786366766146315	-7.763839755484672e-08	-5.398760549724101e-10	-5.6784897966240624e-08	0.0	(-5.6784897966240624e-08+0j)
-0.0002263626114379906	-5.124003185702671e-08	-3.6670826375484466e-10	-3.620837423407198e-08	0.0	(-3.620837423407198e-08+0j)
-0.0001811050506511092	-3.279903937134083e-08	-2.240994945168495e-10	-2.234016499613786e-08	0.0	(-2.234016499613786e-08+0j)
-0.00014234688501760587	-2.0262635674215505e-08	-1.6298145055770873e-10	-1.3208945003213928e-08	0.0	(-1.3208945003213928e-08+0j)
-0.00010957457506787214	-1.2006587501304747e-08	-8.149072527885436e-11	-7.4045739457798765e-09	0.0	(-7.4045739457798765e-09+0j)
-8.227786503151151e-05	-6.769647074143624e-09	-0.0	-4.095416181054892e-09	0.0	(-4.095416181054892e-09+0j)
-5.9949499551469586e-05	-3.593942496471652e-09	-1.6298145055770873e-10	-1.945824372668502e-09	0.0	(-1.945824372668502e-09+0j)
-4.208494293595911e-05	-1.7711424219229345e-09	-0.0	-8.762437754949902e-10	0.0	(-8.762437754949902e-10+0j)
-2.818210070747449e-05	-7.942308002862342e-10	-0.0	-3.4965656841065195e-10	0.0	(-3.4965656841065195e-10+0j)
-1.7741043211075948e-05	-3.14744614217264e-10	-0.0	-1.182604712109066e-10	0.0	(-1.182604712109066e-10+0j)
-1.0263731046704024e-05	-1.0534417499907609e-10	-0.0	-3.149039913298259e-11	0.0	(-3.149039913298259e-11+0j)
-5.253742092569803e-06	-2.7601805975239737e-11	-0.0	-5.753421315332924e-12	0.0	(-5.753421315332924e-12+0j)
-2.2159998886550805e-06	-4.910655506519329e-12	-0.0	-5.308088831534772e-13	0.0	(-5.308088831534772e-13+0j)
-6.565031510556671e-07	-4.3099638734602e-13	-0.0	-9.537590285340217e-15	0.0	(-9.537590285340217e-15+0j)
-8.205618931236921e-08	-6.733218204467375e-15	-0.0	1.5391146105169049e-15	-6.454810903696163e-07	(1.5391146105169049e-15-6.454810903696163e-07j)
8.205618931236921e-08	6.733218204467375e-15	0.0	1.5391146105169049e-15	6.454810903696163e-07	(1.5391146105169049e-15+6.454810903696163e-07j)
6.565031510556671e-07	4.3099638734602e-13	0.0	1.6237118802435043e-14	0.0	(1.6237118802435043e-14+0j)
2.2159998886550805e-06	4.910655506519329e-12	0.0	5.308264468765155e-13	0.0	(5.308264468765155e-13+0j)
5.253742092569803e-06	2.7601805975239737e-11	0.0	5.755089878050844e-12	0.0	(5.755089878050844e-12+0j)
1.0263731046704024e-05	1.0534417499907609e-10	0.0	3.1488942355414535e-11	0.0	(3.1488942355414535e-11+0j)
1.7741043211075948e-05	3.14744614217264e-10	0.0	1.1826064682217502e-10	0.0	(1.1826064682217502e-10+0j)
2.818210070747449e-05	7.942308002862342e-10	0.0	3.4965776958187716e-10	0.0	(3.4965776958187716e-10+0j)
4.208494293595911e-05	1.7711424219229345e-09	0.0	8.762434152207416e-10	0.0	(8.762434152207416e-10+0j)
5.9949499551469586e-05	3.593942496471652e-09	1.6298145055770873e-10	1.9458241059903538e-09	0.0	(1.9458241059903538e-09+0j)
8.227786503151151e-05	6.769647074143624e-09	0.0	4.095416929131974e-09	0.0	(4.095416929131974e-09+0j)
0.00010957457506787214	1.2006587501304747e-08	8.149072527885436e-11	7.404574684649608e-09	0.0	(7.404574684649608e-09+0j)
0.00014234688501760587	2.0262635674215505e-08	1.6298145055770873e-10	1.3208943762067419e-08	0.0	(1.3208943762067419e-08+0j)
0.0001811050506511092	3.279903937134083e-08	2.240994945168495e-10	2.234016480662596e-08	0.0	(2.234016480662596e-08+0j)
0.0002263626114379906	5.124003185702671e-08	3.6670826375484466e-10	3.620837295508756e-08	0.0	(3.620837295508756e-08+0j)
0.0002786366766146315	7.763839755484672e-08	5.398760549724101e-10	5.678489706830979e-08	0.0	(5.678489706830979e-08+0j)
0.0003384482142808416	1.1454719374989047e-07	7.9453457146883e-10	8.645970697553396e-08	0.0	(8.645970697553396e-08+0j)
0.00040632234377683705	1.6509784705230215e-07	1.1485099093988537e-09	1.2840753273639262e-07	0.0	(1.2840753273639262e-07+0j)
0.0004827886315959191	2.330848627982601e-07	1.6221747500821947e-09	1.8662386360497155e-07	0.0	(1.8662386360497155e-07+0j)
0.0005683813910927198	3.230574057404953e-07	2.2499079932458696e-09	2.661126908993316e-07	0.0	(2.661126908993316e-07+0j)
0.000663639986251706	4.404180313521645e-07	3.0673618311993777e-09	3.7297490048328447e-07	0.0	(3.7297490048328447e-07+0j)
0.0007691091397858128	5.91528868902073e-07	4.119101504329592e-09	5.143157075814451e-07	0.0	(5.143157075814451e-07+0j)
0.0008853392458406116	7.83825580225623e-07	5.457968654809519e-09	6.980393495872021e-07	0.0	(6.980393495872021e-07+0j)
0.0010128866875853285	1.0259394418875787e-06	7.1431713877245776e-09	9.327743141615518e-07	0.0	(9.327743141615518e-07+0j)
0.0011523141599783147	1.327827923286529e-06	9.245695764548145e-09	1.228132040190384e-06	0.0	(1.228132040190384e-06+0j)
0.0013041909980012522	1.7009141592675022e-06	1.1843212632811628e-08	1.5951194658840135e-06	0.0	(1.5951194658840135e-06+0j)
0.0014690935106634537	2.158235743073471e-06	1.5027717381599357e-08	2.0464627714076485e-06	0.0	(2.0464627714076485e-06+0j)
0.0016476053210851282	2.7146032940680283e-06	1.8901869225373955e-08	2.5967989007548297e-06	0.0	(2.5967989007548297e-06+0j)
0.001840317712976406	3.386769284694709e-06	2.3582174435432535e-08	3.262817001621935e-06	0.0	(3.262817001621935e-06+0j)
0.0020478299838372883	4.193607642703028e-06	2.9200100470916367e-08	4.063403027793795e-06	0.0	(4.063403027793795e-06+0j)
0.0022707498052125484	5.156304677872827e-06	3.5903349271393376e-08	5.019805274143506e-06	0.0	(5.019805274143506e-06+0j)
0.0025096935903448805	6.298561917418177e-06	4.385689180708141e-08	6.1558220255696315e-06	0.0	(6.1558220255696315e-06+0j)
0.002765286869579454	7.646811471068537e-06	5.3244718856149114e-08	7.498009431465211e-06	0.0	(7.498009431465211e-06+0j)
0.0030381646738833206	9.230444585632543e-06	6.42715122012305e-08	9.075906776100083e-06	0.0	(9.075906776100083e-06+0j)
0.0033289719268539634	1.108205408978179e-05	7.71641168739734e-08	1.0922277833740582e-05	0.0	(1.0922277833740582e-05+0j)
0.0036383638456027453	1.3237691472989197e-05	9.217365004587919e-08	1.3073368688129461e-05	0.0	(1.3073368688129461e-05+0j)
0.003967006350910908	1.573713938816748e-05	1.0957701306324452e-07	1.5569181197555217e-05	0.0	(1.5569181197555217e-05+0j)
0.004315576487068442	1.8624200415737994e-05	1.2967923908036027e-07	1.845376380806659e-05	0.0	(1.845376380806659e-05+0j)
0.00468476285181929	2.1947002977786005e-05	1.5281538310318865e-07	2.1775519338937585e-05	0.0	(2.1775519338937585e-05+0j)
0.005075266036850213	2.5758325344805268e-05	1.7935288951775873e-07	2.55875313998873e-05	0.0	(2.55875313998873e-05+0j)
0.005487799079275197	3.0115938734493705e-05	2.0969391982816886e-07	2.994790993669578e-05	0.0	(2.994790993669578e-05+0j)
0.0059230879245824606	3.508297056233456e-05	2.4427801861293117e-07	3.492015727169181e-05	0.0	(3.492015727169181e-05+0j)
0.00638187190152713	4.0728288967501505e-05	2.83584540738957e-07	4.057355522961229e-05	0.0	(4.057355522961229e-05+0j)
0.006864904209469354	4.712690980519006e-05	3.2813571522183337e-07	4.698357534053235e-05	0.0	(4.698357534053235e-05+0j)
0.007372952418675131	5.436042736804747e-05	3.7849950018653544e-07	5.423231258996015e-05	0.0	(5.423231258996015e-05+0j)
0.00790679898411556	6.251747017521084e-05	4.3529279594167745e-07	6.240894459768242e-05	0.0	(6.240894459768242e-05+0j)
0.008467241773319324	7.169418324784377e-05	4.991847973201402e-07	7.16102174153725e-05	0.0	(7.16102174153725e-05+0j)
0.0090550946088535	8.199473837528773e-05	5.709005151288693e-07	8.19409595172758e-05	0.0	(8.19409595172758e-05+0j)
0.009671187826028764	9.353187396632697e-05	6.512245214196355e-07	9.351462557469014e-05	0.0	(9.351462557469014e-05+0j)
0.0103163688464472	0.00010642746617594633	7.410049335021539e-07	0.0001064538717919256	0.0	(0.0001064538717919256+0j)
0.010991502768034012	0.00012081313309969934	8.411575720401742e-07	0.00012089116446055487	0.0	(0.00012089116446055487+0j)
0.01169747297221872	0.00013683087393578743	9.526704076279201e-07	0.0001369694238208267	0.0	(0.0001369694238208267+0j)
0.012435181748956657	0.00015463374512958474	1.0766082262136933e-06	0.0001548427051064664	0.0	(0.0001548427051064664+0j)
0.01320555094030825	0.0001743865756370761	1.2141175854907259e-06	0.00017467691903751855	0.0	(0.00017467691903751855+0j)
0.01400952260332125	0.00019626672357296902	1.366432044846988e-06	0.00019665059398399937	0.0	(0.00019665059398399937+0j)
0.014848059692990303	0.0002204648766466033	1.534877676334645e-06	0.00022095568221813588	0.0	(0.00022095568221813588+0j)
0.015722146766098555	0.0002471858989347433	1.7208789262923573e-06	0.00024779841288543784	0.0	(0.00024779841288543784+0j)
0.0166327907067782	0.0002766497266954873	1.9259647753955276e-06	0.00027740019432644536	0.0	(0.00027740019432644536+0j)
0.017581021474659796	0.00030909231609244894	2.1517752667676856e-06	0.0003099985687091464	0.0	(0.0003099985687091464+0j)
0.01856789287651589	0.00034476664587376955	2.400068397179211e-06	0.00034584822202867865	0.0	(0.00034584822202867865+0j)
0.019594483362340376	0.0003839437782370338	2.672727407393438e-06	0.00038522205266642895	0.0	(0.00038522205266642895+0j)
0.02066189684684411	0.0004269139813096266	2.9717684766339403e-06	0.0004284123020708124	0.0	(0.0004284123020708124+0j)
0.021771263557387018	0.000473987916885208	3.2993488472854435e-06	0.000475731751107403	0.0	(0.000475731751107403+0j)
0.022923740909409487	0.000525497897281734	3.6577754245925573e-06	0.000527514986047682	0.0	(0.000527514986047682+0j)
0.024120514410469796	0.0005817992154256811	4.049513847625973e-06	0.0005841197383244368	0.0	(0.0005841197383244368+0j)
0.025362798594040566	0.0006432715525218661	4.47719807876723e-06	0.0006459283023858135	0.0	(0.0006459283023858135+0j)
0.02665183798426606	0.000710320467939567	4.94364052414653e-06	0.0007133490363857289	0.0	(0.0007133490363857289+0j)
0.027988908092932717	0.0007833789762346345	5.451842730419542e-06	0.0007868179505425633	0.0	(0.0007868179505425633+0j)
0.029375316449958718	0.0008629092165352152	6.005006677778368e-06	0.000866800388632404	0.0	(0.000866800388632404+0j)
0.030812403668764587	0.0009494042198468975	6.6065467040132825e-06	0.0009537928079481375	0.0	(0.0009537928079481375+0j)
0.03230154454794487	0.0010433897801828671	7.260102091954933e-06	0.0010483246638664082	0.0	(0.0010483246638664082+0j)
0.03384414921072317	0.0011454264357976939	7.96955036443947e-06	0.0011509604052392655	0.0	(0.0011509604052392655+0j)
0.03544166428373683	0.001256111567201107	8.739021312909044e-06	0.0012623015873615522	0.0	(0.0012623015873615522+0j)
0.0370955741167656	0.0013760816190524503	9.572911804411887e-06	0.0013829891096215471	0.0	(0.0013829891096215471+0j)
0.038807402045089236	0.0015060144534891962	1.0475901407724918e-05	0.0015137055854675663	0.0	(0.0015137055854675663+0j)
0.04057871169623432	0.0016466318429261037	1.1452968881497938e-05	0.0016551778527280055	0.0	(0.0016551778527280055+0j)
0.0424111083429481	0.0017987021108772823	1.2509409565764074e-05	0.0018081796329097227	0.0	(0.0018081796329097227+0j)
0.04430624030431983	0.001963042929904135	1.3650853727487088e-05	0.0019735343486078118	0.0	(0.0019735343486078118+0j)
0.04626580039705615	0.0021405242863802407	1.4883285903666276e-05	0.002152118108746085	0.0	(0.002152118108746085+0j)
0.04829152743900835	0.0023320716223924963	1.621306529733246e-05	0.002344862872037329	0.0	(0.002344862872037329+0j)
0.05038520780714346	0.00253866916576903	1.76469472741525e-05	0.0025527597996943666	0.0	(0.0025527597996943666+0j)
0.0525486770522525	0.002761363459941929	1.919210601466492e-05	0.00277686280913173	0.0	(0.00277686280913173+0j)
0.05478382157279376	0.003001267106119703	2.085615837701393e-05	0.0030182923411634505	0.0	(0.0030182923411634505+0j)
0.05709258035037935	0.003259562731064522	2.2647189029401102e-05	0.003278239354076418	0.0	(0.003278239354076418+0j)
0.05947694674953034	0.0035375071946464683	2.4573776908676237e-05	0.0035579695587751683	0.0	(0.0035579695587751683+0j)
0.06193897038444741	0.003836436052285453	2.6645023065685612e-05	0.0038588279101369593	0.0	(0.0038588279101369593+0j)
0.06448075905567281	0.004157768288395731	2.887057995939468e-05	0.004182243370747437	0.0	(0.004182243370747437+0j)
0.06710448075965493	0.004503011338022899	3.12606822616468e-05	0.004529733964241648	0.0	(0.004529733964241648+0j)
0.0698123657743687	0.004873766415014246	3.3826179235352245e-05	0.004902912136650209	0.0	(0.004902912136650209+0j)
0.0726067088242958	0.005271734166296074	3.657856875084464e-05	0.005303490445300885	0.0	(0.005303490445300885+0j)
0.07548987132822536	0.005698720673152022	3.95300330021886e-05	0.0057332875962699675	0.0	(0.0057332875962699675+0j)
0.07846428373350321	0.006156643821811697	4.2693475988409e-05	0.006194234852658086	0.0	(0.006194234852658086+0j)
0.08153244794053156	0.0066475400671754895	4.60825628207262e-05	0.006688382837635889	0.0	(0.006688382837635889+0j)
0.08469693982150671	0.007173571615127929	4.97117609159492e-05	0.007217908757518911	0.0	(0.007217908757518911+0j)
0.08796041183757511	0.007737034050635823	5.359638313555681e-05	0.007785124072405064	0.0	(0.007785124072405064+0j)
0.09132559575879504	0.008340364440698841	5.7752632923702135e-05	0.008392482643117743	0.0	(0.008392482643117743+0j)
0.09479530549150439	0.008986149943227642	6.219765149613199e-05	0.009042589385746423	0.0	(0.009042589385746423+0j)
0.09837244001792601	0.009677136955080452	6.694956712385291e-05	0.00973820946696723	0.0	(0.00973820946696723+0j)
0.10205998645307823	0.010416240834802512	7.202754655024623e-05	0.010482278075524019	0.0	(0.010482278075524019+0j)
0.10586102322431669	0.011206556238099318	7.745184857197995e-05	0.011277910808168829	0.0	(0.011277910808168829+0j)
0.10977872337909478	0.01205136810674381	8.324387980256364e-05	0.01212841471041252	0.0	(0.01212841471041252+0j)
0.11381635802681951	0.012954163354489161	8.942625262658987e-05	0.013037300015874024	0.0	(0.013037300015874024+0j)
0.11797729992097018	0.01391864329664255	9.602284533758998e-05	0.014008292630690576	0.0	(0.014008292630690576+0j)
0.12226502718796878	0.014948736873274745	0.00010305886443533473	0.01504534741291145	0.0	(0.01504534741291145+0j)
0.12668312720961808	0.016048614719608275	0.00011056090903859283	0.01615266230045034	0.0	(0.01615266230045034+0j)
0.13123530066627967	0.017222704140968825	0.00011855703734608424	0.01733469334489716	0.0	(0.01733469334489716+0j)
0.1359253657483311	0.018475705053817584	0.000127076835050699	0.018596170712388616	0.0	(0.018596170712388616+0j)
0.1407572625438378	0.019812606958834883	0.00013615148558143164	0.019942115717834146	0.0	(0.019942115717834146+0j)
0.14573505761078795	0.021238707016819684	0.00014581384201114989	0.021377858962804034	0.0	(0.021377858962804034+0j)
0.15086294874268072	0.02275962930333671	0.00015609850042704875	0.0229090596529848	0.0	(0.0229090596529848+0j)
0.15614526993671918	0.024381345323610897	0.00016704187451358485	0.024541726176793646	0.0	(0.024541726176793646+0j)
0.1615864965743571	0.026110195875174724	0.0001786822710439645	0.026282238032080466	0.0	(0.026282238032080466+0j)
0.16719125082446273	0.02795291435224841	0.0001910599659158546	0.028137369195224915	0.0	(0.028137369195224915+0j)
0.17296430727992232	0.02991665159282339	0.0002042172802975861	0.030114313033118373	0.0	(0.030114313033118373+0j)
0.17891059883908308	0.03200900237695932	0.00021819865637402456	0.032220708866250024	0.0	(0.032220708866250024+0j)
0.18503522284406232	0.0342380336929518	0.00023305073209449465	0.034464670299406155	0.0	(0.034464670299406155+0j)
0.19134344748859874	0.036612314896822144	0.00024882241422660153	0.03685481544527654	0.0	(0.03685481544527654+0j)
0.19784071850882584	0.03914094990008846	0.0002655649489122433	0.039400299174983326	0.0	(0.039400299174983326+0j)
0.20453266617107863	0.04183361153104989	0.00028333198879952197	0.042110847540975396	0.0	(0.042110847540975396+0j)
0.211425112571636	0.04470057822592895	0.00030217965569091093	0.04499679452703365	0.0	(0.04499679452703365+0j)
0.21852407926412534	0.047752773218233735	0.00032216659749881164	0.04806912129425912	0.0	(0.04806912129425912+0j)
0.225835795231207	0.05100180640771166	0.0003433540381360428	0.0513394981019246	0.0	(0.0513394981019246+0j)
0.2333667052180859	0.054460019104344996	0.00036580581878971753	0.05482032909844465	0.0	(0.05482032909844465+0j)
0.24112347844640347	0.0581405318580932	0.0003895884288306367	0.05852480019230261	0.0	(0.05852480019230261+0j)
0.24911301772811112	0.06205729560160621	0.0004147710243977434	0.06246693022517506	0.0	(0.06246693022517506+0j)
0.25734246900006463	0.06622514635104923	0.00044142543246682706	0.06666162569585944	0.0	(0.06666162569585944+0j)
0.2658192313012629	0.0706598637295943	0.0004696261379654495	0.07112473929055359	0.0	(0.07112473929055359+0j)
0.2745509672159419	0.07537823359920921	0.0004994502512321655	0.0758731325079254	0.0	(0.0758731325079254+0j)
0.28354561380707677	0.08039811510923192	0.0005309774528381321	0.08092474268051933	0.0	(0.08092474268051933+0j)
0.2928113940662991	0.08573851249504949	0.0005642899124957786	0.0862986547220719	0.0	(0.0862986547220719+0j)
0.30235682890776616	0.09141965198716018	0.0005994721784734403	0.09201517795984189	0.0	(0.09201517795984189+0j)
0.3121907497351576	0.0974630642201998	0.0006366110336217374	0.09809592843302517	0.0	(0.09809592843302517+0j)
0.3223223116127228	0.10389167256336918	0.0006757953138001898	0.10456391707574783	0.0	(0.10456391707574783+0j)
0.3327610070731549	0.11072988782834026	0.0007171156841781767	0.11144364423299163	0.0	(0.11144364423299163+0j)
0.3435166805970615	0.11800370984842355	0.0007606643685801425	0.11876120100044345	0.0	(0.11876120100044345+0j)
0.354599543800905	0.12574083646380996	0.0008065348267607415	0.12654437791408318	0.0	(0.12654437791408318+0j)
0.3660201913725601	0.13397078049240552	0.0008548213742433575	0.13482278156329083	0.0	(0.13482278156329083+0j)
0.3777896177960279	0.14272499531446883	0.0009056187391496893	0.14362795974669285	0.0	(0.14362795974669285+0j)
0.389919234909446	0.15203700975236775	0.0009590215503063191	0.15299353585241796	0.0	(0.15299353585241796+0j)
0.4024208903432601	0.1619425729846622	0.0010151237508572036	0.16295535318392865	0.0	(0.16295535318392865+0j)
0.41530688688838896	0.1724798102969251	0.00107401793166296	0.17355163004103996	0.0	(0.17355163004103996+0j)
0.4285900028473402	0.1836893905406831	0.0011357945789568589	0.18482312640649295	0.0	(0.18482312640649295+0j)
0.4422835134246209	0.19561470624722682	0.0012005412310858753	0.19681332319307587	0.0	(0.19681332319307587+0j)
0.4564012132163665	0.20830206742537125	0.0012683415397285837	0.20956861506513555	0.0	(0.20956861506513555+0j)
0.47095743986299343	0.22180091016230508	0.0013392742317907807	0.2231385179563243	0.0	(0.2231385179563243+0j)
0.4859670989327906	0.2361640212451527	0.0014134119692778072	0.23757589250099462	0.0	(0.23757589250099462+0j)
0.5014456901088119	0.2514477801287026	0.0014908201058761112	0.2529371846935333	0.0	(0.2529371846935333+0j)
0.5174093347561604	0.2677124196928124	0.001571555340794183	0.26928268524131627	0.0	(0.26928268524131627+0j)
0.5338748049518669	0.2850223073623939	0.0016556642726630675	0.28667680917610466	0.0	(0.28667680917610466+0j)
0.5508595540650095	0.3034462483047011	0.0017431818590257487	0.3051883974374347	0.0	(0.3051883974374347+0j)
0.5683817489806017	0.3230578125742477	0.0018341297901943324	0.3248910423570435	0.0	(0.3248910423570435+0j)
0.5864603040670644	0.3439356882464336	0.0019285147900569605	0.34586343902634165	0.0	(0.34586343902634165+0j)
0.6051149169938791	0.36616406276850916	0.002026326860791533	0.3681897648924478	0.0	(0.3681897648924478+0j)
0.6243661065132793	0.3898330349625516	0.002127537493390115	0.39196008992910525	0.0	(0.39196008992910525+0j)
0.644235252327683	0.41503906034171334	0.0022320978713890917	0.41727082021088346	0.0	(0.41727082021088346+0j)
0.6647446371729734	0.441885432650228	0.0023399371011736674	0.4442251776758238	0.0	(0.4442251776758238+0j)
0.6859174912568177	0.4704828048120465	0.0024509605085757747	0.4729337194427929	0.0	(0.4729337194427929+0j)
0.7077780392009602	0.5009497527751559	0.0025650480480529083	0.5035149001220175	0.0	(0.5035149001220175+0j)
0.7303515496469766	0.53341338607174	0.0026820528773007306	0.536095681023167	0.0	(0.536095681023167+0j)
0.7536643876962961	0.5680100092816329	0.002801800156421023	0.5708121904946346	0.0	(0.5708121904946346+0j)
0.7777440703675577	0.6048858389918965	0.002924086136367802	0.6078104400428949	0.0	(0.6078104400428949+0j)
0.8026193252675695	0.6441977812929686	0.003048677605874196	0.6472471013473123	0.0	(0.6472471013473123+0j)
0.8283201526864177	0.6861142753464503	0.003175311768887063	0.6892903497400623	0.0	(0.6892903497400623+0j)
0.8548778913426676	0.7308162091064857	0.003303696625099077	0.7341207803530287	0.0	(0.7341207803530287+0j)
0.8823252880212902	0.7784979138818526	0.0034335119238101844	0.7819324036453129	0.0	(0.7819324036453129+0j)
0.9106965713649502	0.8293682450958758	0.0035644107553896654	0.8329337277715746	0.0	(0.8329337277715746+0j)
0.9400275300988208	0.8836517573436894	0.0036960218343876643	0.8873489358763536	0.0	(0.8873489358763536+0j)
0.9703555959901904	0.9415899826694776	0.0038279525132855785	0.9454191673977185	0.0	(0.9454191673977185+0j)
1.0017199318670553	1.003442821899738	0.003959792545565375	1.0074039131178631	0.0	(1.0074039131178631+0j)
1.0341615250446599	1.0694900598826966	0.004091118591059917	1.0735825348716204	0.0	(1.0735825348716204+0j)
1.0677232865359136	1.1400330166110528	0.004221499425620782	1.1442559218562063	0.0	(1.1442559218562063+0j)
1.102450156450796	1.2153963474583847	0.004350501781671138	1.2197482966738273	0.0	(1.2197482966738273+0j)
1.1383892160216253	1.2959300071543307	0.004477696707426406	1.300409185629606	0.0	(1.300409185629606+0j)
1.1755898067255313	1.382011393676972	0.0046026662923227225	1.386615569343059	0.0	(1.386615569343059+0j)
1.2141036570130084	1.4740476899723607	0.004725010567007375	1.478774231340642	0.0	(1.478774231340642+0j)
1.2539850171922076	1.572478423342541	0.004844354351237895	1.5773243242697321	0.0	(1.5773243242697321+0j)
1.2952908030630967	1.677778264499842	0.004960353795797401	1.6827401755152804	0.0	(1.6827401755152804+0j)
1.3380807489440103	1.7904600906945636	0.005072702348866392	1.7955343562542885	0.0	(1.7955343562542885+0j)
1.3824175707859427	1.911078340017707	0.005181135876843156	1.9162610408959249	0.0	(1.9162610408959249+0j)
1.4283671401274947	2.040232686995998	0.005285436687387075	2.0455196866940697	0.0	(2.0455196866940697+0j)
1.475998669706335	2.1785720729748705	0.005385436240296474	2.1839590668478372	0.0	(2.1839590668478372+0j)
1.5253849116116884	2.3267991285725986	0.005481016389805684	2.332281694185388	0.0	(2.332281694185388+0j)
1.5766023689375699	2.485675029739557	0.005572109077863822	2.491248676932459	0.0	(2.491248676932459+0j)
1.6297315219786033	2.6560248337306946	0.005658694487331639	2.661685052830981	0.0	(2.661685052830981+0j)
1.6848570701003769	2.8387433466672265	0.005740797759778278	2.844485653422885	0.0	(2.844485653422885+0j)
1.7420681905148345	3.03480158040363	0.005818484475713985	3.040621556400817	0.0	(3.040621556400817+0j)
1.8014588152994475	3.245253863220089	0.0058918551756961405	3.251147190820096	0.0	(3.251147190820096+0j)
1.863127928117564	3.4712456765316464	0.005961039259172038	3.4772081677123334	0.0	(3.4772081677123334+0j)
1.9271798822278001	3.7140222984635574	0.006026188626464428	3.7200499172988044	0.0	(3.7200499172988044+0j)
1.9937247415135764	3.974938344923377	0.0060874714236960675	3.981027223814254	0.0	(3.981027223814254+0j)
2.0628786464216957	4.255468309862607	0.006145066210986167	4.2616147599339165	0.0	(4.2616147599339165+0j)
2.134764206872377	4.557218218943449	0.0061991568061850405	4.563418735287336	0.0	(4.563418735287336+0j)
2.2095109243945865	4.88193852501902	0.006249927969358925	4.888189787623628	0.0	(4.888189787623628+0j)
2.2872556459514426	5.231538389936751	0.006297561999603909	5.237837261211946	0.0	(5.237837261211946+0j)
2.368143052153487	5.608101515462834	0.006342236228468652	5.614445035261502	0.0	(5.614445035261502+0j)
2.4523261828149674	6.0139037069198285	0.006384121324222801	6.020289085864382	0.0	(6.020289085864382+0j)
2.5399670030929564	6.451432376801015	0.0064233802753021095	6.457856988590953	0.0	(6.457856988590953+0j)
2.6312370137641037	6.923408222602238	0.00646016790128502	6.92986959583956	0.0	(6.92986959583956+0j)
2.726317909543103	7.4328093438954745	0.0064946307426604335	7.43930515379383	0.0	(7.43930515379383+0j)
2.825402289733909	7.982898098833615	0.006526907199954068	7.98942615907246	0.0	(7.98942615907246+0j)
2.928694425934691	8.577251040500931	0.0065571278206573574	8.583809295366637	0.0	(8.583809295366637+0j)
3.036411091994994	9.219792319590232	0.006585415661700457	9.226378836476748	0.0	(9.226378836476748+0j)
3.148782461954948	9.914830992715062	0.006611886680875955	9.921443955019425	0.0	(9.921443955019425+0j)
3.2660530822878577	10.667102736322017	0.006636650130167742	10.67374043673482	0.0	(10.67374043673482+0j)
3.3884829254269957	11.48181653591029	0.006659808937093836	11.48847737008417	0.0	(11.48847737008417+0j)
3.5163485322931636	12.364707000560285	0.006681460068030963	12.37138946114732	0.0	(12.37138946114732+0j)
3.64994425236183	13.32209304534916	0.006701694871648371	13.328795716375156	0.0	(13.328795716375156+0j)
3.789583590727793	14.360943791113352	0.006720599402508543	14.367665342684578	0.0	(14.367665342684578+0j)
3.9356006726549024	15.48895265460172	0.006738254725655451	15.495691837909785	0.0	(15.495691837909785+0j)
4.088351837252103	16.714620745162645	0.006754737203242855	16.721376387779202	0.0	(16.721376387779202+0j)
4.24821737321238	18.04735085006349	0.006770118764279349	18.05412185150437	0.0	(18.05412185150437+0j)
4.415603411006232	19.497553483289867	0.006784467158522848	19.504338810833023	0.0	(19.504338810833023+0j)
4.590943987558804	21.07676669690233	0.006797846195496532	21.08356538164711	0.0	(21.08356538164711+0j)
4.774703301284134	22.797791615293608	0.006810315969536793	22.80460274844215	0.0	(22.80460274844215+0j)
4.967378177430783	24.674845957615567	0.006821933071725275	24.68166868696866	0.0	(24.68166868696866+0j)
5.169500766042979	26.723738170118942	0.006832750789502542	26.730571696770664	0.0	(26.730571696770664+0j)
5.38164149749948	28.962065207608447	0.006842819294709913	28.96890878283022	0.0	(28.96890878283022+0j)
5.60441232360277	31.4094374929506	0.0068521858207584805	31.416290415250028	0.0	(31.416290415250028+0j)
5.838470275605943	34.087735159134134	0.006860894829580035	34.09459677148323	0.0	(34.09459677148323+0j)
6.084521374442966	37.02140035605332	0.006868988168973178	37.028270043275654	0.0	(37.028270043275654+0j)
6.343324932840438	40.237771203595145	0.006876505220919311	40.24464838989554	0.0	(40.24464838989554+0j)
6.6156982940154645	43.76746391743913	0.006883483041407144	43.774348064079504	0.0	(43.774348064079504+0j)
6.902522057400854	47.64481075290532	0.006889956492270639	47.651701356002334	0.0	(47.651701356002334+0j)
7.204745848394378	51.908362739956026	0.006895958365513867	51.91525932838881	0.0	(51.91525932838881+0j)
7.523394696634503	56.60146776134816	0.006901519500566865	56.608369894747355	0.0	(56.608369894747355+0j)
7.8595760959111685	61.77293640741824	0.006906668894889032	61.77984367420673	0.0	(61.77984367420673+0j)
8.214487828707165	67.47781028797816	0.0069114338083109995	67.48472230342182	0.0	(67.48472230342182+0j)
8.589426649741787	73.77825017129442	0.006915839861481794	73.78516657556746	0.0	(73.78516657556746+0j)
8.98579793600448	80.74456454670239	0.006919911128765684	80.75148500298896	0.0	(80.75148500298896+0j)
9.405126425913659	88.45640308741945	0.006923670225912037	88.46332728014042	0.0	(88.46332728014042+0j)
9.849068187765841	97.0041441672611	0.006927138392801871	97.0110718005559	0.0	(97.0110718005559+0j)
10.319423977963961	106.49051123697754	0.006930335571556286	106.49744203356683	0.0	(106.49744203356683+0j)
10.818154173127459	117.03245971355506	0.006933280480274799	117.03939341406495	0.0	(117.03939341406495+0j)
11.347395487676598	128.76338435374322	0.006935990682655354	128.7703207164695	0.0	(128.7703207164695+0j)
11.909479720557647	141.83570721437383	0.006938482653732712	141.84264601533735	0.0	(141.84264601533735+0j)
12.506954812276623	156.42391867632938	0.006940771841957697	156.43085970938836	0.0	(156.43085970938836+0j)
13.142608537358175	172.72815916623998	0.00694287272782649	172.73510224299434	0.0	(172.73510224299434+0j)
13.81949520896811	190.97844783069255	0.006944798879256717	190.98539277991765	0.0	(190.98539277991765+0j)
14.540965833221001	211.43968736290054	0.006946563003895366	211.4466340293703	0.0	(211.4466340293703+0j)
15.310702222436372	234.41760254411807	0.006948176998532605	234.42455078682602	0.0	(234.42455078682602+0j)
16.132755661503882	260.26580523378556	0.006949651995785329	260.27275492375065	0.0	(260.27275492375065+0j)
17.011590822240496	289.3942223033371	0.0069509984082045595	289.4011733213759	0.0	(289.4011733213759+0j)
17.95213574044925	322.27917764351537	0.006952225969951816	322.2861298783836	0.0	(322.2861298783836+0j)
18.959838813335132	359.4754878276494	0.006953343776181035	359.4824411748794	0.0	(359.4824411748794+0j)
20.040733945957346	401.6310170926471	0.006954360320254664	401.6379714540832	0.0	(401.6379714540832+0j)
21.201515180617427	449.5042459539512	0.006955283528915049	449.51120123776883	0.0	(449.51120123776883+0j)
22.449622390102537	503.98554545819314	0.006956120795525182	503.9925015790451	0.0	(503.9925015790451+0j)
23.79333991397463	566.1230242619383	0.006956879011486269	566.1299811409588	0.0	(566.1299811409588+0j)
25.241910378451255	637.1540395537652	0.006957564595933374	637.1609971183628	0.0	(637.1609971183628+0j)
26.805666379689328	718.5437500592068	0.006958183523804516	718.5507082427301	0.0	(718.5507082427301+0j)
28.496183246158765	812.0324595986594	0.006958741352373136	812.0394183400099	0.0	(812.0394183400099+0j)
30.32645675191463	919.6939791257485	0.006959243246328659	919.7009383689926	0.0	(919.7009383689926+0j)
32.3111104589992	1044.0078590936475	0.0069596940014850246	1044.0148187876541	0.0	(1044.0148187876541+0j)
34.466638362271254	1187.9491599955884	0.006960098067192487	1187.9561200936537	0.0	(1187.9561200936537+0j)
36.81168974285722	1355.1005017243795	0.00696045956752368	1355.1074621839473	0.0	(1355.1074621839473+0j)
39.367404670512954	1549.792550491925	0.006960782321300877	1549.7995112742487	0.0	(1549.7995112742487+0j)
42.157810512571146	1777.2809872138541	0.006961069861027599	1777.2879482837168	0.0	(1777.2879482837168+0j)
45.2102922146935	2043.9705221379759	0.0069613254507840915	2043.9774834634263	0.0	(2043.9774834634263+0j)
48.55615215628762	2357.6999122245547	0.006961552103142817	2357.7068737766585	0.0	(2357.7068737766585+0j)
52.23127923541829	2728.106530568238	0.006961752595156953	2728.1134923208297	0.0	(2728.1134923208297+0j)
56.276951748412806	3167.0952980931834	0.006961929483471825	3167.1022600226725	0.0	(3167.1022600226725+0j)
60.740804923448316	3689.445382748403	0.006962085118606443	3689.4523448335285	0.0	(3689.4523448335285+0j)
65.678002081681	4313.599957441294	0.006962221658449556	4313.60691966294	0.0	(4313.60691966294+0j)
71.15265892357522	5062.700871894628	0.006962341081012209	5062.70783423571	0.0	(5062.70783423571+0j)
77.23958417424923	5965.953363410932	0.006962445196476327	5965.96032585613	0.0	(5965.96032585613+0j)
84.02641786968496	7060.438900010912	0.006962535658576682	7060.44586254657	0.0	(7060.44586254657+0j)
91.6162724451523	8393.541376744373	0.0069626139753514145	8393.548339358313	0.0	(8393.548339358313+0j)
100.13101361547054	10026.219887661546	0.0069626815192943455	10026.226850343059	0.0	(10026.226850343059+0j)
109.71536078960258	12037.460393192665	0.006962739536940382	12037.467355932205	0.0	(12037.467355932205+0j)
120.54204466100386	14530.384531055448	0.006962789157913532	14530.391493844598	0.0	(14530.391493844598+0j)
132.81833870704781	17640.711096900075	0.006962831403465414	17640.718059731495	0.0	(17640.718059731495+0j)
146.79439036751677	21548.5930433709	0.006962867194530462	21548.600006238095	0.0	(21548.600006238095+0j)
162.77392945908693	26495.35211155181	0.006962897359322606	26495.359074449167	0.0	(26495.359074449167+0j)
181.12814487571467	32807.40486611788	0.006962922640496719	32807.411829040524	0.0	(32807.411829040524+0j)
202.31382423176245	40930.883475280476	0.006962943701896779	40930.890438224174	0.0	(40930.890438224174+0j)
226.8972879628321	51482.37928488836	0.006962961134911444	51482.38624784949	0.0	(51482.38624784949+0j)
255.58628593832233	65324.34955974587	0.0069629754644564765	65324.35652272133	0.0	(65324.35652272133+0j)
289.2729647092139	83678.84811165811	0.006962987154602337	83678.85507464527	0.0	(83678.85507464527+0j)
329.0924221029929	108301.82228561444	0.00696299661386414	108301.82924861106	0.0	(108301.82924861106+0j)
376.5035096990875	141754.89281573085	0.006963004200170159	141754.89977873507	0.0	(141754.89977873507+0j)
433.40186208964224	187837.17406276928	0.00696301022552405	187837.18102577952	0.0	(187837.18102577952+0j)
502.28036320721014	252285.56326356693	0.006963014960375036	252285.57022658188	0.0	(252285.57022658188+0j)
586.4606733385415	343936.1213726955	0.0069630186377093875	343936.1283357141	0.0	(343936.1283357141+0j)
690.4332693822103	476698.0994698077	0.006963021456875706	476698.10643282917	0.0	(476698.10643282917+0j)
820.3667320751865	673001.5750957208	0.006963023587155663	673001.5820587444	0.0	(673001.5820587444+0j)
984.887256804191	970002.9086152845	0.0069630251710911	970002.9155783097	0.0	(970002.9155783097+0j)
1196.3009944823236	1431136.0693993964	0.006963026327577643	1431136.0763624227	0.0	(1431136.0763624227+0j)
1472.5635616933432	2168443.4432269847	0.006963027154734251	2168443.450190012	0.0	(2168443.450190012+0j)
1840.5523873295315	3387633.0905044377	0.006963027732557477	3387633.0974674653	0.0	(3387633.0974674653+0j)
2341.69741959656	5483546.804945188	0.006963028125368504	5483546.811908216	0.0	(5483546.811908216+0j)
3042.068227295077	9254179.099518213	0.006963028384060457	9254179.106481241	0.0	(9254179.106481241+0j)
4051.312381594628	16413132.013261935	0.006963028548152808	16413132.020224962	0.0	(16413132.020224962+0j)
5560.235461968326	30916218.392530117	0.0069630286476591585	30916218.399493147	0.0	(30916218.399493147+0j)
7920.489136472687	62734148.16098186	0.006963028704774101	62734148.167944886	0.0	(62734148.167944886+0j)
11827.838413937889	139897761.54622474	0.006963028735384288	139897761.55318776	0.0	(139897761.55318776+0j)
18788.82371050371	353019896.42438644	0.006963028750408329	353019896.43134946	0.0	(353019896.43134946+0j)
32476.81879197138	1054743758.8465452	0.0069630287569696055	1054743758.8535082	0.0	(1054743758.8535082+0j)
63446.8398829024	4025501491.1266546	0.006963028759405556	4025501491.133618	0.0	(4025501491.133618+0j)
150421.18686009367	22626533456.399216	0.006963028760116553	22626533456.406178	0.0	(22626533456.406178+0j)
507740.6449570468	257800562541.39783	0.006963028760256917	257800562541.4048	0.0	(257800562541.4048+0j)
4062257.047599779	16501932320774.072	0.006963028760270209	16501932320774.08	0.0	(16501932320774.08+0j)
