-9605195.204771383	-92259774921763.17	-0.000812015015774976	-92259774921763.17	0.0	(-92259774921763.17+0j)
-1200594.1310054827	-1441426267404.8103	-0.0008120150157749533	-1441426267404.811	0.0	(-1441426267404.811+0j)
-355704.3016402785	-126525550205.39822	-0.0008120150157747143	-126525550205.39903	0.0	(-126525550205.39903+0j)
-150046.63327639527	-22513992157.581047	-0.0008120150157735042	-22513992157.58186	0.0	(-22513992157.58186+0j)
-76813.26603926464	-5900277839.618846	-0.000812015015769359	-5900277839.6196575	0.0	(-5900277839.6196575+0j)
-44444.61752351378	-1975324026.811428	-0.0008120150157581975	-1975324026.8122401	0.0	(-1975324026.8122401+0j)
-27982.86297320777	-783040620.1773225	-0.0008120150157326497	-783040620.1781346	0.0	(-783040620.1781346+0j)
-18742.01600231651	-351263163.8310882	-0.0008120150156806212	-351263163.8319002	0.0	(-351263163.8319002+0j)
-13159.681857015545	-173177226.57786408	-0.0008120150155835916	-173177226.5786761	0.0	(-173177226.5786761+0j)
-9590.609764578987	-91979795.65643781	-0.000812015015414642	-91979795.65724982	0.0	(-91979795.65724982+0j)
-7203.243728879368	-51886720.217639945	-0.0008120150151362103	-51886720.21845196	0.0	(-51886720.21845196+0j)
-5546.372188325968	-30762244.451435786	-0.0008120150146975689	-30762244.452247802	0.0	(-30762244.452247802+0j)
-4360.696925764805	-19015677.678374622	-0.0008120150140320213	-19015677.67918664	0.0	(-19015677.67918664+0j)
-3489.969969937625	-12179890.391066428	-0.000812015013053813	-12179890.391878443	0.0	(-12179890.391878443+0j)
-2836.2105753037786	-8044090.427464991	-0.0008120150116547503	-8044090.428277005	0.0	(-8044090.428277005+0j)
-2335.8522065964303	-5456205.531061413	-0.0008120150097005222	-5456205.531873427	0.0	(-5456205.531873427+0j)
-1946.4273685286264	-3788579.5009572734	-0.0008120150070267185	-3788579.5017692884	0.0	(-3788579.5017692884+0j)
-1638.829218206556	-2685761.206447512	-0.0008120150034345382	-2685761.207259527	0.0	(-2685761.207259527+0j)
-1392.6540178654614	-1939485.2134768127	-0.0008120149986861788	-1939485.2142888277	0.0	(-1939485.2142888277+0j)
-1193.310456657072	-1423989.84596711	-0.0008120149924999016	-1423989.846779125	0.0	(-1423989.846779125+0j)
-1030.1761707171554	-1061262.9427134618	-0.0008120149845447612	-1061262.9435254768	0.0	(-1061262.9435254768+0j)
-895.3932941925091	-801729.1512849131	-0.0008120149744349927	-801729.1520969281	0.0	(-801729.1520969281+0j)
-783.0642560322963	-613189.6290754137	-0.0008120149617240458	-613189.6298874286	0.0	(-613189.6298874286+0j)
-688.7042001214068	-474313.47526486666	-0.000812014945898256	-474313.47607688163	0.0	(-474313.47607688163+0j)
-608.861460144658	-370712.27764948504	-0.0008120149263701413	-370712.27846149995	0.0	(-370712.27846149995+0j)
-540.8502227281518	-292518.96342509147	-0.0008120149024713134	-292518.9642371064	0.0	(-292518.9642371064+0j)
-482.5594081882106	-232863.58243095607	-0.000812014873444992	-232863.58324297096	0.0	(-232863.58324297096+0j)
-432.3141694833717	-186895.54113609742	-0.0008120148384381076	-186895.54194811225	0.0	(-186895.54194811225+0j)
-388.77425741880654	-151145.42323154447	-0.0008120147964929807	-151145.42404355927	0.0	(-151145.42404355927+0j)
-350.858570038611	-123101.7361695389	-0.0008120147465385621	-123101.73698155364	0.0	(-123101.73698155364+0j)
-317.6885353347575	-100926.00548314345	-0.0008120146873812202	-100926.00629515813	0.0	(-100926.00629515813+0j)
-288.5451996188469	-83258.3322230802	-0.0008120146176950586	-83258.33303509482	0.0	(-83258.33303509482+0j)
-262.836399308869	-69082.97280165122	-0.0008120145360117482	-69082.97361366576	0.0	(-69082.97361366576+0j)
-240.07142706246006	-57634.290091806084	-0.0008120144407098548	-57634.290903820525	0.0	(-57634.290903820525+0j)
-219.84132123719695	-48330.206523316425	-0.0008120143300036457	-48330.20733533076	0.0	(-48330.20733533076+0j)
-201.80341259064414	-40724.61733322975	-0.0008120142019313553	-40724.61814524395	0.0	(-40724.61814524395+0j)
-185.66912113051106	-34473.02254137639	-0.0008120140543428886	-34473.02335339045	0.0	(-34473.02335339045+0j)
-171.19425391683407	-29307.47257414146	-0.0008120138848869426	-29307.473386155343	0.0	(-29307.473386155343+0j)
-158.1712416884214	-25018.14169725701	-0.0008120136909975235	-25018.142509270703	0.0	(-25018.142509270703+0j)
-146.42288913233602	-21439.662461860367	-0.000812013469879835	-21439.663273873837	0.0	(-21439.663273873837+0j)
-135.79731473932583	-18440.910690411518	-0.000812013218495515	-18440.911502424737	0.0	(-18440.911502424737+0j)
-126.1638314734695	-15917.312372066013	-0.0008120129335471946	-15917.313184078947	0.0	(-15917.313184078947+0j)
-117.40957596921426	-13785.008529270695	-0.0008120126114623521	-13785.009341283307	0.0	(-13785.009341283307+0j)
-109.43673666083288	-11976.399330972483	-0.0008120122483764356	-11976.40014298473	0.0	(-11976.40014298473+0j)
-102.16026374241683	-10436.719487920167	-0.0008120118401152232	-10436.720299932007	0.0	(-10436.720299932007+0j)
-95.50596875190209	-9121.390067239297	-0.0008120113821763924	-9121.390879250679	0.0	(-9121.390879250679+0j)
-89.40894076792034	-7993.958689241488	-0.0008120108697102641	-7993.959501252358	0.0	(-7993.959501252358+0j)
-83.81222109797599	-7024.488405376012	-0.0008120102974996915	-7024.48921738631	0.0	(-7024.48921738631+0j)
-78.66568995306919	-6188.290775792411	-0.0008120096599390545	-6188.291587802071	0.0	(-6188.291587802071+0j)
-73.92512771679691	-5464.924507944735	-0.0008120089510123279	-5464.925319953685	0.0	(-5464.925319953685+0j)
-69.5514206035539	-4837.400107972461	-0.000812008164270182	-4837.400919980625	0.0	(-4837.400919980625+0j)
-65.5098861964565	-4291.545189472683	-0.0008120072928060762	-4291.546001479961	0.0	(-4291.546001479961+0j)
-61.76969889208737	-3815.4957012191394	-0.0008120063292313062	-3815.496513225469	0.0	(-3815.496513225469+0j)
-58.30339890885323	-3399.2863243248685	-0.0008120052656489589	-3399.287136330143	0.0	(-3399.287136330143+0j)
-55.08647143290039	-3034.5193349277506	-0.0008120040936267302	-3034.5201469318467	0.0	(-3034.5201469318467+0j)
-52.09698483000059	-2714.095828377312	-0.0008120028041685602	-2714.0966403801094	0.0	(-2714.0966403801094+0j)
-49.31527876000004	-2431.9967191765113	-0.0008120013876850326	-2431.9975311779067	0.0	(-2431.9975311779067+0j)
-46.7236945829899	-2183.1036354845196	-0.0008119998339624902	-2183.104447484357	0.0	(-2183.104447484357+0j)
-44.3063417144323	-1963.0519161160437	-0.0008119981321308101	-1963.0527281141779	0.0	(-1963.0527281141779+0j)
-42.0488946259587	-1768.1095392649786	-0.0008119962706297827	-1768.1103512612524	0.0	(-1768.1103512612524+0j)
-39.93841604370705	-1595.0770760802368	-0.0008119942371740368	-1595.0778880744765	0.0	(-1595.0778880744765+0j)
-37.963202601939585	-1441.2047517959124	-0.0008119920187164457	-1441.2055637879293	0.0	(-1441.2055637879293+0j)
-36.1126497942929	-1304.123475165243	-0.0008119896014099543	-1304.1242871548452	0.0	(-1304.1242871548452+0j)
-34.37713355070611	-1181.7873111630838	-0.0008119869705677563	-1181.788123150055	0.0	(-1181.788123150055+0j)
-32.747906172853575	-1072.4253587060214	-0.0008119841106217527	-1072.426170690135	0.0	(-1072.426170690135+0j)
-31.217004699239933	-974.5013823923681	-0.000811981005079219	-974.5021943733747	0.0	(-974.5021943733747+0j)
-29.777170054741106	-886.6798564689705	-0.000811977636477601	-886.6806684466073	0.0	(-886.6806684466073+0j)
-28.421775577784274	-807.7973269939346	-0.0008119739863373636	-807.7981389679204	0.0	(-807.7981389679204+0j)
-27.14476371932338	-736.8381973778947	-0.0008119700351128043	-736.8390093479295	0.0	(-736.8390093479295+0j)
-25.940589877590973	-672.9142031973753	-0.0008119657621407475	-672.9150151631364	0.0	(-672.9150151631364+0j)
-24.804172476499513	-615.2469722439359	-0.0008119611455870244	-615.2477842050803	0.0	(-615.2477842050803+0j)
-23.73084851776959	-563.1531713733272	-0.000811956162390646	-563.1539833294904	0.0	(-563.1539833294904+0j)
-22.716333940912474	-516.031827715052	-0.0008119507882055676	-516.0326396658397	0.0	(-516.0326396658397+0j)
-21.756688213976226	-473.353482040172	-0.0008119449973399396	-473.3542939851691	0.0	(-473.3542939851691+0j)
-20.84828265390689	-434.6508896171949	-0.0008119387626927363	-434.6517015559576	0.0	(-434.6517015559576+0j)
-19.987772040461227	-399.51103114144354	-0.0008119320556876492	-399.51184307350013	0.0	(-399.51184307350013+0j)
-19.172069143522997	-367.5682352440266	-0.000811924846204122	-367.56904716887243	0.0	(-367.56904716887243+0j)
-18.398321831796846	-338.49824622637243	-0.0008119171025054066	-338.4990581434754	0.0	(-338.4990581434754+0j)
-17.663892472366342	-312.0130972753203	-0.0008119087911635063	-312.01390918411164	0.0	(-312.01390918411164+0j)
-16.966339366471665	-287.8566714982861	-0.0008118998769808705	-287.8574833981631	0.0	(-287.8574833981631+0j)
-16.30339999792458	-265.8008514923272	-0.0008118903229086986	-265.8016633826511	0.0	(-265.8016633826511+0j)
-15.672975897519757	-245.64217348423523	-0.0008118800899617028	-245.64298536432577	0.0	(-245.64298536432577+0j)
-15.073118950217209	-227.19891488739714	-0.0008118691371291736	-227.19972675653463	0.0	(-227.19972675653463+0j)
-14.502018992255339	-210.30855485173456	-0.0008118574212821845	-210.30936670915543	0.0	(-210.30936670915543+0j)
-13.95799256312947	-194.82555639237756	-0.0008118448970767657	-194.82636823727458	0.0	(-194.82636823727458+0j)
-13.4394726929019	-180.61942626325583	-0.0008118315168528652	-180.620238094773	0.0	(-180.620238094773+0j)
-12.944999618894892	-167.5730151331889	-0.0008118172305289133	-167.5738269504179	0.0	(-167.5738269504179+0j)
-12.473212337728176	-155.5810260220544	-0.0008118019854917917	-155.5818378240393	0.0	(-155.5818378240393+0j)
-12.022840909112986	-144.54870352584078	-0.0008117857264820031	-144.54951531156783	0.0	(-144.54951531156783+0j)
-11.592699437005214	-134.390680236741	-0.0008117683954738271	-134.3914920051366	0.0	(-134.3914920051366+0j)
-11.181679661808277	-125.02996005929685	-0.000811749931550236	-125.0307718092286	0.0	(-125.0307718092286+0j)
-10.788745104450985	-116.3970209288151	-0.0008117302707723366	-116.39783265908746	0.0	(-116.39783265908746+0j)
-10.412925709461692	-108.42902183076829	-0.0008117093460430906	-108.42983354011857	0.0	(-108.42983354011857+0j)
-10.053312939730441	-101.06910106415152	-0.0008116870869650565	-101.06991275124915	0.0	(-101.06991275124915+0j)
-9.70905528057937	-94.26575444134616	-0.0008116634196918807	-94.26656610479199	0.0	(-94.26656610479199+0j)
-9.379354115134207	-87.97228361708498	-0.0008116382667732578	-87.97309525540933	0.0	(-87.97309525540933+0j)
-9.0634599368687	-82.14630602722397	-0.0008116115469930611	-82.14711763888873	0.0	(-82.14711763888873+0j)
-8.760668868643995	-76.74931902602805	-0.0008115831752003337	-76.75013060942892	0.0	(-76.75013060942892+0j)
-8.470319460633334	-71.74631176518378	-0.0008115530621328141	-71.74712331865042	0.0	(-71.74712331865042+0j)
-8.191789742258713	-67.10541918137507	-0.0008115211142326575	-67.106230703174	0.0	(-67.106230703174+0j)
-7.92449450570503	-62.797613170949205	-0.0008114872334539921	-62.79842465928056	0.0	(-62.79842465928056+0j)
-7.667882800757656	-58.796426646155076	-0.0008114513170619389	-58.797238099149176	0.0	(-58.797238099149176+0j)
-7.421435622657183	-55.07770670124501	-0.0008114132574227012	-55.07851811695368	0.0	(-55.07851811695368+0j)
-7.1846637764105	-51.619393580065186	-0.0008113729417843119	-51.62020495645021	0.0	(-51.62020495645021+0j)
-6.957105902559871	-48.401322539433394	-0.0008113302520476086	-48.40213387435057	0.0	(-48.40213387435057+0j)
-6.738326650815264	-45.40504605308725	-0.0008112850645269833	-45.40585734427014	0.0	(-45.40585734427014+0j)
-6.5279149892138815	-42.61367410640327	-0.0008112372497004323	-42.614485351442774	0.0	(-42.614485351442774+0j)
-6.325482637604348	-40.01173059863406	-0.0008111866719484095	-40.01254179496078	0.0	(-40.01254179496078+0j)
-6.130662615271313	-37.585024102285296	-0.0008111331892809602	-37.585835247152346	0.0	(-37.585835247152346+0j)
-5.943107893435154	-35.32053143301123	-0.0008110766530525894	-35.32134252347955	0.0	(-35.32134252347955+0j)
-5.762490144188762	-33.20629266187262	-0.0008110169076642902	-33.20710369479888	0.0	(-33.20710369479888+0j)
-5.588498578181307	-31.23131635833449	-0.0008109537902521274	-31.23212733036292	0.0	(-31.23212733036292+0j)
-5.420838864033355	-29.385493989814435	-0.0008108871303617476	-29.38630489737044	0.0	(-29.38630489737044+0j)
-5.259232123078992	-27.659522524425963	-0.0008108167496081485	-27.660333363714145	0.0	(-27.660333363714145+0j)
-5.103413993582461	-26.04483438989329	-0.0008107424613200133	-26.04564515689596	0.0	(-26.04564515689596+0j)
-4.953133759078175	-24.53353403531989	-0.0008106640701678772	-24.534344725797585	0.0	(-24.534344725797585+0j)
-4.808153535936197	-23.118340425135752	-0.0008105813717753579	-23.119151034628334	0.0	(-23.119151034628334+0j)
-4.6682475156679075	-21.79253486753959	-0.0008104941523126445	-21.793345391366667	0.0	(-21.793345391366667+0j)
-4.533201257860082	-20.549913644264226	-0.000810402188071397	-20.550724077524414	0.0	(-20.550724077524414+0j)
-4.402811029966271	-19.384744965592656	-0.0008103052450201657	-19.385555303160036	0.0	(-19.385555303160036+0j)
-4.276883190493413	-18.291729825125113	-0.0008102030783393978	-18.29254006164566	0.0	(-18.29254006164566+0j)
-4.15523361240365	-17.26596637364909	-0.0008100954319350463	-17.266776503531887	0.0	(-17.266776503531887+0j)
-4.037687143807751	-16.30291747127039	-0.0008099820379297508	-16.30372748867809	0.0	(-16.30372748867809+0j)
-3.9240771032610224	-15.398381112337416	-0.0008098626161305047	-15.39919101117304	0.0	(-15.39919101117304+0j)
-3.814244807185861	-14.548463449144304	-0.0008097368734716679	-14.549273223037968	0.0	(-14.549273223037968+0j)
-3.708039127140636	-13.74955416840589	-0.000809604503432126	-13.75036381069785	0.0	(-13.75036381069785+0j)
-3.6053160748326105	-12.998303999446422	-0.0008094651854253365	-12.999113503170582	0.0	(-12.999113503170582+0j)
-3.505938412936072	-12.291604155300703	-0.0008093185841609352	-12.292413513166501	0.0	(-12.292413513166501+0j)
-3.409775289925844	-11.626567527788874	-0.0008091643489765068	-11.627376732163587	0.0	(-11.627376732163587+0j)
-3.31670189727347	-11.000511475377435	-0.0008090021131380564	-11.001320518267185	0.0	(-11.001320518267185+0j)
-3.2265991474784026	-10.410942058508354	-0.0008088314931076357	-10.411750931539915	0.0	(-10.411750931539915+0j)
-3.139353371521828	-9.855539591285467	-0.0008086520877764994	-9.856348285686954	0.0	(-9.856348285686954+0j)
-3.0548560344360047	-9.332145391130073	-0.000808463477662086	-9.332953897711628	0.0	(-9.332953897711628+0j)
-2.9730034677792423	-8.8387496194274	-0.0008082652240670199	-8.839557928561293	0.0	(-8.839557928561293+0j)
-2.8936966178954187	-8.373480116419385	-0.0008080568681982428	-8.374288218019874	0.0	(-8.374288218019874+0j)
-2.8168408089191725	-7.934592142792418	-0.0008078379302442804	-7.935400026294017	0.0	(-7.935400026294017+0j)
-2.742345519563008	-7.520458948667304	-0.0008076079084085428	-7.521266603003023	0.0	(-7.521266603003023+0j)
-2.6701241727922507	-7.129563098129501	-0.000807366277896448	-7.130370511707725	0.0	(-7.130370511707725+0j)
-2.600093937557491	-6.760488484123218	-0.0008071124898540362	-6.761295644803529	0.0	(-6.761295644803529+0j)
-2.53217554181336	-6.411912974557783	-0.0008068459702556213	-6.412719869625751	0.0	(-6.412719869625751+0j)
-2.4662930961066483	-6.082601635903317	-0.000806566118737893	-6.083408252044291	0.0	(-6.083408252044291+0j)
-2.4023739270672144	-5.771400485452349	-0.0008062723073777381	-5.772206808723834	0.0	(-5.772206808723834+0j)
-2.340348420181257	-5.477230727844906	-0.0008059638794109122	-5.478036743647571	0.0	(-5.478036743647571+0j)
-2.280149871269615	-5.1990834354508415	-0.0008056401478885259	-5.199889128498442	0.0	(-5.199889128498442+0j)
-2.221714346133128	-4.936014635813752	-0.0008053003942681525	-4.936819990101551	0.0	(-4.936819990101551+0j)
-2.1649805478639736	-4.687140772629392	-0.0008049438669361845	-4.687945771400855	0.0	(-4.687945771400855+0j)
-2.109889691355602	-4.451634509688637	-0.0008045697796578833	-4.452439135401091	0.0	(-4.452439135401091+0j)
-2.056385384575469	-4.228720849895599	-0.0008041773099513701	-4.229525084183806	0.0	(-4.229525084183806+0j)
-2.004413516193774	-4.017673543900289	-0.0008037655973816001	-4.018477367538359	0.0	(-4.018477367538359+0j)
-1.9539221491884349	-3.8178117650891523	-0.0008033337417701386	-3.818615157950977	0.0	(-3.818615157950977+0j)
-1.9048614200715395	-3.628497029676962	-0.0008028808013163297	-3.6292999706944142	0.0	(-3.6292999706944142+0j)
-1.8571834434057672	-3.449130342460503	-0.000802405790625199	-3.449932809579924	0.0	(-3.449932809579924+0j)
-1.8108422213008069	-3.2791495504456405	-0.0008019076786371725	-3.279951520581979	0.0	(-3.279951520581979+0j)
-1.7657935575998587	-3.1180268880611655	-0.0008013853864544156	-3.1188283370502217	0.0	(-3.1188283370502217+0j)
-1.7219949764848979	-2.965266699039224	-0.0008008377850583023	-2.9660676015874046	0.0	(-2.9660676015874046+0j)
-1.6794056452467305	-2.8204033212865873	-0.000800263692912219	-2.8212036509184983	0.0	(-2.8212036509184983+0j)
-1.6379863009819313	-2.6829991222044702	-0.0007996618734435693	-2.6837988512075417	0.0	(-2.6837988512075417+0j)
-1.5976991809937733	-2.5526426729481737	-0.0007990310323985045	-2.553441772315125	0.0	(-2.553441772315125+0j)
-1.5585079566882198	-2.42894705106049	-0.0007983698150625272	-2.429745490428866	0.0	(-2.429745490428866+0j)
-1.5203776707690226	-2.3115482617730385	-0.0007976768033397276	-2.312346009361611	0.0	(-2.312346009361611+0j)
-1.4832746775481236	-2.20010376905549	-0.0007969505126829879	-2.200900791597776	0.0	(-2.200900791597776+0j)
-1.4471665861988359	-2.0942911282103926	-0.0007961893888670529	-2.0950873908849035	0.0	(-2.0950873908849035+0j)
-1.4120222067898245	-1.9938067124676058	-0.0007953918045958885	-1.9946021788247459	0.0	(-1.9946021788247459+0j)
-1.3778114989477563	-1.8983645266326632	-0.0007945560559352548	-1.899159158517872	0.0	(-1.899159158517872+0j)
-1.3445055230056484	-1.807695101392692	-0.0007936803585608824	-1.808488858866087	0.0	(-1.808488858866087+0j)
-1.3120763935025515	-1.7215444623866623	-0.0007927628438120848	-1.7223373036385765	0.0	(-1.7223373036385765+0j)
-1.2804972349081958	-1.6396731686075352	-0.000791801554540029	-1.6404650498698596	0.0	(-1.6404650498698596+0j)
-1.249742139453741	-1.5618554151264137	-0.0007907944407392588	-1.5626462905796794	0.0	(-1.5626462905796794+0j)
-1.2197861269567585	-1.4878781955161693	-0.0007897393549503792	-1.4886680171920064	0.0	(-1.4886680171920064+0j)
-1.1906051065351553	-1.4175405197075885	-0.0007886340474210921	-1.4183292373862433	0.0	(-1.4183292373862433+0j)
-1.1621758401108537	-1.3506526833373687	-0.0007874761610120062	-1.3514402444401767	0.0	(-1.3514402444401767+0j)
-1.1344759076098252	-1.2870355849471367	-0.0007862632258328261	-1.2878219344235882	0.0	(-1.2878219344235882+0j)
-1.1074836737704155	-1.226520087668016	-0.0007849926535936569	-1.2273051678772726	0.0	(-1.2273051678772726+0j)
-1.0811782564769803	-1.168946422278603	-0.0007836617316552356	-1.1697301728649663	0.0	(-1.1697301728649663+0j)
-1.0555394965405518	-1.1141636287570815	-0.0007822676167609203	-1.1149459865191709	0.0	(-1.1149459865191709+0j)
-1.0305479288526944	-1.0620290336625782	-0.0007808073284322253	-1.062809932415982	0.0	(-1.062809932415982+0j)
-1.0061847548428828	-1.0124077608782323	-0.0007792777420086029	-1.0131871313110288	0.0	(-1.0131871313110288+0j)
-0.9824318161736062	-0.9651722734301703	-0.0007776755813110539	-0.9659500429513367	0.0	(-0.9659500429513367+0j)
-0.9592715696111017	-0.9202019442641468	-0.0007759974109080638	-0.9209780368438893	0.0	(-0.9209780368438893+0j)
-0.9366870630130316	-0.877382654015979	-0.0007742396279614372	-0.8781569900183236	0.0	(-0.8781569900183236+0j)
-0.9146619123776685	-0.8366064139543736	-0.0007723984536290945	-0.837378909960847	0.0	(-0.837378909960847+0j)
-0.8931802799021815	-0.7977710124061393	-0.0007704699240022933	-0.798541581030309	0.0	(-0.798541581030309+0j)
-0.8722268530004768	-0.7607796830951152	-0.0007684498805568672	-0.7615482327878961	0.0	(-0.7615482327878961+0j)
-0.8517868242337273	-0.7255407939381787	-0.0007663339601032964	-0.7263072287829084	0.0	(-0.7263072287829084+0j)
-0.8318458721092578	-0.6919675549452116	-0.0007641175842308012	-0.6927317744419056	0.0	(-0.6927317744419056+0j)
-0.8123901427058198	-0.6599777439655822	-0.0007617959482590608	-0.6607396428046034	0.0	(-0.6607396428046034+0j)
-0.7934062320855423	-0.6294934491121774	-0.0007593640097414313	-0.6302529169360697	0.0	(-0.6302529169360697+0j)
-0.7748811694549418	-0.6004408267758582	-0.0007568164766102619	-0.6011977479294929	0.0	(-0.6011977479294929+0j)
-0.7568024010393578	-0.572749874218937	-0.0007541477951231021	-0.5735041274873932	0.0	(-0.5735041274873932+0j)
-0.7391577746370641	-0.5463542158064169	-0.0007513521378630551	-0.5471056741411093	0.0	(-0.5471056741411093+0j)
-0.721935524821055	-0.5211909019986521	-0.0007484233921708587	-0.5219394322317175	0.0	(-0.5219394322317175+0j)
-0.7051242587581799	-0.4972002202892726	-0.0007453551495416645	-0.4979456828372469	0.0	(-0.4979456828372469+0j)
-0.6887129426168537	-0.4743255173279656	-0.0007421406967035645	-0.47506776588690175	0.0	(-0.47506776588690175+0j)
-0.6726908885360721	-0.4525130315194501	-0.0007387730093005976	-0.4532519127533913	0.0	(-0.4532519127533913+0j)
-0.6570477421298259	-0.43171173543790214	-0.000735244749317861	-0.4324470886647446	0.0	(-0.4324470886647446+0j)
-0.6417734705023628	-0.4118731874406471	-0.0007315482675928285	-0.4126048443212202	0.0	(-0.4126048443212202+0j)
-0.6268583507509564	-0.3929513919062091	-0.0007276756129329359	-0.3936791761412023	0.0	(-0.3936791761412023+0j)
-0.6122929589340428	-0.3749026675602054	-0.0007236185494802586	-0.3756263946056001	0.0	(-0.3756263946056001+0j)
-0.598068159483679	-0.35768552338819526	-0.0007193685840047013	-0.35840500019772203	0.0	(-0.35840500019772203+0j)
-0.584175095042342	-0.3412605416677293	-0.0007149170047453983	-0.341975566473891	0.0	(-0.341975566473891+0j)
-0.5706051767050645	-0.3255902676826179	-0.000710254933239523	-0.3263006298298976	0.0	(-0.3263006298298976+0j)
-0.5573500746488577	-0.3106391057110872	-0.0007053733902704256	-0.3113445855549773	0.0	(-0.3113445855549773+0j)
-0.5444017091322467	-0.29637322090611135	-0.0007002633766352669	-0.29707358979305437	0.0	(-0.29707358979305437+0j)
-0.5317522418485942	-0.28276044671100575	-0.0006949159688895831	-0.2834554670541093	0.0	(-0.2834554670541093+0j)
-0.5193940676176739	-0.2697701974764328	-0.0006893224295967811	-0.2704596229414352	0.0	(-0.2704596229414352+0j)
-0.5073198064007199	-0.257373385966464	-0.0006834743309278938	-0.2580569617817398	0.0	(-0.2580569617817398+0j)
-0.49552229562487815	-0.24554234546134915	-0.000677363689761032	-0.24621980886255587	0.0	(-0.24621980886255587+0j)
-0.4839945828036719	-0.23425075618330043	-0.0006709831117641047	-0.23492183700221114	0.0	(-0.23492183700221114+0j)
-0.47272991844072854	-0.22347357578897786	-0.0006643259413512564	-0.224137997193475	0.0	(-0.224137997193475+0j)
-0.4617217492046207	-0.21318697368857467	-0.0006573864139217926	-0.21384445307330344	0.0	(-0.21384445307330344+0j)
-0.45096371136325314	-0.2033682689665195	-0.0006501598064516147	-0.20401851899567017	0.0	(-0.20401851899567017+0j)
-0.4404496244667679	-0.19399587169291685	-0.0006426425823333122	-0.19463860148698434	0.0	(-0.19463860148698434+0j)
-0.4301734852684612	-0.18504922742801502	-0.0006348325263631181	-0.18568414388680357	0.0	(-0.18568414388680357+0j)
-0.4201294618736933	-0.17650876473427912	-0.0006267288659506192	-0.1771355739804796	0.0	(-0.1771355739804796+0j)
-0.41031188810723823	-0.1683558455221268	-0.0006183323749694385	-0.16897425444870995	0.0	(-0.16897425444870995+0j)
-0.4007152580899652	-0.16057271806610743	-0.0006096454571537394	-0.16118243596838794	0.0	(-0.16118243596838794+0j)
-0.39133422101615867	-0.15314247253832372	-0.000600672206548685	-0.15374321280552444	0.0	(-0.15374321280552444+0j)
-0.38216357612318463	-0.14604899891526113	-0.0005914184432103364	-0.14664048075798378	0.0	(-0.14664048075798378+0j)
-0.3731982678455901	-0.13927694712294883	-0.0005818917230868165	-0.13985889731185655	0.0	(-0.13985889731185655+0j)
-0.3644333811460802	-0.13281168929356416	-0.0005721013217628076	-0.13338384388101415	0.0	(-0.13338384388101415+0j)
-0.3558641370161595	-0.12663928401425592	-0.0005620581924805066	-0.12720139001395578	0.0	(-0.12720139001395578+0j)
-0.34748588813954967	-0.12074644245613163	-0.0005517748995327793	-0.12129825945598344	0.0	(-0.12129825945598344+0j)
-0.3392941147118041	-0.11512049627806688	-0.000541265528734168	-0.11566179796553454	0.0	(-0.11566179796553454+0j)
-0.3312844204098322	-0.10974936720627844	-0.0005305455771941771	-0.11027994278147922	0.0	(-0.11027994278147922+0j)
-0.32345252850532874	-0.1046215381964905	-0.0005196318250325171	-0.10514119365730512	0.0	(-0.10514119365730512+0j)
-0.3157942781163639	-0.0997260260910354	-0.0005085421919813242	-0.10023458537439883	0.0	(-0.10023458537439883+0j)
-0.3083056205916502	-0.09505235568840255	-0.0004972955820139541	-0.09554966165813218	0.0	(-0.09554966165813218+0j)
-0.30098261602223375	-0.0905905351475874	-0.0004859117192276348	-0.09107645041489475	0.0	(-0.09107645041489475+0j)
-0.2938214298755963	-0.08633103265413994	-0.00047441097819604335	-0.08680544023087294	0.0	(-0.08680544023087294+0j)
-0.28681832974736315	-0.08226475427906714	-0.00046281421190855535	-0.08272755805738717	0.0	(-0.08272755805738717+0j)
-0.2799696822260281	-0.07838302296574315	-0.0004511425802385526	-0.07883414802473922	0.0	(-0.07883414802473922+0j)
-0.27327194986629844	-0.07467755858372872	-0.00043941738164785644	-0.07511695133102853	0.0	(-0.07511695133102853+0j)
-0.2667216882668555	-0.07114045899192165	-0.00042765989055262984	-0.07156808713822686	0.0	(-0.07156808713822686+0j)
-0.2603155432485035	-0.06776418205676349	-0.00041589120246215787	-0.06818003443826684	0.0	(-0.06818003443826684+0j)
-0.2540502481288529	-0.06454152857433174	-0.00040413208866912003	-0.06494561482864449	0.0	(-0.06494561482864449+0j)
-0.24792262108984528	-0.061465626048059	-0.00039240286193040804	-0.06185797615482074	0.0	(-0.06185797615482074+0j)
-0.24192956263458582	-0.058529913276561985	-0.0003807232542417691	-0.05891057697778291	0.0	(-0.05891057697778291+0j)
-0.2360680531300946	-0.05572812570863317	-0.0003691123074864094	-0.05609717181667429	0.0	(-0.05609717181667429+0j)
-0.23033515043273323	-0.053054281524869844	-0.00035758827743430615	-0.05341179713741108	0.0	(-0.05341179713741108+0j)
-0.22472798759319407	-0.05050266840768679	-0.0003461685512907242	-0.05084875803838605	0.0	(-0.05084875803838605+0j)
-0.21924377063807438	-0.048067830963600566	-0.0003348695787431155	-0.04840261560340868	0.0	(-0.04840261560340868+0j)
-0.21387977642517536	-0.045744558763682996	-0.0003237068162374892	-0.046068174887566864	0.0	(-0.046068174887566864+0j)
-0.20863335056978574	-0.043527874969975115	-0.00031269468402950537	-0.04384047349952139	0.0	(-0.04384047349952139+0j)
-0.2035019054393242	-0.04141302551743565	-0.0003018465354018996	-0.041714770751585244	0.0	(-0.041714770751585244+0j)
-0.19848291821381936	-0.0393954688226737	-0.00029117463731738815	-0.03968653735038746	0.0	(-0.03968653735038746+0j)
-0.19357392900980788	-0.03747086599229414	-0.00028069016168325966	-0.037751445593523454	0.0	(-0.037751445593523454+0j)
-0.18877253906533345	-0.035635071505172845	-0.00027040318633823836	-0.0359053600538134	0.0	(-0.0359053600538134+0j)
-0.18407640898381836	-0.033884124344377965	-0.0002603227048312967	-0.03414432871906539	0.0	(-0.03414432871906539+0j)
-0.17948325703467147	-0.032214239555773946	-0.0002504566440431468	-0.032464574568147	0.0	(-0.032464574568147+0j)
-0.17499085750858182	-0.030621800211588786	-0.00024081188870125805	-0.030862487558025266	0.0	(-0.030862487558025266+0j)
-0.17059703912552715	-0.02910334975839664	-0.0002313943118555455	-0.029334617001550965	0.0	(-0.029334617001550965+0j)
-0.1662996834936075	-0.02765558473007403	-0.00022220881041159417	-0.027877664315844555	0.0	(-0.027877664315844555+0j)
-0.16209672361688598	-0.02627534780732912	-0.00021325934485875813	-0.026488476120621236	0.0	(-0.026488476120621236+0j)
-0.1579861424504933	-0.024959621206387565	-0.000204548982379292	-0.025164037670786947	0.0	(-0.025164037670786947+0j)
-0.15396597150131844	-0.0237055203803448	-0.00019607994257959754	-0.023901466604069627	0.0	(-0.023901466604069627+0j)
-0.1500342894726754	-0.022510288017570552	-0.00018785364514373453	-0.02269800698692028	0.0	(-0.02269800698692028+0j)
-0.14618922095139725	-0.021371288322376444	-0.000179870758770824	-0.02155102364521245	0.0	(-0.02155102364521245+0j)
-0.14242893513587063	-0.020286001563938044	-0.00017213125082037755	-0.020457996764996808	0.0	(-0.020457996764996808+0j)
-0.1387516446035787	-0.01925201888019781	-0.00016463443715167042	-0.0194165167457886	0.0	(-0.0194165167457886+0j)
-0.13515560411677824	-0.018267037324171283	-0.0001573790317040036	-0.01842427929913793	0.0	(-0.01842427929913793+0j)
-0.1316391094649878	-0.017328855140735042	-0.00015036319542327493	-0.01747908077534425	0.0	(-0.01747908077534425+0j)
-0.12820049634301459	-0.016435367262595296	-0.00014358458419601729	-0.01657881370870403	0.0	(-0.01657881370870403+0j)
-0.12483813926329666	-0.015584561014722251	-0.00013704039550454313	-0.015721462569366365	0.0	(-0.015721462569366365+0j)
-0.12155045050138329	-0.014774512017089228	-0.00013072741356569078	-0.014905099713389306	0.0	(-0.014905099713389306+0j)
-0.11833587907341994	-0.014003380276079067	-0.000124642052760718	-0.01412788151795993	0.0	(-0.01412788151795993+0j)
-0.11519290974454892	-0.013269406455415793	-0.00011878039920501515	-0.013388044694805198	0.0	(-0.013388044694805198+0j)
-0.11212006206717451	-0.012570908317947065	-0.0001131382503435426	-0.012683902772020285	0.0	(-0.012683902772020285+0j)
-0.10911588944808466	-0.011906277330046634	-0.00010771115249123353	-0.012013842737356985	0.0	(-0.012013842737356985+0j)
-0.10617897824345514	-0.011273975420824119	-0.0001024944362672353	-0.011376321831768283	0.0	(-0.011376321831768283+0j)
-0.10330794688080004	-0.010672531888726203	-9.748324989788297e-05	-0.010769864490784337	0.0	(-0.010769864490784337+0j)
-0.10050144500696728	-0.010100540448488468	-9.267259038597039e-05	-0.01019305942183413	0.0	(-0.01019305942183413+0j)
-0.09775815266131012	-0.009556656411752015	-8.805733256334568e-05	-0.009644556814104074	0.0	(-0.009644556814104074+0j)
-0.09507677947319713	-0.00903959399499496	-8.363225606043256e-05	-0.009123065673006348	0.0	(-0.009123065673006348+0j)
-0.09245606388305627	-0.008548123748747782	-7.939207024011425e-05	-0.008627351274171762	0.0	(-0.008627351274171762+0j)
-0.08989477238617372	-0.008081070102361981	-7.533143715481418e-05	-0.008156232730478828	0.0	(-0.008156232730478828+0j)
-0.08739169879850106	-0.007637309018887932	-7.144499259479709e-05	-0.007708580667741025	0.0	(-0.007708580667741025+0j)
-0.08494566354374737	-0.007215765754887531	-6.772736530286918e-05	-0.007283315002895043	0.0	(-0.007283315002895043+0j)
-0.08255551296106181	-0.0068154127202640444	-6.41731944361042e-05	-0.0068794028207850855	0.0	(-0.0068794028207850855+0j)
-0.0802201186326351	-0.00643526743343405	-6.077714535904222e-05	-0.00649585634461589	0.0	(-0.00649585634461589+0j)
-0.07793837673057366	-0.0060743905673968255	-5.753392385531714e-05	-0.006131730995178936	0.0	(-0.006131730995178936+0j)
-0.07570920738242252	-0.005731884082474661	-5.443828884594756e-05	-0.005786123535959821	0.0	(-0.005786123535959821+0j)
-0.0735315540547355	-0.00540688944170449	-5.1485063702841165e-05	-0.005458170299016587	0.0	(-0.005458170299016587+0j)
-0.07140438295411211	-0.005098585905057496	-4.866914624544055e-05	-0.005147045488247228	0.0	(-0.005147045488247228+0j)
-0.06932668244514165	-0.004806188898849511	-4.598551750719087e-05	-0.0048519595575085405	0.0	(-0.0048519595575085405+0j)
-0.06729746248471398	-0.004528948456881485	-4.3429249356544304e-05	-0.004572157657988944	0.0	(-0.004572157657988944+0j)
-0.06531575407217595	-0.004266147730016969	-4.099551105489138e-05	-0.004306918154289194	0.0	(-0.004306918154289194+0j)
-0.06338060871482991	-0.004017101561062373	-3.867957483098209e-05	-0.0040555512040764295	0.0	(-0.0040555512040764295+0j)
-0.06149109790828906	-0.003781155121966791	-3.647682054835032e-05	-0.003817397399497089	0.0	(-0.003817397399497089+0j)
-0.059646312631220576	-0.003557682610501303	-3.4382739538959053e-05	-0.0035918264672933293	0.0	(-0.0035918264672933293+0j)
-0.05784536285402355	-0.0033460860037136477	-3.239293767281354e-05	-0.003378236024903778	0.0	(-0.003378236024903778+0j)
-0.05608737706100519	-0.003145793865583371	-3.0503137729755853e-05	-0.003176050390196347	0.0	(-0.003176050390196347+0j)
-0.05437150178563229	-0.0029562602064250156	-2.8709181136057568e-05	-0.0029847194424519516	0.0	(-0.0029847194424519516+0j)
-0.052696901158450896	-0.002776963391703543	-2.7007029124805765e-05	-0.0028037175320951005	0.0	(-0.0028037175320951005+0j)
-0.05106275646727974	-0.0026074050980367186	-2.5392763375512925e-05	-0.0026325424372514953	0.0	(-0.0026325424372514953+0j)
-0.049468265729297044	-0.0024471093142643444	-2.386258618489699e-05	-0.0024707143649697126	0.0	(-0.0024707143649697126+0j)
-0.04791264327465291	-0.0022956213855641425	-2.2412820217259863e-05	-0.0023177749951528454	0.0	(-0.0023177749951528454+0j)
-0.04639511934125177	-0.0021525070986889937	-2.1039907879667752e-05	-0.0021732865651656478	0.0	(-0.0021732865651656478+0j)
-0.04491493968036148	-0.0020173518064905104	-1.9740410363835656e-05	-0.0020368309935951314	0.0	(-0.0020368309935951314+0j)
-0.04347136517271722	-0.0018897595899797317	-1.8511006393558127e-05	-0.0019080090411724203	0.0	(-0.0019080090411724203+0j)
-0.04206367145479865	-0.0017693524562572426	-1.7348490713591652e-05	-0.0017864395074635073	0.0	(-0.0017864395074635073+0j)
-0.040691148554970594	-0.0016557695707226853	-1.624977235306288e-05	-0.0016717584614256598	0.0	(-0.0016717584614256598+0j)
-0.03935310053918671	-0.0015486665220473374	-1.521187269376903e-05	-0.0015636185048534194	0.0	(-0.0015636185048534194+0j)
-0.038048845165965975	-0.0014477146184636524	-1.4231923371327282e-05	-0.0014616880667523873	0.0	(-0.0014616880667523873+0j)
-0.03677771355036136	-0.0013526002139924334	-1.3307164034588592e-05	-0.0013656507275710383	0.0	(-0.0013656507275710383+0j)
-0.035539049836649024	-0.001263024063291823	-1.2434939986667032e-05	-0.0012752045720313984	0.0	(-0.0012752045720313984+0j)
-0.03433221087947522	-0.0011787007038727565	-1.161269972867196e-05	-0.001190061569108077	0.0	(-0.001190061569108077+0j)
-0.033156565933206816	-0.0010993578644830908	-1.0837992425436621e-05	-0.0011099469781346183	0.0	(-0.0011099469781346183+0j)
-0.032011496349239346	-0.001024735898517364	-1.0108465310548764e-05	-0.001034598779950069	0.0	(-0.001034598779950069+0j)
-0.030896395281024336	-0.0009545872413613028	-9.42186104644499e-06	-0.0009637671318068258	0.0	(-0.0009637671318068258+0j)
-0.029810667396585683	-0.0008886758906298567	-8.776015053606201e-06	-0.000897213845139014	0.0	(-0.000897213845139014+0j)
-0.028753728598301782	-0.0008267769083047978	-8.16885282155233e-06	-0.0008347118853313231	0.0	(-0.0008347118853313231+0j)
-0.02772500574973721	-0.0007686759438229613	-7.598387212905122e-06	-0.0007760448922017605	0.0	(-0.0007760448922017605+0j)
-0.02672393640931522	-0.0007141687772091237	-7.062715770590755e-06	-0.0007210067207433148	0.0	(-0.0007210067207433148+0j)
-0.025749968570627883	-0.0006630608813883238	-6.560018037067572e-06	-0.0006694010008366251	0.0	(-0.0006694010008366251+0j)
-0.024802560409188133	-0.0006151670028514266	-6.08855289344068e-06	-0.0006210407154653233	0.0	(-0.0006210407154653233+0j)
-0.023881180035433255	-0.0005703107598847759	-5.646655925374555e-06	-0.0005757477964447809	0.0	(-0.0005757477964447809+0j)
-0.022985305253795843	-0.0005283242576101748	-5.2327368217572334e-06	-0.0005333527369539058	0.0	(-0.0005333527369539058+0j)
-0.02211442332766371	-0.0004890477191151169	-4.8452768113965705e-06	-0.0004936942202379864	0.0	(-0.0004936942202379864+0j)
-0.021268030750055813	-0.0004523291319853196	-4.48282614211315e-06	-0.00045661876370104636	0.0	(-0.00045661876370104636+0j)
-0.020445633019846577	-0.00041802390958224064	-4.144001606198877e-06	-0.00042198037778433964	0.0	(-0.00042198037778433964+0j)
-0.0196467444233761	-0.00038599456643745983	-3.827484115176416e-06	-0.00038964023899864695	0.0	(-0.00038964023899864695+0j)
-0.01887088782128885	-0.0003561104071636678	-3.532016326746046e-06	-0.0003594663765157835	0.0	(-0.0003594663765157835+0j)
-0.01811759444044789	-0.0003282472283085483	-3.256400326015485e-06	-0.0003313333717311231	0.0	(-0.0003313333717311231+0j)
-0.017386403670776745	-0.00030228703260319905	-2.999495362698834e-06	-0.00030512207029605046	0.0	(-0.00030512207029605046+0j)
-0.01667686286688518	-0.00027811775508089373	-2.760215645464248e-06	-0.00028071930603912684	0.0	(-0.00028071930603912684+0j)
-0.01598852715433943	-0.00025563300056504927	-2.537528194623828e-06	-0.00025801763631775926	0.0	(-0.00025801763631775926+0j)
-0.015320959240441951	-0.00023473179204728362	-2.3304507537902364e-06	-0.00023691508831187247	0.0	(-0.00023691508831187247+0j)
-0.014673729229389235	-0.00021531832949743198	-2.138049760375127e-06	-0.00021731491579687217	0.0	(-0.00021731491579687217+0j)
-0.014046414441680602	-0.00019730175866745336	-1.959438375831457e-06	-0.00019912536598120807	0.0	(-0.00019912536598120807+0j)
-0.013438599237654378	-0.0001805959494702848	-1.7937745747931277e-06	-0.00018225945594661438	0.0	(-0.00018225945594661438+0j)
-0.012849874845031441	-0.00016511928353297182	-1.6402592931674675e-06	-0.00016663475833291432	0.0	(-0.00016663475833291432+0j)
-0.012279839190349848	-0.00015079445054085202	-1.4981346344311586e-06	-0.00015217319587122372	0.0	(-0.00015217319587122372+0j)
-0.011728096734177362	-0.0001375482530062217	-1.3666821339630708e-06	-0.00013880084438796212	0.0	(-0.00013880084438796212+0j)
-0.011194258309992119	-0.0001253114191108276	-1.2452210800262264e-06	-0.00012644774394632988	0.0	(-0.00012644774394632988+0j)
-0.010677940966624817	-0.00011401842328672454	-1.1331068908160269e-06	-0.0001150477177627632	0.0	(-0.0001150477177627632+0j)
-0.010178767814158789	-0.00010360731421455489	-1.0297295467420753e-06	-0.00010453819862131366	0.0	(-0.00010453819862131366+0j)
-0.00969636787318723	-9.401954993217744e-05	-9.345120767778603e-07	-9.486006242618501e-05	0.0	(-9.486006242618501e-05+0j)
-0.009230375927329837	-8.519983975983015e-05	-8.469090972962334e-07	-8.595746863923289e-05	0.0	(-8.595746863923289e-05+0j)
-0.008780432378913766	-7.709599276067726e-05	-7.664054032519019e-07	-7.777770729487703e-05	0.0	(-7.777770729487703e-05+0j)
-0.008346183107726328	-6.965877246769631e-05	-6.925146092684464e-07	-7.027105233585703e-05	0.0	(-7.027105233585703e-05+0j)
-0.00792727933274973	-6.2841757619441e-05	-6.247778404633308e-07	-6.339062100969227e-05	0.0	(-6.339062100969227e-05+0j)
-0.007523377476790291	-5.660120865827544e-05	-5.627624707349455e-07	-5.709223907080525e-05	0.0	(-5.709223907080525e-05+0j)
-0.007134139033917196	-5.089593975526098e-05	-5.060609086227075e-07	-5.133431155920971e-05	0.0	(-5.133431155920971e-05+0j)
-0.006759230439628037	-4.5687196135994224e-05	-4.542894270764819e-07	-4.607769892330915e-05	0.0	(-4.607769892330915e-05+0j)
-0.00639832294366065	-4.093853649137429e-05	-4.070870395223025e-07	-4.128559828114404e-05	0.0	(-4.128559828114404e-05+0j)
-0.006051092485372929	-3.661572026653673e-05	-3.6411441595163296e-07	-3.69234295900747e-05	0.0	(-3.69234295900747e-05+0j)
-0.005717219571614335	-3.268659963005e-05	-3.2505284330852646e-07	-3.295872654961544e-05	0.0	(-3.295872654961544e-05+0j)
-0.005396389157014874	-2.91210159339477e-05	-2.896032240684576e-07	-2.936103203459016e-05	0.0	(-2.936103203459016e-05+0j)
-0.00508829052661923	-2.5890700483282996e-05	-2.574851143410939e-07	-2.6101797871751425e-05	0.0	(-2.6101797871751425e-05+0j)
-0.004792617180795609	-2.2969179441657252e-05	-2.2843580049780599e-07	-2.31542887991618e-05	0.0	(-2.31542887991618e-05+0j)
-0.004509066722350688	-2.0331682706610376e-05	-2.0220941099324818e-07	-2.049349042733199e-05	0.0	(-2.049349042733199e-05+0j)
-0.004237340745783784	-1.7955056595879472e-05	-1.7857606438020923e-07	-1.8096021050298983e-05	0.0	(-1.8096021050298983e-05+0j)
-0.003977144728615041	-1.5817680192350406e-05	-1.573210512972878e-07	-1.594004714911578e-05	0.0	(-1.594004714911578e-05+0j)
-0.0037281879247241132	-1.389938520205869e-05	-1.3824404865303563e-07	-1.4005202442982524e-05	0.0	(-1.4005202442982524e-05+0j)
-0.003490183259637317	-1.2181379185852567e-05	-1.2115836600656849e-07	-1.2272510346085155e-05	0.0	(-1.2272510346085155e-05+0j)
-0.0032628472277028246	-1.0646172031328008e-05	-1.0589022503282308e-07	-1.072430969946876e-05	0.0	(-1.072430969946876e-05+0j)
-0.0030458997910948536	-9.277505537391672e-06	-9.227806252454229e-08	-9.34418363960098e-06	0.0	(-9.34418363960098e-06+0j)
-0.0028390642805893175	-8.060285989318138e-06	-8.017187003162007e-08	-8.116891495584902e-06	0.0	(-8.116891495584902e-06+0j)
-0.0026420672980546644	-6.9805196074498744e-06	-6.94325548167285e-08	-7.028303580619647e-06	0.0	(-7.028303580619647e-06+0j)
-0.0024546386206030298	-6.0252507577559444e-06	-5.993132834447579e-08	-6.0653387760413795e-06	0.0	(-6.0653387760413795e-06+0j)
-0.0022765111063480586	-5.182502817326061e-06	-5.154912763316588e-08	-5.215904802357986e-06	0.0	(-5.215904802357986e-06+0j)
-0.0021074206017169745	-4.441221592541135e-06	-4.417604593243141e-08	-4.468841052883614e-06	0.0	(-4.468841052883614e-06+0j)
-0.001947105850265665	-3.791221192138778e-06	-3.771080692160922e-08	-3.8138639276721403e-06	0.0	(-3.8138639276721403e-06+0j)
-0.001795308402946694	-3.223132261691009e-06	-3.206024601354329e-08	-3.241514535772049e-06	0.0	(-3.241514535772049e-06+0j)
-0.001651772529781229	-2.728352490139881e-06	-2.713881919191863e-08	-2.7431086983956415e-06	0.0	(-2.7431086983956415e-06+0j)
-0.0015162451328869407	-2.2989993030033365e-06	-2.2868139382126174e-08	-2.3106891655691076e-06	0.0	(-2.3106891655691076e-06+0j)
-0.0013884756608149335	-1.9278646606754663e-06	-1.917652170391193e-08	-1.9369799493146794e-06	0.0	(-1.9369799493146794e-06+0j)
-0.0012682160241497663	-1.6083718839102408e-06	-1.5998562474806022e-08	-1.6153427163885878e-06	0.0	(-1.6153427163885878e-06+0j)
-0.001155220512327529	-1.3345344321022784e-06	-1.3274714660838072e-08	-1.3397351323223306e-06	0.0	(-1.3397351323223306e-06+0j)
-0.001049245711627873	-1.1009165633694817e-06	-1.0950920170671452e-08	-1.1046711434875202e-06	0.0	(-1.1046711434875202e-06+0j)
-0.0009500504242967501	-9.025958087064349e-07	-8.978219057098613e-09	-9.051830511829631e-07	0.0	(-9.051830511829631e-07+0j)
-0.0008573955887574404	-7.351271956207178e-07	-7.3124013511005614e-09	-7.367853778124024e-07	0.0	(-7.367853778124024e-07+0j)
-0.0007710442008682636	-5.945091596925792e-07	-5.913662448620016e-09	-5.954404255522076e-07	0.0	(-5.954404255522076e-07+0j)
-0.0006907612361861271	-4.771510854173865e-07	-4.746283366330317e-09	-4.775254890732578e-07	0.0	(-4.775254890732578e-07+0j)
-0.0006163135731958032	-3.7984242050537864e-07	-3.778353629968478e-09	-3.798016836803927e-07	0.0	(-3.798016836803927e-07+0j)
-0.0005474699174655237	-2.997233105297073e-07	-2.9813804758305196e-09	-2.9938418421657633e-07	0.0	(-2.9938418421657633e-07+0j)
-0.00048400072669017	-2.3425670343661265e-07	-2.3302106910705334e-09	-2.3371423859002273e-07	0.0	(-2.3371423859002273e-07+0j)
-0.0004256781365839621	-1.812018759655943e-07	-1.8024479686573613e-09	-1.8053211241747102e-07	0.0	(-1.8053211241747102e-07+0j)
-0.00037227588758517846	-1.3858933647733242e-07	-1.378566594212316e-09	-1.3785208927250883e-07	0.0	(-1.3785208927250883e-07+0j)
-0.0003235692523360205	-1.0469706105729132e-07	-1.0414282769488636e-09	-1.0393822255651455e-07	0.0	(-1.0393822255651455e-07+0j)
-0.0002793349639012882	-7.802802205773399e-08	-7.761400411254726e-10	-7.728171160091389e-08	0.0	(-7.728171160091389e-08+0j)
-0.00023935114469007788	-5.728897046445059e-08	-5.697984306607395e-10	-5.96045417860705e-08	0.0	(-5.96045417860705e-08+0j)
-0.000203397236045202	-4.1370435630827624e-08	-4.1154635255225003e-10	-5.657944482021281e-08	0.0	(-5.657944482021281e-08+0j)
-0.00017125392846552152	-2.932790801487396e-08	-2.9172042559366673e-10	-4.071394750902096e-08	0.0	(-4.071394750902096e-08+0j)
-0.00014270309242682625	-2.0364172588179316e-08	-2.0258994481991976e-10	-2.8733887268183904e-08	0.0	(-2.8733887268183904e-08+0j)
-0.00011752770976733008	-1.3812762563153774e-08	-1.3733369996771216e-10	-1.9836954792550888e-08	0.0	(-1.9836954792550888e-08+0j)
-9.551180560424546e-05	-9.122505009783175e-09	-9.094947017729282e-11	-1.33523913682265e-08	0.0	(-1.33523913682265e-08+0j)
-7.644038074828435e-05	-5.843131808942681e-09	-5.820766091346741e-11	-8.726326582244492e-09	0.0	(-8.726326582244492e-09+0j)
-6.009934458328253e-05	-3.611931219340131e-09	-3.637978807091713e-11	-5.505490912837213e-09	0.0	(-5.505490912837213e-09+0j)
-4.627544837847556e-05	-2.141417122628957e-09	-2.1827872842550278e-11	-3.326276266497109e-09	0.0	(-3.326276266497109e-09+0j)
-3.475621900126083e-05	-1.2079947592636043e-09	-1.0913936421275139e-11	-1.8992777231671793e-09	0.0	(-1.8992777231671793e-09+0j)
-2.532989299856304e-05	-6.416034793186529e-10	-7.275957614183426e-12	-9.95671763982855e-10	0.0	(-9.95671763982855e-10+0j)
-1.778535101518103e-05	-3.163187107332009e-10	-0.0	-9.332136177582007e-10	0.0	(-9.332136177582007e-10+0j)
-1.1912052517731514e-05	-1.418969951851937e-10	-0.0	-4.715563105620164e-10	0.0	(-4.715563105620164e-10+0j)
-7.499970793020954e-06	-5.6249561896167364e-11	-0.0	-1.9399758294012718e-10	0.0	(-1.9399758294012718e-10+0j)
-4.3395281898695236e-06	-1.8831504910672262e-11	-0.0	-7.218550814374945e-11	0.0	(-7.218550814374945e-11+0j)
-2.221531573583016e-06	-4.935202532426231e-12	9.313225746154785e-10	-2.3329445966312412e-11	0.0	(-2.3329445966312412e-11+0j)
-9.37107962417716e-07	-8.781713332266833e-13	-0.0	-1.096823435080246e-12	0.0	(-1.096823435080246e-12+0j)
-2.7764031551128097e-07	-7.708414479720364e-14	5.960464477539063e-08	-1.2047458943197e-13	-4.4829732755913853e-10	(-1.2047458943197e-13-4.4829732755913853e-10j)
-3.470344185902262e-08	-1.2043288768625633e-15	-0.0	-1.2047458943197e-13	4.4829732755913853e-10	(-1.2047458943197e-13+4.4829732755913853e-10j)
3.470344185902262e-08	1.2043288768625633e-15	0.0	-6.4023088093107e-14	0.0	(-6.4023088093107e-14+0j)
2.7764031551128097e-07	7.708414479720364e-14	-5.960464477539063e-08	5.905480816751818e-14	0.0	(5.905480816751818e-14+0j)
9.37107962417716e-07	8.781713332266833e-13	0.0	1.120346378770116e-12	0.0	(1.120346378770116e-12+0j)
2.221531573583016e-06	4.935202532426231e-12	-9.313225746154785e-10	2.3375644456151092e-11	0.0	(2.3375644456151092e-11+0j)
4.3395281898695236e-06	1.8831504910672262e-11	0.0	7.217019755904508e-11	0.0	(7.217019755904508e-11+0j)
7.499970793020954e-06	5.6249561896167364e-11	0.0	1.9406386852588525e-10	0.0	(1.9406386852588525e-10+0j)
1.1912052517731514e-05	1.418969951851937e-10	0.0	4.717321236633074e-10	0.0	(4.717321236633074e-10+0j)
1.778535101518103e-05	3.163187107332009e-10	0.0	9.332156460335007e-10	0.0	(9.332156460335007e-10+0j)
2.532989299856304e-05	6.416034793186529e-10	7.275957614183426e-12	9.95615825457487e-10	0.0	(9.95615825457487e-10+0j)
3.475621900126083e-05	1.2079947592636043e-09	1.0913936421275139e-11	1.8992709161550835e-09	0.0	(1.8992709161550835e-09+0j)
4.627544837847556e-05	2.141417122628957e-09	2.1827872842550278e-11	3.326256374736456e-09	0.0	(3.326256374736456e-09+0j)
6.009934458328253e-05	3.611931219340131e-09	3.637978807091713e-11	5.505487938501681e-09	0.0	(5.505487938501681e-09+0j)
7.644038074828435e-05	5.843131808942681e-09	5.820766091346741e-11	8.726328172868339e-09	0.0	(8.726328172868339e-09+0j)
9.551180560424546e-05	9.122505009783175e-09	9.094947017729282e-11	1.3352396174488782e-08	0.0	(1.3352396174488782e-08+0j)
0.00011752770976733008	1.3812762563153774e-08	1.3733369996771216e-10	1.9836944258968263e-08	0.0	(1.9836944258968263e-08+0j)
0.00014270309242682625	2.0364172588179316e-08	2.0258994481991976e-10	2.8733854028075732e-08	0.0	(2.8733854028075732e-08+0j)
0.00017125392846552152	2.932790801487396e-08	2.9172042559366673e-10	4.071398789730979e-08	0.0	(4.071398789730979e-08+0j)
0.000203397236045202	4.1370435630827624e-08	4.1154635255225003e-10	5.657947138852221e-08	0.0	(5.657947138852221e-08+0j)
0.00023935114469007788	5.728897046445059e-08	5.697984306607395e-10	5.960454112700522e-08	0.0	(5.960454112700522e-08+0j)
0.0002793349639012882	7.802802205773399e-08	7.761400411254726e-10	7.728174839938042e-08	0.0	(7.728174839938042e-08+0j)
0.0003235692523360205	1.0469706105729132e-07	1.0414282769488636e-09	1.0393824474882204e-07	0.0	(1.0393824474882204e-07+0j)
0.00037227588758517846	1.3858933647733242e-07	1.378566594212316e-09	1.3785207626707917e-07	0.0	(1.3785207626707917e-07+0j)
0.0004256781365839621	1.812018759655943e-07	1.8024479686573613e-09	1.8053209577579125e-07	0.0	(1.8053209577579125e-07+0j)
0.00048400072669017	2.3425670343661265e-07	2.3302106910705334e-09	2.3371427167591276e-07	0.0	(2.3371427167591276e-07+0j)
0.0005474699174655237	2.997233105297073e-07	2.9813804758305196e-09	2.993841706458402e-07	0.0	(2.993841706458402e-07+0j)
0.0006163135731958032	3.7984242050537864e-07	3.778353629968478e-09	3.7980169179650234e-07	0.0	(3.7980169179650234e-07+0j)
0.0006907612361861271	4.771510854173865e-07	4.746283366330317e-09	4.775254840769559e-07	0.0	(4.775254840769559e-07+0j)
0.0007710442008682636	5.945091596925792e-07	5.913662448620016e-09	5.954404106169667e-07	0.0	(5.954404106169667e-07+0j)
0.0008573955887574404	7.351271956207178e-07	7.3124013511005614e-09	7.367853824515489e-07	0.0	(7.367853824515489e-07+0j)
0.0009500504242967501	9.025958087064349e-07	8.978219057098613e-09	9.051830432935415e-07	0.0	(9.051830432935415e-07+0j)
0.001049245711627873	1.1009165633694817e-06	1.0950920170671452e-08	1.1046711408495854e-06	0.0	(1.1046711408495854e-06+0j)
0.001155220512327529	1.3345344321022784e-06	1.3274714660838072e-08	1.3397350767810874e-06	0.0	(1.3397350767810874e-06+0j)
0.0012682160241497663	1.6083718839102408e-06	1.5998562474806022e-08	1.6153427020468798e-06	0.0	(1.6153427020468798e-06+0j)
0.0013884756608149335	1.9278646606754663e-06	1.917652170391193e-08	1.9369799576470513e-06	0.0	(1.9369799576470513e-06+0j)
0.0015162451328869407	2.2989993030033365e-06	2.2868139382126174e-08	2.3106891732710575e-06	0.0	(2.3106891732710575e-06+0j)
0.001651772529781229	2.728352490139881e-06	2.713881919191863e-08	2.743108709605605e-06	0.0	(2.743108709605605e-06+0j)
0.001795308402946694	3.223132261691009e-06	3.206024601354329e-08	3.241514552052833e-06	0.0	(3.241514552052833e-06+0j)
0.001947105850265665	3.791221192138778e-06	3.771080692160922e-08	3.813863922155881e-06	0.0	(3.813863922155881e-06+0j)
0.0021074206017169745	4.441221592541135e-06	4.417604593243141e-08	4.468841076824863e-06	0.0	(4.468841076824863e-06+0j)
0.0022765111063480586	5.182502817326061e-06	5.154912763316588e-08	5.215904805588085e-06	0.0	(5.215904805588085e-06+0j)
0.0024546386206030298	6.0252507577559444e-06	5.993132834447579e-08	6.06533877385946e-06	0.0	(6.06533877385946e-06+0j)
0.0026420672980546644	6.9805196074498744e-06	6.94325548167285e-08	7.028303549691209e-06	0.0	(7.028303549691209e-06+0j)
0.0028390642805893175	8.060285989318138e-06	8.017187003162007e-08	8.11689150459896e-06	0.0	(8.11689150459896e-06+0j)
0.0030458997910948536	9.277505537391672e-06	9.227806252454229e-08	9.344183612035714e-06	0.0	(9.344183612035714e-06+0j)
0.0032628472277028246	1.0646172031328008e-05	1.0589022503282308e-07	1.0724309665667233e-05	0.0	(1.0724309665667233e-05+0j)
0.003490183259637317	1.2181379185852567e-05	1.2115836600656849e-07	1.2272510277260459e-05	0.0	(1.2272510277260459e-05+0j)
0.0037281879247241132	1.389938520205869e-05	1.3824404865303563e-07	1.4005202387386923e-05	0.0	(1.4005202387386923e-05+0j)
0.003977144728615041	1.5817680192350406e-05	1.573210512972878e-07	1.5940047083511416e-05	0.0	(1.5940047083511416e-05+0j)
0.004237340745783784	1.7955056595879472e-05	1.7857606438020923e-07	1.809602101040137e-05	0.0	(1.809602101040137e-05+0j)
0.004509066722350688	2.0331682706610376e-05	2.0220941099324818e-07	2.049349041098524e-05	0.0	(2.049349041098524e-05+0j)
0.004792617180795609	2.2969179441657252e-05	2.2843580049780599e-07	2.3154288785953276e-05	0.0	(2.3154288785953276e-05+0j)
0.00508829052661923	2.5890700483282996e-05	2.574851143410939e-07	2.610179784022855e-05	0.0	(2.610179784022855e-05+0j)
0.005396389157014874	2.91210159339477e-05	2.896032240684576e-07	2.9361031999967223e-05	0.0	(2.9361031999967223e-05+0j)
0.005717219571614335	3.268659963005e-05	3.2505284330852646e-07	3.295872654801793e-05	0.0	(3.295872654801793e-05+0j)
0.006051092485372929	3.661572026653673e-05	3.6411441595163296e-07	3.692342958417899e-05	0.0	(3.692342958417899e-05+0j)
0.00639832294366065	4.093853649137429e-05	4.070870395223025e-07	4.128559826742197e-05	0.0	(4.128559826742197e-05+0j)
0.006759230439628037	4.5687196135994224e-05	4.542894270764819e-07	4.6077698905264296e-05	0.0	(4.6077698905264296e-05+0j)
0.007134139033917196	5.089593975526098e-05	5.060609086227075e-07	5.133431155484648e-05	0.0	(5.133431155484648e-05+0j)
0.007523377476790291	5.660120865827544e-05	5.627624707349455e-07	5.709223905176414e-05	0.0	(5.709223905176414e-05+0j)
0.00792727933274973	6.2841757619441e-05	6.247778404633308e-07	6.339062098850896e-05	0.0	(6.339062098850896e-05+0j)
0.008346183107726328	6.965877246769631e-05	6.925146092684464e-07	7.027105232767585e-05	0.0	(7.027105232767585e-05+0j)
0.008780432378913766	7.709599276067726e-05	7.664054032519019e-07	7.777770727194136e-05	0.0	(7.777770727194136e-05+0j)
0.009230375927329837	8.519983975983015e-05	8.469090972962334e-07	8.595746862310221e-05	0.0	(8.595746862310221e-05+0j)
0.00969636787318723	9.401954993217744e-05	9.345120767778603e-07	9.486006241595595e-05	0.0	(9.486006241595595e-05+0j)
0.010178767814158789	0.00010360731421455489	1.0297295467420753e-06	0.00010453819860929417	0.0	(0.00010453819860929417+0j)
0.010677940966624817	0.00011401842328672454	1.1331068908160269e-06	0.00011504771771752322	0.0	(0.00011504771771752322+0j)
0.011194258309992119	0.0001253114191108276	1.2452210800262264e-06	0.00012644774392367095	0.0	(0.00012644774392367095+0j)
0.011728096734177362	0.0001375482530062217	1.3666821339630708e-06	0.00013880084437384297	0.0	(0.00013880084437384297+0j)
0.012279839190349848	0.00015079445054085202	1.4981346344311586e-06	0.00015217319584707353	0.0	(0.00015217319584707353+0j)
0.012849874845031441	0.00016511928353297182	1.6402592931674675e-06	0.0001666347583124554	0.0	(0.0001666347583124554+0j)
0.013438599237654378	0.0001805959494702848	1.7937745747931277e-06	0.00018225945595184783	0.0	(0.00018225945595184783+0j)
0.014046414441680602	0.00019730175866745336	1.959438375831457e-06	0.00019912536597332277	0.0	(0.00019912536597332277+0j)
0.014673729229389235	0.00021531832949743198	2.138049760375127e-06	0.0002173149158006253	0.0	(0.0002173149158006253+0j)
0.015320959240441951	0.00023473179204728362	2.3304507537902364e-06	0.00023691508830793524	0.0	(0.00023691508830793524+0j)
0.01598852715433943	0.00025563300056504927	2.537528194623828e-06	0.00025801763630663133	0.0	(0.00025801763630663133+0j)
0.01667686286688518	0.00027811775508089373	2.760215645464248e-06	0.0002807193060225165	0.0	(0.0002807193060225165+0j)
0.017386403670776745	0.00030228703260319905	2.999495362698834e-06	0.00030512207029254903	0.0	(0.00030512207029254903+0j)
0.01811759444044789	0.0003282472283085483	3.256400326015485e-06	0.0003313333717175092	0.0	(0.0003313333717175092+0j)
0.01887088782128885	0.0003561104071636678	3.532016326746046e-06	0.00035946637650553965	0.0	(0.00035946637650553965+0j)
0.0196467444233761	0.00038599456643745983	3.827484115176416e-06	0.0003896402389948846	0.0	(0.0003896402389948846+0j)
0.020445633019846577	0.00041802390958224064	4.144001606198877e-06	0.0004219803777746427	0.0	(0.0004219803777746427+0j)
0.021268030750055813	0.0004523291319853196	4.48282614211315e-06	0.0004566187637022992	0.0	(0.0004566187637022992+0j)
0.02211442332766371	0.0004890477191151169	4.8452768113965705e-06	0.0004936942202132604	0.0	(0.0004936942202132604+0j)
0.022985305253795843	0.0005283242576101748	5.2327368217572334e-06	0.0005333527369234143	0.0	(0.0005333527369234143+0j)
0.023881180035433255	0.0005703107598847759	5.646655925374555e-06	0.0005757477964458814	0.0	(0.0005757477964458814+0j)
0.024802560409188133	0.0006151670028514266	6.08855289344068e-06	0.0006210407154405684	0.0	(0.0006210407154405684+0j)
0.025749968570627883	0.0006630608813883238	6.560018037067572e-06	0.0006694010008303818	0.0	(0.0006694010008303818+0j)
0.02672393640931522	0.0007141687772091237	7.062715770590755e-06	0.0007210067207067141	0.0	(0.0007210067207067141+0j)
0.02772500574973721	0.0007686759438229613	7.598387212905122e-06	0.0007760448922009828	0.0	(0.0007760448922009828+0j)
0.028753728598301782	0.0008267769083047978	8.16885282155233e-06	0.0008347118853249467	0.0	(0.0008347118853249467+0j)
0.029810667396585683	0.0008886758906298567	8.776015053606201e-06	0.0008972138451401467	0.0	(0.0008972138451401467+0j)
0.030896395281024336	0.0009545872413613028	9.42186104644499e-06	0.000963767131802173	0.0	(0.000963767131802173+0j)
0.032011496349239346	0.001024735898517364	1.0108465310548764e-05	0.0010345987799455375	0.0	(0.0010345987799455375+0j)
0.033156565933206816	0.0010993578644830908	1.0837992425436621e-05	0.0011099469781275437	0.0	(0.0011099469781275437+0j)
0.03433221087947522	0.0011787007038727565	1.161269972867196e-05	0.0011900615691049757	0.0	(0.0011900615691049757+0j)
0.035539049836649024	0.001263024063291823	1.2434939986667032e-05	0.0012752045719959092	0.0	(0.0012752045719959092+0j)
0.03677771355036136	0.0013526002139924334	1.3307164034588592e-05	0.0013656507275769092	0.0	(0.0013656507275769092+0j)
0.038048845165965975	0.0014477146184636524	1.4231923371327282e-05	0.0014616880667364478	0.0	(0.0014616880667364478+0j)
0.03935310053918671	0.0015486665220473374	1.521187269376903e-05	0.0015636185048560978	0.0	(0.0015636185048560978+0j)
0.040691148554970594	0.0016557695707226853	1.624977235306288e-05	0.0016717584613903324	0.0	(0.0016717584613903324+0j)
0.04206367145479865	0.0017693524562572426	1.7348490713591652e-05	0.001786439507428161	0.0	(0.001786439507428161+0j)
0.04347136517271722	0.0018897595899797317	1.8511006393558127e-05	0.0019080090411157393	0.0	(0.0019080090411157393+0j)
0.04491493968036148	0.0020173518064905104	1.9740410363835656e-05	0.002036830993569224	0.0	(0.002036830993569224+0j)
0.04639511934125177	0.0021525070986889937	2.1039907879667752e-05	0.0021732865651741843	0.0	(0.0021732865651741843+0j)
0.04791264327465291	0.0022956213855641425	2.2412820217259863e-05	0.002317774995131724	0.0	(0.002317774995131724+0j)
0.049468265729297044	0.0024471093142643444	2.386258618489699e-05	0.0024707143649013107	0.0	(0.0024707143649013107+0j)
0.05106275646727974	0.0026074050980367186	2.5392763375512925e-05	0.002632542437215202	0.0	(0.002632542437215202+0j)
0.052696901158450896	0.002776963391703543	2.7007029124805765e-05	0.002803717532056343	0.0	(0.002803717532056343+0j)
0.05437150178563229	0.0029562602064250156	2.8709181136057568e-05	0.002984719442433626	0.0	(0.002984719442433626+0j)
0.05608737706100519	0.003145793865583371	3.0503137729755853e-05	0.0031760503901782705	0.0	(0.0031760503901782705+0j)
0.05784536285402355	0.0033460860037136477	3.239293767281354e-05	0.0033782360248501534	0.0	(0.0033782360248501534+0j)
0.059646312631220576	0.003557682610501303	3.4382739538959053e-05	0.003591826467309286	0.0	(0.003591826467309286+0j)
0.06149109790828906	0.003781155121966791	3.647682054835032e-05	0.0038173973995545055	0.0	(0.0038173973995545055+0j)
0.06338060871482991	0.004017101561062373	3.867957483098209e-05	0.004055551204049904	0.0	(0.004055551204049904+0j)
0.06531575407217595	0.004266147730016969	4.099551105489138e-05	0.004306918154286772	0.0	(0.004306918154286772+0j)
0.06729746248471398	0.004528948456881485	4.3429249356544304e-05	0.004572157657969105	0.0	(0.004572157657969105+0j)
0.06932668244514165	0.004806188898849511	4.598551750719087e-05	0.004851959557482584	0.0	(0.004851959557482584+0j)
0.07140438295411211	0.005098585905057496	4.866914624544055e-05	0.005147045488283314	0.0	(0.005147045488283314+0j)
0.0735315540547355	0.00540688944170449	5.1485063702841165e-05	0.005458170298927342	0.0	(0.005458170298927342+0j)
0.07570920738242252	0.005731884082474661	5.443828884594756e-05	0.005786123535783956	0.0	(0.005786123535783956+0j)
0.07793837673057366	0.0060743905673968255	5.753392385531714e-05	0.006131730995014212	0.0	(0.006131730995014212+0j)
0.0802201186326351	0.00643526743343405	6.077714535904222e-05	0.006495856344623378	0.0	(0.006495856344623378+0j)
0.08255551296106181	0.0068154127202640444	6.41731944361042e-05	0.0068794028208031335	0.0	(0.0068794028208031335+0j)
0.08494566354374737	0.007215765754887531	6.772736530286918e-05	0.007283315002849746	0.0	(0.007283315002849746+0j)
0.08739169879850106	0.007637309018887932	7.144499259479709e-05	0.007708580667753398	0.0	(0.007708580667753398+0j)
0.08989477238617372	0.008081070102361981	7.533143715481418e-05	0.008156232730504044	0.0	(0.008156232730504044+0j)
0.09245606388305627	0.008548123748747782	7.939207024011425e-05	0.008627351274152139	0.0	(0.008627351274152139+0j)
0.09507677947319713	0.00903959399499496	8.363225606043256e-05	0.009123065672996136	0.0	(0.009123065672996136+0j)
0.09775815266131012	0.009556656411752015	8.805733256334568e-05	0.009644556814150114	0.0	(0.009644556814150114+0j)
0.10050144500696728	0.010100540448488468	9.267259038597039e-05	0.010193059421855867	0.0	(0.010193059421855867+0j)
0.10330794688080004	0.010672531888726203	9.748324989788297e-05	0.010769864490808924	0.0	(0.010769864490808924+0j)
0.10617897824345514	0.011273975420824119	0.0001024944362672353	0.01137632183178616	0.0	(0.01137632183178616+0j)
0.10911588944808466	0.011906277330046634	0.00010771115249123353	0.01201384273732434	0.0	(0.01201384273732434+0j)
0.11212006206717451	0.012570908317947065	0.0001131382503435426	0.012683902772113759	0.0	(0.012683902772113759+0j)
0.11519290974454892	0.013269406455415793	0.00011878039920501515	0.0133880446947691	0.0	(0.0133880446947691+0j)
0.11833587907341994	0.014003380276079067	0.000124642052760718	0.0141278815179383	0.0	(0.0141278815179383+0j)
0.12155045050138329	0.014774512017089228	0.00013072741356569078	0.01490509971339803	0.0	(0.01490509971339803+0j)
0.12483813926329666	0.015584561014722251	0.00013704039550454313	0.015721462569323816	0.0	(0.015721462569323816+0j)
0.12820049634301459	0.016435367262595296	0.00014358458419601729	0.016578813708707462	0.0	(0.016578813708707462+0j)
0.1316391094649878	0.017328855140735042	0.00015036319542327493	0.017479080775487668	0.0	(0.017479080775487668+0j)
0.13515560411677824	0.018267037324171283	0.0001573790317040036	0.018424279299202886	0.0	(0.018424279299202886+0j)
0.1387516446035787	0.01925201888019781	0.00016463443715167042	0.019416516745960153	0.0	(0.019416516745960153+0j)
0.14242893513587063	0.020286001563938044	0.00017213125082037755	0.020457996765100888	0.0	(0.020457996765100888+0j)
0.14618922095139725	0.021371288322376444	0.000179870758770824	0.02155102364523972	0.0	(0.02155102364523972+0j)
0.1500342894726754	0.022510288017570552	0.00018785364514373453	0.02269800698687879	0.0	(0.02269800698687879+0j)
0.15396597150131844	0.0237055203803448	0.00019607994257959754	0.02390146660416658	0.0	(0.02390146660416658+0j)
0.1579861424504933	0.024959621206387565	0.000204548982379292	0.025164037670896703	0.0	(0.025164037670896703+0j)
0.16209672361688598	0.02627534780732912	0.00021325934485875813	0.026488476120533917	0.0	(0.026488476120533917+0j)
0.1662996834936075	0.02765558473007403	0.00022220881041159417	0.027877664315838723	0.0	(0.027877664315838723+0j)
0.17059703912552715	0.02910334975839664	0.0002313943118555455	0.02933461700153349	0.0	(0.02933461700153349+0j)
0.17499085750858182	0.030621800211588786	0.00024081188870125805	0.03086248755805043	0.0	(0.03086248755805043+0j)
0.17948325703467147	0.032214239555773946	0.0002504566440431468	0.03246457456794793	0.0	(0.03246457456794793+0j)
0.18407640898381836	0.033884124344377965	0.0002603227048312967	0.034144328719050814	0.0	(0.034144328719050814+0j)
0.18877253906533345	0.035635071505172845	0.00027040318633823836	0.03590536005368407	0.0	(0.03590536005368407+0j)
0.19357392900980788	0.03747086599229414	0.00028069016168325966	0.03775144559347553	0.0	(0.03775144559347553+0j)
0.19848291821381936	0.0393954688226737	0.00029117463731738815	0.0396865373502794	0.0	(0.0396865373502794+0j)
0.2035019054393242	0.04141302551743565	0.0003018465354018996	0.04171477075165281	0.0	(0.04171477075165281+0j)
0.20863335056978574	0.043527874969975115	0.00031269468402950537	0.04384047349939124	0.0	(0.04384047349939124+0j)
0.21387977642517536	0.045744558763682996	0.0003237068162374892	0.04606817488765744	0.0	(0.04606817488765744+0j)
0.21924377063807438	0.048067830963600566	0.0003348695787431155	0.04840261560347011	0.0	(0.04840261560347011+0j)
0.22472798759319407	0.05050266840768679	0.0003461685512907242	0.05084875803815695	0.0	(0.05084875803815695+0j)
0.23033515043273323	0.053054281524869844	0.00035758827743430615	0.05341179713757338	0.0	(0.05341179713757338+0j)
0.2360680531300946	0.05572812570863317	0.0003691123074864094	0.05609717181672434	0.0	(0.05609717181672434+0j)
0.24192956263458582	0.058529913276561985	0.0003807232542417691	0.058910576977703834	0.0	(0.058910576977703834+0j)
0.24792262108984528	0.061465626048059	0.00039240286193040804	0.0618579761548593	0.0	(0.0618579761548593+0j)
0.2540502481288529	0.06454152857433174	0.00040413208866912003	0.06494561482851664	0.0	(0.06494561482851664+0j)
0.2603155432485035	0.06776418205676349	0.00041589120246215787	0.06818003443812265	0.0	(0.06818003443812265+0j)
0.2667216882668555	0.07114045899192165	0.00042765989055262984	0.07156808713813839	0.0	(0.07156808713813839+0j)
0.27327194986629844	0.07467755858372872	0.00043941738164785644	0.07511695133077818	0.0	(0.07511695133077818+0j)
0.2799696822260281	0.07838302296574315	0.0004511425802385526	0.07883414802482319	0.0	(0.07883414802482319+0j)
0.28681832974736315	0.08226475427906714	0.00046281421190855535	0.0827275580572795	0.0	(0.0827275580572795+0j)
0.2938214298755963	0.08633103265413994	0.00047441097819604335	0.08680544023100671	0.0	(0.08680544023100671+0j)
0.30098261602223375	0.0905905351475874	0.0004859117192276348	0.0910764504149443	0.0	(0.0910764504149443+0j)
0.3083056205916502	0.09505235568840255	0.0004972955820139541	0.09554966165815675	0.0	(0.09554966165815675+0j)
0.3157942781163639	0.0997260260910354	0.0005085421919813242	0.10023458537428438	0.0	(0.10023458537428438+0j)
0.32345252850532874	0.1046215381964905	0.0005196318250325171	0.10514119365724521	0.0	(0.10514119365724521+0j)
0.3312844204098322	0.10974936720627844	0.0005305455771941771	0.11027994278162256	0.0	(0.11027994278162256+0j)
0.3392941147118041	0.11512049627806688	0.000541265528734168	0.1156617979655178	0.0	(0.1156617979655178+0j)
0.34748588813954967	0.12074644245613163	0.0005517748995327793	0.12129825945596756	0.0	(0.12129825945596756+0j)
0.3558641370161595	0.12663928401425592	0.0005620581924805066	0.12720139001362085	0.0	(0.12720139001362085+0j)
0.3644333811460802	0.13281168929356416	0.0005721013217628076	0.13338384388089253	0.0	(0.13338384388089253+0j)
0.3731982678455901	0.13927694712294883	0.0005818917230868165	0.13985889731175172	0.0	(0.13985889731175172+0j)
0.38216357612318463	0.14604899891526113	0.0005914184432103364	0.1466404807580869	0.0	(0.1466404807580869+0j)
0.39133422101615867	0.15314247253832372	0.000600672206548685	0.15374321280529452	0.0	(0.15374321280529452+0j)
0.4007152580899652	0.16057271806610743	0.0006096454571537394	0.16118243596842718	0.0	(0.16118243596842718+0j)
0.41031188810723823	0.1683558455221268	0.0006183323749694385	0.16897425444884948	0.0	(0.16897425444884948+0j)
0.4201294618736933	0.17650876473427912	0.0006267288659506192	0.17713557398072782	0.0	(0.17713557398072782+0j)
0.4301734852684612	0.18504922742801502	0.0006348325263631181	0.18568414388702284	0.0	(0.18568414388702284+0j)
0.4404496244667679	0.19399587169291685	0.0006426425823333122	0.19463860148719678	0.0	(0.19463860148719678+0j)
0.45096371136325314	0.2033682689665195	0.0006501598064516147	0.20401851899592785	0.0	(0.20401851899592785+0j)
0.4617217492046207	0.21318697368857467	0.0006573864139217926	0.21384445307321415	0.0	(0.21384445307321415+0j)
0.47272991844072854	0.22347357578897786	0.0006643259413512564	0.22413799719340774	0.0	(0.22413799719340774+0j)
0.4839945828036719	0.23425075618330043	0.0006709831117641047	0.23492183700255898	0.0	(0.23492183700255898+0j)
0.49552229562487815	0.24554234546134915	0.000677363689761032	0.24621980886281508	0.0	(0.24621980886281508+0j)
0.5073198064007199	0.257373385966464	0.0006834743309278938	0.2580569617818911	0.0	(0.2580569617818911+0j)
0.5193940676176739	0.2697701974764328	0.0006893224295967811	0.2704596229414765	0.0	(0.2704596229414765+0j)
0.5317522418485942	0.28276044671100575	0.0006949159688895831	0.28345546705413593	0.0	(0.28345546705413593+0j)
0.5444017091322467	0.29637322090611135	0.0007002633766352669	0.29707358979304865	0.0	(0.29707358979304865+0j)
0.5573500746488577	0.3106391057110872	0.0007053733902704256	0.3113445855549785	0.0	(0.3113445855549785+0j)
0.5706051767050645	0.3255902676826179	0.000710254933239523	0.3263006298298778	0.0	(0.3263006298298778+0j)
0.584175095042342	0.3412605416677293	0.0007149170047453983	0.3419755664738853	0.0	(0.3419755664738853+0j)
0.598068159483679	0.35768552338819526	0.0007193685840047013	0.3584050001977614	0.0	(0.3584050001977614+0j)
0.6122929589340428	0.3749026675602054	0.0007236185494802586	0.3756263946057225	0.0	(0.3756263946057225+0j)
0.6268583507509564	0.3929513919062091	0.0007276756129329359	0.39367917614116366	0.0	(0.39367917614116366+0j)
0.6417734705023628	0.4118731874406471	0.0007315482675928285	0.41260484432114947	0.0	(0.41260484432114947+0j)
0.6570477421298259	0.43171173543790214	0.000735244749317861	0.4324470886647845	0.0	(0.4324470886647845+0j)
0.6726908885360721	0.4525130315194501	0.0007387730093005976	0.4532519127533122	0.0	(0.4532519127533122+0j)
0.6887129426168537	0.4743255173279656	0.0007421406967035645	0.47506776588678185	0.0	(0.47506776588678185+0j)
0.7051242587581799	0.4972002202892726	0.0007453551495416645	0.49794568283723056	0.0	(0.49794568283723056+0j)
0.721935524821055	0.5211909019986521	0.0007484233921708587	0.5219394322316797	0.0	(0.5219394322316797+0j)
0.7391577746370641	0.5463542158064169	0.0007513521378630551	0.547105674141142	0.0	(0.547105674141142+0j)
0.7568024010393578	0.572749874218937	0.0007541477951231021	0.5735041274873959	0.0	(0.5735041274873959+0j)
0.7748811694549418	0.6004408267758582	0.0007568164766102619	0.6011977479294491	0.0	(0.6011977479294491+0j)
0.7934062320855423	0.6294934491121774	0.0007593640097414313	0.6302529169360586	0.0	(0.6302529169360586+0j)
0.8123901427058198	0.6599777439655822	0.0007617959482590608	0.6607396428045904	0.0	(0.6607396428045904+0j)
0.8318458721092578	0.6919675549452116	0.0007641175842308012	0.69273177444193	0.0	(0.69273177444193+0j)
0.8517868242337273	0.7255407939381787	0.0007663339601032964	0.726307228782991	0.0	(0.726307228782991+0j)
0.8722268530004768	0.7607796830951152	0.0007684498805568672	0.7615482327879463	0.0	(0.7615482327879463+0j)
0.8931802799021815	0.7977710124061393	0.0007704699240022933	0.7985415810303305	0.0	(0.7985415810303305+0j)
0.9146619123776685	0.8366064139543736	0.0007723984536290945	0.8373789099608682	0.0	(0.8373789099608682+0j)
0.9366870630130316	0.877382654015979	0.0007742396279614372	0.8781569900183253	0.0	(0.8781569900183253+0j)
0.9592715696111017	0.9202019442641468	0.0007759974109080638	0.9209780368438463	0.0	(0.9209780368438463+0j)
0.9824318161736062	0.9651722734301703	0.0007776755813110539	0.9659500429513143	0.0	(0.9659500429513143+0j)
1.0061847548428828	1.0124077608782323	0.0007792777420086029	1.013187131311024	0.0	(1.013187131311024+0j)
1.0305479288526944	1.0620290336625782	0.0007808073284322253	1.0628099324159557	0.0	(1.0628099324159557+0j)
1.0555394965405518	1.1141636287570815	0.0007822676167609203	1.1149459865191587	0.0	(1.1149459865191587+0j)
1.0811782564769803	1.168946422278603	0.0007836617316552356	1.1697301728649794	0.0	(1.1697301728649794+0j)
1.1074836737704155	1.226520087668016	0.0007849926535936569	1.2273051678772868	0.0	(1.2273051678772868+0j)
1.1344759076098252	1.2870355849471367	0.0007862632258328261	1.287821934423584	0.0	(1.287821934423584+0j)
1.1621758401108537	1.3506526833373687	0.0007874761610120062	1.3514402444401679	0.0	(1.3514402444401679+0j)
1.1906051065351553	1.4175405197075885	0.0007886340474210921	1.4183292373862446	0.0	(1.4183292373862446+0j)
1.2197861269567585	1.4878781955161693	0.0007897393549503792	1.4886680171920388	0.0	(1.4886680171920388+0j)
1.249742139453741	1.5618554151264137	0.0007907944407392588	1.5626462905796707	0.0	(1.5626462905796707+0j)
1.2804972349081958	1.6396731686075352	0.000791801554540029	1.6404650498698723	0.0	(1.6404650498698723+0j)
1.3120763935025515	1.7215444623866623	0.0007927628438120848	1.7223373036385272	0.0	(1.7223373036385272+0j)
1.3445055230056484	1.807695101392692	0.0007936803585608824	1.80848885886603	0.0	(1.80848885886603+0j)
1.3778114989477563	1.8983645266326632	0.0007945560559352548	1.8991591585178342	0.0	(1.8991591585178342+0j)
1.4120222067898245	1.9938067124676058	0.0007953918045958885	1.994602178824751	0.0	(1.994602178824751+0j)
1.4471665861988359	2.0942911282103926	0.0007961893888670529	2.0950873908848915	0.0	(2.0950873908848915+0j)
1.4832746775481236	2.20010376905549	0.0007969505126829879	2.2009007915978014	0.0	(2.2009007915978014+0j)
1.5203776707690226	2.3115482617730385	0.0007976768033397276	2.3123460093616286	0.0	(2.3123460093616286+0j)
1.5585079566882198	2.42894705106049	0.0007983698150625272	2.4297454904289033	0.0	(2.4297454904289033+0j)
1.5976991809937733	2.5526426729481737	0.0007990310323985045	2.553441772315153	0.0	(2.553441772315153+0j)
1.6379863009819313	2.6829991222044702	0.0007996618734435693	2.683798851207553	0.0	(2.683798851207553+0j)
1.6794056452467305	2.8204033212865873	0.000800263692912219	2.8212036509184903	0.0	(2.8212036509184903+0j)
1.7219949764848979	2.965266699039224	0.0008008377850583023	2.966067601587427	0.0	(2.966067601587427+0j)
1.7657935575998587	3.1180268880611655	0.0008013853864544156	3.1188283370502146	0.0	(3.1188283370502146+0j)
1.8108422213008069	3.2791495504456405	0.0008019076786371725	3.2799515205819763	0.0	(3.2799515205819763+0j)
1.8571834434057672	3.449130342460503	0.000802405790625199	3.4499328095799404	0.0	(3.4499328095799404+0j)
1.9048614200715395	3.628497029676962	0.0008028808013163297	3.6292999706944276	0.0	(3.6292999706944276+0j)
1.9539221491884349	3.8178117650891523	0.0008033337417701386	3.818615157950973	0.0	(3.818615157950973+0j)
2.004413516193774	4.017673543900289	0.0008037655973816001	4.0184773675383605	0.0	(4.0184773675383605+0j)
2.056385384575469	4.228720849895599	0.0008041773099513701	4.2295250841838	0.0	(4.2295250841838+0j)
2.109889691355602	4.451634509688637	0.0008045697796578833	4.452439135401083	0.0	(4.452439135401083+0j)
2.1649805478639736	4.687140772629392	0.0008049438669361845	4.687945771400844	0.0	(4.687945771400844+0j)
2.221714346133128	4.936014635813752	0.0008053003942681525	4.936819990101531	0.0	(4.936819990101531+0j)
2.280149871269615	5.1990834354508415	0.0008056401478885259	5.199889128498419	0.0	(5.199889128498419+0j)
2.340348420181257	5.477230727844906	0.0008059638794109122	5.478036743647576	0.0	(5.478036743647576+0j)
2.4023739270672144	5.771400485452349	0.0008062723073777381	5.772206808723802	0.0	(5.772206808723802+0j)
2.4662930961066483	6.082601635903317	0.000806566118737893	6.083408252044325	0.0	(6.083408252044325+0j)
2.53217554181336	6.411912974557783	0.0008068459702556213	6.412719869625782	0.0	(6.412719869625782+0j)
2.600093937557491	6.760488484123218	0.0008071124898540362	6.761295644803559	0.0	(6.761295644803559+0j)
2.6701241727922507	7.129563098129501	0.000807366277896448	7.130370511707762	0.0	(7.130370511707762+0j)
2.742345519563008	7.520458948667304	0.0008076079084085428	7.521266603003012	0.0	(7.521266603003012+0j)
2.8168408089191725	7.934592142792418	0.0008078379302442804	7.935400026294017	0.0	(7.935400026294017+0j)
2.8936966178954187	8.373480116419385	0.0008080568681982428	8.37428821801983	0.0	(8.37428821801983+0j)
2.9730034677792423	8.8387496194274	0.0008082652240670199	8.839557928561296	0.0	(8.839557928561296+0j)
3.0548560344360047	9.332145391130073	0.000808463477662086	9.33295389771168	0.0	(9.33295389771168+0j)
3.139353371521828	9.855539591285467	0.0008086520877764994	9.856348285686858	0.0	(9.856348285686858+0j)
3.2265991474784026	10.410942058508354	0.0008088314931076357	10.411750931539991	0.0	(10.411750931539991+0j)
3.31670189727347	11.000511475377435	0.0008090021131380564	11.001320518267194	0.0	(11.001320518267194+0j)
3.409775289925844	11.626567527788874	0.0008091643489765068	11.627376732163567	0.0	(11.627376732163567+0j)
3.505938412936072	12.291604155300703	0.0008093185841609352	12.292413513166508	0.0	(12.292413513166508+0j)
3.6053160748326105	12.998303999446422	0.0008094651854253365	12.999113503170653	0.0	(12.999113503170653+0j)
3.708039127140636	13.74955416840589	0.000809604503432126	13.750363810697802	0.0	(13.750363810697802+0j)
3.814244807185861	14.548463449144304	0.0008097368734716679	14.5492732230379	0.0	(14.5492732230379+0j)
3.9240771032610224	15.398381112337416	0.0008098626161305047	15.39919101117316	0.0	(15.39919101117316+0j)
4.037687143807751	16.30291747127039	0.0008099820379297508	16.30372748867806	0.0	(16.30372748867806+0j)
4.15523361240365	17.26596637364909	0.0008100954319350463	17.266776503532014	0.0	(17.266776503532014+0j)
4.276883190493413	18.291729825125113	0.0008102030783393978	18.29254006164575	0.0	(18.29254006164575+0j)
4.402811029966271	19.384744965592656	0.0008103052450201657	19.385555303160405	0.0	(19.385555303160405+0j)
4.533201257860082	20.549913644264226	0.000810402188071397	20.550724077524208	0.0	(20.550724077524208+0j)
4.6682475156679075	21.79253486753959	0.0008104941523126445	21.7933453913668	0.0	(21.7933453913668+0j)
4.808153535936197	23.118340425135752	0.0008105813717753579	23.119151034628427	0.0	(23.119151034628427+0j)
4.953133759078175	24.53353403531989	0.0008106640701678772	24.534344725797602	0.0	(24.534344725797602+0j)
5.103413993582461	26.04483438989329	0.0008107424613200133	26.045645156895922	0.0	(26.045645156895922+0j)
5.259232123078992	27.659522524425963	0.0008108167496081485	27.660333363714045	0.0	(27.660333363714045+0j)
5.420838864033355	29.385493989814435	0.0008108871303617476	29.3863048973705	0.0	(29.3863048973705+0j)
5.588498578181307	31.23131635833449	0.0008109537902521274	31.23212733036263	0.0	(31.23212733036263+0j)
5.762490144188762	33.20629266187262	0.0008110169076642902	33.20710369479896	0.0	(33.20710369479896+0j)
5.943107893435154	35.32053143301123	0.0008110766530525894	35.32134252347961	0.0	(35.32134252347961+0j)
6.130662615271313	37.585024102285296	0.0008111331892809602	37.58583524715246	0.0	(37.58583524715246+0j)
6.325482637604348	40.01173059863406	0.0008111866719484095	40.01254179496083	0.0	(40.01254179496083+0j)
6.5279149892138815	42.61367410640327	0.0008112372497004323	42.614485351442745	0.0	(42.614485351442745+0j)
6.738326650815264	45.40504605308725	0.0008112850645269833	45.40585734427015	0.0	(45.40585734427015+0j)
6.957105902559871	48.401322539433394	0.0008113302520476086	48.40213387435085	0.0	(48.40213387435085+0j)
7.1846637764105	51.619393580065186	0.0008113729417843119	51.620204956450095	0.0	(51.620204956450095+0j)
7.421435622657183	55.07770670124501	0.0008114132574227012	55.07851811695354	0.0	(55.07851811695354+0j)
7.667882800757656	58.796426646155076	0.0008114513170619389	58.797238099149	0.0	(58.797238099149+0j)
7.92449450570503	62.797613170949205	0.0008114872334539921	62.79842465928067	0.0	(62.79842465928067+0j)
8.191789742258713	67.10541918137507	0.0008115211142326575	67.10623070317442	0.0	(67.10623070317442+0j)
8.470319460633334	71.74631176518378	0.0008115530621328141	71.74712331865095	0.0	(71.74712331865095+0j)
8.760668868643995	76.74931902602805	0.0008115831752003337	76.75013060942914	0.0	(76.75013060942914+0j)
9.0634599368687	82.14630602722397	0.0008116115469930611	82.14711763888873	0.0	(82.14711763888873+0j)
9.379354115134207	87.97228361708498	0.0008116382667732578	87.97309525540892	0.0	(87.97309525540892+0j)
9.70905528057937	94.26575444134616	0.0008116634196918807	94.2665661047919	0.0	(94.2665661047919+0j)
10.053312939730441	101.06910106415152	0.0008116870869650565	101.06991275124922	0.0	(101.06991275124922+0j)
10.412925709461692	108.42902183076829	0.0008117093460430906	108.42983354011838	0.0	(108.42983354011838+0j)
10.788745104450985	116.3970209288151	0.0008117302707723366	116.39783265908673	0.0	(116.39783265908673+0j)
11.181679661808277	125.02996005929685	0.000811749931550236	125.03077180922813	0.0	(125.03077180922813+0j)
11.592699437005214	134.390680236741	0.0008117683954738271	134.39149200513725	0.0	(134.39149200513725+0j)
12.022840909112986	144.54870352584078	0.0008117857264820031	144.54951531156732	0.0	(144.54951531156732+0j)
12.473212337728176	155.5810260220544	0.0008118019854917917	155.5818378240394	0.0	(155.5818378240394+0j)
12.944999618894892	167.5730151331889	0.0008118172305289133	167.57382695041898	0.0	(167.57382695041898+0j)
13.4394726929019	180.61942626325583	0.0008118315168528652	180.62023809477222	0.0	(180.62023809477222+0j)
13.95799256312947	194.82555639237756	0.0008118448970767657	194.82636823727483	0.0	(194.82636823727483+0j)
14.502018992255339	210.30855485173456	0.0008118574212821845	210.30936670915534	0.0	(210.30936670915534+0j)
15.073118950217209	227.19891488739714	0.0008118691371291736	227.19972675653463	0.0	(227.19972675653463+0j)
15.672975897519757	245.64217348423523	0.0008118800899617028	245.6429853643257	0.0	(245.6429853643257+0j)
16.30339999792458	265.8008514923272	0.0008118903229086986	265.801663382651	0.0	(265.801663382651+0j)
16.966339366471665	287.8566714982861	0.0008118998769808705	287.8574833981626	0.0	(287.8574833981626+0j)
17.663892472366342	312.0130972753203	0.0008119087911635063	312.0139091841113	0.0	(312.0139091841113+0j)
18.398321831796846	338.49824622637243	0.0008119171025054066	338.4990581434756	0.0	(338.4990581434756+0j)
19.172069143522997	367.5682352440266	0.000811924846204122	367.56904716887277	0.0	(367.56904716887277+0j)
19.987772040461227	399.51103114144354	0.0008119320556876492	399.51184307350053	0.0	(399.51184307350053+0j)
20.84828265390689	434.6508896171949	0.0008119387626927363	434.65170155595723	0.0	(434.65170155595723+0j)
21.756688213976226	473.353482040172	0.0008119449973399396	473.35429398516936	0.0	(473.35429398516936+0j)
22.716333940912474	516.031827715052	0.0008119507882055676	516.0326396658397	0.0	(516.0326396658397+0j)
23.73084851776959	563.1531713733272	0.000811956162390646	563.1539833294901	0.0	(563.1539833294901+0j)
24.804172476499513	615.2469722439359	0.0008119611455870244	615.2477842050806	0.0	(615.2477842050806+0j)
25.940589877590973	672.9142031973753	0.0008119657621407475	672.9150151631364	0.0	(672.9150151631364+0j)
27.14476371932338	736.8381973778947	0.0008119700351128043	736.8390093479301	0.0	(736.8390093479301+0j)
28.421775577784274	807.7973269939346	0.0008119739863373636	807.7981389679204	0.0	(807.7981389679204+0j)
29.777170054741106	886.6798564689705	0.000811977636477601	886.6806684466078	0.0	(886.6806684466078+0j)
31.217004699239933	974.5013823923681	0.000811981005079219	974.5021943733752	0.0	(974.5021943733752+0j)
32.747906172853575	1072.4253587060214	0.0008119841106217527	1072.4261706901325	0.0	(1072.4261706901325+0j)
34.37713355070611	1181.7873111630838	0.0008119869705677563	1181.7881231500533	0.0	(1181.7881231500533+0j)
36.1126497942929	1304.123475165243	0.0008119896014099543	1304.1242871548432	0.0	(1304.1242871548432+0j)
37.963202601939585	1441.2047517959124	0.0008119920187164457	1441.205563787932	0.0	(1441.205563787932+0j)
39.93841604370705	1595.0770760802368	0.0008119942371740368	1595.0778880744717	0.0	(1595.0778880744717+0j)
42.0488946259587	1768.1095392649786	0.0008119962706297827	1768.1103512612435	0.0	(1768.1103512612435+0j)
44.3063417144323	1963.0519161160437	0.0008119981321308101	1963.0527281141758	0.0	(1963.0527281141758+0j)
46.7236945829899	2183.1036354845196	0.0008119998339624902	2183.1044474843493	0.0	(2183.1044474843493+0j)
49.31527876000004	2431.9967191765113	0.0008120013876850326	2431.997531177893	0.0	(2431.997531177893+0j)
52.09698483000059	2714.095828377312	0.0008120028041685602	2714.0966403801135	0.0	(2714.0966403801135+0j)
55.08647143290039	3034.5193349277506	0.0008120040936267302	3034.5201469318495	0.0	(3034.5201469318495+0j)
58.30339890885323	3399.2863243248685	0.0008120052656489589	3399.287136330145	0.0	(3399.287136330145+0j)
61.76969889208737	3815.4957012191394	0.0008120063292313062	3815.496513225466	0.0	(3815.496513225466+0j)
65.5098861964565	4291.545189472683	0.0008120072928060762	4291.5460014799955	0.0	(4291.5460014799955+0j)
69.5514206035539	4837.400107972461	0.000812008164270182	4837.400919980625	0.0	(4837.400919980625+0j)
73.92512771679691	5464.924507944735	0.0008120089510123279	5464.925319953685	0.0	(5464.925319953685+0j)
78.66568995306919	6188.290775792411	0.0008120096599390545	6188.291587802071	0.0	(6188.291587802071+0j)
83.81222109797599	7024.488405376012	0.0008120102974996915	7024.48921738631	0.0	(7024.48921738631+0j)
89.40894076792034	7993.958689241488	0.0008120108697102641	7993.959501252358	0.0	(7993.959501252358+0j)
95.50596875190209	9121.390067239297	0.0008120113821763924	9121.390879250679	0.0	(9121.390879250679+0j)
102.16026374241683	10436.719487920167	0.0008120118401152232	10436.720299932007	0.0	(10436.720299932007+0j)
109.43673666083288	11976.399330972483	0.0008120122483764356	11976.40014298473	0.0	(11976.40014298473+0j)
117.40957596921426	13785.008529270695	0.0008120126114623521	13785.009341283307	0.0	(13785.009341283307+0j)
126.1638314734695	15917.312372066013	0.0008120129335471946	15917.313184078947	0.0	(15917.313184078947+0j)
135.79731473932583	18440.910690411518	0.000812013218495515	18440.911502424737	0.0	(18440.911502424737+0j)
146.42288913233602	21439.662461860367	0.000812013469879835	21439.663273873837	0.0	(21439.663273873837+0j)
158.1712416884214	25018.14169725701	0.0008120136909975235	25018.142509270703	0.0	(25018.142509270703+0j)
171.19425391683407	29307.47257414146	0.0008120138848869426	29307.473386155343	0.0	(29307.473386155343+0j)
185.66912113051106	34473.02254137639	0.0008120140543428886	34473.02335339045	0.0	(34473.02335339045+0j)
201.80341259064414	40724.61733322975	0.0008120142019313553	40724.61814524395	0.0	(40724.61814524395+0j)
219.84132123719695	48330.206523316425	0.0008120143300036457	48330.20733533076	0.0	(48330.20733533076+0j)
240.07142706246006	57634.290091806084	0.0008120144407098548	57634.290903820525	0.0	(57634.290903820525+0j)
262.836399308869	69082.97280165122	0.0008120145360117482	69082.97361366576	0.0	(69082.97361366576+0j)
288.5451996188469	83258.3322230802	0.0008120146176950586	83258.33303509482	0.0	(83258.33303509482+0j)
317.6885353347575	100926.00548314345	0.0008120146873812202	100926.00629515813	0.0	(100926.00629515813+0j)
350.858570038611	123101.7361695389	0.0008120147465385621	123101.73698155364	0.0	(123101.73698155364+0j)
388.77425741880654	151145.42323154447	0.0008120147964929807	151145.42404355927	0.0	(151145.42404355927+0j)
432.3141694833717	186895.54113609742	0.0008120148384381076	186895.54194811225	0.0	(186895.54194811225+0j)
482.5594081882106	232863.58243095607	0.000812014873444992	232863.58324297096	0.0	(232863.58324297096+0j)
540.8502227281518	292518.96342509147	0.0008120149024713134	292518.9642371064	0.0	(292518.9642371064+0j)
608.861460144658	370712.27764948504	0.0008120149263701413	370712.27846149995	0.0	(370712.27846149995+0j)
688.7042001214068	474313.47526486666	0.000812014945898256	474313.47607688163	0.0	(474313.47607688163+0j)
783.0642560322963	613189.6290754137	0.0008120149617240458	613189.6298874286	0.0	(613189.6298874286+0j)
895.3932941925091	801729.1512849131	0.0008120149744349927	801729.1520969281	0.0	(801729.1520969281+0j)
1030.1761707171554	1061262.9427134618	0.0008120149845447612	1061262.9435254768	0.0	(1061262.9435254768+0j)
1193.310456657072	1423989.84596711	0.0008120149924999016	1423989.846779125	0.0	(1423989.846779125+0j)
1392.6540178654614	1939485.2134768127	0.0008120149986861788	1939485.2142888277	0.0	(1939485.2142888277+0j)
1638.829218206556	2685761.206447512	0.0008120150034345382	2685761.207259527	0.0	(2685761.207259527+0j)
1946.4273685286264	3788579.5009572734	0.0008120150070267185	3788579.5017692884	0.0	(3788579.5017692884+0j)
2335.8522065964303	5456205.531061413	0.0008120150097005222	5456205.531873427	0.0	(5456205.531873427+0j)
2836.2105753037786	8044090.427464991	0.0008120150116547503	8044090.428277005	0.0	(8044090.428277005+0j)
3489.969969937625	12179890.391066428	0.000812015013053813	12179890.391878443	0.0	(12179890.391878443+0j)
4360.696925764805	19015677.678374622	0.0008120150140320213	19015677.67918664	0.0	(19015677.67918664+0j)
5546.372188325968	30762244.451435786	0.0008120150146975689	30762244.452247802	0.0	(30762244.452247802+0j)
7203.243728879368	51886720.217639945	0.0008120150151362103	51886720.21845196	0.0	(51886720.21845196+0j)
9590.609764578987	91979795.65643781	0.000812015015414642	91979795.65724982	0.0	(91979795.65724982+0j)
13159.681857015545	173177226.57786408	0.0008120150155835916	173177226.5786761	0.0	(173177226.5786761+0j)
18742.01600231651	351263163.8310882	0.0008120150156806212	351263163.8319002	0.0	(351263163.8319002+0j)
27982.86297320777	783040620.1773225	0.0008120150157326497	783040620.1781346	0.0	(783040620.1781346+0j)
44444.61752351378	1975324026.811428	0.0008120150157581975	1975324026.8122401	0.0	(1975324026.8122401+0j)
76813.26603926464	5900277839.618846	0.000812015015769359	5900277839.6196575	0.0	(5900277839.6196575+0j)
150046.63327639527	22513992157.581047	0.0008120150157735042	22513992157.58186	0.0	(22513992157.58186+0j)
355704.3016402785	126525550205.39822	0.0008120150157747143	126525550205.39903	0.0	(126525550205.39903+0j)
1200594.1310054827	1441426267404.8103	0.0008120150157749533	1441426267404.811	0.0	(1441426267404.811+0j)
9605195.204771383	92259774921763.17	0.000812015015774976	92259774921763.17	0.0	(92259774921763.17+0j)
