-25963.925498107445	-674125427.271274	-0.00035809862194614037	-674125427.2716321	0.0	(-674125427.2716321+0j)
-6490.627825950439	-42128249.57500212	-0.0003580986217867605	-42128249.575360216	0.0	(-42128249.575360216+0j)
-2884.461596072092	-8320118.699214761	-0.0003580986210959628	-8320118.699572859	0.0	(-8320118.699572859+0j)
-1622.3034223555637	-2631868.3941865745	-0.00035809861923551426	-2631868.394544673	0.0	(-2631868.394544673+0j)
-1038.1045036316527	-1077660.96046032	-0.0003580986153109151	-1077660.9608184188	0.0	(-1077660.9608184188+0j)
-720.7618889630762	-519497.7005816218	-0.0003580986081704235	-519497.7009397204	0.0	(-519497.7009397204+0j)
-529.4143094470139	-280279.5110472586	-0.0003580985964037998	-280279.5114053572	0.0	(-280279.5114053572+0j)
-405.22237924923235	-164205.1766444087	-0.0003580985783407678	-164205.17700250726	0.0	(-164205.17700250726+0j)
-320.07680939731165	-102449.16391396297	-0.0003580985520491912	-102449.16427206152	0.0	(-102449.16427206152+0j)
-259.17269292908765	-67170.48476011516	-0.00035809851533296293	-67170.48511821368	0.0	(-67170.48511821368+0j)
-214.11054347450596	-45843.32482694831	-0.00035809846572960457	-45843.32518504677	0.0	(-45843.32518504677+0j)
-179.8370922777698	-32341.379758923096	-0.00035809840050757177	-32341.380117021497	0.0	(-32341.380117021497+0j)
-153.16429722491517	-23459.30194440216	-0.0003580983166632628	-23459.302302500477	0.0	(-23459.302302500477+0j)
-132.00026008113662	-17424.06866148771	-0.00035809821091772545	-17424.06901958592	0.0	(-17424.06901958592+0j)
-114.92620417901293	-13208.032406996168	-0.0003580980797130587	-13208.032765094247	0.0	(-13208.032765094247+0j)
-100.95234989431218	-10191.376949183632	-0.00035809791920850243	-10191.377307281551	0.0	(-10191.377307281551+0j)
-89.3711707749886	-7987.206165692176	-0.0003580977252762118	-7987.206523789901	0.0	(-7987.206523789901+0j)
-79.6660394899954	-6346.677848021506	-0.0003580974934967086	-6346.678206119	0.0	(-6346.678206119+0j)
-71.45259678142344	-5105.473586808683	-0.00035809721915400444	-5105.473944905902	0.0	(-5105.473944905902+0j)
-64.4401021455765	-4152.526764532334	-0.0003580968972303882	-4152.527122629231	0.0	(-4152.527122629231+0j)
-58.40534616997556	-3411.1844612346786	-0.0003580965224008711	-3411.1848193312007	0.0	(-3411.1848193312007+0j)
-53.1746662886106	-2827.545134905101	-0.0003580960890272807	-2827.5454930011897	0.0	(-2827.5454930011897+0j)
-48.61131190080035	-2363.059644716894	-0.0003580955911519961	-2363.0600028124854	0.0	(-2363.0600028124854+0j)
-44.60641475236486	-1989.7322370599936	-0.00035809502249131594	-1989.732595155016	0.0	(-1989.732595155016+0j)
-41.07243507516475	-1686.9449230036234	-0.0003580943764284479	-1686.945281098	0.0	(-1686.945281098+0j)
-37.93833703272188	-1439.3174168083967	-0.0003580936460061122	-1439.3177749020426	0.0	(-1439.3177749020426+0j)
-35.145990988493956	-1235.2406825632984	-0.0003580928239187463	-1235.241040656122	0.0	(-1235.241040656122+0j)
-32.64745859752206	-1065.856552876917	-0.0003580919025043018	-1065.856910968824	0.0	(-1065.856910968824+0j)
-30.40292155165993	-924.3376388763878	-0.000358090873735619	-924.3379969672618	0.0	(-924.3379969672618+0j)
-28.379085308632625	-805.3724829546481	-0.0003580897292113694	-805.3728410443781	0.0	(-805.3728410443781+0j)
-26.54793727901791	-704.7929737706688	-0.0003580884601465512	-704.7933318591306	0.0	(-704.7933318591306+0j)
-24.885772290912822	-619.3016625151644	-0.0003580870573625245	-619.3020206022213	0.0	(-619.3020206022213+0j)
-23.372421553405154	-546.2700892700777	-0.00035808551127657203	-546.2704473555905	0.0	(-546.2704473555905+0j)
-21.99063796447735	-483.5881580847126	-0.00035808381189096904	-483.58851616852473	0.0	(-483.58851616852473+0j)
-20.725602554503787	-429.5506012472539	-0.0003580819487815476	-429.5509593292036	0.0	(-429.5509593292036+0j)
-19.56452553191485	-382.770659288948	-0.00035807991108573683	-382.77101736886067	0.0	(-382.77101736886067+0j)
-18.49632176131648	-342.1139186981496	-0.0003580776874900629	-342.11427677583737	0.0	(-342.11427677583737+0j)
-17.511345216339368	-306.6472112858117	-0.0003580752662170886	-306.64756936107835	0.0	(-306.64756936107835+0j)
-16.601170469373372	-275.5988609531945	-0.00035807263501177366	-275.5992190258296	0.0	(-275.5992190258296+0j)
-15.758411931676982	-248.32754660841945	-0.00035806978112723535	-248.32790467820064	0.0	(-248.32790467820064+0j)
-14.976573570196068	-224.2977559034954	-0.00035806669130988714	-224.29811397018688	0.0	(-224.29811397018688+0j)
-14.249923366935638	-203.06031596353833	-0.00035806335178393357	-203.06067402688961	0.0	(-203.06067402688961+0j)
-13.573387972519702	-184.2368610525425	-0.0003580597482351964	-184.2372191122905	0.0	(-184.2372191122905+0j)
-12.942463925037897	-167.50737245090735	-0.0003580558657942485	-167.50773050677347	0.0	(-167.50773050677347+0j)
-12.35314252275965	-152.60013018761268	-0.0003580516890188284	-152.60048823930168	0.0	(-152.60048823930168+0j)
-11.801846002556928	-139.28356906806894	-0.0003580472018755083	-139.28392711527107	0.0	(-139.28392711527107+0j)
-11.285373120608226	-127.35964647134664	-0.0003580423877205871	-127.36000451373437	0.0	(-127.36000451373437+0j)
-10.800852585031993	-116.6584165635923	-0.0003580372292801784	-116.65877460082201	0.0	(-116.65877460082201+0j)
-10.345703071874341	-107.03357205139018	-0.000358031708629461	-107.03393008309884	0.0	(-107.03393008309884+0j)
-9.917598781876578	-98.35876559827977	-0.00035802580717106066	-98.35912362408689	0.0	(-98.35912362408689+0j)
-9.514439677583534	-90.52456237837586	-0.00035801950561252635	-90.52492039788163	0.0	(-90.52492039788163+0j)
-9.134325687808028	-83.4359057709496	-0.0003580127839428668	-83.43626378373372	0.0	(-83.43626378373372+0j)
-8.775534286370473	-77.01000201126372	-0.00035800562140810737	-77.01036001688546	0.0	(-77.01036001688546+0j)
-8.436500949941994	-71.17454827837217	-0.000357997996485829	-71.17490627636865	0.0	(-71.17490627636865+0j)
-8.115802080094475	-65.86624340326581	-0.00035798988685864627	-65.86660139315256	0.0	(-65.86660139315256+0j)
-7.812140040731365	-61.02953201599826	-0.00035798126938658167	-61.029889997267674	0.0	(-61.029889997267674+0j)
-7.524330016657525	-56.61554219957343	-0.00035797212007828935	-56.61590017169303	0.0	(-56.61590017169303+0j)
-7.251288444301806	-52.5811841024649	-0.00035796241406108113	-52.58154206487968	0.0	(-52.58154206487968+0j)
-6.9920228032587755	-48.8883828812907	-0.0003579521255497034	-48.88874083341892	0.0	(-48.88874083341892+0j)
-6.745622588745905	-45.50342410979901	-0.0003579412278138127	-45.50378205103493	0.0	(-45.50378205103493+0j)
-6.511251311394057	-42.396393640130825	-0.0003579296931440941	-42.396751569845165	0.0	(-42.396751569845165+0j)
-6.28813939289932	-39.540697024532236	-0.0003579174928169648	-39.54105494207411	0.0	(-39.54105494207411+0j)
-6.075577844694438	-36.91264614694191	-0.000357904597057801	-36.91300405164141	0.0	(-36.91300405164141+0j)
-5.872912632539629	-34.49110278944356	-0.00035789097500262516	-34.491460680614665	0.0	(-34.491460680614665+0j)
-5.679539643272203	-32.25717055950054	-0.0003578765946581853	-32.25752843644185	0.0	(-32.25752843644185+0j)
-5.494900181287662	-30.19392800231518	-0.0003578614228603572	-30.194285864310856	0.0	(-30.194285864310856+0j)
-5.318476931980488	-28.28619687600858	-0.00035784542523079494	-28.286554722324208	0.0	(-28.286554722324208+0j)
-5.149790337618319	-26.520340521427006	-0.0003578285661317517	-26.520698351304894	0.0	(-26.520698351304894+0j)
-4.988395338183129	-24.884088050007175	-0.00035781080861899047	-24.884445862658254	0.0	(-24.884445862658254+0j)
-4.833878435771186	-23.366380731813685	-0.000357792114392699	-23.366738526408714	0.0	(-23.366738526408714+0j)
-4.685855046355183	-21.957237515452334	-0.0003577724437463182	-21.957595291112654	0.0	(-21.957595291112654+0j)
-4.543967107204298	-20.6476370713546	-0.0003577517555131911	-20.647994827143588	0.0	(-20.647994827143588+0j)
-4.40788091213969	-19.429414135605423	-0.00035773000701093296	-19.429771870521776	0.0	(-19.429771870521776+0j)
-4.277285150163216	-18.295168255806765	-0.00035770715398341794	-18.295525968779142	0.0	(-18.295525968779142+0j)
-4.1518891259130415	-17.23818331387496	-0.0003576831505402742	-17.238541003759895	0.0	(-17.238541003759895+0j)
-4.031421142934009	-16.252356431695354	-0.00035765794909377167	-16.252714097276296	0.0	(-16.252714097276296+0j)
-3.915627032958444	-15.332135061234949	-0.00035763150029298246	-15.332492701223698	0.0	(-15.332492701223698+0j)
-3.804268816319107	-14.472461226817979	-0.00035760375295508675	-14.472818839857144	0.0	(-14.472818839857144+0j)
-3.6971234803003905	-13.668722028588473	-0.00035757465399369117	-13.669079613254668	0.0	(-13.669079613254668+0j)
-3.5939818637085126	-12.916705636665714	-0.00035754414834401877	-12.917063191473233	0.0	(-12.917063191473233+0j)
-3.4946476372356603	-12.212562108436783	-0.00035751217888482404	-12.212919631840766	0.0	(-12.212919631840766+0j)
-3.39893637032993	-11.552768449551598	-0.00035747868635687693	-11.553125939950482	0.0	(-11.553125939950482+0j)
-3.306674676284117	-10.93409741477867	-0.0003574436092778529	-10.934454870515681	0.0	(-10.934454870515681+0j)
-3.2176994281387747	-10.353589609844597	-0.0003574068838534573	-10.35394702920794	0.0	(-10.35394702920794+0j)
-3.1318570387744358	-9.808528511320977	-0.0003573684438846032	-9.80888589254314	0.0	(-9.80888589254314+0j)
-3.0490027992569613	-9.296418069876786	-0.0003573282206704516	-9.296775411132003	0.0	(-9.296775411132003+0j)
-2.969000270110649	-8.814962603917106	-0.000357286142907114	-8.815319903318601	0.0	(-8.815319903318601+0j)
-2.8917207207350946	-8.362048726728695	-0.0003572421365818058	-8.36240598232489	0.0	(-8.36240598232489+0j)
-2.8170426126629335	-7.935729081558806	-0.0003571961248622281	-7.936086291329023	0.0	(-7.936086291329023+0j)
-2.7448511227833454	-7.534207686244992	-0.00035714802798094265	-7.534564848095104	0.0	(-7.534564848095104+0j)
-2.675037703037414	-7.155826712671685	-0.00035709776311449365	-7.156183824429377	0.0	(-7.156183824429377+0j)
-2.6074996734312905	-6.799054546944287	-0.00035704524425701447	-6.799411606354723	0.0	(-6.799411606354723+0j)
-2.542139845516731	-6.462474994163829	-0.00035699038208804497	-6.462831998885246	0.0	(-6.462831998885246+0j)
-2.4788661737599393	-6.144777507411241	-0.0003569330838342699	-6.145134455010626	0.0	(-6.145134455010626+0j)
-2.4175914324627716	-5.844748334317396	-0.0003568732531248708	-5.845105222266354	0.0	(-5.845105222266354+0j)
-2.358232916118114	-5.561262486662943	-0.00035681078984017026	-5.561619312333612	0.0	(-5.561619312333612+0j)
-2.3007121612768358	-5.293276449047129	-0.0003567455899532264	-5.2936332097079	0.0	(-5.2936332097079+0j)
-2.2449546881792823	-5.039821551978139	-0.00035667754536401807	-5.0401782447895	0.0	(-5.0401782447895+0j)
-2.1908897605623596	-4.799997942936994	-0.0003566065437258407	-4.800354564947226	0.0	(-4.800354564947226+0j)
-2.13845016219549	-4.572969096193918	-0.00035653246826351163	-4.573325644334632	0.0	(-4.573325644334632+0j)
-2.0875719888270416	-4.35795680853529	-0.00035645519758295975	-4.358313279616694	0.0	(-4.358313279616694+0j)
-2.0381944543385164	-4.154236633696283	-0.00035637460547175196	-4.154593024402495	0.0	(-4.154593024402495+0j)
-1.9902597100084227	-3.961133713282811	-0.0003562905606900824	-3.961490020166757	0.0	(-3.961490020166757+0j)
-1.9437126758822836	-3.778018966385467	-0.0003562029267517223	-3.778375185863649	0.0	(-3.778375185863649+0j)
-1.89850088333086	-3.604305604008056	-0.00035611156169440187	-3.6046617323550723	0.0	(-3.6046617323550723+0j)
-1.8545743279562	-3.4394459379141904	-0.00035601631783906156	-3.4398019712570176	0.0	(-3.4398019712570176+0j)
-1.8118853320755182	-3.282928456590411	-0.00035591704153738077	-3.2832843909025096	0.0	(-3.2832843909025096+0j)
-1.7703884160767358	-3.1342751437786935	-0.0003558135729069543	-3.1346309748736734	0.0	(-3.1346309748736734+0j)
-1.7300401779976016	-2.993039017485973	-0.0003557057455534522	-2.993394741011172	0.0	(-2.993394741011172+0j)
-1.6907991807330216	-2.858801869567457	-0.0003555933862790577	-2.8591574809970735	0.0	(-2.8591574809970735+0j)
-1.6526258463233479	-2.731172187935962	-0.000355476314776437	-2.731527682564002	0.0	(-2.731527682564002+0j)
-1.6154823568201164	-2.609783245197078	-0.00035535434330744915	-2.6101386181299127	0.0	(-2.6101386181299127+0j)
-1.579332561265664	-2.494291339073962	-0.0003552272763657582	-2.4946465852225415	0.0	(-2.4946465852225415+0j)
-1.544141888359463	-2.3843741713863285	-0.00035509491032245704	-2.384729285458103	0.0	(-2.384729285458103+0j)
-1.5098772644173457	-2.279729353604407	-0.0003549570330537609	-2.2800843300948044	0.0	(-2.2800843300948044+0j)
-1.4765070362601456	-2.180073028125719	-0.00035481342354976773	-2.1804278613092887	0.0	(-2.1804278613092887+0j)
-1.4440008986961979	-2.085138595435427	-0.00035466385150322553	-2.085493279356494	0.0	(-2.085493279356494+0j)
-1.4123298262875472	-1.9946755382214134	-0.0003545080768771766	-1.9950300666844154	0.0	(-1.9950300666844154+0j)
-1.3814660091131397	-1.9084483343349852	-0.0003543458494502817	-1.90880270089426	0.0	(-1.90880270089426+0j)
-1.3513827922636295	-1.826235451226244	-0.00035417690833855264	-1.8265896491754035	0.0	(-1.8265896491754035+0j)
-1.3220546188221383	-1.7478284151489494	-0.00035400098149213977	-1.748182437509668	0.0	(-1.748182437509668+0j)
-1.2934569761033048	-1.6730309490303052	-0.0003538177851657378	-1.6733847885406505	0.0	(-1.6733847885406505+0j)
-1.2655663449395995	-1.6016581734437774	-0.0003536270233610816	-1.602011822545976	0.0	(-1.602011822545976+0j)
-1.2383601518190859	-1.5335358656133895	-0.000353428387239906	-1.5338893164409746	0.0	(-1.5338893164409746+0j)
-1.2118167236928987	-1.4684997718217911	-0.0003532215545056404	-1.4688530161861466	0.0	(-1.4688530161861466+0j)
-1.1859152452835946	-1.4063949689960484	-0.0003530061887519957	-1.4067479983723123	0.0	(-1.4067479983723123+0j)
-1.1606357187374863	-1.3470752716092813	-0.0003527819387764852	-1.3474280771215654	0.0	(-1.3474280771215654+0j)
-1.1359589254750273	-1.2904026803663786	-0.00035254843785678897	-1.2907552527722115	0.0	(-1.2907552527722115+0j)
-1.1118663901034846	-1.2362468694417543	-0.00035230530298773903	-1.236599199115847	0.0	(-1.236599199115847+0j)
-1.0883403462654702	-1.1844847093092434	-0.00035205213407655205	-1.1848367862263764	0.0	(-1.1848367862263764+0j)
-1.065363704305586	-1.13499982245172	-0.0003517885130937828	-1.135351636168813	0.0	(-1.135351636168813+0j)
-1.0429200206454015	-1.0876821694630046	-0.00035151400317729955	-1.0880337091003065	0.0	(-1.0880337091003065+0j)
-1.020993468764418	-1.0424276632595986	-0.0003512281476864057	-1.0427789174808995	0.0	(-1.0427789174808995+0j)
-0.9995688116914875	-0.9991378093063323	-0.0003509304692030342	-0.9994887662981822	0.0	(-0.9994887662981822+0j)
-0.9786313759175298	-0.9577193699302375	-0.0003506204684767352	-0.9580700173801181	0.0	(-0.9580700173801181+0j)
-0.9581670266462455	-0.918084050952107	-0.00035029762330995444	-0.9184343760254999	0.0	(-0.9184343760254999+0j)
-0.9381621443049951	-0.8801482090069465	-0.00034996138737985614	-0.8804981983232151	0.0	(-0.8804981983232151+0j)
-0.9186036022430514	-0.8438325780539101	-0.00034961118899268933	-0.8441822176609103	0.0	(-0.8441822176609103+0j)
-0.89947874554915	-0.8090620136946725	-0.0003492464297664164	-0.8094112890420782	0.0	(-0.8094112890420782+0j)
-0.8807753709246038	-0.7757652540273734	-0.0003488664832370242	-0.7761141499385564	0.0	(-0.7761141499385564+0j)
-0.8624817075523156	-0.743874695862358	-0.0003484706933836161	-0.7442231965049818	0.0	(-0.7442231965049818+0j)
-0.8445863989057804	-0.7133261852166339	-0.0003480583730670364	-0.7136742740711902	0.0	(-0.7136742740711902+0j)
-0.8270784854456875	-0.6840588210871323	-0.0003476288023764056	-0.684406480914649	0.0	(-0.684406480914649+0j)
-0.8099473881549796	-0.6560147715790732	-0.00034718122687754107	-0.6563619843861985	0.0	(-0.6563619843861985+0j)
-0.7931828928662812	-0.6291391015357225	-0.0003467148557568052	-0.6294858485385174	0.0	(-0.6294858485385174+0j)
-0.776775135338431	-0.6033796108800378	-0.000346228859853453	-0.6037258724656185	0.0	(-0.6037258724656185+0j)
-0.7607145870414965	-0.5786866829377146	-0.00034572236957304726	-0.5790324386238553	0.0	(-0.5790324386238553+0j)
-0.7449920416121038	-0.5550131420653706	-0.0003451944726739618	-0.5553583704576909	0.0	(-0.5553583704576909+0j)
-0.7295986019432299	-0.5323141199575157	-0.0003446442119184076	-0.5326587987046673	0.0	(-0.5326587987046673+0j)
-0.7145256678747282	-0.5105469300518263	-0.0003440705825787791	-0.5108910357977989	0.0	(-0.5108910357977989+0j)
-0.6997649244528762	-0.48967094949453954	-0.00034347252978943974	-0.49001445782869285	0.0	(-0.49001445782869285+0j)
-0.6853083307291001	-0.4696475081667057	-0.00034284894573333744	-0.4699903935707733	0.0	(-0.4699903935707733+0j)
-0.6711481090697825	-0.4504397843079447	-0.0003421986666520759	-0.45078202010001983	0.0	(-0.45078202010001983+0j)
-0.6572767349506936	-0.4320127063074443	-0.0003415204696672808	-0.43235426458291076	0.0	(-0.43235426458291076+0j)
-0.6436869272111243	-0.4143328602624992	-0.00034081306940032883	-0.41467371183148655	0.0	(-0.41467371183148655+0j)
-0.6303716387442216	-0.39736840293307546	-0.00034007511437681326	-0.3977085172542931	0.0	(-0.3977085172542931+0j)
-0.6173240476013827	-0.3810889797469542	-0.00033930518320162057	-0.38142832485794026	0.0	(-0.38142832485794026+0j)
-0.6045375484898089	-0.365465647534068	-0.00033850178049036207	-0.36580418997698	0.0	(-0.36580418997698+0j)
-0.5920057446435135	-0.35047080169092093	-0.00033766333254341623	-0.35080850643425715	0.0	(-0.35080850643425715+0j)
-0.5797224400491665	-0.3360781074965595	-0.00033678818275038804	-0.33641493785218174	0.0	(-0.33641493785218174+0j)
-0.5676816320092142	-0.32226243532064486	-0.0003358745867159184	-0.3225983528561225	0.0	(-0.3225983528561225+0j)
-0.5558775040256674	-0.30899979948180584	-0.00033492070710317755	-0.3093347639272818	0.0	(-0.3093347639272818+0j)
-0.544304418988884	-0.2962673005308266	-0.0003339246081999251	-0.2966012696806788	0.0	(-0.2966012696806788+0j)
-0.5329569126565085	-0.2840430707483572	-0.0003328842502246976	-0.2843760003570615	0.0	(-0.2843760003570615+0j)
-0.5218296874085603	-0.27230622266091575	-0.0003317974834085793	-0.2726380663330092	0.0	(-0.2726380663330092+0j)
-0.5109176062654007	-0.261036800391967	-0.0003306620419121471	-0.26136750946587173	0.0	(-0.26136750946587173+0j)
-0.5002156871560363	-0.2502157336769855	-0.0003294755376684475	-0.25054525710286696	0.0	(-0.25054525710286696+0j)
-0.489719097424872	-0.2398247943826313	-0.0003282354542817727	-0.24015307859391782	0.0	(-0.24015307859391782+0j)
-0.47942314856567775	-0.22984655538062793	-0.00032693914115857853	-0.23017354415967206	0.0	(-0.23017354415967206+0j)
-0.4693232911721022	-0.22026435163661381	-0.0003255838081003847	-0.22058998597513813	0.0	(-0.22058998597513813+0j)
-0.4594151100946494	-0.21106224338327884	-0.0003241665206473523	-0.21138646133791286	0.0	(-0.21138646133791286+0j)
-0.44969431979454255	-0.2022249812554763	-0.0003226841965228757	-0.2025477177999032	0.0	(-0.2025477177999032+0j)
-0.44015675988541014	-0.1937379732728226	-0.00032113360359044946	-0.19405916014779007	0.0	(-0.19405916014779007+0j)
-0.4307983908541856	-0.18558725356255565	-0.00031951135978988416	-0.18590681912580947	0.0	(-0.18590681912580947+0j)
-0.4216152899530627	-0.1777594527222051	-0.00031781393556563523	-0.17807732180087824	0.0	(-0.17807732180087824+0j)
-0.41260364725475723	-0.17024176972792815	-0.000316037659330229	-0.17055786347638283	0.0	(-0.17055786347638283+0j)
-0.4037597618637247	-0.16302194530025169	-0.00031417872651528627	-0.163336181066884	0.0	(-0.163336181066884+0j)
-0.39508003827635235	-0.15608823664444404	-0.0003122332127467953	-0.15640052785173064	0.0	(-0.15640052785173064+0j)
-0.3865609828834897	-0.14942939348784964	-0.00031019709163642996	-0.1497396495300858	0.0	(-0.1497396495300858+0j)
-0.37819920060902373	-0.1430346353413046	-0.00030806625760472034	-0.14334276150522768	0.0	(-0.14334276150522768+0j)
-0.3699913916785018	-0.13689362991619455	-0.0003058365540444045	-0.1371995273297349	0.0	(-0.1371995273297349+0j)
-0.3619343485121183	-0.13099647263289152	-0.0003035038069950324	-0.13130003824748318	0.0	(-0.13130003824748318+0j)
-0.354024952736643	-0.1253336671601823	-0.00030106386433660496	-0.12563479377236644	0.0	(-0.12563479377236644+0j)
-0.3462601723111496	-0.119896106928947	-0.00029851264032646483	-0.12019468324637006	0.0	(-0.12019468324637006+0j)
-0.3386370587616388	-0.11467505756673362	-0.00029584616510717554	-0.1149709683237015	0.0	(-0.1149709683237015+0j)
-0.33115274451989835	-0.10966214020306106	-0.00029306063861242254	-0.10995526632993399	0.0	(-0.10995526632993399+0j)
-0.32380444036215683	-0.10484931559824957	-0.00029015248810237786	-0.10513953444832728	0.0	(-0.10513953444832728+0j)
-0.31658943294330893	-0.10022886905136591	-0.00028711842837901845	-0.10051605468791663	0.0	(-0.10051605468791663+0j)
-0.3095050824226829	-0.09579339604547173	-0.00028395552357458664	-0.09607741959055577	0.0	(-0.09607741959055577+0j)
-0.3025488201775176	-0.09153578859080788	-0.0002806612492807498	-0.09181651863613999	0.0	(-0.09181651863613999+0j)
-0.29571814660049234	-0.08744922222883028	-0.0002772335536985184	-0.08772652530772462	0.0	(-0.08772652530772462+0j)
-0.28901062897782787	-0.08352714366215967	-0.00027367091644424666	-0.08380088478022768	0.0	(-0.08380088478022768+0j)
-0.28242389944463353	-0.07976325897751248	-0.0002699724036475437	-0.0800333021984031	0.0	(-0.0800333021984031+0j)
-0.27595565301433805	-0.07615152243056975	-0.0002661377180229814	-0.07641773151166938	0.0	(-0.07641773151166938+0j)
-0.26960364567917633	-0.07268612576350285	-0.00026216724268724	-0.07294836483536807	0.0	(-0.07294836483536807+0j)
-0.26336569257885506	-0.06936148802754	-0.0002580620776230075	-0.06961962230971792	0.0	(-0.06961962230971792+0j)
-0.2572396662346413	-0.06617224588450965	-0.0002538240678550499	-0.06642614242943723	0.0	(-0.06642614242943723+0j)
-0.2512234948462501	-0.06311324436276386	-0.0002494558225956574	-0.06336277281872309	0.0	(-0.06336277281872309+0j)
-0.24531516064902248	-0.060179528044255706	-0.00024496072482846717	-0.06042456142780875	0.0	(-0.06042456142780875+0j)
-0.23951269832899913	-0.05736633266083814	-0.00024034293102336162	-0.057606748128897246	0.0	(-0.057606748128897246+0j)
-0.2338141934936016	-0.05466907707906337	-0.0002356073609025739	-0.054904756690655046	0.0	(-0.054904756690655046+0j)
-0.22821778119573657	-0.052083355653905095	-0.00023075967740149018	-0.05231418711186166	0.0	(-0.05231418711186166+0j)
-0.22272164450923196	-0.049604930932896696	-0.0002258062571797419	-0.04983080829604651	0.0	(-0.04983080829604651+0j)
-0.21732401315361113	-0.04722972669319094	-0.00022075415223283187	-0.047450551050205396	0.0	(-0.047450551050205396+0j)
-0.21202316216629263	-0.04495382129499403	-0.0002156110433265838	-0.045169501391785084	0.0	(-0.045169501391785084+0j)
-0.20681741062039433	-0.0427734413357248	-0.00021038518612228536	-0.042983894149153566	0.0	(-0.042983894149153566+0j)
-0.20170512038639057	-0.04068495559008831	-0.00020508535097685232	-0.04089010684176959	0.0	(-0.04089010684176959+0j)
-0.19668469493595742	-0.03868486922205063	-0.00019972075748833087	-0.03888465382712485	0.0	(-0.03888465382712485+0j)
-0.1917545781864028	-0.03676981825544526	-0.00019430100491232074	-0.03696418070230017	0.0	(-0.03696418070230017+0j)
-0.18691325338415507	-0.034936564290649355	-0.00018883599960031918	-0.03512545894876132	0.0	(-0.03512545894876132+0j)
-0.1821592420258436	-0.03318198945542987	-0.00018333588060825547	-0.033365380809634006	0.0	(-0.033365380809634006+0j)
-0.17749110281557054	-0.031503091578687435	-0.0001778109445950943	-0.03168095438929152	0.0	(-0.03168095438929152+0j)
-0.17290743065703004	-0.029896979576415652	-0.00017227157108033316	-0.03006929896560809	0.0	(-0.03006929896560809+0j)
-0.16840685567919006	-0.02836086903975155	-0.00016672814905891535	-0.02852764050571907	0.0	(-0.02852764050571907+0j)
-0.16398804229430336	-0.02689207801551823	-0.00016119100588611745	-0.027053307376537206	0.0	(-0.027053307376537206+0j)
-0.15964968828706846	-0.025488022970158127	-0.00015567033924702612	-0.025643726241656176	0.0	(-0.025643726241656176+0j)
-0.15539052393380848	-0.024146214928423504	-0.00015017615291888659	-0.02429641813660368	0.0	(-0.02429641813660368+0j)
-0.15120931115058361	-0.02286425577863401	-0.00014471819692329606	-0.02300899471477496	0.0	(-0.02300899471477496+0j)
-0.14710484266919818	-0.02163983473672955	-0.00013930591255208367	-0.02177915465663	0.0	(-0.02177915465663+0j)
-0.1430759412401047	-0.020470724961741894	-0.00013394838263857642	-0.020604680235051562	0.0	(-0.020604680235051562+0j)
-0.13912145886124935	-0.019354780315682295	-0.0001286542873372419	-0.019483434030061142	0.0	(-0.019483434030061142+0j)
-0.13524027603194239	-0.01828993226119597	-0.00012343186557147394	-0.01841335578635657	0.0	(-0.01841335578635657+0j)
-0.13143130103087308	-0.01727418689066798	-0.00011828888221318105	-0.01739245940742957	0.0	(-0.01739245940742957+0j)
-0.127693469217426	-0.01630562208078172	-0.00011323260097011952	-0.016418830080301292	0.0	(-0.016418830080301292+0j)
-0.12402574235548795	-0.015382384766829878	-0.00010826976287844416	-0.01549062152519503	0.0	(-0.01549062152519503+0j)
-0.12042710795896928	-0.014502688331361244	-0.00010340657022928299	-0.014606053364727064	0.0	(-0.014606053364727064+0j)
-0.1168965786582923	-0.013664810102014318	-9.86486756995006e-05	-0.013763408607444658	0.0	(-0.013763408607444658+0j)
-0.11343319158713124	-0.01286708895364282	-9.400117640816337e-05	-0.012961031240774622	0.0	(-0.012961031240774622+0j)
-0.11003600778871571	-0.012107923010078304	-8.946861258129636e-05	-0.01219732392864397	0.0	(-0.01219732392864397+0j)
-0.1067041116410371	-0.01138576744110291	-8.505497047788102e-05	-0.011470745809216672	0.0	(-0.011470745809216672+0j)
-0.10343661030032315	-0.010699132350420918	-8.076368920908127e-05	-0.010779810388342007	0.0	(-0.010779810388342007+0j)
-0.10023263316217232	-0.010046580750622607	-7.659767106972202e-05	-0.010123083524455607	0.0	(-0.010123083524455607+0j)
-0.09709133133976106	-0.009426726621327267	-7.255929499528049e-05	-0.009499181500799458	0.0	(-0.009499181500799458+0j)
-0.09401187715856299	-0.008838233046876738	-6.865043275829491e-05	-0.0089067691809434	0.0	(-0.0089067691809434+0j)
-0.09099346366703809	-0.00827981043012458	-6.487246752429182e-05	-0.008344558243731334	0.0	(-0.008344558243731334+0j)
-0.08803530416277376	-0.0077502147790320915	-6.122631439827086e-05	-0.007811305493892852	0.0	(-0.007811305493892852+0j)
-0.08513663173357726	-0.007248246062938754	-5.7712442607655265e-05	-0.007305811244704695	0.0	(-0.007305811244704695+0j)
-0.0822966988130406	-0.006772746635524317	-5.433089898565168e-05	-0.006826917769231112	0.0	(-0.006826917769231112+0j)
-0.07951477675011609	-0.006322599721620802	-5.108133243945586e-05	-0.006373507816822126	0.0	(-0.006373507816822126+0j)
-0.07679015539225904	-0.005896727965167291	-4.796301911002713e-05	-0.005944503191688399	0.0	(-0.005944503191688399+0j)
-0.07412214268171152	-0.005494092035728001	-4.497488795365521e-05	-0.0055388633905261555	0.0	(-0.0055388633905261555+0j)
-0.0715100642645166	-0.0051136892911152945	-4.2115546499709045e-05	-0.005155584296302061	0.0	(-0.005155584296302061+0j)
-0.06895326311186932	-0.004754552493774679	-3.93833065633463e-05	-0.004793696925432183	0.0	(-0.004793696925432183+0j)
-0.06645109915342487	-0.004415748578698303	-3.677620971617136e-05	-0.004452266225741934	0.0	(-0.004452266225741934+0j)
-0.06400294892219965	-0.004096377470737698	-3.4292052341515e-05	-0.0041303899227004386	0.0	(-0.0041303899227004386+0j)
-0.06160820521071407	-0.0037955709492854565	-3.1928410123910496e-05	-0.0038271974115697428	0.0	(-0.0038271974115697428+0j)
-0.05926627673804003	-0.003512491558389945	-2.9682661844226445e-05	-0.0035418486932455636	0.0	(-0.0035418486932455636+0j)
-0.05697658782742883	-0.003246331560456711	-2.7552012372621204e-05	-0.003273533351701908	0.0	(-0.003273533351701908+0j)
-0.05473857809420695	-0.002996311931775593	-2.5533514770879634e-05	-0.0030214695711101784	0.0	(-0.0030214695711101784+0j)
-0.05255170214364006	-0.002761681398193863	-2.3624091433692472e-05	-0.0027849031908538952	0.0	(-0.0027849031908538952+0j)
-0.05041542927847616	-0.0025417155093330314	-2.1820554215011775e-05	-0.002563106796813061	0.0	(-0.002563106796813061+0j)
-0.048329243215890466	-0.0023357157498206946	-2.0119623500683848e-05	-0.0023553788474447875	0.0	(-0.0023553788474447875+0j)
-0.04629264181356468	-0.0021430086860789975	-1.8517946202242828e-05	-0.002161042833326082	0.0	(-0.002161042833326082+0j)
-0.04430513680464409	-0.0019629451472782285	-1.7012112658908436e-05	-0.0019794464689548647	0.0	(-0.0019794464689548647+0j)
-0.042366253541325026	-0.0017948994391278354	-1.5598672445700948e-05	-0.0018099609157149206	0.0	(-0.0018099609157149206+0j)
-0.04047553074683558	-0.0016382685892380325	-1.4274149095038196e-05	-0.0016519800350022582	0.0	(-0.0016519800350022582+0j)
-0.03863252027558087	-0.0014924716228431668	-1.3035053747462601e-05	-0.0015049196705861094	0.0	(-0.0015049196705861094+0j)
-0.03683678688123302	-0.0013569488677333812	-1.1877897754140281e-05	-0.0013682169593268916	0.0	(-0.0013682169593268916+0j)
-0.03508790799255519	-0.0012311612872940186	-1.0799204259792553e-05	-0.0012413296694123567	0.0	(-0.0012413296694123567+0j)
-0.033385473496756204	-0.001114589840602611	-9.795518799584918e-06	-0.0011237355652953284	0.0	(-0.0011237355652953284+0j)
-0.0317290855301808	-0.0010067348685815285	-8.863418947559124e-06	-0.0010149317985252862	0.0	(-0.0010149317985252862+0j)
-0.03011835827614827	-0.000907115505250429	-7.999523057293686e-06	-0.0009144343236717651	0.0	(-0.0009144343236717651+0j)
-0.02855291776975897	-0.0008152691131666175	-7.2004981379115636e-06	-0.0008217773385367762	0.0	(-0.0008217773385367762+0j)
-0.027032401709496032	-0.000730750742183564	-6.463066910221763e-06	-0.0007365127478516358	0.0	(-0.0007365127478516358+0j)
-0.02555645927545598	-0.00065313261069804	-5.784014088884744e-06	-0.0006582096496547928	0.0	(-0.0006582096496547928+0j)
-0.024124750954048715	-0.0005820036085948744	-5.160191937080873e-06	-0.0005864538435520677	0.0	(-0.0005864538435520677+0j)
-0.022736948369013972	-0.0005169688211352072	-4.5885251402149815e-06	-0.0005208473600688065	0.0	(-0.0005208473600688065+0j)
-0.021392734118607187	-0.00045764907306942	-4.066015044909902e-06	-0.0004610080103183463	0.0	(-0.0004610080103183463+0j)
-0.020091801618814072	-0.00040368049228977975	-3.589743308897789e-06	-0.000406568955231585	0.0	(-0.000406568955231585+0j)
-0.018833854952458904	-0.0003547140923702608	-3.15687500646103e-06	-0.0003571782936165537	0.0	(-0.0003571782936165537+0j)
-0.017618608724076994	-0.00031041537337212193	-2.764661232902005e-06	-0.00031249866834745776	0.0	(-0.00031249866834745776+0j)
-0.01644578792042772	-0.0002704639403236863	-2.4104412502189146e-06	-0.00027220689001451563	0.0	(-0.00027220689001451563+0j)
-0.015315127776529314	-0.00023455313881141974	-2.0916442144677804e-06	-0.000235993577402337	0.0	(-0.000235993577402337+0j)
-0.014226373647102138	-0.0002023897071469622	-1.8057905238996752e-06	-0.0002035628142006225	0.0	(-0.0002035628142006225+0j)
-0.013179280883312026	-0.0001736934446012338	-1.550492824987232e-06	-0.0001746318213892438	0.0	(-0.0001746318213892438+0j)
-0.012173614714710094	-0.00014819689522220614	-1.323456711858906e-06	-0.0001489306447757641	0.0	(-0.0001489306447757641+0j)
-0.01120915013627032	-0.00012564504677744896	-1.1224811526516776e-06	-0.00012620185720011384	0.0	(-0.00012620185720011384+0j)
-0.010285671800430623	-0.00010579504438617372	-9.454586747878468e-07	-0.00010620027495422063	0.0	(-0.00010620027495422063+0j)
-0.009402973914047756	-8.841591842826257e-05	-7.903753387272783e-07	-8.869268799518338e-05	0.0	(-8.869268799518338e-05+0j)
-0.008560860140180725	-7.328832633973514e-05	-6.553105287909755e-07	-7.345760355882436e-05	0.0	(-7.345760355882436e-05+0j)
-0.007759143504621586	-6.020430792531135e-05	-5.384365870664265e-07	-6.028500280198794e-05	0.0	(-6.028500280198794e-05+0j)
-0.006997646307096736	-4.896705383922458e-05	-4.3801831516865345e-07	-4.8976110120327895e-05	0.0	(-4.8976110120327895e-05+0j)
-0.006276200037065873	-3.939068690526567e-05	-3.5241236673866363e-07	-3.9343174795491584e-05	0.0	(-3.9343174795491584e-05+0j)
-0.005594645294049687	-3.130005596623231e-05	-2.80066551999747e-07	-3.12092646176181e-05	0.0	(-3.12092646176181e-05+0j)
-0.0049528317124213125	-2.4530541971566232e-05	-2.1951907401840388e-07	-2.4408071113375914e-05	0.0	(-2.4408071113375914e-05+0j)
-0.004350617890600327	-1.892787603001164e-05	-1.6939771485535715e-07	-1.8783725932007787e-05	0.0	(-1.8783725932007787e-05+0j)
-0.0037878713245918247	-1.4347969171665024e-05	-1.284189886430198e-07	-1.4190627832155632e-05	0.0	(-1.4190627832155632e-05+0j)
-0.0032644683458167333	-1.065675358083944e-05	-9.538727657742996e-08	-1.0493279465463957e-05	0.0	(-1.0493279465463957e-05+0j)
-0.0027802940631831423	-7.730035077771427e-06	-6.919395796334271e-08	-7.566132717842867e-06	0.0	(-7.566132717842867e-06+0j)
-0.0023352423093519186	-5.453356643387282e-06	-4.881655040200883e-08	-5.293440637875493e-06	0.0	(-5.293440637875493e-06+0j)
-0.0019292155911533708	-3.72187279714925e-06	-3.331787126192864e-08	-3.5691131413918865e-06	0.0	(-3.5691131413918865e-06+0j)
-0.0015621250441151193	-2.440234653451663e-06	-2.1845228426187193e-08	-2.2965755293089873e-06	0.0	(-2.2965755293089873e-06+0j)
-0.0012338903910647007	-1.5224854971617999e-06	-1.3629653405899944e-08	-1.3886552739311747e-06	0.0	(-1.3886552739311747e-06+0j)
-0.0009444399047737518	-8.919667337290535e-07	-7.985183714254162e-09	-7.67739597482401e-07	0.0	(-7.67739597482401e-07+0j)
-0.0006937103746139046	-4.812340838469639e-07	-4.308195400426484e-09	-3.679438677290118e-07	0.0	(-3.679438677290118e-07+0j)
-0.00048164707719774736	-2.319839069731328e-07	-2.076815519558295e-09	-1.420580984872486e-07	0.0	(-1.420580984872486e-07+0j)
-0.0003082037509814372	-9.498955211902775e-08	-8.503917570124031e-10	-4.255479152025766e-08	0.0	(-4.255479152025766e-08+0j)
-0.0001733425748087175	-3.004764824131582e-08	-2.689944267331157e-10	-8.399642258485151e-09	0.0	(-8.399642258485151e-09+0j)
-7.703415037924906e-05	-5.934260324652758e-09	-5.300080374581739e-11	-5.780639656815589e-10	0.0	(-5.780639656815589e-10+0j)
-1.9257488627305828e-05	-3.708508682308133e-10	-3.2741809263825417e-12	-9.147504971417669e-16	-2.888078603617039e-07	(-9.147504971417669e-16-2.888078603617039e-07j)
1.9257488627305828e-05	3.708508682308133e-10	3.2741809263825417e-12	-9.147504971417669e-16	2.888078603617039e-07	(-9.147504971417669e-16+2.888078603617039e-07j)
7.703415037924906e-05	5.934260324652758e-09	5.300080374581739e-11	5.780633290227132e-10	0.0	(5.780633290227132e-10+0j)
0.0001733425748087175	3.004764824131582e-08	2.689944267331157e-10	8.39964303340864e-09	0.0	(8.39964303340864e-09+0j)
0.0003082037509814372	9.498955211902775e-08	8.503917570124031e-10	4.255479215388851e-08	0.0	(4.255479215388851e-08+0j)
0.00048164707719774736	2.319839069731328e-07	2.076815519558295e-09	1.4205809900422892e-07	0.0	(1.4205809900422892e-07+0j)
0.0006937103746139046	4.812340838469639e-07	4.308195400426484e-09	3.6794386728106003e-07	0.0	(3.6794386728106003e-07+0j)
0.0009444399047737518	8.919667337290535e-07	7.985183714254162e-09	7.67739599243885e-07	0.0	(7.67739599243885e-07+0j)
0.0012338903910647007	1.5224854971617999e-06	1.3629653405899944e-08	1.3886552772874851e-06	0.0	(1.3886552772874851e-06+0j)
0.0015621250441151193	2.440234653451663e-06	2.1845228426187193e-08	2.2965755297480498e-06	0.0	(2.2965755297480498e-06+0j)
0.0019292155911533708	3.72187279714925e-06	3.331787126192864e-08	3.5691131414814493e-06	0.0	(3.5691131414814493e-06+0j)
0.0023352423093519186	5.453356643387282e-06	4.881655040200883e-08	5.293440635332629e-06	0.0	(5.293440635332629e-06+0j)
0.0027802940631831423	7.730035077771427e-06	6.919395796334271e-08	7.566132719849214e-06	0.0	(7.566132719849214e-06+0j)
0.0032644683458167333	1.065675358083944e-05	9.538727657742996e-08	1.0493279461397746e-05	0.0	(1.0493279461397746e-05+0j)
0.0037878713245918247	1.4347969171665024e-05	1.284189886430198e-07	1.4190627831236357e-05	0.0	(1.4190627831236357e-05+0j)
0.004350617890600327	1.892787603001164e-05	1.6939771485535715e-07	1.87837259348109e-05	0.0	(1.87837259348109e-05+0j)
0.0049528317124213125	2.4530541971566232e-05	2.1951907401840388e-07	2.440807111028605e-05	0.0	(2.440807111028605e-05+0j)
0.005594645294049687	3.130005596623231e-05	2.80066551999747e-07	3.1209264613339906e-05	0.0	(3.1209264613339906e-05+0j)
0.006276200037065873	3.939068690526567e-05	3.5241236673866363e-07	3.934317479457967e-05	0.0	(3.934317479457967e-05+0j)
0.006997646307096736	4.896705383922458e-05	4.3801831516865345e-07	4.897611011904368e-05	0.0	(4.897611011904368e-05+0j)
0.007759143504621586	6.020430792531135e-05	5.384365870664265e-07	6.028500280266159e-05	0.0	(6.028500280266159e-05+0j)
0.008560860140180725	7.328832633973514e-05	6.553105287909755e-07	7.345760355986303e-05	0.0	(7.345760355986303e-05+0j)
0.009402973914047756	8.841591842826257e-05	7.903753387272783e-07	8.869268799740003e-05	0.0	(8.869268799740003e-05+0j)
0.010285671800430623	0.00010579504438617372	9.454586747878468e-07	0.00010620027495522389	0.0	(0.00010620027495522389+0j)
0.01120915013627032	0.00012564504677744896	1.1224811526516776e-06	0.00012620185720035567	0.0	(0.00012620185720035567+0j)
0.012173614714710094	0.00014819689522220614	1.323456711858906e-06	0.0001489306447807777	0.0	(0.0001489306447807777+0j)
0.013179280883312026	0.0001736934446012338	1.550492824987232e-06	0.00017463182138937713	0.0	(0.00017463182138937713+0j)
0.014226373647102138	0.0002023897071469622	1.8057905238996752e-06	0.0002035628142013246	0.0	(0.0002035628142013246+0j)
0.015315127776529314	0.00023455313881141974	2.0916442144677804e-06	0.0002359935774031506	0.0	(0.0002359935774031506+0j)
0.01644578792042772	0.0002704639403236863	2.4104412502189146e-06	0.00027220689001508663	0.0	(0.00027220689001508663+0j)
0.017618608724076994	0.00031041537337212193	2.764661232902005e-06	0.000312498668347467	0.0	(0.000312498668347467+0j)
0.018833854952458904	0.0003547140923702608	3.15687500646103e-06	0.00035717829361936335	0.0	(0.00035717829361936335+0j)
0.020091801618814072	0.00040368049228977975	3.589743308897789e-06	0.0004065689552346633	0.0	(0.0004065689552346633+0j)
0.021392734118607187	0.00045764907306942	4.066015044909902e-06	0.00046100801031796605	0.0	(0.00046100801031796605+0j)
0.022736948369013972	0.0005169688211352072	4.5885251402149815e-06	0.0005208473600710482	0.0	(0.0005208473600710482+0j)
0.024124750954048715	0.0005820036085948744	5.160191937080873e-06	0.0005864538435522789	0.0	(0.0005864538435522789+0j)
0.02555645927545598	0.00065313261069804	5.784014088884744e-06	0.0006582096496546867	0.0	(0.0006582096496546867+0j)
0.027032401709496032	0.000730750742183564	6.463066910221763e-06	0.0007365127478536605	0.0	(0.0007365127478536605+0j)
0.02855291776975897	0.0008152691131666175	7.2004981379115636e-06	0.0008217773385369873	0.0	(0.0008217773385369873+0j)
0.03011835827614827	0.000907115505250429	7.999523057293686e-06	0.000914434323671802	0.0	(0.000914434323671802+0j)
0.0317290855301808	0.0010067348685815285	8.863418947559124e-06	0.0010149317985260978	0.0	(0.0010149317985260978+0j)
0.033385473496756204	0.001114589840602611	9.795518799584918e-06	0.0011237355652949789	0.0	(0.0011237355652949789+0j)
0.03508790799255519	0.0012311612872940186	1.0799204259792553e-05	0.001241329669413036	0.0	(0.001241329669413036+0j)
0.03683678688123302	0.0013569488677333812	1.1877897754140281e-05	0.0013682169593282995	0.0	(0.0013682169593282995+0j)
0.03863252027558087	0.0014924716228431668	1.3035053747462601e-05	0.0015049196705850894	0.0	(0.0015049196705850894+0j)
0.04047553074683558	0.0016382685892380325	1.4274149095038196e-05	0.0016519800350031587	0.0	(0.0016519800350031587+0j)
0.042366253541325026	0.0017948994391278354	1.5598672445700948e-05	0.0018099609157136006	0.0	(0.0018099609157136006+0j)
0.04430513680464409	0.0019629451472782285	1.7012112658908436e-05	0.0019794464689557377	0.0	(0.0019794464689557377+0j)
0.04629264181356468	0.0021430086860789975	1.8517946202242828e-05	0.002161042833327148	0.0	(0.002161042833327148+0j)
0.048329243215890466	0.0023357157498206946	2.0119623500683848e-05	0.002355378847444412	0.0	(0.002355378847444412+0j)
0.05041542927847616	0.0025417155093330314	2.1820554215011775e-05	0.0025631067968135595	0.0	(0.0025631067968135595+0j)
0.05255170214364006	0.002761681398193863	2.3624091433692472e-05	0.0027849031908554313	0.0	(0.0027849031908554313+0j)
0.05473857809420695	0.002996311931775593	2.5533514770879634e-05	0.003021469571110347	0.0	(0.003021469571110347+0j)
0.05697658782742883	0.003246331560456711	2.7552012372621204e-05	0.003273533351701193	0.0	(0.003273533351701193+0j)
0.05926627673804003	0.003512491558389945	2.9682661844226445e-05	0.0035418486932441142	0.0	(0.0035418486932441142+0j)
0.06160820521071407	0.0037955709492854565	3.1928410123910496e-05	0.0038271974115690124	0.0	(0.0038271974115690124+0j)
0.06400294892219965	0.004096377470737698	3.4292052341515e-05	0.004130389922701485	0.0	(0.004130389922701485+0j)
0.06645109915342487	0.004415748578698303	3.677620971617136e-05	0.004452266225742701	0.0	(0.004452266225742701+0j)
0.06895326311186932	0.004754552493774679	3.93833065633463e-05	0.004793696925432906	0.0	(0.004793696925432906+0j)
0.0715100642645166	0.0051136892911152945	4.2115546499709045e-05	0.005155584296303024	0.0	(0.005155584296303024+0j)
0.07412214268171152	0.005494092035728001	4.497488795365521e-05	0.00553886339052551	0.0	(0.00553886339052551+0j)
0.07679015539225904	0.005896727965167291	4.796301911002713e-05	0.005944503191686731	0.0	(0.005944503191686731+0j)
0.07951477675011609	0.006322599721620802	5.108133243945586e-05	0.00637350781682332	0.0	(0.00637350781682332+0j)
0.0822966988130406	0.006772746635524317	5.433089898565168e-05	0.006826917769232619	0.0	(0.006826917769232619+0j)
0.08513663173357726	0.007248246062938754	5.7712442607655265e-05	0.007305811244705995	0.0	(0.007305811244705995+0j)
0.08803530416277376	0.0077502147790320915	6.122631439827086e-05	0.007811305493893911	0.0	(0.007811305493893911+0j)
0.09099346366703809	0.00827981043012458	6.487246752429182e-05	0.008344558243733861	0.0	(0.008344558243733861+0j)
0.09401187715856299	0.008838233046876738	6.865043275829491e-05	0.008906769180944882	0.0	(0.008906769180944882+0j)
0.09709133133976106	0.009426726621327267	7.255929499528049e-05	0.009499181500799305	0.0	(0.009499181500799305+0j)
0.10023263316217232	0.010046580750622607	7.659767106972202e-05	0.010123083524459347	0.0	(0.010123083524459347+0j)
0.10343661030032315	0.010699132350420918	8.076368920908127e-05	0.010779810388345901	0.0	(0.010779810388345901+0j)
0.1067041116410371	0.01138576744110291	8.505497047788102e-05	0.011470745809223297	0.0	(0.011470745809223297+0j)
0.11003600778871571	0.012107923010078304	8.946861258129636e-05	0.0121973239286501	0.0	(0.0121973239286501+0j)
0.11343319158713124	0.01286708895364282	9.400117640816337e-05	0.012961031240777377	0.0	(0.012961031240777377+0j)
0.1168965786582923	0.013664810102014318	9.86486756995006e-05	0.013763408607447902	0.0	(0.013763408607447902+0j)
0.12042710795896928	0.014502688331361244	0.00010340657022928299	0.014606053364730705	0.0	(0.014606053364730705+0j)
0.12402574235548795	0.015382384766829878	0.00010826976287844416	0.01549062152519563	0.0	(0.01549062152519563+0j)
0.127693469217426	0.01630562208078172	0.00011323260097011952	0.01641883008030253	0.0	(0.01641883008030253+0j)
0.13143130103087308	0.01727418689066798	0.00011828888221318105	0.017392459407430512	0.0	(0.017392459407430512+0j)
0.13524027603194239	0.01828993226119597	0.00012343186557147394	0.01841335578635642	0.0	(0.01841335578635642+0j)
0.13912145886124935	0.019354780315682295	0.0001286542873372419	0.019483434030059955	0.0	(0.019483434030059955+0j)
0.1430759412401047	0.020470724961741894	0.00013394838263857642	0.020604680235052058	0.0	(0.020604680235052058+0j)
0.14710484266919818	0.02163983473672955	0.00013930591255208367	0.021779154656629097	0.0	(0.021779154656629097+0j)
0.15120931115058361	0.02286425577863401	0.00014471819692329606	0.023008994714773127	0.0	(0.023008994714773127+0j)
0.15539052393380848	0.024146214928423504	0.00015017615291888659	0.024296418136602407	0.0	(0.024296418136602407+0j)
0.15964968828706846	0.025488022970158127	0.00015567033924702612	0.025643726241653897	0.0	(0.025643726241653897+0j)
0.16398804229430336	0.02689207801551823	0.00016119100588611745	0.0270533073765388	0.0	(0.0270533073765388+0j)
0.16840685567919006	0.02836086903975155	0.00016672814905891535	0.02852764050572035	0.0	(0.02852764050572035+0j)
0.17290743065703004	0.029896979576415652	0.00017227157108033316	0.03006929896561042	0.0	(0.03006929896561042+0j)
0.17749110281557054	0.031503091578687435	0.0001778109445950943	0.0316809543892948	0.0	(0.0316809543892948+0j)
0.1821592420258436	0.03318198945542987	0.00018333588060825547	0.03336538080964119	0.0	(0.03336538080964119+0j)
0.18691325338415507	0.034936564290649355	0.00018883599960031918	0.0351254589487663	0.0	(0.0351254589487663+0j)
0.1917545781864028	0.03676981825544526	0.00019430100491232074	0.03696418070230753	0.0	(0.03696418070230753+0j)
0.19668469493595742	0.03868486922205063	0.00019972075748833087	0.03888465382713193	0.0	(0.03888465382713193+0j)
0.20170512038639057	0.04068495559008831	0.00020508535097685232	0.040890106841775846	0.0	(0.040890106841775846+0j)
0.20681741062039433	0.0427734413357248	0.00021038518612228536	0.042983894149155974	0.0	(0.042983894149155974+0j)
0.21202316216629263	0.04495382129499403	0.0002156110433265838	0.04516950139178793	0.0	(0.04516950139178793+0j)
0.21732401315361113	0.04722972669319094	0.00022075415223283187	0.047450551050207596	0.0	(0.047450551050207596+0j)
0.22272164450923196	0.049604930932896696	0.0002258062571797419	0.0498308082960439	0.0	(0.0498308082960439+0j)
0.22821778119573657	0.052083355653905095	0.00023075967740149018	0.052314187111862524	0.0	(0.052314187111862524+0j)
0.2338141934936016	0.05466907707906337	0.0002356073609025739	0.05490475669065903	0.0	(0.05490475669065903+0j)
0.23951269832899913	0.05736633266083814	0.00024034293102336162	0.057606748128902416	0.0	(0.057606748128902416+0j)
0.24531516064902248	0.060179528044255706	0.00024496072482846717	0.060424561427815715	0.0	(0.060424561427815715+0j)
0.2512234948462501	0.06311324436276386	0.0002494558225956574	0.0633627728187279	0.0	(0.0633627728187279+0j)
0.2572396662346413	0.06617224588450965	0.0002538240678550499	0.06642614242943767	0.0	(0.06642614242943767+0j)
0.26336569257885506	0.06936148802754	0.0002580620776230075	0.06961962230971312	0.0	(0.06961962230971312+0j)
0.26960364567917633	0.07268612576350285	0.00026216724268724	0.07294836483536371	0.0	(0.07294836483536371+0j)
0.27595565301433805	0.07615152243056975	0.0002661377180229814	0.07641773151167275	0.0	(0.07641773151167275+0j)
0.28242389944463353	0.07976325897751248	0.0002699724036475437	0.08003330219840993	0.0	(0.08003330219840993+0j)
0.28901062897782787	0.08352714366215967	0.00027367091644424666	0.08380088478023472	0.0	(0.08380088478023472+0j)
0.29571814660049234	0.08744922222883028	0.0002772335536985184	0.08772652530772489	0.0	(0.08772652530772489+0j)
0.3025488201775176	0.09153578859080788	0.0002806612492807498	0.09181651863613752	0.0	(0.09181651863613752+0j)
0.3095050824226829	0.09579339604547173	0.00028395552357458664	0.09607741959055624	0.0	(0.09607741959055624+0j)
0.31658943294330893	0.10022886905136591	0.00028711842837901845	0.10051605468791643	0.0	(0.10051605468791643+0j)
0.32380444036215683	0.10484931559824957	0.00029015248810237786	0.10513953444832622	0.0	(0.10513953444832622+0j)
0.33115274451989835	0.10966214020306106	0.00029306063861242254	0.10995526632993331	0.0	(0.10995526632993331+0j)
0.3386370587616388	0.11467505756673362	0.00029584616510717554	0.11497096832369508	0.0	(0.11497096832369508+0j)
0.3462601723111496	0.119896106928947	0.00029851264032646483	0.12019468324635807	0.0	(0.12019468324635807+0j)
0.354024952736643	0.1253336671601823	0.00030106386433660496	0.12563479377234027	0.0	(0.12563479377234027+0j)
0.3619343485121183	0.13099647263289152	0.0003035038069950324	0.13130003824745648	0.0	(0.13130003824745648+0j)
0.3699913916785018	0.13689362991619455	0.0003058365540444045	0.13719952732970433	0.0	(0.13719952732970433+0j)
0.37819920060902373	0.1430346353413046	0.00030806625760472034	0.14334276150521044	0.0	(0.14334276150521044+0j)
0.3865609828834897	0.14942939348784964	0.00031019709163642996	0.1497396495300652	0.0	(0.1497396495300652+0j)
0.39508003827635235	0.15608823664444404	0.0003122332127467953	0.1564005278517032	0.0	(0.1564005278517032+0j)
0.4037597618637247	0.16302194530025169	0.00031417872651528627	0.16333618106687198	0.0	(0.16333618106687198+0j)
0.41260364725475723	0.17024176972792815	0.000316037659330229	0.1705578634763753	0.0	(0.1705578634763753+0j)
0.4216152899530627	0.1777594527222051	0.00031781393556563523	0.17807732180086472	0.0	(0.17807732180086472+0j)
0.4307983908541856	0.18558725356255565	0.00031951135978988416	0.18590681912580054	0.0	(0.18590681912580054+0j)
0.44015675988541014	0.1937379732728226	0.00032113360359044946	0.1940591601477642	0.0	(0.1940591601477642+0j)
0.44969431979454255	0.2022249812554763	0.0003226841965228757	0.20254771779990827	0.0	(0.20254771779990827+0j)
0.4594151100946494	0.21106224338327884	0.0003241665206473523	0.2113864613379229	0.0	(0.2113864613379229+0j)
0.4693232911721022	0.22026435163661381	0.0003255838081003847	0.22058998597514176	0.0	(0.22058998597514176+0j)
0.47942314856567775	0.22984655538062793	0.00032693914115857853	0.23017354415971245	0.0	(0.23017354415971245+0j)
0.489719097424872	0.2398247943826313	0.0003282354542817727	0.24015307859393178	0.0	(0.24015307859393178+0j)
0.5002156871560363	0.2502157336769855	0.0003294755376684475	0.25054525710290115	0.0	(0.25054525710290115+0j)
0.5109176062654007	0.261036800391967	0.0003306620419121471	0.26136750946586906	0.0	(0.26136750946586906+0j)
0.5218296874085603	0.27230622266091575	0.0003317974834085793	0.27263806633299126	0.0	(0.27263806633299126+0j)
0.5329569126565085	0.2840430707483572	0.0003328842502246976	0.2843760003570318	0.0	(0.2843760003570318+0j)
0.544304418988884	0.2962673005308266	0.0003339246081999251	0.29660126968069206	0.0	(0.29660126968069206+0j)
0.5558775040256674	0.30899979948180584	0.00033492070710317755	0.3093347639273147	0.0	(0.3093347639273147+0j)
0.5676816320092142	0.32226243532064486	0.0003358745867159184	0.3225983528561276	0.0	(0.3225983528561276+0j)
0.5797224400491665	0.3360781074965595	0.00033678818275038804	0.3364149378522095	0.0	(0.3364149378522095+0j)
0.5920057446435135	0.35047080169092093	0.00033766333254341623	0.35080850643420186	0.0	(0.35080850643420186+0j)
0.6045375484898089	0.365465647534068	0.00033850178049036207	0.3658041899769423	0.0	(0.3658041899769423+0j)
0.6173240476013827	0.3810889797469542	0.00033930518320162057	0.3814283248579488	0.0	(0.3814283248579488+0j)
0.6303716387442216	0.39736840293307546	0.00034007511437681326	0.39770851725427947	0.0	(0.39770851725427947+0j)
0.6436869272111243	0.4143328602624992	0.00034081306940032883	0.4146737118314227	0.0	(0.4146737118314227+0j)
0.6572767349506936	0.4320127063074443	0.0003415204696672808	0.43235426458289367	0.0	(0.43235426458289367+0j)
0.6711481090697825	0.4504397843079447	0.0003421986666520759	0.4507820200999862	0.0	(0.4507820200999862+0j)
0.6853083307291001	0.4696475081667057	0.00034284894573333744	0.46999039357073763	0.0	(0.46999039357073763+0j)
0.6997649244528762	0.48967094949453954	0.00034347252978943974	0.4900144578286885	0.0	(0.4900144578286885+0j)
0.7145256678747282	0.5105469300518263	0.0003440705825787791	0.5108910357977346	0.0	(0.5108910357977346+0j)
0.7295986019432299	0.5323141199575157	0.0003446442119184076	0.5326587987045796	0.0	(0.5326587987045796+0j)
0.7449920416121038	0.5550131420653706	0.0003451944726739618	0.5553583704577026	0.0	(0.5553583704577026+0j)
0.7607145870414965	0.5786866829377146	0.00034572236957304726	0.5790324386239087	0.0	(0.5790324386239087+0j)
0.776775135338431	0.6033796108800378	0.000346228859853453	0.603725872465675	0.0	(0.603725872465675+0j)
0.7931828928662812	0.6291391015357225	0.0003467148557568052	0.6294858485385583	0.0	(0.6294858485385583+0j)
0.8099473881549796	0.6560147715790732	0.00034718122687754107	0.6563619843862164	0.0	(0.6563619843862164+0j)
0.8270784854456875	0.6840588210871323	0.0003476288023764056	0.6844064809146237	0.0	(0.6844064809146237+0j)
0.8445863989057804	0.7133261852166339	0.0003480583730670364	0.7136742740711611	0.0	(0.7136742740711611+0j)
0.8624817075523156	0.743874695862358	0.0003484706933836161	0.7442231965049092	0.0	(0.7442231965049092+0j)
0.8807753709246038	0.7757652540273734	0.0003488664832370242	0.7761141499385513	0.0	(0.7761141499385513+0j)
0.89947874554915	0.8090620136946725	0.0003492464297664164	0.8094112890420556	0.0	(0.8094112890420556+0j)
0.9186036022430514	0.8438325780539101	0.00034961118899268933	0.8441822176609048	0.0	(0.8441822176609048+0j)
0.9381621443049951	0.8801482090069465	0.00034996138737985614	0.8804981983232106	0.0	(0.8804981983232106+0j)
0.9581670266462455	0.918084050952107	0.00035029762330995444	0.9184343760254967	0.0	(0.9184343760254967+0j)
0.9786313759175298	0.9577193699302375	0.0003506204684767352	0.958070017380115	0.0	(0.958070017380115+0j)
0.9995688116914875	0.9991378093063323	0.0003509304692030342	0.9994887662981786	0.0	(0.9994887662981786+0j)
1.020993468764418	1.0424276632595986	0.0003512281476864057	1.042778917480901	0.0	(1.042778917480901+0j)
1.0429200206454015	1.0876821694630046	0.00035151400317729955	1.0880337091003014	0.0	(1.0880337091003014+0j)
1.065363704305586	1.13499982245172	0.0003517885130937828	1.1353516361688103	0.0	(1.1353516361688103+0j)
1.0883403462654702	1.1844847093092434	0.00035205213407655205	1.1848367862263784	0.0	(1.1848367862263784+0j)
1.1118663901034846	1.2362468694417543	0.00035230530298773903	1.2365991991158547	0.0	(1.2365991991158547+0j)
1.1359589254750273	1.2904026803663786	0.00035254843785678897	1.2907552527722137	0.0	(1.2907552527722137+0j)
1.1606357187374863	1.3470752716092813	0.0003527819387764852	1.3474280771215525	0.0	(1.3474280771215525+0j)
1.1859152452835946	1.4063949689960484	0.0003530061887519957	1.4067479983723172	0.0	(1.4067479983723172+0j)
1.2118167236928987	1.4684997718217911	0.0003532215545056404	1.4688530161861568	0.0	(1.4688530161861568+0j)
1.2383601518190859	1.5335358656133895	0.000353428387239906	1.5338893164409713	0.0	(1.5338893164409713+0j)
1.2655663449395995	1.6016581734437774	0.0003536270233610816	1.6020118225459792	0.0	(1.6020118225459792+0j)
1.2934569761033048	1.6730309490303052	0.0003538177851657378	1.673384788540651	0.0	(1.673384788540651+0j)
1.3220546188221383	1.7478284151489494	0.00035400098149213977	1.7481824375096797	0.0	(1.7481824375096797+0j)
1.3513827922636295	1.826235451226244	0.00035417690833855264	1.8265896491754043	0.0	(1.8265896491754043+0j)
1.3814660091131397	1.9084483343349852	0.0003543458494502817	1.908802700894273	0.0	(1.908802700894273+0j)
1.4123298262875472	1.9946755382214134	0.0003545080768771766	1.995030066684418	0.0	(1.995030066684418+0j)
1.4440008986961979	2.085138595435427	0.00035466385150322553	2.0854932793564784	0.0	(2.0854932793564784+0j)
1.4765070362601456	2.180073028125719	0.00035481342354976773	2.180427861309268	0.0	(2.180427861309268+0j)
1.5098772644173457	2.279729353604407	0.0003549570330537609	2.2800843300948213	0.0	(2.2800843300948213+0j)
1.544141888359463	2.3843741713863285	0.00035509491032245704	2.3847292854581075	0.0	(2.3847292854581075+0j)
1.579332561265664	2.494291339073962	0.0003552272763657582	2.494646585222558	0.0	(2.494646585222558+0j)
1.6154823568201164	2.609783245197078	0.00035535434330744915	2.610138618129909	0.0	(2.610138618129909+0j)
1.6526258463233479	2.731172187935962	0.000355476314776437	2.731527682564004	0.0	(2.731527682564004+0j)
1.6907991807330216	2.858801869567457	0.0003555933862790577	2.8591574809970757	0.0	(2.8591574809970757+0j)
1.7300401779976016	2.993039017485973	0.0003557057455534522	2.993394741011179	0.0	(2.993394741011179+0j)
1.7703884160767358	3.1342751437786935	0.0003558135729069543	3.1346309748736916	0.0	(3.1346309748736916+0j)
1.8118853320755182	3.282928456590411	0.00035591704153738077	3.28328439090251	0.0	(3.28328439090251+0j)
1.8545743279562	3.4394459379141904	0.00035601631783906156	3.4398019712570242	0.0	(3.4398019712570242+0j)
1.89850088333086	3.604305604008056	0.00035611156169440187	3.6046617323550403	0.0	(3.6046617323550403+0j)
1.9437126758822836	3.778018966385467	0.0003562029267517223	3.7783751858636303	0.0	(3.7783751858636303+0j)
1.9902597100084227	3.961133713282811	0.0003562905606900824	3.961490020166756	0.0	(3.961490020166756+0j)
2.0381944543385164	4.154236633696283	0.00035637460547175196	4.154593024402508	0.0	(4.154593024402508+0j)
2.0875719888270416	4.35795680853529	0.00035645519758295975	4.358313279616679	0.0	(4.358313279616679+0j)
2.13845016219549	4.572969096193918	0.00035653246826351163	4.573325644334624	0.0	(4.573325644334624+0j)
2.1908897605623596	4.799997942936994	0.0003566065437258407	4.8003545649472485	0.0	(4.8003545649472485+0j)
2.2449546881792823	5.039821551978139	0.00035667754536401807	5.040178244789495	0.0	(5.040178244789495+0j)
2.3007121612768358	5.293276449047129	0.0003567455899532264	5.293633209707895	0.0	(5.293633209707895+0j)
2.358232916118114	5.561262486662943	0.00035681078984017026	5.561619312333584	0.0	(5.561619312333584+0j)
2.4175914324627716	5.844748334317396	0.0003568732531248708	5.845105222266355	0.0	(5.845105222266355+0j)
2.4788661737599393	6.144777507411241	0.0003569330838342699	6.145134455010613	0.0	(6.145134455010613+0j)
2.542139845516731	6.462474994163829	0.00035699038208804497	6.462831998885224	0.0	(6.462831998885224+0j)
2.6074996734312905	6.799054546944287	0.00035704524425701447	6.799411606354732	0.0	(6.799411606354732+0j)
2.675037703037414	7.155826712671685	0.00035709776311449365	7.156183824429373	0.0	(7.156183824429373+0j)
2.7448511227833454	7.534207686244992	0.00035714802798094265	7.534564848095103	0.0	(7.534564848095103+0j)
2.8170426126629335	7.935729081558806	0.0003571961248622281	7.936086291329081	0.0	(7.936086291329081+0j)
2.8917207207350946	8.362048726728695	0.0003572421365818058	8.362405982324915	0.0	(8.362405982324915+0j)
2.969000270110649	8.814962603917106	0.000357286142907114	8.81531990331863	0.0	(8.81531990331863+0j)
3.0490027992569613	9.296418069876786	0.0003573282206704516	9.296775411132002	0.0	(9.296775411132002+0j)
3.1318570387744358	9.808528511320977	0.0003573684438846032	9.808885892543152	0.0	(9.808885892543152+0j)
3.2176994281387747	10.353589609844597	0.0003574068838534573	10.35394702920799	0.0	(10.35394702920799+0j)
3.306674676284117	10.93409741477867	0.0003574436092778529	10.934454870515673	0.0	(10.934454870515673+0j)
3.39893637032993	11.552768449551598	0.00035747868635687693	11.553125939950528	0.0	(11.553125939950528+0j)
3.4946476372356603	12.212562108436783	0.00035751217888482404	12.212919631840753	0.0	(12.212919631840753+0j)
3.5939818637085126	12.916705636665714	0.00035754414834401877	12.91706319147328	0.0	(12.91706319147328+0j)
3.6971234803003905	13.668722028588473	0.00035757465399369117	13.669079613254734	0.0	(13.669079613254734+0j)
3.804268816319107	14.472461226817979	0.00035760375295508675	14.472818839857146	0.0	(14.472818839857146+0j)
3.915627032958444	15.332135061234949	0.00035763150029298246	15.332492701223668	0.0	(15.332492701223668+0j)
4.031421142934009	16.252356431695354	0.00035765794909377167	16.25271409727632	0.0	(16.25271409727632+0j)
4.1518891259130415	17.23818331387496	0.0003576831505402742	17.238541003759895	0.0	(17.238541003759895+0j)
4.277285150163216	18.295168255806765	0.00035770715398341794	18.29552596877918	0.0	(18.29552596877918+0j)
4.40788091213969	19.429414135605423	0.00035773000701093296	19.429771870521755	0.0	(19.429771870521755+0j)
4.543967107204298	20.6476370713546	0.0003577517555131911	20.647994827143567	0.0	(20.647994827143567+0j)
4.685855046355183	21.957237515452334	0.0003577724437463182	21.95759529111265	0.0	(21.95759529111265+0j)
4.833878435771186	23.366380731813685	0.000357792114392699	23.366738526408717	0.0	(23.366738526408717+0j)
4.988395338183129	24.884088050007175	0.00035781080861899047	24.884445862658183	0.0	(24.884445862658183+0j)
5.149790337618319	26.520340521427006	0.0003578285661317517	26.520698351304908	0.0	(26.520698351304908+0j)
5.318476931980488	28.28619687600858	0.00035784542523079494	28.28655472232415	0.0	(28.28655472232415+0j)
5.494900181287662	30.19392800231518	0.0003578614228603572	30.194285864310764	0.0	(30.194285864310764+0j)
5.679539643272203	32.25717055950054	0.0003578765946581853	32.25752843644192	0.0	(32.25752843644192+0j)
5.872912632539629	34.49110278944356	0.00035789097500262516	34.491460680614864	0.0	(34.491460680614864+0j)
6.075577844694438	36.91264614694191	0.000357904597057801	36.91300405164145	0.0	(36.91300405164145+0j)
6.28813939289932	39.540697024532236	0.0003579174928169648	39.54105494207416	0.0	(39.54105494207416+0j)
6.511251311394057	42.396393640130825	0.0003579296931440941	42.39675156984531	0.0	(42.39675156984531+0j)
6.745622588745905	45.50342410979901	0.0003579412278138127	45.50378205103508	0.0	(45.50378205103508+0j)
6.9920228032587755	48.8883828812907	0.0003579521255497034	48.88874083341887	0.0	(48.88874083341887+0j)
7.251288444301806	52.5811841024649	0.00035796241406108113	52.581542064879635	0.0	(52.581542064879635+0j)
7.524330016657525	56.61554219957343	0.00035797212007828935	56.61590017169341	0.0	(56.61590017169341+0j)
7.812140040731365	61.02953201599826	0.00035798126938658167	61.02988999726786	0.0	(61.02988999726786+0j)
8.115802080094475	65.86624340326581	0.00035798988685864627	65.86660139315245	0.0	(65.86660139315245+0j)
8.436500949941994	71.17454827837217	0.000357997996485829	71.17490627636832	0.0	(71.17490627636832+0j)
8.775534286370473	77.01000201126372	0.00035800562140810737	77.0103600168852	0.0	(77.0103600168852+0j)
9.134325687808028	83.4359057709496	0.0003580127839428668	83.43626378373368	0.0	(83.43626378373368+0j)
9.514439677583534	90.52456237837586	0.00035801950561252635	90.5249203978816	0.0	(90.5249203978816+0j)
9.917598781876578	98.35876559827977	0.00035802580717106066	98.35912362408699	0.0	(98.35912362408699+0j)
10.345703071874341	107.03357205139018	0.000358031708629461	107.03393008309854	0.0	(107.03393008309854+0j)
10.800852585031993	116.6584165635923	0.0003580372292801784	116.65877460082154	0.0	(116.65877460082154+0j)
11.285373120608226	127.35964647134664	0.0003580423877205871	127.36000451373451	0.0	(127.36000451373451+0j)
11.801846002556928	139.28356906806894	0.0003580472018755083	139.28392711527076	0.0	(139.28392711527076+0j)
12.35314252275965	152.60013018761268	0.0003580516890188284	152.60048823930157	0.0	(152.60048823930157+0j)
12.942463925037897	167.50737245090735	0.0003580558657942485	167.50773050677356	0.0	(167.50773050677356+0j)
13.573387972519702	184.2368610525425	0.0003580597482351964	184.23721911229055	0.0	(184.23721911229055+0j)
14.249923366935638	203.06031596353833	0.00035806335178393357	203.06067402688967	0.0	(203.06067402688967+0j)
14.976573570196068	224.2977559034954	0.00035806669130988714	224.29811397018707	0.0	(224.29811397018707+0j)
15.758411931676982	248.32754660841945	0.00035806978112723535	248.32790467820038	0.0	(248.32790467820038+0j)
16.601170469373372	275.5988609531945	0.00035807263501177366	275.5992190258296	0.0	(275.5992190258296+0j)
17.511345216339368	306.6472112858117	0.0003580752662170886	306.64756936107915	0.0	(306.64756936107915+0j)
18.49632176131648	342.1139186981496	0.0003580776874900629	342.11427677583606	0.0	(342.11427677583606+0j)
19.56452553191485	382.770659288948	0.00035807991108573683	382.77101736885913	0.0	(382.77101736885913+0j)
20.725602554503787	429.5506012472539	0.0003580819487815476	429.5509593292023	0.0	(429.5509593292023+0j)
21.99063796447735	483.5881580847126	0.00035808381189096904	483.5885161685244	0.0	(483.5885161685244+0j)
23.372421553405154	546.2700892700777	0.00035808551127657203	546.2704473555891	0.0	(546.2704473555891+0j)
24.885772290912822	619.3016625151644	0.0003580870573625245	619.3020206022238	0.0	(619.3020206022238+0j)
26.54793727901791	704.7929737706688	0.0003580884601465512	704.7933318591308	0.0	(704.7933318591308+0j)
28.379085308632625	805.3724829546481	0.0003580897292113694	805.3728410443775	0.0	(805.3728410443775+0j)
30.40292155165993	924.3376388763878	0.000358090873735619	924.3379969672609	0.0	(924.3379969672609+0j)
32.64745859752206	1065.856552876917	0.0003580919025043018	1065.8569109688224	0.0	(1065.8569109688224+0j)
35.145990988493956	1235.2406825632984	0.0003580928239187463	1235.2410406561241	0.0	(1235.2410406561241+0j)
37.93833703272188	1439.3174168083967	0.0003580936460061122	1439.3177749020426	0.0	(1439.3177749020426+0j)
41.07243507516475	1686.9449230036234	0.0003580943764284479	1686.945281098	0.0	(1686.945281098+0j)
44.60641475236486	1989.7322370599936	0.00035809502249131594	1989.732595155016	0.0	(1989.732595155016+0j)
48.61131190080035	2363.059644716894	0.0003580955911519961	2363.0600028124854	0.0	(2363.0600028124854+0j)
53.1746662886106	2827.545134905101	0.0003580960890272807	2827.5454930011897	0.0	(2827.5454930011897+0j)
58.40534616997556	3411.1844612346786	0.0003580965224008711	3411.1848193312007	0.0	(3411.1848193312007+0j)
64.4401021455765	4152.526764532334	0.0003580968972303882	4152.527122629231	0.0	(4152.527122629231+0j)
71.45259678142344	5105.473586808683	0.00035809721915400444	5105.473944905902	0.0	(5105.473944905902+0j)
79.6660394899954	6346.677848021506	0.0003580974934967086	6346.678206119	0.0	(6346.678206119+0j)
89.3711707749886	7987.206165692176	0.0003580977252762118	7987.206523789901	0.0	(7987.206523789901+0j)
100.95234989431218	10191.376949183632	0.00035809791920850243	10191.377307281551	0.0	(10191.377307281551+0j)
114.92620417901293	13208.032406996168	0.0003580980797130587	13208.032765094247	0.0	(13208.032765094247+0j)
132.00026008113662	17424.06866148771	0.00035809821091772545	17424.06901958592	0.0	(17424.06901958592+0j)
153.16429722491517	23459.30194440216	0.0003580983166632628	23459.302302500477	0.0	(23459.302302500477+0j)
179.8370922777698	32341.379758923096	0.00035809840050757177	32341.380117021497	0.0	(32341.380117021497+0j)
214.11054347450596	45843.32482694831	0.00035809846572960457	45843.32518504677	0.0	(45843.32518504677+0j)
259.17269292908765	67170.48476011516	0.00035809851533296293	67170.48511821368	0.0	(67170.48511821368+0j)
320.07680939731165	102449.16391396297	0.0003580985520491912	102449.16427206152	0.0	(102449.16427206152+0j)
405.22237924923235	164205.1766444087	0.0003580985783407678	164205.17700250726	0.0	(164205.17700250726+0j)
529.4143094470139	280279.5110472586	0.0003580985964037998	280279.5114053572	0.0	(280279.5114053572+0j)
720.7618889630762	519497.7005816218	0.0003580986081704235	519497.7009397204	0.0	(519497.7009397204+0j)
1038.1045036316527	1077660.96046032	0.0003580986153109151	1077660.9608184188	0.0	(1077660.9608184188+0j)
1622.3034223555637	2631868.3941865745	0.00035809861923551426	2631868.394544673	0.0	(2631868.394544673+0j)
2884.461596072092	8320118.699214761	0.0003580986210959628	8320118.699572859	0.0	(8320118.699572859+0j)
6490.627825950439	42128249.57500212	0.0003580986217867605	42128249.575360216	0.0	(42128249.575360216+0j)
25963.925498107445	674125427.271274	0.00035809862194614037	674125427.2716321	0.0	(674125427.2716321+0j)
