-1.0	-1.0	-0.0015597184423005743	-1.0015682719857448	0.0	(-1.0015682719857448+0j)
-0.990025	-0.9801495006250001	-0.0015590737845016652	-0.9817136070583098	0.0	(-0.9817136070583098+0j)
-0.9801	-0.96059601	-0.0015584127238256363	-0.962157756752166	0.0	(-0.962157756752166+0j)
-0.970225	-0.941336550625	-0.00155773475688208	-0.9428965805727977	0.0	(-0.9428965805727977+0j)
-0.9603999999999999	-0.9223681599999999	-0.0015570393621646512	-0.9239268093173156	0.0	(-0.9239268093173156+0j)
-0.9506249999999999	-0.9036878906249999	-0.0015563259993021323	-0.905245363320904	0.0	(-0.905245363320904+0j)
-0.9409	-0.8852928099999999	-0.0015555941082744838	-0.8868492370374901	0.0	(-0.8868492370374901+0j)
-0.931225	-0.8671800006249999	-0.0015548431085920574	-0.8687354663667548	0.0	(-0.8687354663667548+0j)
-0.9216	-0.84934656	-0.0015540723984360301	-0.8509011166550489	0.0	(-0.8509011166550489+0j)
-0.9120250000000001	-0.8317896006250002	-0.0015532813537580204	-0.8333432773982834	0.0	(-0.8333432773982834+0j)
-0.9025000000000001	-0.8145062500000001	-0.0015524693273367169	-0.8160590594656524	0.0	(-0.8160590594656524+0j)
-0.8930250000000001	-0.7974936506250001	-0.001551635647789228	-0.7990455933794013	0.0	(-0.7990455933794013+0j)
-0.8836000000000002	-0.7807489600000003	-0.001550779618534728	-0.78230002809759	0.0	(-0.78230002809759+0j)
-0.8742250000000001	-0.7642693506250002	-0.0015499005167078203	-0.7658195300868293	0.0	(-0.7658195300868293+0j)
-0.8649000000000001	-0.7480520100000002	-0.0015489975920189027	-0.7496012826008259	0.0	(-0.7496012826008259+0j)
-0.8556250000000001	-0.7320941406250001	-0.0015480700655586398	-0.7336424851258526	0.0	(-0.7336424851258526+0j)
-0.8464	-0.7163929600000001	-0.0015471171285434818	-0.7179403529667833	0.0	(-0.7179403529667833+0j)
-0.8372250000000001	-0.7009457006250002	-0.0015461379409989825	-0.7024921169491268	0.0	(-0.7024921169491268+0j)
-0.8281000000000001	-0.6857496100000001	-0.0015451316303774713	-0.6872950232127397	0.0	(-0.6872950232127397+0j)
-0.819025	-0.670801950625	-0.001544097290106421	-0.6723463330743441	0.0	(-0.6723463330743441+0j)
-0.81	-0.6561000000000001	-0.001543033978063628	-0.6576433229392032	0.0	(-0.6576433229392032+0j)
-0.801025	-0.641641050625	-0.0015419407149750884	-0.6431832842461501	0.0	(-0.6431832842461501+0j)
-0.7921	-0.6274224100000001	-0.0015408164827311794	-0.6289635234342846	0.0	(-0.6289635234342846+0j)
-0.7832250000000001	-0.6134414006250001	-0.001539660222616503	-0.614981361923103	0.0	(-0.614981361923103+0j)
-0.7744	-0.59969536	-0.0015384708334484376	-0.6012341361005464	0.0	(-0.6012341361005464+0j)
-0.765625	-0.586181640625	-0.0015372471696191382	-0.5877191973156717	0.0	(-0.5877191973156717+0j)
-0.7569	-0.5728976100000001	-0.001535988039035389	-0.5744339118737863	0.0	(-0.5744339118737863+0j)
-0.748225	-0.559840650625	-0.0015346922009503523	-0.5613756610328102	0.0	(-0.5613756610328102+0j)
-0.7395999999999999	-0.5470081599999999	-0.001533358363680876	-0.5485418410002849	0.0	(-0.5485418410002849+0j)
-0.7310249999999999	-0.5343975506249999	-0.001531985182203606	-0.5359298629306238	0.0	(-0.5359298629306238+0j)
-0.7224999999999999	-0.5220062499999999	-0.0015305712556227152	-0.5235371529224002	0.0	(-0.5235371529224002+0j)
-0.7140249999999999	-0.5098317006249998	-0.001529115124501586	-0.5113611520156061	0.0	(-0.5113611520156061+0j)
-0.7055999999999999	-0.4978713599999999	-0.0015276152680502812	-0.4993993161887705	0.0	(-0.4993993161887705+0j)
-0.697225	-0.48612270062499996	-0.0015260701011600886	-0.48764911635600067	0.0	(-0.48764911635600067+0j)
-0.6889000000000001	-0.4745832100000001	-0.0015244779712758622	-0.4761080383638099	0.0	(-0.4761080383638099+0j)
-0.6806250000000001	-0.4632503906250002	-0.0015228371550962446	-0.4647735829878146	0.0	(-0.4647735829878146+0j)
-0.6724000000000001	-0.45212176000000015	-0.0015211458550912036	-0.45364326592923254	0.0	(-0.45364326592923254+0j)
-0.6642250000000001	-0.4411948506250001	-0.001519402195825609	-0.44271461781119026	0.0	(-0.44271461781119026+0j)
-0.6561000000000001	-0.43046721000000016	-0.0015176042200768132	-0.4319851841748376	0.0	(-0.4319851841748376+0j)
-0.6480250000000001	-0.4199364006250001	-0.0015157498847334085	-0.42145252547521966	0.0	(-0.42145252547521966+0j)
-0.6400000000000001	-0.4096000000000002	-0.0015138370564614788	-0.41111421707692464	0.0	(-0.41111421707692464+0j)
-0.6320250000000001	-0.3994556006250001	-0.001511863507123777	-0.4009678492494969	0.0	(-0.4009678492494969+0j)
-0.6241000000000001	-0.38950081000000014	-0.001509826908936329	-0.39101102716256575	0.0	(-0.39101102716256575+0j)
-0.616225	-0.379733250625	-0.001507724829346003	-0.3812413708806987	0.0	(-0.3812413708806987+0j)
-0.6084	-0.3701505600000001	-0.0015055547256116128	-0.37165651535796684	0.0	(-0.37165651535796684+0j)
-0.6006250000000001	-0.3607503906250001	-0.0015033139390701476	-0.3622541104321968	0.0	(-0.3622541104321968+0j)
-0.5929	-0.35153040999999996	-0.001500999689068788	-0.35303182081885975	0.0	(-0.35303182081885975+0j)
-0.585225	-0.342488300625	-0.0014986090665425021	-0.34398732610462956	0.0	(-0.34398732610462956+0j)
-0.5776	-0.33362176	-0.001496139027216279	-0.3351183207405557	0.0	(-0.3351183207405557+0j)
-0.570025	-0.324928500625	-0.001493586384410524	-0.3264225140348559	0.0	(-0.3264225140348559+0j)
-0.5625	-0.31640625	-0.0014909478014278807	-0.31789763014523875	0.0	(-0.31789763014523875+0j)
-0.555025	-0.308052750625	-0.0014882197834999054	-0.3095414080708398	0.0	(-0.3095414080708398+0j)
-0.5476	-0.29986576	-0.0014853986692727086	-0.3013516016436613	0.0	(-0.3013516016436613+0j)
-0.540225	-0.29184305062499993	-0.0014824806218120944	-0.2933259795195401	0.0	(-0.2933259795195401+0j)
-0.5328999999999999	-0.2839824099999999	-0.0014794616191110535	-0.2854623251686237	0.0	(-0.2854623251686237+0j)
-0.525625	-0.276281640625	-0.0014763374440859556	-0.27775843686530743	0.0	(-0.27775843686530743+0j)
-0.5184	-0.26873855999999996	-0.0014731036740527098	-0.2702121276776634	0.0	(-0.2702121276776634+0j)
-0.5112249999999999	-0.26135100062499994	-0.001469755669680822	-0.2628212254563759	0.0	(-0.2628212254563759+0j)
-0.5041	-0.25411680999999997	-0.001466288563432012	-0.2555835728230899	0.0	(-0.2555835728230899+0j)
-0.49702499999999994	-0.24703385062499994	-0.0014626972475012257	-0.24849702715831765	0.0	(-0.24849702715831765+0j)
-0.4900000000000001	-0.2401000000000001	-0.0014589763612918533	-0.24155946058886016	0.0	(-0.24155946058886016+0j)
-0.4830250000000001	-0.23331315062500008	-0.001455120278474093	-0.23476875997479724	0.0	(-0.23476875997479724+0j)
-0.4761000000000001	-0.22667121000000007	-0.0014511230936960539	-0.22812282689613927	0.0	(-0.22812282689613927+0j)
-0.46922500000000006	-0.22017210062500006	-0.0014469786090416353	-0.22161957763922674	0.0	(-0.22161957763922674+0j)
-0.4624000000000001	-0.21381376000000007	-0.0014426803203576994	-0.21525694318297736	0.0	(-0.21525694318297736+0j)
-0.45562500000000006	-0.20759414062500006	-0.0014382214036056684	-0.2090328691851798	0.0	(-0.2090328691851798+0j)
-0.4489000000000001	-0.20151121000000008	-0.001433594701429438	-0.20294531596898752	0.0	(-0.20294531596898752+0j)
-0.44222500000000003	-0.19556295062500004	-0.0014287927101722024	-0.1969922585098563	0.0	(-0.1969922585098563+0j)
-0.43560000000000004	-0.18974736000000003	-0.0014238075676190553	-0.19117168642321994	0.0	(-0.19117168642321994+0j)
-0.42902500000000005	-0.18406245062500004	-0.0014186310417894626	-0.18548160395320254	0.0	(-0.18548160395320254+0j)
-0.42250000000000004	-0.17850625000000003	-0.001413254521153028	-0.17992002996276152	0.0	(-0.17992002996276152+0j)
-0.41602500000000003	-0.17307680062500003	-0.0014076690066922566	-0.17448499792566782	0.0	(-0.17448499792566782+0j)
-0.4096	-0.16777216	-0.001401865106285853	-0.16917455592082603	0.0	(-0.16917455592082603+0j)
-0.403225	-0.162590400625	-0.0013958330319338266	-0.16398676662941583	0.0	(-0.16398676662941583+0j)
-0.39690000000000003	-0.15752961000000001	-0.0013895626003893372	-0.158919707335461	0.0	(-0.158919707335461+0j)
-0.390625	-0.152587890625	-0.0013830432377997394	-0.15397146993040164	0.0	(-0.15397146993040164+0j)
-0.3844	-0.14776336	-0.0013762639889883276	-0.14914016092231785	0.0	(-0.14914016092231785+0j)
-0.378225	-0.143054150625	-0.0013692135320265198	-0.14442390145044898	0.0	(-0.14442390145044898+0j)
-0.3721	-0.13845840999999998	-0.0013618801987512318	-0.1398208273056671	0.0	(-0.1398208273056671+0j)
-0.366025	-0.133974300625	-0.0013542520018717467	-0.1353290889575507	0.0	(-0.1353290889575507+0j)
-0.36	-0.1296	-0.001346316669282358	-0.13094685158867642	0.0	(-0.13094685158867642+0j)
-0.354025	-0.125333700625	-0.0013380616861497223	-0.12667229513670297	0.0	(-0.12667229513670297+0j)
-0.34809999999999997	-0.12117360999999997	-0.00132947434527584	-0.12250361434474545	0.0	(-0.12250361434474545+0j)
-0.34222499999999995	-0.11711795062499997	-0.0013205418061480864	-0.11843901882046419	0.0	(-0.11843901882046419+0j)
-0.3364	-0.11316495999999998	-0.0013112511629765386	-0.11447673310415298	0.0	(-0.11447673310415298+0j)
-0.33062500000000006	-0.10931289062500003	-0.0013015895218865211	-0.11061499674602375	0.0	(-0.11061499674602375+0j)
-0.3249000000000001	-0.10556001000000005	-0.00129154408728206	-0.1068520643926862	0.0	(-0.1068520643926862+0j)
-0.3192250000000001	-0.10190460062500006	-0.0012811022572258924	-0.10318620588268346	0.0	(-0.10318620588268346+0j)
-0.31360000000000005	-0.09834496000000002	-0.0012702517274966055	-0.0996157063507382	0.0	(-0.0996157063507382+0j)
-0.30802500000000005	-0.09487940062500003	-0.0012589806037870117	-0.0961388663401975	0.0	(-0.0961388663401975+0j)
-0.30250000000000005	-0.09150625000000003	-0.0012472775213042183	-0.09275400192292116	0.0	(-0.09275400192292116+0j)
-0.29702500000000004	-0.08822385062500002	-0.0012351317708258855	-0.08945944482568373	0.0	(-0.08945944482568373+0j)
-0.2916	-0.08503056000000002	-0.0012225334300641423	-0.08625354256194553	0.0	(-0.08625354256194553+0j)
-0.286225	-0.081924750625	-0.0012094734989941134	-0.08313465856765964	0.0	(-0.08313465856765964+0j)
-0.28090000000000004	-0.07890481000000002	-0.0011959440376236737	-0.08010117233958317	0.0	(-0.08010117233958317+0j)
-0.275625	-0.075969140625	-0.0011819383045204742	-0.07715147957442636	0.0	(-0.07715147957442636+0j)
-0.27040000000000003	-0.07311616000000001	-0.001167450894276786	-0.07428399230701803	0.0	(-0.07428399230701803+0j)
-0.265225	-0.070344300625	-0.0011524778719871347	-0.07149713904555953	0.0	(-0.07149713904555953+0j)
-0.2601	-0.06765201	-0.0011370169027422334	-0.06878936490197346	0.0	(-0.06878936490197346+0j)
-0.255025	-0.065037750625	-0.001121067374108746	-0.0661591317153202	0.0	(-0.0661591317153202+0j)
-0.25	-0.0625	-0.0011046305095703788	-0.06360491816623055	0.0	(-0.06360491816623055+0j)
-0.245025	-0.060037250625	-0.0010877094709530661	-0.06112521988038898	0.0	(-0.06112521988038898+0j)
-0.24009999999999998	-0.05764800999999999	-0.0010703094479458744	-0.05871854951914684	0.0	(-0.05871854951914684+0j)
-0.235225	-0.055330800624999996	-0.0010524377329588239	-0.05638343685549754	0.0	(-0.05638343685549754+0j)
-0.2304	-0.05308416	-0.001034103779727099	-0.05411842883378843	0.0	(-0.05411842883378843+0j)
-0.22562500000000002	-0.050906640625000006	-0.0010153192442750468	-0.05192208961176957	0.0	(-0.05192208961176957+0j)
-0.22090000000000004	-0.04879681000000002	-0.0009960980070888217	-0.049793000583785024	0.0	(-0.049793000583785024+0j)
-0.21622500000000003	-0.04675325062500001	-0.0009764561756086794	-0.04772976038419596	0.0	(-0.04772976038419596+0j)
-0.2116	-0.044774560000000005	-0.0009564120664350391	-0.04573098487039932	0.0	(-0.04573098487039932+0j)
-0.20702500000000001	-0.04285935062500001	-0.0009359861669404017	-0.043795307085121145	0.0	(-0.043795307085121145+0j)
-0.2025	-0.04100625000000001	-0.0009152010762854916	-0.0419213771979634	0.0	(-0.0419213771979634+0j)
-0.198025	-0.039213900625000006	-0.000894081426145914	-0.04010786242651991	0.0	(-0.04010786242651991+0j)
-0.1936	-0.03748096	-0.0008726537817585441	-0.03835344693769808	0.0	(-0.03835344693769808+0j)
-0.189225	-0.035806100625000004	-0.0008509465241884166	-0.03665683173017493	0.0	(-0.03665683173017493+0j)
-0.18489999999999998	-0.03418800999999999	-0.0008289897149910276	-0.03501673449923063	0.0	(-0.03501673449923063+0j)
-0.18062499999999998	-0.03262539062499999	-0.0008068149446963074	-0.033431889485455044	0.0	(-0.033431889485455044+0j)
-0.17639999999999997	-0.031116959999999992	-0.0007844551667642714	-0.03190104730904239	0.0	(-0.03190104730904239+0j)
-0.17222500000000002	-0.029661450625000006	-0.000761944518854611	-0.03042297479158768	0.0	(-0.03042297479158768+0j)
-0.16810000000000003	-0.02825761000000001	-0.0007393181334101215	-0.02899645476740174	0.0	(-0.02899645476740174+0j)
-0.16402500000000003	-0.02690420062500001	-0.0007166119396747441	-0.027620285886443125	0.0	(-0.027620285886443125+0j)
-0.16000000000000003	-0.02560000000000001	-0.0006938624593498673	-0.026293282410957203	0.0	(-0.026293282410957203+0j)
-0.15602500000000002	-0.02434380062500001	-0.0006711065981370862	-0.025014274007860424	0.0	(-0.025014274007860424+0j)
-0.1521	-0.023134410000000005	-0.0006483814354224011	-0.023782105538795274	0.0	(-0.023782105538795274+0j)
-0.148225	-0.021970650624999997	-0.0006257240143272375	-0.02259563684964741	0.0	(-0.02259563684964741+0j)
-0.1444	-0.02085136	-0.0006031711342877681	-0.021453742561151432	0.0	(-0.021453742561151432+0j)
-0.140625	-0.019775390625	-0.0005807591482285906	-0.02035531186207613	0.0	(-0.02035531186207613+0j)
-0.1369	-0.01874161	-0.0005585237662731068	-0.019299248306372058	0.0	(-0.019299248306372058+0j)
-0.13322499999999998	-0.017748900624999994	-0.000536499867784642	-0.01828446961561927	0.0	(-0.01828446961561927+0j)
-0.1296	-0.016796159999999997	-0.0005147213233634456	-0.017309907488147022	0.0	(-0.017309907488147022+0j)
-0.126025	-0.015882300624999998	-0.0004932208282393391	-0.016374507416300216	0.0	(-0.016374507416300216+0j)
-0.12250000000000003	-0.015006250000000006	-0.0004720297483022061	-0.015477228513504741	0.0	(-0.015477228513504741+0j)
-0.11902500000000002	-0.014166950625000004	-0.00045117797980687765	-0.01461704335297427	0.0	(-0.01461704335297427+0j)
-0.11560000000000002	-0.013363360000000005	-0.0004306938235793783	-0.013792937820097528	0.0	(-0.013792937820097528+0j)
-0.11222500000000002	-0.012594450625000005	-0.0004106038743417551	-0.013003910980653307	0.0	(-0.013003910980653307+0j)
-0.10890000000000001	-0.011859210000000002	-0.0003909329255664131	-0.012248974967002276	0.0	(-0.012248974967002276+0j)
-0.10562500000000001	-0.011156640625000002	-0.0003717038900712178	-0.01152715488422685	0.0	(-0.01152715488422685+0j)
-0.1024	-0.01048576	-0.0003529377363764659	-0.010837488737838226	0.0	(-0.010837488737838226+0j)
-0.09922500000000001	-0.009845600625000001	-0.00033465344066658056	-0.010179027384124004	0.0	(-0.010179027384124004+0j)
-0.0961	-0.00923521	-0.0003168679540350562	-0.009550834503536094	0.0	(-0.009550834503536094+0j)
-0.093025	-0.008653650624999999	-0.00029959618454236756	-0.008951986596754412	0.0	(-0.008951986596754412+0j)
-0.09	-0.0081	-0.0002828509934843606	-0.008381573002314843	0.0	(-0.008381573002314843+0j)
-0.08702499999999999	-0.007573350624999998	-0.00026664320515387306	-0.00783869593402545	0.0	(-0.00783869593402545+0j)
-0.0841	-0.007072809999999999	-0.00025098162928128545	-0.007322470535899501	0.0	(-0.007322470535899501+0j)
-0.08122500000000002	-0.006597500625000003	-0.00023587309526044422	-0.0068320249520312255	0.0	(-0.0068320249520312255+0j)
-0.07840000000000001	-0.006146560000000001	-0.00022132249720458862	-0.006366500408761887	0.0	(-0.006366500408761887+0j)
-0.07562500000000001	-0.005719140625000002	-0.00020733284883199012	-0.005925051306574159	0.0	(-0.005925051306574159+0j)
-0.0729	-0.005314410000000001	-0.00019390534715213199	-0.005506845319376433	0.0	(-0.005506845319376433+0j)
-0.07022500000000001	-0.004931550625000001	-0.00018103944390945956	-0.005111063499114764	0.0	(-0.005111063499114764+0j)
-0.06760000000000001	-0.004569760000000001	-0.00016873292374177014	-0.004736900383918969	0.0	(-0.004736900383918969+0j)
-0.065025	-0.004228250625	-0.00015698198802300764	-0.004383564108198183	0.0	(-0.004383564108198183+0j)
-0.0625	-0.00390625	-0.0001457813433840601	-0.004050276513231158	0.0	(-0.004050276513231158+0j)
-0.060024999999999995	-0.0036030006249999995	-0.00013512429393898202	-0.0037362732568554644	0.0	(-0.0037362732568554644+0j)
-0.0576	-0.00331776	-0.00012500283628612448	-0.003440803920870863	0.0	(-0.003440803920870863+0j)
-0.05522500000000001	-0.003049800625000001	-0.00011540775640292086	-0.0031631321147846314	0.0	(-0.0031631321147846314+0j)
-0.0529	-0.0027984100000000003	-0.00010632872760780836	-0.0029025355745766093	0.0	(-0.0029025355745766093+0j)
-0.050625	-0.0025628906250000005	-9.775440882208233e-05	-0.002658306255286064	0.0	(-0.002658306255286064+0j)
-0.0484	-0.00234256	-8.967254242669281e-05	-0.002429750416436987	0.0	(-0.002429750416436987+0j)
-0.046224999999999995	-0.0021367506249999994	-8.207005107340772e-05	-0.002216188699616735	0.0	(-0.002216188699616735+0j)
-0.04409999999999999	-0.0019448099999999995	-7.493313287499498e-05	-0.0020169561978897383	0.0	(-0.0020169561978897383+0j)
-0.04202500000000001	-0.0017661006250000006	-6.824735446440966e-05	-0.0018314025171245378	0.0	(-0.0018314025171245378+0j)
-0.04000000000000001	-0.0016000000000000007	-6.199774147745696e-05	-0.001658891829704339	0.0	(-0.001658891829704339+0j)
-0.038025	-0.0014459006250000003	-5.616886607638996e-05	-0.0014988029214379759	0.0	(-0.0014988029214379759+0j)
-0.0361	-0.00130321	-5.074493119268386e-05	-0.0013505292327606374	0.0	(-0.0013505292327606374+0j)
-0.034225	-0.001171350625	-4.570985122541449e-05	-0.0012134788954915698	0.0	(-0.0012134788954915698+0j)
-0.0324	-0.0010497599999999998	-4.104732898679159e-05	-0.0010870747664938982	0.0	(-0.0010870747664938982+0j)
-0.030625000000000006	-0.0009378906250000004	-3.6740928737982737e-05	-0.0009707544595657007	0.0	(-0.0009707544595657007+0j)
-0.028900000000000006	-0.0008352100000000003	-3.277414520660993e-05	-0.0008639703768029403	0.0	(-0.0008639703768029403+0j)
-0.027225000000000003	-0.0007412006250000001	-2.913046852133505e-05	-0.0007661897405453387	0.0	(-0.0007661897405453387+0j)
-0.0256	-0.00065536	-2.5793445039515306e-05	-0.0006768946268920122	0.0	(-0.0006768946268920122+0j)
-0.024025	-0.000577200625	-2.274673408043243e-05	-0.0005955820017168657	0.0	(-0.0005955820017168657+0j)
-0.0225	-0.00050625	-1.9974160608941804e-05	-0.000521763760212553	0.0	(-0.000521763760212553+0j)
-0.021025	-0.0004420506249999999	-1.7459763943517004e-05	-0.000454966771381786	0.0	(-0.000454966771381786+0j)
-0.019600000000000003	-0.0003841600000000001	-1.5187842587569e-05	-0.0003947329297907308	0.0	(-0.0003947329297907308+0j)
-0.018225	-0.0003321506250000001	-1.3142995304540883e-05	-0.00034061921866260496	0.0	(-0.00034061921866260496+0j)
-0.016900000000000002	-0.00028561000000000005	-1.1310158575597584e-05	-0.0002921977916321948	0.0	(-0.0002921977916321948+0j)
-0.015625	-0.000244140625	-9.67464059348222e-06	-0.0002490560862212483	0.0	(-0.0002490560862212483+0j)
-0.0144	-0.00020736	-8.22215195850351e-06	-0.00021079699193163974	0.0	(-0.00021079699193163974+0j)
-0.013225	-0.00017490062500000002	-6.938833251757259e-06	-0.0001770391119406732	0.0	(-0.0001770391119406732+0j)
-0.0121	-0.00014641	-5.811279667117253e-06	-0.0001474171813524931	0.0	(-0.0001474171813524931+0j)
-0.011024999999999998	-0.00012155062499999997	-4.826562888804453e-06	-0.00012158273314641787	0.0	(-0.00012158273314641787+0j)
-0.010000000000000002	-0.00010000000000000005	-3.9722504023842475e-06	-9.920511124565788e-05	0.0	(-9.920511124565788e-05+0j)
-0.009025	-8.1450625e-05	-3.236422428831709e-06	-7.997283759107191e-05	0.0	(-7.997283759107191e-05+0j)
-0.0081	-6.560999999999999e-05	-2.6076866693203193e-06	-6.359496083999066e-05	0.0	(-6.359496083999066e-05+0j)
-0.007225000000000001	-5.220062500000002e-05	-2.0751910448923994e-06	-4.980113845908875e-05	0.0	(-4.980113845908875e-05+0j)
-0.0064	-4.096e-05	-1.6286346130600649e-06	-3.833822182793864e-05	0.0	(-3.833822182793864e-05+0j)
-0.005625	-3.1640625e-05	-1.2582768358360141e-06	-2.896206878203005e-05	0.0	(-2.896206878203005e-05+0j)
-0.004900000000000001	-2.4010000000000006e-05	-9.549453703350252e-07	-2.142816637884886e-05	0.0	(-2.142816637884886e-05+0j)
-0.0042250000000000005	-1.7850625000000003e-05	-7.100425407635669e-07	-1.5488831196611395e-05	0.0	(-1.5488831196611395e-05+0j)
-0.0036	-1.296e-05	-5.155506506149266e-07	-1.0900052286932585e-05	0.0	(-1.0900052286932585e-05+0j)
-0.003025	-9.150625e-06	-3.6403627889924906e-07	-7.432171958385034e-06	0.0	(-7.432171958385034e-06+0j)
-0.0025000000000000005	-6.250000000000003e-06	-2.486536967438724e-07	-4.87745821753968e-06	0.0	(-4.87745821753968e-06+0j)
-0.002025	-4.100624999999999e-06	-1.6314753370494373e-07	-3.052780142939914e-06	0.0	(-3.052780142939914e-06+0j)
-0.0016	-2.56e-06	-1.0185481791324946e-07	-1.799119956786476e-06	0.0	(-1.799119956786476e-06+0j)
-0.0012250000000000002	-1.5006250000000003e-06	-5.970647976027976e-08	-9.799109119288157e-07	0.0	(-9.799109119288157e-07+0j)
-0.0009	-8.1e-07	-3.2228442137238744e-08	-4.793006064522463e-07	0.0	(-4.793006064522463e-07+0j)
-0.0006250000000000001	-3.906250000000002e-07	-1.5542369169452286e-08	-2.0072972403067422e-07	0.0	(-2.0072972403067422e-07+0j)
-0.0004	-1.6e-07	-6.366178695316194e-09	-6.587877025578887e-08	0.0	(-6.587877025578887e-08+0j)
-0.000225	-5.0625e-08	-2.014303390751593e-09	-1.3923498944608972e-08	0.0	(-1.3923498944608972e-08+0j)
-0.0001	-1e-08	-3.979039320256561e-10	-1.020138569811825e-09	0.0	(-1.020138569811825e-09+0j)
-2.5e-05	-6.25e-10	-2.1827872842550278e-11	5.082197683525802e-20	-4.448358564794719e-05	(5.082197683525802e-20-4.448358564794719e-05j)
2.5e-05	6.25e-10	2.1827872842550278e-11	5.082197683525802e-20	4.448358564794719e-05	(5.082197683525802e-20+4.448358564794719e-05j)
0.0001	1e-08	3.979039320256561e-10	1.0201385691139682e-09	0.0	(1.0201385691139682e-09+0j)
0.000225	5.0625e-08	2.014303390751593e-09	1.3923498946843632e-08	0.0	(1.3923498946843632e-08+0j)
0.0004	1.6e-07	6.366178695316194e-09	6.587877026629165e-08	0.0	(6.587877026629165e-08+0j)
0.0006250000000000001	3.906250000000002e-07	1.5542369169452286e-08	2.007297240368709e-07	0.0	(2.007297240368709e-07+0j)
0.0009	8.1e-07	3.2228442137238744e-08	4.793006064480773e-07	0.0	(4.793006064480773e-07+0j)
0.0012250000000000002	1.5006250000000003e-06	5.970647976027976e-08	9.799109119271542e-07	0.0	(9.799109119271542e-07+0j)
0.0016	2.56e-06	1.0185481791324946e-07	1.7991199568004536e-06	0.0	(1.7991199568004536e-06+0j)
0.002025	4.100624999999999e-06	1.6314753370494373e-07	3.0527801429431445e-06	0.0	(3.0527801429431445e-06+0j)
0.0025000000000000005	6.250000000000003e-06	2.486536967438724e-07	4.877458217537831e-06	0.0	(4.877458217537831e-06+0j)
0.003025	9.150625e-06	3.6403627889924906e-07	7.432171958381751e-06	0.0	(7.432171958381751e-06+0j)
0.0036	1.296e-05	5.155506506149266e-07	1.0900052286932827e-05	0.0	(1.0900052286932827e-05+0j)
0.0042250000000000005	1.7850625000000003e-05	7.100425407635669e-07	1.5488831196593438e-05	0.0	(1.5488831196593438e-05+0j)
0.004900000000000001	2.4010000000000006e-05	9.549453703350252e-07	2.1428166378857803e-05	0.0	(2.1428166378857803e-05+0j)
0.005625	3.1640625e-05	1.2582768358360141e-06	2.8962068782030257e-05	0.0	(2.8962068782030257e-05+0j)
0.0064	4.096e-05	1.6286346130600649e-06	3.8338221827969396e-05	0.0	(3.8338221827969396e-05+0j)
0.007225000000000001	5.220062500000002e-05	2.0751910448923994e-06	4.9801138459089984e-05	0.0	(4.9801138459089984e-05+0j)
0.0081	6.560999999999999e-05	2.6076866693203193e-06	6.359496084003247e-05	0.0	(6.359496084003247e-05+0j)
0.009025	8.1450625e-05	3.236422428831709e-06	7.997283759106724e-05	0.0	(7.997283759106724e-05+0j)
0.010000000000000002	0.00010000000000000005	3.9722504023842475e-06	9.920511124567429e-05	0.0	(9.920511124567429e-05+0j)
0.011024999999999998	0.00012155062499999997	4.826562888804453e-06	0.00012158273314641824	0.0	(0.00012158273314641824+0j)
0.0121	0.00014641	5.811279667117253e-06	0.00014741718135248698	0.0	(0.00014741718135248698+0j)
0.013225	0.00017490062500000002	6.938833251757259e-06	0.00017703911194067798	0.0	(0.00017703911194067798+0j)
0.0144	0.00020736	8.22215195850351e-06	0.00021079699193161597	0.0	(0.00021079699193161597+0j)
0.015625	0.000244140625	9.67464059348222e-06	0.0002490560862212787	0.0	(0.0002490560862212787+0j)
0.016900000000000002	0.00028561000000000005	1.1310158575597584e-05	0.0002921977916321754	0.0	(0.0002921977916321754+0j)
0.018225	0.0003321506250000001	1.3142995304540883e-05	0.0003406192186626452	0.0	(0.0003406192186626452+0j)
0.019600000000000003	0.0003841600000000001	1.5187842587569e-05	0.000394732929790693	0.0	(0.000394732929790693+0j)
0.021025	0.0004420506249999999	1.7459763943517004e-05	0.0004549667713818033	0.0	(0.0004549667713818033+0j)
0.0225	0.00050625	1.9974160608941804e-05	0.0005217637602125459	0.0	(0.0005217637602125459+0j)
0.024025	0.000577200625	2.274673408043243e-05	0.0005955820017168711	0.0	(0.0005955820017168711+0j)
0.0256	0.00065536	2.5793445039515306e-05	0.0006768946268920264	0.0	(0.0006768946268920264+0j)
0.027225000000000003	0.0007412006250000001	2.913046852133505e-05	0.0007661897405453315	0.0	(0.0007661897405453315+0j)
0.028900000000000006	0.0008352100000000003	3.277414520660993e-05	0.0008639703768029267	0.0	(0.0008639703768029267+0j)
0.030625000000000006	0.0009378906250000004	3.6740928737982737e-05	0.0009707544595656909	0.0	(0.0009707544595656909+0j)
0.0324	0.0010497599999999998	4.104732898679159e-05	0.0010870747664938941	0.0	(0.0010870747664938941+0j)
0.034225	0.001171350625	4.570985122541449e-05	0.0012134788954915622	0.0	(0.0012134788954915622+0j)
0.0361	0.00130321	5.074493119268386e-05	0.0013505292327606131	0.0	(0.0013505292327606131+0j)
0.038025	0.0014459006250000003	5.616886607638996e-05	0.0014988029214379743	0.0	(0.0014988029214379743+0j)
0.04000000000000001	0.0016000000000000007	6.199774147745696e-05	0.0016588918297043437	0.0	(0.0016588918297043437+0j)
0.04202500000000001	0.0017661006250000006	6.824735446440966e-05	0.0018314025171245224	0.0	(0.0018314025171245224+0j)
0.04409999999999999	0.0019448099999999995	7.493313287499498e-05	0.0020169561978897322	0.0	(0.0020169561978897322+0j)
0.046224999999999995	0.0021367506249999994	8.207005107340772e-05	0.002216188699616723	0.0	(0.002216188699616723+0j)
0.0484	0.00234256	8.967254242669281e-05	0.0024297504164369796	0.0	(0.0024297504164369796+0j)
0.050625	0.0025628906250000005	9.775440882208233e-05	0.002658306255286068	0.0	(0.002658306255286068+0j)
0.0529	0.0027984100000000003	0.00010632872760780836	0.002902535574576616	0.0	(0.002902535574576616+0j)
0.05522500000000001	0.003049800625000001	0.00011540775640292086	0.003163132114784628	0.0	(0.003163132114784628+0j)
0.0576	0.00331776	0.00012500283628612448	0.0034408039208708423	0.0	(0.0034408039208708423+0j)
0.060024999999999995	0.0036030006249999995	0.00013512429393898202	0.003736273256855446	0.0	(0.003736273256855446+0j)
0.0625	0.00390625	0.0001457813433840601	0.004050276513231168	0.0	(0.004050276513231168+0j)
0.065025	0.004228250625	0.00015698198802300764	0.0043835641081981635	0.0	(0.0043835641081981635+0j)
0.06760000000000001	0.004569760000000001	0.00016873292374177014	0.004736900383918946	0.0	(0.004736900383918946+0j)
0.07022500000000001	0.004931550625000001	0.00018103944390945956	0.005111063499114736	0.0	(0.005111063499114736+0j)
0.0729	0.005314410000000001	0.00019390534715213199	0.00550684531937645	0.0	(0.00550684531937645+0j)
0.07562500000000001	0.005719140625000002	0.00020733284883199012	0.005925051306574191	0.0	(0.005925051306574191+0j)
0.07840000000000001	0.006146560000000001	0.00022132249720458862	0.006366500408761861	0.0	(0.006366500408761861+0j)
0.08122500000000002	0.006597500625000003	0.00023587309526044422	0.0068320249520312125	0.0	(0.0068320249520312125+0j)
0.0841	0.007072809999999999	0.00025098162928128545	0.00732247053589955	0.0	(0.00732247053589955+0j)
0.08702499999999999	0.007573350624999998	0.00026664320515387306	0.007838695934025546	0.0	(0.007838695934025546+0j)
0.09	0.0081	0.0002828509934843606	0.0083815730023148	0.0	(0.0083815730023148+0j)
0.093025	0.008653650624999999	0.00029959618454236756	0.008951986596754386	0.0	(0.008951986596754386+0j)
0.0961	0.00923521	0.0003168679540350562	0.009550834503536106	0.0	(0.009550834503536106+0j)
0.09922500000000001	0.009845600625000001	0.00033465344066658056	0.010179027384123986	0.0	(0.010179027384123986+0j)
0.1024	0.01048576	0.0003529377363764659	0.010837488737838229	0.0	(0.010837488737838229+0j)
0.10562500000000001	0.011156640625000002	0.0003717038900712178	0.011527154884226985	0.0	(0.011527154884226985+0j)
0.10890000000000001	0.011859210000000002	0.0003909329255664131	0.012248974967002361	0.0	(0.012248974967002361+0j)
0.11222500000000002	0.012594450625000005	0.0004106038743417551	0.013003910980653427	0.0	(0.013003910980653427+0j)
0.11560000000000002	0.013363360000000005	0.0004306938235793783	0.013792937820097547	0.0	(0.013792937820097547+0j)
0.11902500000000002	0.014166950625000004	0.00045117797980687765	0.014617043352974365	0.0	(0.014617043352974365+0j)
0.12250000000000003	0.015006250000000006	0.0004720297483022061	0.015477228513504816	0.0	(0.015477228513504816+0j)
0.126025	0.015882300624999998	0.0004932208282393391	0.0163745074163002	0.0	(0.0163745074163002+0j)
0.1296	0.016796159999999997	0.0005147213233634456	0.01730990748814702	0.0	(0.01730990748814702+0j)
0.13322499999999998	0.017748900624999994	0.000536499867784642	0.018284469615619425	0.0	(0.018284469615619425+0j)
0.1369	0.01874161	0.0005585237662731068	0.01929924830637202	0.0	(0.01929924830637202+0j)
0.140625	0.019775390625	0.0005807591482285906	0.02035531186207619	0.0	(0.02035531186207619+0j)
0.1444	0.02085136	0.0006031711342877681	0.021453742561151408	0.0	(0.021453742561151408+0j)
0.148225	0.021970650624999997	0.0006257240143272375	0.022595636849647383	0.0	(0.022595636849647383+0j)
0.1521	0.023134410000000005	0.0006483814354224011	0.02378210553879523	0.0	(0.02378210553879523+0j)
0.15602500000000002	0.02434380062500001	0.0006711065981370862	0.025014274007860413	0.0	(0.025014274007860413+0j)
0.16000000000000003	0.02560000000000001	0.0006938624593498673	0.026293282410957224	0.0	(0.026293282410957224+0j)
0.16402500000000003	0.02690420062500001	0.0007166119396747441	0.027620285886443052	0.0	(0.027620285886443052+0j)
0.16810000000000003	0.02825761000000001	0.0007393181334101215	0.028996454767401657	0.0	(0.028996454767401657+0j)
0.17222500000000002	0.029661450625000006	0.000761944518854611	0.030422974791587617	0.0	(0.030422974791587617+0j)
0.17639999999999997	0.031116959999999992	0.0007844551667642714	0.031901047309042425	0.0	(0.031901047309042425+0j)
0.18062499999999998	0.03262539062499999	0.0008068149446963074	0.03343188948545486	0.0	(0.03343188948545486+0j)
0.18489999999999998	0.03418800999999999	0.0008289897149910276	0.03501673449923075	0.0	(0.03501673449923075+0j)
0.189225	0.035806100625000004	0.0008509465241884166	0.0366568317301749	0.0	(0.0366568317301749+0j)
0.1936	0.03748096	0.0008726537817585441	0.03835344693769837	0.0	(0.03835344693769837+0j)
0.198025	0.039213900625000006	0.000894081426145914	0.04010786242652024	0.0	(0.04010786242652024+0j)
0.2025	0.04100625000000001	0.0009152010762854916	0.041921377197962816	0.0	(0.041921377197962816+0j)
0.20702500000000001	0.04285935062500001	0.0009359861669404017	0.04379530708512151	0.0	(0.04379530708512151+0j)
0.2116	0.044774560000000005	0.0009564120664350391	0.045730984870399345	0.0	(0.045730984870399345+0j)
0.21622500000000003	0.04675325062500001	0.0009764561756086794	0.04772976038419563	0.0	(0.04772976038419563+0j)
0.22090000000000004	0.04879681000000002	0.0009960980070888217	0.04979300058378537	0.0	(0.04979300058378537+0j)
0.22562500000000002	0.050906640625000006	0.0010153192442750468	0.05192208961176949	0.0	(0.05192208961176949+0j)
0.2304	0.05308416	0.001034103779727099	0.054118428833788014	0.0	(0.054118428833788014+0j)
0.235225	0.055330800624999996	0.0010524377329588239	0.05638343685549751	0.0	(0.05638343685549751+0j)
0.24009999999999998	0.05764800999999999	0.0010703094479458744	0.05871854951914708	0.0	(0.05871854951914708+0j)
0.245025	0.060037250625	0.0010877094709530661	0.06112521988038871	0.0	(0.06112521988038871+0j)
0.25	0.0625	0.0011046305095703788	0.0636049181662306	0.0	(0.0636049181662306+0j)
0.255025	0.065037750625	0.001121067374108746	0.06615913171532038	0.0	(0.06615913171532038+0j)
0.2601	0.06765201	0.0011370169027422334	0.06878936490197322	0.0	(0.06878936490197322+0j)
0.265225	0.070344300625	0.0011524778719871347	0.07149713904555925	0.0	(0.07149713904555925+0j)
0.27040000000000003	0.07311616000000001	0.001167450894276786	0.07428399230701838	0.0	(0.07428399230701838+0j)
0.275625	0.075969140625	0.0011819383045204742	0.07715147957442703	0.0	(0.07715147957442703+0j)
0.28090000000000004	0.07890481000000002	0.0011959440376236737	0.08010117233958289	0.0	(0.08010117233958289+0j)
0.286225	0.081924750625	0.0012094734989941134	0.08313465856765935	0.0	(0.08313465856765935+0j)
0.2916	0.08503056000000002	0.0012225334300641423	0.0862535425619451	0.0	(0.0862535425619451+0j)
0.29702500000000004	0.08822385062500002	0.0012351317708258855	0.0894594448256834	0.0	(0.0894594448256834+0j)
0.30250000000000005	0.09150625000000003	0.0012472775213042183	0.09275400192292194	0.0	(0.09275400192292194+0j)
0.30802500000000005	0.09487940062500003	0.0012589806037870117	0.09613886634019816	0.0	(0.09613886634019816+0j)
0.31360000000000005	0.09834496000000002	0.0012702517274966055	0.0996157063507379	0.0	(0.0996157063507379+0j)
0.3192250000000001	0.10190460062500006	0.0012811022572258924	0.10318620588268348	0.0	(0.10318620588268348+0j)
0.3249000000000001	0.10556001000000005	0.00129154408728206	0.10685206439268756	0.0	(0.10685206439268756+0j)
0.33062500000000006	0.10931289062500003	0.0013015895218865211	0.1106149967460241	0.0	(0.1106149967460241+0j)
0.3364	0.11316495999999998	0.0013112511629765386	0.11447673310415298	0.0	(0.11447673310415298+0j)
0.34222499999999995	0.11711795062499997	0.0013205418061480864	0.11843901882046406	0.0	(0.11843901882046406+0j)
0.34809999999999997	0.12117360999999997	0.00132947434527584	0.12250361434474544	0.0	(0.12250361434474544+0j)
0.354025	0.125333700625	0.0013380616861497223	0.12667229513670294	0.0	(0.12667229513670294+0j)
0.36	0.1296	0.001346316669282358	0.1309468515886762	0.0	(0.1309468515886762+0j)
0.366025	0.133974300625	0.0013542520018717467	0.13532908895755133	0.0	(0.13532908895755133+0j)
0.3721	0.13845840999999998	0.0013618801987512318	0.13982082730566672	0.0	(0.13982082730566672+0j)
0.378225	0.143054150625	0.0013692135320265198	0.14442390145044862	0.0	(0.14442390145044862+0j)
0.3844	0.14776336	0.0013762639889883276	0.149140160922318	0.0	(0.149140160922318+0j)
0.390625	0.152587890625	0.0013830432377997394	0.1539714699304012	0.0	(0.1539714699304012+0j)
0.39690000000000003	0.15752961000000001	0.0013895626003893372	0.1589197073354607	0.0	(0.1589197073354607+0j)
0.403225	0.162590400625	0.0013958330319338266	0.1639867666294154	0.0	(0.1639867666294154+0j)
0.4096	0.16777216	0.001401865106285853	0.16917455592082525	0.0	(0.16917455592082525+0j)
0.41602500000000003	0.17307680062500003	0.0014076690066922566	0.17448499792566752	0.0	(0.17448499792566752+0j)
0.42250000000000004	0.17850625000000003	0.001413254521153028	0.1799200299627611	0.0	(0.1799200299627611+0j)
0.42902500000000005	0.18406245062500004	0.0014186310417894626	0.185481603953202	0.0	(0.185481603953202+0j)
0.43560000000000004	0.18974736000000003	0.0014238075676190553	0.19117168642321977	0.0	(0.19117168642321977+0j)
0.44222500000000003	0.19556295062500004	0.0014287927101722024	0.19699225850985613	0.0	(0.19699225850985613+0j)
0.4489000000000001	0.20151121000000008	0.001433594701429438	0.20294531596898677	0.0	(0.20294531596898677+0j)
0.45562500000000006	0.20759414062500006	0.0014382214036056684	0.20903286918518046	0.0	(0.20903286918518046+0j)
0.4624000000000001	0.21381376000000007	0.0014426803203576994	0.21525694318297747	0.0	(0.21525694318297747+0j)
0.46922500000000006	0.22017210062500006	0.0014469786090416353	0.22161957763922668	0.0	(0.22161957763922668+0j)
0.4761000000000001	0.22667121000000007	0.0014511230936960539	0.22812282689614155	0.0	(0.22812282689614155+0j)
0.4830250000000001	0.23331315062500008	0.001455120278474093	0.2347687599747983	0.0	(0.2347687599747983+0j)
0.4900000000000001	0.2401000000000001	0.0014589763612918533	0.24155946058886107	0.0	(0.24155946058886107+0j)
0.49702499999999994	0.24703385062499994	0.0014626972475012257	0.24849702715831853	0.0	(0.24849702715831853+0j)
0.5041	0.25411680999999997	0.001466288563432012	0.2555835728230904	0.0	(0.2555835728230904+0j)
0.5112249999999999	0.26135100062499994	0.001469755669680822	0.26282122545637543	0.0	(0.26282122545637543+0j)
0.5184	0.26873855999999996	0.0014731036740527098	0.2702121276776647	0.0	(0.2702121276776647+0j)
0.525625	0.276281640625	0.0014763374440859556	0.27775843686530544	0.0	(0.27775843686530544+0j)
0.5328999999999999	0.2839824099999999	0.0014794616191110535	0.28546232516862513	0.0	(0.28546232516862513+0j)
0.540225	0.29184305062499993	0.0014824806218120944	0.29332597951954004	0.0	(0.29332597951954004+0j)
0.5476	0.29986576	0.0014853986692727086	0.3013516016436586	0.0	(0.3013516016436586+0j)
0.555025	0.308052750625	0.0014882197834999054	0.3095414080708383	0.0	(0.3095414080708383+0j)
0.5625	0.31640625	0.0014909478014278807	0.31789763014523864	0.0	(0.31789763014523864+0j)
0.570025	0.324928500625	0.001493586384410524	0.32642251403485795	0.0	(0.32642251403485795+0j)
0.5776	0.33362176	0.001496139027216279	0.3351183207405567	0.0	(0.3351183207405567+0j)
0.585225	0.342488300625	0.0014986090665425021	0.3439873261046268	0.0	(0.3439873261046268+0j)
0.5929	0.35153040999999996	0.001500999689068788	0.3530318208188602	0.0	(0.3530318208188602+0j)
0.6006250000000001	0.3607503906250001	0.0015033139390701476	0.3622541104321987	0.0	(0.3622541104321987+0j)
0.6084	0.3701505600000001	0.0015055547256116128	0.3716565153579694	0.0	(0.3716565153579694+0j)
0.616225	0.379733250625	0.001507724829346003	0.38124137088069665	0.0	(0.38124137088069665+0j)
0.6241000000000001	0.38950081000000014	0.001509826908936329	0.39101102716256264	0.0	(0.39101102716256264+0j)
0.6320250000000001	0.3994556006250001	0.001511863507123777	0.40096784924949863	0.0	(0.40096784924949863+0j)
0.6400000000000001	0.4096000000000002	0.0015138370564614788	0.41111421707692447	0.0	(0.41111421707692447+0j)
0.6480250000000001	0.4199364006250001	0.0015157498847334085	0.4214525254752173	0.0	(0.4214525254752173+0j)
0.6561000000000001	0.43046721000000016	0.0015176042200768132	0.43198518417483783	0.0	(0.43198518417483783+0j)
0.6642250000000001	0.4411948506250001	0.001519402195825609	0.4427146178111909	0.0	(0.4427146178111909+0j)
0.6724000000000001	0.45212176000000015	0.0015211458550912036	0.45364326592923004	0.0	(0.45364326592923004+0j)
0.6806250000000001	0.4632503906250002	0.0015228371550962446	0.4647735829878135	0.0	(0.4647735829878135+0j)
0.6889000000000001	0.4745832100000001	0.0015244779712758622	0.4761080383638091	0.0	(0.4761080383638091+0j)
0.697225	0.48612270062499996	0.0015260701011600886	0.4876491163560014	0.0	(0.4876491163560014+0j)
0.7055999999999999	0.4978713599999999	0.0015276152680502812	0.49939931618877104	0.0	(0.49939931618877104+0j)
0.7140249999999999	0.5098317006249998	0.001529115124501586	0.5113611520156048	0.0	(0.5113611520156048+0j)
0.7224999999999999	0.5220062499999999	0.0015305712556227152	0.5235371529224008	0.0	(0.5235371529224008+0j)
0.7310249999999999	0.5343975506249999	0.001531985182203606	0.5359298629306231	0.0	(0.5359298629306231+0j)
0.7395999999999999	0.5470081599999999	0.001533358363680876	0.5485418410002856	0.0	(0.5485418410002856+0j)
0.748225	0.559840650625	0.0015346922009503523	0.5613756610328119	0.0	(0.5613756610328119+0j)
0.7569	0.5728976100000001	0.001535988039035389	0.574433911873788	0.0	(0.574433911873788+0j)
0.765625	0.586181640625	0.0015372471696191382	0.5877191973156743	0.0	(0.5877191973156743+0j)
0.7744	0.59969536	0.0015384708334484376	0.6012341361005423	0.0	(0.6012341361005423+0j)
0.7832250000000001	0.6134414006250001	0.001539660222616503	0.6149813619231008	0.0	(0.6149813619231008+0j)
0.7921	0.6274224100000001	0.0015408164827311794	0.6289635234342882	0.0	(0.6289635234342882+0j)
0.801025	0.641641050625	0.0015419407149750884	0.6431832842461492	0.0	(0.6431832842461492+0j)
0.81	0.6561000000000001	0.001543033978063628	0.657643322939203	0.0	(0.657643322939203+0j)
0.819025	0.670801950625	0.001544097290106421	0.6723463330743448	0.0	(0.6723463330743448+0j)
0.8281000000000001	0.6857496100000001	0.0015451316303774713	0.6872950232127429	0.0	(0.6872950232127429+0j)
0.8372250000000001	0.7009457006250002	0.0015461379409989825	0.7024921169491313	0.0	(0.7024921169491313+0j)
0.8464	0.7163929600000001	0.0015471171285434818	0.7179403529667824	0.0	(0.7179403529667824+0j)
0.8556250000000001	0.7320941406250001	0.0015480700655586398	0.7336424851258514	0.0	(0.7336424851258514+0j)
0.8649000000000001	0.7480520100000002	0.0015489975920189027	0.7496012826008244	0.0	(0.7496012826008244+0j)
0.8742250000000001	0.7642693506250002	0.0015499005167078203	0.7658195300868328	0.0	(0.7658195300868328+0j)
0.8836000000000002	0.7807489600000003	0.001550779618534728	0.7823000280975897	0.0	(0.7823000280975897+0j)
0.8930250000000001	0.7974936506250001	0.001551635647789228	0.7990455933793983	0.0	(0.7990455933793983+0j)
0.9025000000000001	0.8145062500000001	0.0015524693273367169	0.8160590594656546	0.0	(0.8160590594656546+0j)
0.9120250000000001	0.8317896006250002	0.0015532813537580204	0.833343277398286	0.0	(0.833343277398286+0j)
0.9216	0.84934656	0.0015540723984360301	0.8509011166550507	0.0	(0.8509011166550507+0j)
0.931225	0.8671800006249999	0.0015548431085920574	0.8687354663667489	0.0	(0.8687354663667489+0j)
0.9409	0.8852928099999999	0.0015555941082744838	0.8868492370374881	0.0	(0.8868492370374881+0j)
0.9506249999999999	0.9036878906249999	0.0015563259993021323	0.9052453633209048	0.0	(0.9052453633209048+0j)
0.9603999999999999	0.9223681599999999	0.0015570393621646512	0.9239268093173194	0.0	(0.9239268093173194+0j)
0.970225	0.941336550625	0.00155773475688208	0.9428965805727924	0.0	(0.9428965805727924+0j)
0.9801	0.96059601	0.0015584127238256363	0.9621577567521684	0.0	(0.9621577567521684+0j)
0.990025	0.9801495006250001	0.0015590737845016652	0.9817136070583081	0.0	(0.9817136070583081+0j)
1.0	1.0	0.0015597184423005743	1.0015682719857448	0.0	(1.0015682719857448+0j)
