-9605195.204771383	-92259774921763.17	-0.044209706414415274	-92259774921763.22	0.0	(-92259774921763.22+0j)
-1200594.1310054827	-1441426267404.8103	-0.04420970641440856	-1441426267404.8545	0.0	(-1441426267404.8545+0j)
-355704.3016402785	-126525550205.39822	-0.04420970641433773	-126525550205.44243	0.0	(-126525550205.44243+0j)
-150046.63327639527	-22513992157.581047	-0.044209706413979005	-22513992157.625256	0.0	(-22513992157.625256+0j)
-76813.26603926464	-5900277839.618846	-0.0442097064127503	-5900277839.663055	0.0	(-5900277839.663055+0j)
-44444.61752351378	-1975324026.811428	-0.04420970640944182	-1975324026.8556378	0.0	(-1975324026.8556378+0j)
-27982.86297320777	-783040620.1773225	-0.04420970640186893	-783040620.2215322	0.0	(-783040620.2215322+0j)
-18742.01600231651	-351263163.8310882	-0.04420970638644667	-351263163.8752979	0.0	(-351263163.8752979+0j)
-13159.681857015545	-173177226.57786408	-0.044209706357685175	-173177226.6220738	0.0	(-173177226.6220738+0j)
-9590.609764578987	-91979795.65643781	-0.04420970630760519	-91979795.70064752	0.0	(-91979795.70064752+0j)
-7203.243728879368	-51886720.217639945	-0.04420970622507253	-51886720.26184965	0.0	(-51886720.26184965+0j)
-5546.372188325968	-30762244.451435786	-0.04420970609505054	-30762244.495645493	0.0	(-30762244.495645493+0j)
-4360.696925764805	-19015677.678374622	-0.0442097058977691	-19015677.72258433	0.0	(-19015677.72258433+0j)
-3489.969969937625	-12179890.391066428	-0.04420970560780884	-12179890.435276134	0.0	(-12179890.435276134+0j)
-2836.2105753037786	-8044090.427464991	-0.044209705193099025	-8044090.471674696	0.0	(-8044090.471674696+0j)
-2335.8522065964303	-5456205.531061413	-0.04420970461382719	-5456205.5752711175	0.0	(-5456205.5752711175+0j)
-1946.4273685286264	-3788579.5009572734	-0.04420970382125897	-3788579.545166977	0.0	(-3788579.545166977+0j)
-1638.829218206556	-2685761.206447512	-0.04420970275646575	-2685761.250657215	0.0	(-2685761.250657215+0j)
-1392.6540178654614	-1939485.2134768127	-0.04420970134895824	-1939485.257686514	0.0	(-1939485.257686514+0j)
-1193.310456657072	-1423989.84596711	-0.04420969951522348	-1423989.8901768096	0.0	(-1423989.8901768096+0j)
-1030.1761707171554	-1061262.9427134618	-0.04420969715716271	-1061262.9869231589	0.0	(-1061262.9869231589+0j)
-895.3932941925091	-801729.1512849131	-0.04420969416042762	-801729.1954946072	0.0	(-801729.1954946072+0j)
-783.0642560322963	-613189.6290754137	-0.04420969039265191	-613189.6732851041	0.0	(-613189.6732851041+0j)
-688.7042001214068	-474313.47526486666	-0.04420968570157521	-474313.51947455236	0.0	(-474313.51947455236+0j)
-608.861460144658	-370712.27764948504	-0.04420967991305625	-370712.321859165	0.0	(-370712.321859165+0j)
-540.8502227281518	-292518.96342509147	-0.044209672828971584	-292519.0076347643	0.0	(-292519.0076347643+0j)
-482.5594081882106	-232863.58243095607	-0.04420966422499657	-232863.6266406203	0.0	(-232863.6266406203+0j)
-432.3141694833717	-186895.54113609742	-0.04420965384826455	-186895.5853457513	0.0	(-186895.5853457513+0j)
-388.77425741880654	-151145.42323154447	-0.044209641414900386	-151145.46744118587	0.0	(-151145.46744118587+0j)
-350.858570038611	-123101.7361695389	-0.04420962660742395	-123101.7803791655	0.0	(-123101.7803791655+0j)
-317.6885353347575	-100926.00548314345	-0.04420960907201927	-100926.04969275252	0.0	(-100926.04969275252+0j)
-288.5451996188469	-83258.3322230802	-0.0442095884156645	-83258.37643266862	0.0	(-83258.37643266862+0j)
-262.836399308869	-69082.97280165122	-0.04420956420311779	-69083.01701121543	0.0	(-69083.01701121543+0j)
-240.07142706246006	-57634.290091806084	-0.04420953595375407	-57634.33430134204	0.0	(-57634.33430134204+0j)
-219.84132123719695	-48330.206523316425	-0.04420950313824691	-48330.250732819564	0.0	(-48330.250732819564+0j)
-201.80341259064414	-40724.61733322975	-0.04420946517509021	-40724.66154269492	0.0	(-40724.66154269492+0j)
-185.66912113051106	-34473.02254137639	-0.044209421426953326	-34473.06675079782	0.0	(-34473.06675079782+0j)
-171.19425391683407	-29307.47257414146	-0.04420937119686366	-29307.516783512656	0.0	(-29307.516783512656+0j)
-158.1712416884214	-25018.14169725701	-0.04420931372420992	-25018.185906570736	0.0	(-25018.185906570736+0j)
-146.42288913233602	-21439.662461860367	-0.04420924818055928	-21439.706671108546	0.0	(-21439.706671108546+0j)
-135.79731473932583	-18440.910690411518	-0.04420917366528123	-18440.954899585184	0.0	(-18440.954899585184+0j)
-126.1638314734695	-15917.312372066013	-0.04420908920097045	-15917.356581155143	0.0	(-15917.356581155143+0j)
-117.40957596921426	-13785.008529270695	-0.044208993728660974	-13785.052738264469	0.0	(-13785.052738264469+0j)
-109.43673666083288	-11976.399330972483	-0.04420888610282324	-11976.44353985863	0.0	(-11976.44353985863+0j)
-102.16026374241683	-10436.719487920167	-0.0442087650861355	-10436.763696685293	0.0	(-10436.763696685293+0j)
-95.50596875190209	-9121.390067239297	-0.04420862934402032	-9121.434275868614	0.0	(-9121.434275868614+0j)
-89.40894076792034	-7993.958689241488	-0.044208477438937126	-7994.002897718962	0.0	(-7994.002897718962+0j)
-83.81222109797599	-7024.488405376012	-0.04420830782442046	-7024.532613683852	0.0	(-7024.532613683852+0j)
-78.66568995306919	-6188.290775792411	-0.04420811883885386	-6188.33498391124	0.0	(-6188.33498391124+0j)
-73.92512771679691	-5464.924507944735	-0.04420790869896864	-5464.968715853437	0.0	(-5464.968715853437+0j)
-69.5514206035539	-4837.400107972461	-0.04420767549305599	-4837.444315647963	0.0	(-4837.444315647963+0j)
-65.5098861964565	-4291.545189472683	-0.044207417173880915	-4291.5893968898445	0.0	(-4291.5893968898445+0j)
-61.76969889208737	-3815.4957012191394	-0.04420713155128552	-3815.5399083507004	0.0	(-3815.5399083507004+0j)
-58.30339890885323	-3399.2863243248685	-0.04420681628446872	-3399.3305311411614	0.0	(-3399.3305311411614+0j)
-55.08647143290039	-3034.5193349277506	-0.0442064688739291	-3034.5635413966197	0.0	(-3034.5635413966197+0j)
-52.09698483000059	-2714.095828377312	-0.04420608665305674	-2714.140034463957	0.0	(-2714.140034463957+0j)
-49.31527876000004	-2431.9967191765113	-0.044205666779359234	-2432.0409248432948	0.0	(-2432.0409248432948+0j)
-46.7236945829899	-2183.1036354845196	-0.044205206225306846	-2183.147840690748	0.0	(-2183.147840690748+0j)
-44.3063417144323	-1963.0519161160437	-0.04420470176878041	-1963.09612081781	0.0	(-1963.09612081781+0j)
-42.0488946259587	-1768.1095392649786	-0.04420414998310553	-1768.1537434149582	0.0	(-1768.1537434149582+0j)
-39.93841604370705	-1595.0770760802368	-0.044203547226655406	-1595.1212796274558	0.0	(-1595.1212796274558+0j)
-37.963202601939585	-1441.2047517959124	-0.04420288963200402	-1441.2489546855504	0.0	(-1441.2489546855504+0j)
-36.1126497942929	-1304.123475165243	-0.044202173094610706	-1304.1676773383367	0.0	(-1304.1676773383367+0j)
-34.37713355070611	-1181.7873111630838	-0.044201393261015944	-1181.8315125563515	0.0	(-1181.8315125563515+0j)
-32.747906172853575	-1072.4253587060214	-0.04420054551652775	-1072.4695592515382	0.0	(-1072.4695592515382+0j)
-31.217004699239933	-974.5013823923681	-0.0441996249723767	-974.5455820173478	0.0	(-974.5455820173478+0j)
-29.777170054741106	-886.6798564689705	-0.04419862645231685	-886.7240550954202	0.0	(-886.7240550954202+0j)
-28.421775577784274	-807.7973269939346	-0.04419754447864893	-807.8415245384134	0.0	(-807.8415245384134+0j)
-27.14476371932338	-736.8381973778947	-0.04419637325764071	-736.8823937511528	0.0	(-736.8823937511528+0j)
-25.940589877590973	-672.9142031973753	-0.04419510666431868	-672.9583983040412	0.0	(-672.9583983040412+0j)
-24.804172476499513	-615.2469722439359	-0.04419373822660395	-615.2911659821646	0.0	(-615.2911659821646+0j)
-23.73084851776959	-563.1531713733272	-0.044192261108763904	-563.1973636344447	0.0	(-563.1973636344447+0j)
-22.716333940912474	-516.031827715052	-0.044190668094149926	-516.0760183832125	0.0	(-516.0760183832125+0j)
-21.756688213976226	-473.353482040172	-0.0441889515671903	-473.39767099208177	0.0	(-473.39767099208177+0j)
-20.84828265390689	-434.6508896171949	-0.044187103494605744	-434.695076722165	0.0	(-434.695076722165+0j)
-19.987772040461227	-399.51103114144354	-0.04418511540581385	-399.55521626219166	0.0	(-399.55521626219166+0j)
-19.172069143522997	-367.5682352440266	-0.04418297837248683	-367.6124182389153	0.0	(-367.6124182389153+0j)
-18.398321831796846	-338.49824622637243	-0.04418068298722565	-338.5424269538931	0.0	(-338.5424269538931+0j)
-17.663892472366342	-312.0130972753203	-0.044178219341311734	-312.0572756010802	0.0	(-312.0572756010802+0j)
-16.966339366471665	-287.8566714982861	-0.04417557700149586	-287.90084730394256	0.0	(-287.90084730394256+0j)
-16.30339999792458	-265.8008514923272	-0.044172744985781706	-265.8450246846556	0.0	(-265.8450246846556+0j)
-15.672975897519757	-245.64217348423523	-0.04416971173815987	-245.68634400167457	0.0	(-245.68634400167457+0j)
-15.073118950217209	-227.19891488739714	-0.04416646510224594	-227.2430827013436	0.0	(-227.2430827013436+0j)
-14.502018992255339	-210.30855485173456	-0.04416299229377425	-210.35271996075303	0.0	(-210.35271996075303+0j)
-13.95799256312947	-194.82555639237756	-0.0441592798718964	-194.8697188090919	0.0	(-194.8697188090919+0j)
-13.4394726929019	-180.61942626325583	-0.04415531370923158	-180.66358599536275	0.0	(-180.66358599536275+0j)
-12.944999618894892	-167.5730151331889	-0.04415107896061325	-167.61717216136418	0.0	(-167.61717216136418+0j)
-12.473212337728176	-155.5810260220544	-0.04414656003047386	-155.62518027802656	0.0	(-155.62518027802656+0j)
-12.022840909112986	-144.54870352584078	-0.04414174053880691	-144.5928548737129	0.0	(-144.5928548737129+0j)
-11.592699437005214	-134.390680236741	-0.04413660328564263	-134.43482845986745	0.0	(-134.43482845986745+0j)
-11.181679661808277	-125.02996005929685	-0.04413113021397075	-125.07410485395965	0.0	(-125.07410485395965+0j)
-10.788745104450985	-116.3970209288151	-0.044125302371040315	-116.44116190491125	0.0	(-116.44116190491125+0j)
-10.412925709461692	-108.42902183076829	-0.04411909986796385	-108.47315851878413	0.0	(-108.47315851878413+0j)
-10.053312939730441	-101.06910106415152	-0.04411250183754902	-101.11323292697794	0.0	(-101.11323292697794+0j)
-9.70905528057937	-94.26575444134616	-0.04410548639027802	-94.30988088904297	0.0	(-94.30988088904297+0j)
-9.379354115134207	-87.97228361708498	-0.04409803056835043	-88.01640402250044	0.0	(-88.01640402250044+0j)
-9.0634599368687	-82.14630602722397	-0.04409011029770201	-82.1904197404635	0.0	(-82.1904197404635+0j)
-8.760668868643995	-76.74931902602805	-0.044081700337907107	-76.79342538614037	0.0	(-76.79342538614037+0j)
-8.470319460633334	-71.74631176518378	-0.04407277422986828	-71.79041010799995	0.0	(-71.79041010799995+0j)
-8.191789742258713	-67.10541918137507	-0.04406330424119223	-67.14950884313451	0.0	(-67.14950884313451+0j)
-7.92449450570503	-62.797613170949205	-0.04405326130914586	-62.84169348800293	0.0	(-62.84169348800293+0j)
-7.667882800757656	-58.796426646155076	-0.04404261498108172	-58.84049695152691	0.0	(-58.84049695152691+0j)
-7.421435622657183	-55.07770670124501	-0.04403133335221631	-55.12176631913135	0.0	(-55.12176631913135+0j)
-7.1846637764105	-51.619393580065186	-0.04401938300063941	-51.66344181937169	0.0	(-51.66344181937169+0j)
-6.957105902559871	-48.401322539433394	-0.04400672891942649	-48.445358687243015	0.0	(-48.445358687243015+0j)
-6.738326650815264	-45.40504605308725	-0.043993334445720164	-45.44906936870012	0.0	(-45.44906936870012+0j)
-6.5279149892138815	-42.61367410640327	-0.043979161186640074	-42.657683816242546	0.0	(-42.657683816242546+0j)
-6.325482637604348	-40.01173059863406	-0.043964168941873785	-40.05572589205188	0.0	(-40.05572589205188+0j)
-6.130662615271313	-37.585024102285296	-0.04394831562279404	-37.62900412813927	0.0	(-37.62900412813927+0j)
-5.943107893435154	-35.32053143301123	-0.04393155716793996	-35.36449529677738	0.0	(-35.36449529677738+0j)
-5.762490144188762	-33.20629266187262	-0.04391384745469225	-33.25023942310264	0.0	(-33.25023942310264+0j)
-5.588498578181307	-31.23131635833449	-0.043895138206963516	-31.275245028267133	0.0	(-31.275245028267133+0j)
-5.420838864033355	-29.385493989814435	-0.04387537889871635	-29.42940352901496	0.0	(-29.42940352901496+0j)
-5.259232123078992	-27.659522524425963	-0.04385451665311246	-27.703411840378987	0.0	(-27.703411840378987+0j)
-5.103413993582461	-26.04483438989329	-0.04383249613708623	-26.088702334523084	0.0	(-26.088702334523084+0j)
-4.953133759078175	-24.53353403531989	-0.043809259451125876	-24.57737940239429	0.0	(-24.57737940239429+0j)
-4.808153535936197	-23.118340425135752	-0.04378474601403466	-23.162161947556854	0.0	(-23.162161947556854+0j)
-4.6682475156679075	-21.79253486753959	-0.04375889244243285	-21.836331214519813	0.0	(-21.836331214519813+0j)
-4.533201257860082	-20.549913644264226	-0.043731632424749464	-20.593683418353216	0.0	(-20.593683418353216+0j)
-4.402811029966271	-19.384744965592656	-0.04370289658944004	-19.428486699603663	0.0	(-19.428486699603663+0j)
-4.276883190493413	-18.291729825125113	-0.04367261236715317	-18.335441978884884	0.0	(-18.335441978884884+0j)
-4.15523361240365	-17.26596637364909	-0.04364070384655464	-17.30964733061968	0.0	(-17.30964733061968+0j)
-4.037687143807751	-16.30291747127039	-0.043607091623503486	-16.34656553502192	0.0	(-16.34656553502192+0j)
-3.9240771032610224	-15.398381112337416	-0.04357169264325784	-15.441994502842688	0.0	(-15.441994502842688+0j)
-3.814244807185861	-14.548463449144304	-0.04353442003537297	-14.592040298927735	0.0	(-14.592040298927735+0j)
-3.708039127140636	-13.74955416840589	-0.04349518294093592	-13.793092518496927	0.0	(-13.793092518496927+0j)
-3.6053160748326105	-12.998303999446422	-0.04345388633176291	-13.041801795151402	0.0	(-13.041801795151402+0j)
-3.505938412936072	-12.291604155300703	-0.043410430821166905	-12.335059241798378	0.0	(-12.335059241798378+0j)
-3.409775289925844	-11.626567527788874	-0.04336471246588139	-11.669977645504572	0.0	(-11.669977645504572+0j)
-3.31670189727347	-11.000511475377435	-0.04331662255870617	-11.043874255160734	0.0	(-11.043874255160734+0j)
-3.2265991474784026	-10.410942058508354	-0.043266047411417236	-10.454255016576202	0.0	(-10.454255016576202+0j)
-3.139353371521828	-9.855539591285467	-0.04321286812745944	-9.898800123949878	0.0	(-9.898800123949878+0j)
-3.0548560344360047	-9.332145391130073	-0.043156960363915434	-9.375350769265802	0.0	(-9.375350769265802+0j)
-2.9730034677792423	-8.8387496194274	-0.043098194082217434	-8.881896982708739	0.0	(-8.881896982708739+0j)
-2.8936966178954187	-8.373480116419385	-0.04303643328704042	-8.416566467259184	0.0	(-8.416566467259184+0j)
-2.8168408089191725	-7.934592142792418	-0.042971535752785645	-7.9776143400447035	0.0	(-7.9776143400447035+0j)
-2.742345519563008	-7.520458948667304	-0.042903352737031844	-7.563413701008614	0.0	(-7.563413701008614+0j)
-2.6701241727922507	-7.129563098129501	-0.042831728680298574	-7.17244695713153	0.0	(-7.17244695713153+0j)
-2.600093937557491	-6.760488484123218	-0.0427565008914306	-6.803297837035697	0.0	(-6.803297837035697+0j)
-2.53217554181336	-6.411912974557783	-0.04267749921787617	-6.454644036737341	0.0	(-6.454644036737341+0j)
-2.4662930961066483	-6.082601635903317	-0.04259454570009191	-6.125250442880847	0.0	(-6.125250442880847+0j)
-2.4023739270672144	-5.771400485452349	-0.04250745420926767	-5.813962884665186	0.0	(-5.813962884665186+0j)
-2.340348420181257	-5.477230727844906	-0.042416030067522675	-5.519702369959009	0.0	(-5.519702369959009+0j)
-2.280149871269615	-5.1990834354508415	-0.04232006964968573	-5.241459765293225	0.0	(-5.241459765293225+0j)
-2.221714346133128	-4.936014635813752	-0.04221935996574304	-4.978290882866359	0.0	(-4.978290882866359+0j)
-2.1649805478639736	-4.687140772629392	-0.04211367822303285	-4.729311941111948	0.0	(-4.729311941111948+0j)
-2.109889691355602	-4.451634509688637	-0.04200279136732053	-4.493695368149032	0.0	(-4.493695368149032+0j)
-2.056385384575469	-4.228720849895599	-0.04188645560205959	-4.27066592033069	0.0	(-4.27066592033069+0j)
-2.004413516193774	-4.017673543900289	-0.041764415885538836	-4.059497090361611	0.0	(-4.059497090361611+0j)
-1.9539221491884349	-3.8178117650891523	-0.04163640540639614	-3.8595077817830314	0.0	(-3.8595077817830314+0j)
-1.9048614200715395	-3.628497029676962	-0.04150214503938467	-3.67005922848838	0.0	(-3.67005922848838+0j)
-1.8571834434057672	-3.449130342460503	-0.04136134278562237	-3.490552139939687	0.0	(-3.490552139939687+0j)
-1.8108422213008069	-3.2791495504456405	-0.04121369320521802	-3.320424054213383	0.0	(-3.320424054213383+0j)
-1.7657935575998587	-3.1180268880611655	-0.04105887685554044	-3.1591468826673794	0.0	(-3.1591468826673794+0j)
-1.7219949764848979	-2.965266699039224	-0.040896559755818566	-3.0062246312684575	0.0	(-3.0062246312684575+0j)
-1.6794056452467305	-2.8204033212865873	-0.040726392908405844	-2.8611912850112384	0.0	(-2.8611912850112384+0j)
-1.6379863009819313	-2.6829991222044702	-0.040548011918817614	-2.723608842850058	0.0	(-2.723608842850058+0j)
-1.5976991809937733	-2.5526426729481737	-0.04036103677008218	-2.593065491741486	0.0	(-2.593065491741486+0j)
-1.5585079566882198	-2.42894705106049	-0.040165071821123284	-2.4691739092988865	0.0	(-2.4691739092988865+0j)
-1.5203776707690226	-2.3115482617730385	-0.03995970611246014	-2.3515696854098835	0.0	(-2.3515696854098835+0j)
-1.4832746775481236	-2.20010376905549	-0.03974451407376249	-2.239909854012301	0.0	(-2.239909854012301+0j)
-1.4471665861988359	-2.0942911282103926	-0.03951905673482664	-2.1338715269263204	0.0	(-2.1338715269263204+0j)
-1.4120222067898245	-1.9938067124676058	-0.03928288354248266	-2.033150622288799	0.0	(-2.033150622288799+0j)
-1.3778114989477563	-1.8983645266326632	-0.039035534879242474	-1.9374606807807369	0.0	(-1.9374606807807369+0j)
-1.3445055230056484	-1.807695101392692	-0.03877654536415866	-1.8465317632311564	0.0	(-1.8465317632311564+0j)
-1.3120763935025515	-1.7215444623866623	-0.03850544799215641	-1.7601094239134787	0.0	(-1.7601094239134787+0j)
-1.2804972349081958	-1.6396731686075352	-0.03822177913568055	-1.6779537539800715	0.0	(-1.6779537539800715+0j)
-1.249742139453741	-1.5618554151264137	-0.037925084393407485	-1.5998384900759348	0.0	(-1.5998384900759348+0j)
-1.2197861269567585	-1.4878781955161693	-0.03761492522732381	-1.5255501834848322	0.0	(-1.5255501834848322+0j)
-1.1906051065351553	-1.4175405197075885	-0.037290886284547735	-1.454887425342734	0.0	(-1.454887425342734+0j)
-1.1621758401108537	-1.3506526833373687	-0.036952583257027015	-1.387660123907449	0.0	(-1.387660123907449+0j)
-1.1344759076098252	-1.2870355849471367	-0.03659967109381951	-1.3236888300365772	0.0	(-1.3236888300365772+0j)
-1.1074836737704155	-1.226520087668016	-0.03623185234985039	-1.2628041072760712	0.0	(-1.2628041072760712+0j)
-1.0811782564769803	-1.168946422278603	-0.035848885434062144	-1.2048459432139924	0.0	(-1.2048459432139924+0j)
-1.0555394965405518	-1.1141636287570815	-0.03545059251018412	-1.1496631989951052	0.0	(-1.1496631989951052+0j)
-1.0305479288526944	-1.0620290336625782	-0.03503686680554506	-1.0971130940490121	0.0	(-1.0971130940490121+0j)
-1.0061847548428828	-1.0124077608782323	-0.03460767909717789	-1.0470607233694154	0.0	(-1.0470607233694154+0j)
-0.9824318161736062	-0.9651722734301703	-0.034163083168876875	-0.999378604821776	0.0	(-0.999378604821776+0j)
-0.9592715696111017	-0.9202019442641468	-0.033703220066185494	-0.9539462542087227	0.0	(-0.9539462542087227+0j)
-0.9366870630130316	-0.877382654015979	-0.033228321016374976	-0.9106497859958413	0.0	(-0.9106497859958413+0j)
-0.9146619123776685	-0.8366064139543736	-0.032738708924918675	-0.8693815377511098	0.0	(-0.8693815377511098+0j)
-0.8931802799021815	-0.7977710124061393	-0.03223479840630672	-0.8300397166266299	0.0	(-0.8300397166266299+0j)
-0.8722268530004768	-0.7607796830951152	-0.03171709435292355	-0.7925280662695066	0.0	(-0.7925280662695066+0j)
-0.8517868242337273	-0.7255407939381787	-0.031186189089020263	-0.7567555527774503	0.0	(-0.7567555527774503+0j)
-0.8318458721092578	-0.6919675549452116	-0.030642758195806547	-0.7226360683938582	0.0	(-0.7226360683938582+0j)
-0.8123901427058198	-0.6599777439655822	-0.030087555127031804	-0.6900881518668132	0.0	(-0.6900881518668132+0j)
-0.7934062320855423	-0.6294934491121774	-0.02952140476123078	-0.659034724386488	0.0	(-0.659034724386488+0j)
-0.7748811694549418	-0.6004408267758582	-0.02894519605661909	-0.6294028402215988	0.0	(-0.6294028402215988+0j)
-0.7568024010393578	-0.572749874218937	-0.02835987398737224	-0.6011234511683892	0.0	(-0.6011234511683892+0j)
-0.7391577746370641	-0.5463542158064169	-0.027766430945984282	-0.574131184154095	0.0	(-0.574131184154095+0j)
-0.721935524821055	-0.5211909019986521	-0.027165897796123356	-0.5483641311739262	0.0	(-0.5483641311739262+0j)
-0.7051242587581799	-0.4972002202892726	-0.026559334754628912	-0.523763651022609	0.0	(-0.523763651022609+0j)
-0.6887129426168537	-0.4743255173279656	-0.025947822270903115	-0.5002741822117296	0.0	(-0.5002741822117296+0j)
-0.6726908885360721	-0.4525130315194501	-0.025332452057880827	-0.47784306647784447	0.0	(-0.47784306647784447+0j)
-0.6570477421298259	-0.43171173543790214	-0.02471431841196534	-0.45642038241953614	0.0	(-0.45642038241953614+0j)
-0.6417734705023628	-0.4118731874406471	-0.024094509940708768	-0.43595878872807636	0.0	(-0.43595878872807636+0j)
-0.6268583507509564	-0.3929513919062091	-0.02347410179743435	-0.41641337656799954	0.0	(-0.41641337656799954+0j)
-0.6122929589340428	-0.3749026675602054	-0.022854148502192355	-0.397741530635657	0.0	(-0.397741530635657+0j)
-0.598068159483679	-0.35768552338819526	-0.02223567740904421	-0.37990279848074066	0.0	(-0.37990279848074066+0j)
-0.584175095042342	-0.3412605416677293	-0.021619682861199516	-0.3628587676442477	0.0	(-0.3628587676442477+0j)
-0.5706051767050645	-0.3255902676826179	-0.02100712105838704	-0.34657295021295514	0.0	(-0.34657295021295514+0j)
-0.5573500746488577	-0.3106391057110872	-0.020398905645313443	-0.3310106743903124	0.0	(-0.3310106743903124+0j)
-0.5444017091322467	-0.29637322090611135	-0.01979590401633806	-0.31613898268481294	0.0	(-0.31613898268481294+0j)
-0.5317522418485942	-0.28276044671100575	-0.019198934319667543	-0.3019265363449047	0.0	(-0.3019265363449047+0j)
-0.5193940676176739	-0.2697701974764328	-0.01860876313446952	-0.288343525659778	0.0	(-0.288343525659778+0j)
-0.5073198064007199	-0.257373385966464	-0.01802610378628062	-0.27536158576896147	0.0	(-0.27536158576896147+0j)
-0.49552229562487815	-0.24554234546134915	-0.017451615259848265	-0.26295371766068226	0.0	(-0.26295371766068226+0j)
-0.4839945828036719	-0.23425075618330043	-0.01688590166397259	-0.2510942139890451	0.0	(-0.2510942139890451+0j)
-0.47272991844072854	-0.22347357578897786	-0.016329512199851386	-0.23975858943975498	0.0	(-0.23975858943975498+0j)
-0.4617217492046207	-0.21318697368857467	-0.01578294158271053	-0.2289235153269208	0.0	(-0.2289235153269208+0j)
-0.45096371136325314	-0.2033682689665195	-0.015246630865950253	-0.21856675815841045	0.0	(-0.21856675815841045+0j)
-0.4404496244667679	-0.19399587169291685	-0.014720968617479704	-0.20866712188894387	0.0	(-0.20866712188894387+0j)
-0.4301734852684612	-0.18504922742801502	-0.014206292399180044	-0.19920439367903522	0.0	(-0.19920439367903522+0j)
-0.4201294618736933	-0.17650876473427912	-0.013702890502368965	-0.19015929288386876	0.0	(-0.19015929288386876+0j)
-0.41031188810723823	-0.1683558455221268	-0.013211003894590782	-0.18151342309037616	0.0	(-0.18151342309037616+0j)
-0.4007152580899652	-0.16057271806610743	-0.012730828335891847	-0.17324922703854528	0.0	(-0.17324922703854528+0j)
-0.39133422101615867	-0.15314247253832372	-0.0122625166258418	-0.16534994421853574	0.0	(-0.16534994421853574+0j)
-0.38216357612318463	-0.14604899891526113	-0.011806180945825454	-0.1577995709898103	0.0	(-0.1577995709898103+0j)
-0.3731982678455901	-0.13927694712294883	-0.01136189526446717	-0.15058282308745405	0.0	(-0.15058282308745405+0j)
-0.3644333811460802	-0.13281168929356416	-0.010929697777387858	-0.1436851003457105	0.0	(-0.1436851003457105+0j)
-0.3558641370161595	-0.12663928401425592	-0.010509593355771058	-0.1370924534991351	0.0	(-0.1370924534991351+0j)
-0.34748588813954967	-0.12074644245613163	-0.01010155598138317	-0.13079155293530295	0.0	(-0.13079155293530295+0j)
-0.3392941147118041	-0.11512049627806688	-0.009705531148714178	-0.12476965926532349	0.0	(-0.12476965926532349+0j)
-0.3312844204098322	-0.10974936720627844	-0.009321438217753117	-0.1190145955773649	0.0	(-0.1190145955773649+0j)
-0.32345252850532874	-0.1046215381964905	-0.008949172703567538	-0.1135147212579715	0.0	(-0.1135147212579715+0j)
-0.3157942781163639	-0.0997260260910354	-0.0085886084913059	-0.10825890726440072	0.0	(-0.10825890726440072+0j)
-0.3083056205916502	-0.09505235568840255	-0.008239599967481736	-0.10323651273999829	0.0	(-0.10323651273999829+0j)
-0.30098261602223375	-0.0905905351475874	-0.007901984060426342	-0.0984373628660155	0.0	(-0.0984373628660155+0j)
-0.2938214298755963	-0.08633103265413994	-0.007575582184617255	-0.09385172786255032	0.0	(-0.09385172786255032+0j)
-0.28681832974736315	-0.08226475427906714	-0.007260202085208152	-0.08947030304654004	0.0	(-0.08947030304654004+0j)
-0.2799696822260281	-0.07838302296574315	-0.0069556395805125265	-0.08528418987377866	0.0	(-0.08528418987377866+0j)
-0.27327194986629844	-0.07467755858372872	-0.006661680201437235	-0.08128487789534326	0.0	(-0.08128487789534326+0j)
-0.2667216882668555	-0.07114045899192165	-0.006378100727936677	-0.07746422756447512	0.0	(-0.07746422756447512+0j)
-0.2603155432485035	-0.06776418205676349	-0.0061046706234745875	-0.07381445384312993	0.0	(-0.07381445384312993+0j)
-0.2540502481288529	-0.06454152857433174	-0.005841153369253813	-0.07032811055665716	0.0	(-0.07032811055665716+0j)
-0.24792262108984528	-0.061465626048059	-0.005587307700613744	-0.06699807545989346	0.0	(-0.06699807545989346+0j)
-0.24192956263458582	-0.058529913276561985	-0.005342888748518498	-0.06381753597259042	0.0	(-0.06381753597259042+0j)
-0.2360680531300946	-0.05572812570863317	-0.005107649089473969	-0.060779975551155094	0.0	(-0.060779975551155094+0j)
-0.23033515043273323	-0.053054281524869844	-0.004881339707533371	-0.05787916067007392	0.0	(-0.05787916067007392+0j)
-0.22472798759319407	-0.05050266840768679	-0.0046637108722879725	-0.055109128381320496	0.0	(-0.055109128381320496+0j)
-0.21924377063807438	-0.048067830963600566	-0.004454512936905332	-0.05246417442650715	0.0	(-0.05246417442650715+0j)
-0.21387977642517536	-0.045744558763682996	-0.004253497060378031	-0.049938841881106796	0.0	(-0.049938841881106796+0j)
-0.20863335056978574	-0.043527874969975115	-0.004060415858192674	-0.04752791030037855	0.0	(-0.04752791030037855+0j)
-0.2035019054393242	-0.04141302551743565	-0.0038750239856303118	-0.04522638535387609	0.0	(-0.04522638535387609+0j)
-0.19848291821381936	-0.0393954688226737	-0.003697078657869217	-0.04302948891822793	0.0	(-0.04302948891822793+0j)
-0.19357392900980788	-0.03747086599229414	-0.0035263401109912954	-0.04093264961842945	0.0	(-0.04093264961842945+0j)
-0.18877253906533345	-0.035635071505172845	-0.003362572007895269	-0.03893149378640002	0.0	(-0.03893149378640002+0j)
-0.18407640898381836	-0.033884124344377965	-0.0032055417929995403	-0.03702183682827488	0.0	(-0.03702183682827488+0j)
-0.17948325703467147	-0.032214239555773946	-0.003055020999483682	-0.03519967497551532	0.0	(-0.03519967497551532+0j)
-0.17499085750858182	-0.030621800211588786	-0.002910785512666887	-0.03346117740745471	0.0	(-0.03346117740745471+0j)
-0.17059703912552715	-0.02910334975839664	-0.0027726157929649706	-0.03180267872389044	0.0	(-0.03180267872389044+0j)
-0.1662996834936075	-0.02765558473007403	-0.0026402970617029134	-0.03022067175666508	0.0	(-0.03022067175666508+0j)
-0.16209672361688598	-0.02627534780732912	-0.0025136194528915107	-0.028711800699926706	0.0	(-0.028711800699926706+0j)
-0.1579861424504933	-0.024959621206387565	-0.002392378133909065	-0.027272854551710555	0.0	(-0.027272854551710555+0j)
-0.15396597150131844	-0.0237055203803448	-0.0022763733978573703	-0.025900760841393644	0.0	(-0.025900760841393644+0j)
-0.1500342894726754	-0.022510288017570552	-0.0021654107301977144	-0.024592579643696974	0.0	(-0.024592579643696974+0j)
-0.14618922095139725	-0.021371288322376444	-0.002059300852104845	-0.023345497850586653	0.0	(-0.023345497850586653+0j)
-0.14242893513587063	-0.020286001563938044	-0.0019578597428217964	-0.022156823702954662	0.0	(-0.022156823702954662+0j)
-0.1387516446035787	-0.01925201888019781	-0.0018609086431387728	-0.021023981558720338	0.0	(-0.021023981558720338+0j)
-0.13515560411677824	-0.018267037324171283	-0.001768274041975132	-0.01994450689110856	0.0	(-0.01994450689110856+0j)
-0.1316391094649878	-0.017328855140735042	-0.0016797876478973073	-0.018916041501886395	0.0	(-0.018916041501886395+0j)
-0.12820049634301459	-0.016435367262595296	-0.0015952863472702	-0.01793632894187265	0.0	(-0.01793632894187265+0j)
-0.12483813926329666	-0.015584561014722251	-0.0015146121506098148	-0.01700321012395169	0.0	(-0.01700321012395169+0j)
-0.12155045050138329	-0.014774512017089228	-0.0014376121285820248	-0.01611461911781614	0.0	(-0.01611461911781614+0j)
-0.11833587907341994	-0.014003380276079067	-0.001364138338973836	-0.015268579120109224	0.0	(-0.015268579120109224+0j)
-0.11519290974454892	-0.013269406455415793	-0.0012940477458575628	-0.014463198584207637	0.0	(-0.014463198584207637+0j)
-0.11212006206717451	-0.012570908317947065	-0.001227202132061539	-0.013696667504818846	0.0	(-0.013696667504818846+0j)
-0.10911588944808466	-0.011906277330046634	-0.001163468005965368	-0.012967253846709593	0.0	(-0.012967253846709593+0j)
-0.10617897824345514	-0.011273975420824119	-0.0011027165035494557	-0.012273300110339431	0.0	(-0.012273300110339431+0j)
-0.10330794688080004	-0.010672531888726203	-0.001044823286540375	-0.011613220029426111	0.0	(-0.011613220029426111+0j)
-0.10050144500696728	-0.010100540448488468	-0.0009896684374172127	-0.010985495392624363	0.0	(-0.010985495392624363+0j)
-0.09775815266131012	-0.009556656411752015	-0.0009371363519720954	-0.010388672989197273	0.0	(-0.010388672989197273+0j)
-0.09507677947319713	-0.00903959399499496	-0.0008871156300477301	-0.009821361674849854	0.0	(-0.009821361674849854+0j)
-0.09245606388305627	-0.008548123748747782	-0.0008394989650119256	-0.009282229556145907	0.0	(-0.009282229556145907+0j)
-0.08989477238617372	-0.008081070102361981	-0.0007941830324764698	-0.008770001297184507	0.0	(-0.008770001297184507+0j)
-0.08739169879850106	-0.007637309018887932	-0.000751068378705283	-0.00828345554708138	0.0	(-0.00828345554708138+0j)
-0.08494566354374737	-0.007215765754887531	-0.0007100593091158292	-0.007821422492751317	0.0	(-0.007821422492751317+0j)
-0.08255551296106181	-0.0068154127202640444	-0.0006710637772294747	-0.007382781537717033	0.0	(-0.007382781537717033+0j)
-0.0802201186326351	-0.00643526743343405	-0.0006339932743804066	-0.006966459109169213	0.0	(-0.006966459109169213+0j)
-0.07793837673057366	-0.0060743905673968255	-0.0005987627204667723	-0.006571426592977597	0.0	(-0.006571426592977597+0j)
-0.07570920738242252	-0.005731884082474661	-0.0005652903559746902	-0.0061966983957578835	0.0	(-0.0061966983957578835+0j)
-0.0735315540547355	-0.00540688944170449	-0.0005334976354964827	-0.005841330130571402	0.0	(-0.005841330130571402+0j)
-0.07140438295411211	-0.005098585905057496	-0.0005033091229147968	-0.00550441692042861	0.0	(-0.00550441692042861+0j)
-0.06932668244514165	-0.004806188898849511	-0.0004746523884086029	-0.0051850918125370135	0.0	(-0.0051850918125370135+0j)
-0.06729746248471398	-0.004528948456881485	-0.00044745790741596014	-0.004882524293647735	0.0	(-0.004882524293647735+0j)
-0.06531575407217595	-0.004266147730016969	-0.00042165896165818895	-0.004595918896975792	0.0	(-0.004595918896975792+0j)
-0.06338060871482991	-0.004017101561062373	-0.000397191542314268	-0.004324513888480385	0.0	(-0.004324513888480385+0j)
-0.06149109790828906	-0.003781155121966791	-0.0003739942554231712	-0.004067580022973712	0.0	(-0.004067580022973712+0j)
-0.059646312631220576	-0.003557682610501303	-0.0003520082295604965	-0.0038244193582446357	0.0	(-0.0038244193582446357+0j)
-0.05784536285402355	-0.0033460860037136477	-0.00033117702584406494	-0.0035943641184295583	0.0	(-0.0035943641184295583+0j)
-0.05608737706100519	-0.003145793865583371	-0.000311446550281258	-0.0033767755984819396	0.0	(-0.0033767755984819396+0j)
-0.05437150178563229	-0.0029562602064250156	-0.00029276496849306444	-0.0031710431027266797	0.0	(-0.0031710431027266797+0j)
-0.052696901158450896	-0.002776963391703543	-0.0002750826228092862	-0.002976582912802129	0.0	(-0.002976582912802129+0j)
-0.05106275646727974	-0.0026074050980367186	-0.00025835195173962155	-0.0027928372809950834	0.0	(-0.0027928372809950834+0j)
-0.049468265729297044	-0.0024471093142643444	-0.00024252741181007842	-0.002619273446901357	0.0	(-0.002619273446901357+0j)
-0.04791264327465291	-0.0022956213855641425	-0.0002275654017491746	-0.002455382675981584	0.0	(-0.002455382675981584+0j)
-0.04639511934125177	-0.0021525070986889937	-0.0002134241890033861	-0.002300679319732853	0.0	(-0.002300679319732853+0j)
-0.04491493968036148	-0.0020173518064905104	-0.00020006383854354048	-0.002154699897692483	0.0	(-0.002154699897692483+0j)
-0.04347136517271722	-0.0018897595899797317	-0.0001874461439510533	-0.0020170022018712167	0.0	(-0.0020170022018712167+0j)
-0.04206367145479865	-0.0017693524562572426	-0.00017553456072239015	-0.0018871644245718974	0.0	(-0.0018871644245718974+0j)
-0.040691148554970594	-0.0016557695707226853	-0.00016429414177676627	-0.0017647843101438435	0.0	(-0.0017647843101438435+0j)
-0.03935310053918671	-0.0015486665220473374	-0.00015369147510546632	-0.0016494783323326761	0.0	(-0.0016494783323326761+0j)
-0.038048845165965975	-0.0014477146184636524	-0.0001436946235289227	-0.001540880896878547	0.0	(-0.001540880896878547+0j)
-0.03677771355036136	-0.0013526002139924334	-0.00013427306650992676	-0.0014386435710789052	0.0	(-0.0014386435710789052+0j)
-0.035539049836649024	-0.001263024063291823	-0.0001253976439818949	-0.0013424343397728806	0.0	(-0.0013424343397728806+0j)
-0.03433221087947522	-0.0011787007038727565	-0.00011704050213556805	-0.0012519368886422853	0.0	(-0.0012519368886422853+0j)
-0.033156565933206816	-0.0010993578644830908	-0.00010917504111862542	-0.001166849914304176	0.0	(-0.001166849914304176+0j)
-0.032011496349239346	-0.001024735898517364	-0.00010177586458715027	-0.0010868864612395034	0.0	(-0.0010868864612395034+0j)
-0.030896395281024336	-0.0009545872413613028	-9.481873108230232e-05	-0.0010117732853694961	0.0	(-0.0010117732853694961+0j)
-0.029810667396585683	-0.0008886758906298567	-8.828050715559144e-05	-0.000941250243369367	0.0	(-0.000941250243369367+0j)
-0.028753728598301782	-0.0008267769083047978	-8.213912219945385e-05	-0.000875069707610332	0.0	(-0.000875069707610332+0j)
-0.02772500574973721	-0.0007686759438229613	-7.637352494427319e-05	-0.0008129960056424463	0.0	(-0.0008129960056424463+0j)
-0.02672393640931522	-0.0007141687772091237	-7.09636415541226e-05	-0.0007548048837893787	0.0	(-0.0007548048837893787+0j)
-0.025749968570627883	-0.0006630608813883238	-6.589033528126009e-05	-0.0007002829937918298	0.0	(-0.0007002829937918298+0j)
-0.024802560409188133	-0.0006151670028514266	-6.113536762830662e-05	-0.0006492274019478784	0.0	(-0.0006492274019478784+0j)
-0.023881180035433255	-0.0005703107598847759	-5.6681360980359585e-05	-0.0006014451195838565	0.0	(-0.0006014451195838565+0j)
-0.022985305253795843	-0.0005283242576101748	-5.25117626204441e-05	-0.0005567526543408246	0.0	(-0.0005567526543408246+0j)
-0.02211442332766371	-0.0004890477191151169	-4.861081014162494e-05	-0.0005149755811524494	0.0	(-0.0005149755811524494+0j)
-0.021268030750055813	-0.0004523291319853196	-4.4963498164740656e-05	-0.00047594813224322653	0.0	(-0.00047594813224322653+0j)
-0.020445633019846577	-0.00041802390958224064	-4.1555546310689806e-05	-0.0004395128052489616	0.0	(-0.0004395128052489616+0j)
-0.0196467444233761	-0.00038599456643745983	-3.8373368451694034e-05	-0.00040551998870557815	0.0	(-0.00040551998870557815+0j)
-0.01887088782128885	-0.0003561104071636678	-3.5404043097209126e-05	-0.00037382760407757027	0.0	(-0.00037382760407757027+0j)
-0.01811759444044789	-0.0003282472283085483	-3.263528494557022e-05	-0.000344300763651423	0.0	(-0.000344300763651423+0j)
-0.017386403670776745	-0.00030228703260319905	-3.0055417576946297e-05	-0.0003168114434946414	0.0	(-0.0003168114434946414+0j)
-0.01667686286688518	-0.00027811775508089373	-2.7653347141054496e-05	-0.0002912381708555154	0.0	(-0.0002912381708555154+0j)
-0.01598852715433943	-0.00025563300056504927	-2.54185371284521e-05	-0.00026746572529371955	0.0	(-0.00026746572529371955+0j)
-0.015320959240441951	-0.00023473179204728362	-2.3340984096620332e-05	-0.00024538485297231905	0.0	(-0.00024538485297231905+0j)
-0.014673729229389235	-0.00021531832949743198	-2.1411194408571532e-05	-0.0002248919934070334	0.0	(-0.0002248919934070334+0j)
-0.014046414441680602	-0.00019730175866745336	-1.9620161788580504e-05	-0.0002058890182150545	0.0	(-0.0002058890182150545+0j)
-0.013438599237654378	-0.0001805959494702848	-1.795934587711656e-05	-0.00018828298123715821	0.0	(-0.00018828298123715821+0j)
-0.012849874845031441	-0.00016511928353297182	-1.6420651558490817e-05	-0.00017198587950096274	0.0	(-0.00017198587950096274+0j)
-0.012279839190349848	-0.00015079445054085202	-1.4996409118950282e-05	-0.0001569144246315258	0.0	(-0.0001569144246315258+0j)
-0.011728096734177362	-0.0001375482530062217	-1.3679355239659685e-05	-0.00014298982409067197	0.0	(-0.00014298982409067197+0j)
-0.011194258309992119	-0.0001253114191108276	-1.2462614682462458e-05	-0.00013013757199657058	0.0	(-0.00013013757199657058+0j)
-0.010677940966624817	-0.00011401842328672454	-1.1339682828293007e-05	-0.00011828724870320588	0.0	(-0.00011828724870320588+0j)
-0.010178767814158789	-0.00010360731421455489	-1.0304408650796404e-05	-0.00010737232941043456	0.0	(-0.00010737232941043456+0j)
-0.00969636787318723	-9.401954993217744e-05	-9.350978764643969e-06	-9.733000066703986e-05	0.0	(-9.733000066703986e-05+0j)
-0.009230375927329837	-8.519983975983015e-05	-8.473901793593086e-06	-8.810098484092577e-05	0.0	(-8.810098484092577e-05+0j)
-0.008780432378913766	-7.709599276067726e-05	-7.667993440207965e-06	-7.96293722219754e-05	0.0	(-7.96293722219754e-05+0j)
-0.008346183107726328	-6.965877246769631e-05	-6.928362292768497e-06	-7.18624601680011e-05	0.0	(-7.18624601680011e-05+0j)
-0.00792727933274973	-6.2841757619441e-05	-6.25039604074118e-06	-6.475059923242703e-05	0.0	(-6.475059923242703e-05+0j)
-0.007523377476790291	-5.660120865827544e-05	-5.629748365265641e-06	-5.824704577319325e-05	0.0	(-5.824704577319325e-05+0j)
-0.007134139033917196	-5.089593975526098e-05	-5.062326273730378e-06	-5.230782089398896e-05	0.0	(-5.230782089398896e-05+0j)
-0.006759230439628037	-4.5687196135994224e-05	-4.544277985019107e-06	-4.6891575520504065e-05	0.0	(-4.6891575520504065e-05+0j)
-0.00639832294366065	-4.093853649137429e-05	-4.0719814364820195e-06	-4.1959460957520624e-05	0.0	(-4.1959460957520624e-05+0j)
-0.006051092485372929	-3.661572026653673e-05	-3.642032986306276e-06	-3.747500513799427e-05	0.0	(-3.747500513799427e-05+0j)
-0.005717219571614335	-3.268659963005e-05	-3.2512367553749755e-06	-3.3403994197191944e-05	0.0	(-3.3403994197191944e-05+0j)
-0.005396389157014874	-2.91210159339477e-05	-2.8965944665060306e-06	-2.9714358967751835e-05	0.0	(-2.9714358967751835e-05+0j)
-0.00508829052661923	-2.5890700483282996e-05	-2.5752955679081424e-06	-2.6376066359644796e-05	0.0	(-2.6376066359644796e-05+0j)
-0.004792617180795609	-2.2969179441657252e-05	-2.284707818489551e-06	-2.336101530753166e-05	0.0	(-2.336101530753166e-05+0j)
-0.004509066722350688	-2.0331682706610376e-05	-2.022368192911017e-06	-2.064293737732755e-05	0.0	(-2.064293737732755e-05+0j)
-0.004237340745783784	-1.7955056595879472e-05	-1.7859743906001313e-06	-1.8197301376944063e-05	0.0	(-1.8197301376944063e-05+0j)
-0.003977144728615041	-1.5817680192350406e-05	-1.5733764513470305e-06	-1.6001221986161534e-05	0.0	(-1.6001221986161534e-05+0j)
-0.0037281879247241132	-1.389938520205869e-05	-1.3825686551172112e-06	-1.4033372655964893e-05	0.0	(-1.4033372655964893e-05+0j)
-0.003490183259637317	-1.2181379185852567e-05	-1.211682132407077e-06	-1.2273901881226086e-05	0.0	(-1.2273901881226086e-05+0j)
-0.0032628472277028246	-1.0646172031328008e-05	-1.0589774035452137e-06	-1.0704353660391907e-05	0.0	(-1.0704353660391907e-05+0j)
-0.0030458997910948536	-9.277505537391672e-06	-9.2283784169922e-07	-9.307589798535792e-06	0.0	(-9.307589798535792e-06+0j)
-0.0028390642805893175	-8.060285989318138e-06	-8.017617858513404e-07	-8.067718225822562e-06	0.0	(-8.067718225822562e-06+0j)
-0.0026420672980546644	-6.9805196074498744e-06	-6.943577091078623e-07	-6.970022002110201e-06	0.0	(-6.970022002110201e-06+0j)
-0.0024546386206030298	-6.0252507577559444e-06	-5.993371132717584e-07	-6.0008926338924325e-06	0.0	(-6.0008926338924325e-06+0j)
-0.0022765111063480586	-5.182502817326061e-06	-5.155089866093476e-07	-5.147765237952109e-06	0.0	(-5.147765237952109e-06+0j)
-0.0021074206017169745	-4.441221592541135e-06	-4.417734089656733e-07	-4.399058507979895e-06	0.0	(-4.399058507979895e-06+0j)
-0.001947105850265665	-3.791221192138778e-06	-3.7711743061663583e-07	-3.7441156187903037e-06	0.0	(-3.7441156187903037e-06+0j)
-0.001795308402946694	-3.223132261691009e-06	-3.206093879271066e-07	-3.1731474965074147e-06	0.0	(-3.1731474965074147e-06+0j)
-0.001651772529781229	-2.728352490139881e-06	-2.713932190090418e-07	-2.6771800530708894e-06	0.0	(-2.6771800530708894e-06+0j)
-0.0015162451328869407	-2.2989993030033365e-06	-2.286844846821623e-07	-2.248004736559962e-06	0.0	(-2.248004736559962e-06+0j)
-0.0013884756608149335	-1.9278646606754663e-06	-1.9176752630301053e-07	-1.878126699746973e-06	0.0	(-1.878126699746973e-06+0j)
-0.0012682160241497663	-1.6083718839102408e-06	-1.599880761204986e-07	-1.5607177985129565e-06	0.0	(-1.5607177985129565e-06+0j)
-0.001155220512327529	-1.3345344321022784e-06	-1.327487098023994e-07	-1.289577170974505e-06	0.0	(-1.289577170974505e-06+0j)
-0.001049245711627873	-1.1009165633694817e-06	-1.0950998330372386e-07	-1.0590852690998196e-06	0.0	(-1.0590852690998196e-06+0j)
-0.0009500504242967501	-9.025958087064349e-07	-8.978304322226904e-08	-8.641608139521491e-07	0.0	(-8.641608139521491e-07+0j)
-0.0008573955887574404	-7.351271956207178e-07	-7.312337402254343e-08	-7.00232442871302e-07	0.0	(-7.00232442871302e-07+0j)
-0.0007710442008682636	-5.945091596925792e-07	-5.9137619246030226e-08	-5.631883933653491e-07	0.0	(-5.631883933653491e-07+0j)
-0.0006907612361861271	-4.771510854173865e-07	-4.7466528485529125e-08	-4.4934469573992437e-07	0.0	(-4.4934469573992437e-07+0j)
-0.0006163135731958032	-3.7984242050537864e-07	-3.7784957385156304e-08	-3.55426251883952e-07	0.0	(-3.55426251883952e-07+0j)
-0.0005474699174655237	-2.997233105297073e-07	-2.981323632411659e-08	-2.7852233902301875e-07	0.0	(-2.7852233902301875e-07+0j)
-0.00048400072669017	-2.3425670343661265e-07	-2.330125425942242e-08	-2.1605707305189002e-07	0.0	(-2.1605707305189002e-07+0j)
-0.0004256781365839621	-1.812018759655943e-07	-1.8026184989139438e-08	-1.6575905141873915e-07	0.0	(-1.6575905141873915e-07+0j)
-0.00037227588758517846	-1.3858933647733242e-07	-1.3787939678877592e-08	-1.256324057085812e-07	0.0	(-1.256324057085812e-07+0j)
-0.0003235692523360205	-1.0469706105729132e-07	-1.0404619388282299e-08	-9.398802470042961e-08	0.0	(-9.398802470042961e-08+0j)
-0.0002793349639012882	-7.802802205773399e-08	-7.767084753140807e-09	-6.929481730060499e-08	0.0	(-6.929481730060499e-08+0j)
-0.00023935114469007788	-5.728897046445059e-08	-5.711626727133989e-09	-5.028592789263846e-08	0.0	(-5.028592789263846e-08+0j)
-0.000203397236045202	-4.1370435630827624e-08	-4.147295840084553e-09	-3.717556220238942e-08	0.0	(-3.717556220238942e-08+0j)
-0.00017125392846552152	-2.932790801487396e-08	-2.9103830456733704e-09	-3.579542370472333e-08	0.0	(-3.579542370472333e-08+0j)
-0.00014270309242682625	-2.0364172588179316e-08	-1.964508555829525e-09	-2.4934661657207003e-08	0.0	(-2.4934661657207003e-08+0j)
-0.00011752770976733008	-1.3812762563153774e-08	-1.3096723705530167e-09	-1.699440572455163e-08	0.0	(-1.699440572455163e-08+0j)
-9.551180560424546e-05	-9.122505009783175e-09	-8.731149137020111e-10	-1.1310264082301433e-08	0.0	(-1.1310264082301433e-08+0j)
-7.644038074828435e-05	-5.843131808942681e-09	-5.820766091346741e-10	-7.3245619198657495e-09	0.0	(-7.3245619198657495e-09+0j)
-6.009934458328253e-05	-3.611931219340131e-09	-0.0	-4.205759148775091e-09	0.0	(-4.205759148775091e-09+0j)
-4.627544837847556e-05	-2.141417122628957e-09	-0.0	-2.520827264969076e-09	0.0	(-2.520827264969076e-09+0j)
-3.475621900126083e-05	-1.2079947592636043e-09	-0.0	-1.5236177618170855e-09	0.0	(-1.5236177618170855e-09+0j)
-2.532989299856304e-05	-6.416034793186529e-10	2.3283064365386963e-09	-1.4464703020003344e-09	0.0	(-1.4464703020003344e-09+0j)
-1.778535101518103e-05	-3.163187107332009e-10	-0.0	-3.9132841800892413e-10	0.0	(-3.9132841800892413e-10+0j)
-1.1912052517731514e-05	-1.418969951851937e-10	-0.0	-1.795836876663446e-10	0.0	(-1.795836876663446e-10+0j)
-7.499970793020954e-06	-5.6249561896167364e-11	3.725290298461914e-08	-2.55696793789537e-11	0.0	(-2.55696793789537e-11+0j)
-4.3395281898695236e-06	-1.8831504910672262e-11	-0.0	-6.9015432914041644e-12	0.0	(-6.9015432914041644e-12+0j)
-2.221531573583016e-06	-4.935202532426231e-12	-0.0	-1.3880228176111823e-12	0.0	(-1.3880228176111823e-12+0j)
-9.37107962417716e-07	-8.781713332266833e-13	-0.0	-5.031229260748766e-14	0.0	(-5.031229260748766e-14+0j)
-2.7764031551128097e-07	-7.708414479720364e-14	-0.0	3.2123176854074726e-14	0.0	(3.2123176854074726e-14+0j)
-3.470344185902262e-08	-1.2043288768625633e-15	-0.0	3.733341760736586e-14	-0.007861333904767806	(3.733341760736586e-14-0.007861333904767806j)
3.470344185902262e-08	1.2043288768625633e-15	0.0	3.733341760736586e-14	0.007861333904767806	(3.733341760736586e-14+0.007861333904767806j)
2.7764031551128097e-07	7.708414479720364e-14	0.0	2.0079589977799815e-13	-3.412662303174569e-13	(2.0079589977799815e-13-3.412662303174569e-13j)
9.37107962417716e-07	8.781713332266833e-13	0.0	2.0079589977799815e-13	3.412662303174569e-13	(2.0079589977799815e-13+3.412662303174569e-13j)
2.221531573583016e-06	4.935202532426231e-12	0.0	1.5133949464334207e-12	0.0	(1.5133949464334207e-12+0j)
4.3395281898695236e-06	1.8831504910672262e-11	0.0	7.062452941911163e-12	0.0	(7.062452941911163e-12+0j)
7.499970793020954e-06	5.6249561896167364e-11	-3.725290298461914e-08	2.557598007063027e-11	0.0	(2.557598007063027e-11+0j)
1.1912052517731514e-05	1.418969951851937e-10	0.0	1.7954473800634441e-10	0.0	(1.7954473800634441e-10+0j)
1.778535101518103e-05	3.163187107332009e-10	0.0	3.9123017469133865e-10	0.0	(3.9123017469133865e-10+0j)
2.532989299856304e-05	6.416034793186529e-10	-2.3283064365386963e-09	1.4463935572598165e-09	0.0	(1.4463935572598165e-09+0j)
3.475621900126083e-05	1.2079947592636043e-09	0.0	1.5234909595856036e-09	0.0	(1.5234909595856036e-09+0j)
4.627544837847556e-05	2.141417122628957e-09	0.0	2.520803541429324e-09	0.0	(2.520803541429324e-09+0j)
6.009934458328253e-05	3.611931219340131e-09	0.0	4.205831631346429e-09	0.0	(4.205831631346429e-09+0j)
7.644038074828435e-05	5.843131808942681e-09	5.820766091346741e-10	7.324564009283641e-09	0.0	(7.324564009283641e-09+0j)
9.551180560424546e-05	9.122505009783175e-09	8.731149137020111e-10	1.1310270989570394e-08	0.0	(1.1310270989570394e-08+0j)
0.00011752770976733008	1.3812762563153774e-08	1.3096723705530167e-09	1.6994417826348367e-08	0.0	(1.6994417826348367e-08+0j)
0.00014270309242682625	2.0364172588179316e-08	1.964508555829525e-09	2.4934641703515393e-08	0.0	(2.4934641703515393e-08+0j)
0.00017125392846552152	2.932790801487396e-08	2.9103830456733704e-09	3.579552947078229e-08	0.0	(3.579552947078229e-08+0j)
0.000203397236045202	4.1370435630827624e-08	4.147295840084553e-09	3.717530800398066e-08	0.0	(3.717530800398066e-08+0j)
0.00023935114469007788	5.728897046445059e-08	5.711626727133989e-09	5.028597603635074e-08	0.0	(5.028597603635074e-08+0j)
0.0002793349639012882	7.802802205773399e-08	7.767084753140807e-09	6.929482471606521e-08	0.0	(6.929482471606521e-08+0j)
0.0003235692523360205	1.0469706105729132e-07	1.0404619388282299e-08	9.398803430479508e-08	0.0	(9.398803430479508e-08+0j)
0.00037227588758517846	1.3858933647733242e-07	1.3787939678877592e-08	1.2563238597371931e-07	0.0	(1.2563238597371931e-07+0j)
0.0004256781365839621	1.812018759655943e-07	1.8026184989139438e-08	1.657589771535367e-07	0.0	(1.657589771535367e-07+0j)
0.00048400072669017	2.3425670343661265e-07	2.330125425942242e-08	2.1605710019140147e-07	0.0	(2.1605710019140147e-07+0j)
0.0005474699174655237	2.997233105297073e-07	2.981323632411659e-08	2.7852233127456813e-07	0.0	(2.7852233127456813e-07+0j)
0.0006163135731958032	3.7984242050537864e-07	3.7784957385156304e-08	3.554262542044003e-07	0.0	(3.554262542044003e-07+0j)
0.0006907612361861271	4.771510854173865e-07	4.7466528485529125e-08	4.493447192961205e-07	0.0	(4.493447192961205e-07+0j)
0.0007710442008682636	5.945091596925792e-07	5.9137619246030226e-08	5.631883562899381e-07	0.0	(5.631883562899381e-07+0j)
0.0008573955887574404	7.351271956207178e-07	7.312337402254343e-08	7.002325149957881e-07	0.0	(7.002325149957881e-07+0j)
0.0009500504242967501	9.025958087064349e-07	8.978304322226904e-08	8.64160774726581e-07	0.0	(8.64160774726581e-07+0j)
0.001049245711627873	1.1009165633694817e-06	1.0950998330372386e-07	1.0590852434433168e-06	0.0	(1.0590852434433168e-06+0j)
0.001155220512327529	1.3345344321022784e-06	1.327487098023994e-07	1.2895771555250538e-06	0.0	(1.2895771555250538e-06+0j)
0.0012682160241497663	1.6083718839102408e-06	1.599880761204986e-07	1.5607177652252088e-06	0.0	(1.5607177652252088e-06+0j)
0.0013884756608149335	1.9278646606754663e-06	1.9176752630301053e-07	1.8781266639364243e-06	0.0	(1.8781266639364243e-06+0j)
0.0015162451328869407	2.2989993030033365e-06	2.286844846821623e-07	2.2480047574947804e-06	0.0	(2.2480047574947804e-06+0j)
0.001651772529781229	2.728352490139881e-06	2.713932190090418e-07	2.6771800672115107e-06	0.0	(2.6771800672115107e-06+0j)
0.001795308402946694	3.223132261691009e-06	3.206093879271066e-07	3.1731474778705173e-06	0.0	(3.1731474778705173e-06+0j)
0.001947105850265665	3.791221192138778e-06	3.7711743061663583e-07	3.7441155698488226e-06	0.0	(3.7441155698488226e-06+0j)
0.0021074206017169745	4.441221592541135e-06	4.417734089656733e-07	4.399058504005706e-06	0.0	(4.399058504005706e-06+0j)
0.0022765111063480586	5.182502817326061e-06	5.155089866093476e-07	5.147765307714858e-06	0.0	(5.147765307714858e-06+0j)
0.0024546386206030298	6.0252507577559444e-06	5.993371132717584e-07	6.000892609353942e-06	0.0	(6.000892609353942e-06+0j)
0.0026420672980546644	6.9805196074498744e-06	6.943577091078623e-07	6.970021954807946e-06	0.0	(6.970021954807946e-06+0j)
0.0028390642805893175	8.060285989318138e-06	8.017617858513404e-07	8.067718250802966e-06	0.0	(8.067718250802966e-06+0j)
0.0030458997910948536	9.277505537391672e-06	9.2283784169922e-07	9.307589841131838e-06	0.0	(9.307589841131838e-06+0j)
0.0032628472277028246	1.0646172031328008e-05	1.0589774035452137e-06	1.0704353673760239e-05	0.0	(1.0704353673760239e-05+0j)
0.003490183259637317	1.2181379185852567e-05	1.211682132407077e-06	1.2273901877537837e-05	0.0	(1.2273901877537837e-05+0j)
0.0037281879247241132	1.389938520205869e-05	1.3825686551172112e-06	1.4033372637817524e-05	0.0	(1.4033372637817524e-05+0j)
0.003977144728615041	1.5817680192350406e-05	1.5733764513470305e-06	1.6001222039534062e-05	0.0	(1.6001222039534062e-05+0j)
0.004237340745783784	1.7955056595879472e-05	1.7859743906001313e-06	1.8197301377465893e-05	0.0	(1.8197301377465893e-05+0j)
0.004509066722350688	2.0331682706610376e-05	2.022368192911017e-06	2.064293742461956e-05	0.0	(2.064293742461956e-05+0j)
0.004792617180795609	2.2969179441657252e-05	2.284707818489551e-06	2.3361015315968998e-05	0.0	(2.3361015315968998e-05+0j)
0.00508829052661923	2.5890700483282996e-05	2.5752955679081424e-06	2.6376066321449014e-05	0.0	(2.6376066321449014e-05+0j)
0.005396389157014874	2.91210159339477e-05	2.8965944665060306e-06	2.9714358976775552e-05	0.0	(2.9714358976775552e-05+0j)
0.005717219571614335	3.268659963005e-05	3.2512367553749755e-06	3.340399419456432e-05	0.0	(3.340399419456432e-05+0j)
0.006051092485372929	3.661572026653673e-05	3.642032986306276e-06	3.747500514037224e-05	0.0	(3.747500514037224e-05+0j)
0.00639832294366065	4.093853649137429e-05	4.0719814364820195e-06	4.1959460945555626e-05	0.0	(4.1959460945555626e-05+0j)
0.006759230439628037	4.5687196135994224e-05	4.544277985019107e-06	4.689157550270979e-05	0.0	(4.689157550270979e-05+0j)
0.007134139033917196	5.089593975526098e-05	5.062326273730378e-06	5.2307820832890996e-05	0.0	(5.2307820832890996e-05+0j)
0.007523377476790291	5.660120865827544e-05	5.629748365265641e-06	5.824704575962603e-05	0.0	(5.824704575962603e-05+0j)
0.00792727933274973	6.2841757619441e-05	6.25039604074118e-06	6.475059922160265e-05	0.0	(6.475059922160265e-05+0j)
0.008346183107726328	6.965877246769631e-05	6.928362292768497e-06	7.186246018431341e-05	0.0	(7.186246018431341e-05+0j)
0.008780432378913766	7.709599276067726e-05	7.667993440207965e-06	7.962937224717684e-05	0.0	(7.962937224717684e-05+0j)
0.009230375927329837	8.519983975983015e-05	8.473901793593086e-06	8.810098481949876e-05	0.0	(8.810098481949876e-05+0j)
0.00969636787318723	9.401954993217744e-05	9.350978764643969e-06	9.733000058796436e-05	0.0	(9.733000058796436e-05+0j)
0.010178767814158789	0.00010360731421455489	1.0304408650796404e-05	0.0001073723293457117	0.0	(0.0001073723293457117+0j)
0.010677940966624817	0.00011401842328672454	1.1339682828293007e-05	0.0001182872485569804	0.0	(0.0001182872485569804+0j)
0.011194258309992119	0.0001253114191108276	1.2462614682462458e-05	0.00013013757182697117	0.0	(0.00013013757182697117+0j)
0.011728096734177362	0.0001375482530062217	1.3679355239659685e-05	0.00014298982351563318	0.0	(0.00014298982351563318+0j)
0.012279839190349848	0.00015079445054085202	1.4996409118950282e-05	0.00015691442440082503	0.0	(0.00015691442440082503+0j)
0.012849874845031441	0.00016511928353297182	1.6420651558490817e-05	0.00017198587921907717	0.0	(0.00017198587921907717+0j)
0.013438599237654378	0.0001805959494702848	1.795934587711656e-05	0.0001882829811910742	0.0	(0.0001882829811910742+0j)
0.014046414441680602	0.00019730175866745336	1.9620161788580504e-05	0.0002058890182544969	0.0	(0.0002058890182544969+0j)
0.014673729229389235	0.00021531832949743198	2.1411194408571532e-05	0.00022489199342956556	0.0	(0.00022489199342956556+0j)
0.015320959240441951	0.00023473179204728362	2.3340984096620332e-05	0.0002453848529273288	0.0	(0.0002453848529273288+0j)
0.01598852715433943	0.00025563300056504927	2.54185371284521e-05	0.0002674657252496663	0.0	(0.0002674657252496663+0j)
0.01667686286688518	0.00027811775508089373	2.7653347141054496e-05	0.0002912381707509645	0.0	(0.0002912381707509645+0j)
0.017386403670776745	0.00030228703260319905	3.0055417576946297e-05	0.000316811443480635	0.0	(0.000316811443480635+0j)
0.01811759444044789	0.0003282472283085483	3.263528494557022e-05	0.00034430076362461305	0.0	(0.00034430076362461305+0j)
0.01887088782128885	0.0003561104071636678	3.5404043097209126e-05	0.0003738276040553544	0.0	(0.0003738276040553544+0j)
0.0196467444233761	0.00038599456643745983	3.8373368451694034e-05	0.0004055199886832565	0.0	(0.0004055199886832565+0j)
0.020445633019846577	0.00041802390958224064	4.1555546310689806e-05	0.00043951280526520524	0.0	(0.00043951280526520524+0j)
0.021268030750055813	0.0004523291319853196	4.4963498164740656e-05	0.00047594813222508404	0.0	(0.00047594813222508404+0j)
0.02211442332766371	0.0004890477191151169	4.861081014162494e-05	0.0005149755811564408	0.0	(0.0005149755811564408+0j)
0.022985305253795843	0.0005283242576101748	5.25117626204441e-05	0.0005567526544162449	0.0	(0.0005567526544162449+0j)
0.023881180035433255	0.0005703107598847759	5.6681360980359585e-05	0.000601445119572529	0.0	(0.000601445119572529+0j)
0.024802560409188133	0.0006151670028514266	6.113536762830662e-05	0.0006492274019371247	0.0	(0.0006492274019371247+0j)
0.025749968570627883	0.0006630608813883238	6.589033528126009e-05	0.0007002829937785807	0.0	(0.0007002829937785807+0j)
0.02672393640931522	0.0007141687772091237	7.09636415541226e-05	0.0007548048837829523	0.0	(0.0007548048837829523+0j)
0.02772500574973721	0.0007686759438229613	7.637352494427319e-05	0.0008129960056390939	0.0	(0.0008129960056390939+0j)
0.028753728598301782	0.0008267769083047978	8.213912219945385e-05	0.0008750697075342752	0.0	(0.0008750697075342752+0j)
0.029810667396585683	0.0008886758906298567	8.828050715559144e-05	0.0009412502433616435	0.0	(0.0009412502433616435+0j)
0.030896395281024336	0.0009545872413613028	9.481873108230232e-05	0.001011773285344452	0.0	(0.001011773285344452+0j)
0.032011496349239346	0.001024735898517364	0.00010177586458715027	0.0010868864612281282	0.0	(0.0010868864612281282+0j)
0.033156565933206816	0.0010993578644830908	0.00010917504111862542	0.0011668499142062218	0.0	(0.0011668499142062218+0j)
0.03433221087947522	0.0011787007038727565	0.00011704050213556805	0.0012519368886524573	0.0	(0.0012519368886524573+0j)
0.035539049836649024	0.001263024063291823	0.0001253976439818949	0.00134243433977162	0.0	(0.00134243433977162+0j)
0.03677771355036136	0.0013526002139924334	0.00013427306650992676	0.0014386435710851493	0.0	(0.0014386435710851493+0j)
0.038048845165965975	0.0014477146184636524	0.0001436946235289227	0.0015408808968614095	0.0	(0.0015408808968614095+0j)
0.03935310053918671	0.0015486665220473374	0.00015369147510546632	0.0016494783322949468	0.0	(0.0016494783322949468+0j)
0.040691148554970594	0.0016557695707226853	0.00016429414177676627	0.0017647843102163356	0.0	(0.0017647843102163356+0j)
0.04206367145479865	0.0017693524562572426	0.00017553456072239015	0.0018871644245498302	0.0	(0.0018871644245498302+0j)
0.04347136517271722	0.0018897595899797317	0.0001874461439510533	0.0020170022017939734	0.0	(0.0020170022017939734+0j)
0.04491493968036148	0.0020173518064905104	0.00020006383854354048	0.0021546998976810557	0.0	(0.0021546998976810557+0j)
0.04639511934125177	0.0021525070986889937	0.0002134241890033861	0.0023006793195881068	0.0	(0.0023006793195881068+0j)
0.04791264327465291	0.0022956213855641425	0.0002275654017491746	0.002455382675974652	0.0	(0.002455382675974652+0j)
0.049468265729297044	0.0024471093142643444	0.00024252741181007842	0.002619273446803475	0.0	(0.002619273446803475+0j)
0.05106275646727974	0.0026074050980367186	0.00025835195173962155	0.0027928372810522347	0.0	(0.0027928372810522347+0j)
0.052696901158450896	0.002776963391703543	0.0002750826228092862	0.0029765829128802356	0.0	(0.0029765829128802356+0j)
0.05437150178563229	0.0029562602064250156	0.00029276496849306444	0.0031710431026822734	0.0	(0.0031710431026822734+0j)
0.05608737706100519	0.003145793865583371	0.000311446550281258	0.0033767755984086454	0.0	(0.0033767755984086454+0j)
0.05784536285402355	0.0033460860037136477	0.00033117702584406494	0.00359436411851986	0.0	(0.00359436411851986+0j)
0.059646312631220576	0.003557682610501303	0.0003520082295604965	0.0038244193582341697	0.0	(0.0038244193582341697+0j)
0.06149109790828906	0.003781155121966791	0.0003739942554231712	0.004067580022846441	0.0	(0.004067580022846441+0j)
0.06338060871482991	0.004017101561062373	0.000397191542314268	0.004324513888275665	0.0	(0.004324513888275665+0j)
0.06531575407217595	0.004266147730016969	0.00042165896165818895	0.004595918897138175	0.0	(0.004595918897138175+0j)
0.06729746248471398	0.004528948456881485	0.00044745790741596014	0.00488252429370366	0.0	(0.00488252429370366+0j)
0.06932668244514165	0.004806188898849511	0.0004746523884086029	0.005185091812434208	0.0	(0.005185091812434208+0j)
0.07140438295411211	0.005098585905057496	0.0005033091229147968	0.005504416920413462	0.0	(0.005504416920413462+0j)
0.0735315540547355	0.00540688944170449	0.0005334976354964827	0.005841330130397854	0.0	(0.005841330130397854+0j)
0.07570920738242252	0.005731884082474661	0.0005652903559746902	0.006196698395560265	0.0	(0.006196698395560265+0j)
0.07793837673057366	0.0060743905673968255	0.0005987627204667723	0.006571426593070176	0.0	(0.006571426593070176+0j)
0.0802201186326351	0.00643526743343405	0.0006339932743804066	0.006966459108582813	0.0	(0.006966459108582813+0j)
0.08255551296106181	0.0068154127202640444	0.0006710637772294747	0.0073827815380825765	0.0	(0.0073827815380825765+0j)
0.08494566354374737	0.007215765754887531	0.0007100593091158292	0.007821422492676606	0.0	(0.007821422492676606+0j)
0.08739169879850106	0.007637309018887932	0.000751068378705283	0.008283455546895089	0.0	(0.008283455546895089+0j)
0.08989477238617372	0.008081070102361981	0.0007941830324764698	0.008770001296484652	0.0	(0.008770001296484652+0j)
0.09245606388305627	0.008548123748747782	0.0008394989650119256	0.009282229556115079	0.0	(0.009282229556115079+0j)
0.09507677947319713	0.00903959399499496	0.0008871156300477301	0.009821361674436781	0.0	(0.009821361674436781+0j)
0.09775815266131012	0.009556656411752015	0.0009371363519720954	0.01038867298938583	0.0	(0.01038867298938583+0j)
0.10050144500696728	0.010100540448488468	0.0009896684374172127	0.010985495392235147	0.0	(0.010985495392235147+0j)
0.10330794688080004	0.010672531888726203	0.001044823286540375	0.011613220029388478	0.0	(0.011613220029388478+0j)
0.10617897824345514	0.011273975420824119	0.0011027165035494557	0.012273300109619953	0.0	(0.012273300109619953+0j)
0.10911588944808466	0.011906277330046634	0.001163468005965368	0.012967253846707768	0.0	(0.012967253846707768+0j)
0.11212006206717451	0.012570908317947065	0.001227202132061539	0.013696667503612404	0.0	(0.013696667503612404+0j)
0.11519290974454892	0.013269406455415793	0.0012940477458575628	0.014463198584383977	0.0	(0.014463198584383977+0j)
0.11833587907341994	0.014003380276079067	0.001364138338973836	0.015268579120714105	0.0	(0.015268579120714105+0j)
0.12155045050138329	0.014774512017089228	0.0014376121285820248	0.016114619117411962	0.0	(0.016114619117411962+0j)
0.12483813926329666	0.015584561014722251	0.0015146121506098148	0.01700321012387202	0.0	(0.01700321012387202+0j)
0.12820049634301459	0.016435367262595296	0.0015952863472702	0.01793632894185235	0.0	(0.01793632894185235+0j)
0.1316391094649878	0.017328855140735042	0.0016797876478973073	0.01891604150182911	0.0	(0.01891604150182911+0j)
0.13515560411677824	0.018267037324171283	0.001768274041975132	0.01994450689108232	0.0	(0.01994450689108232+0j)
0.1387516446035787	0.01925201888019781	0.0018609086431387728	0.021023981559009995	0.0	(0.021023981559009995+0j)
0.14242893513587063	0.020286001563938044	0.0019578597428217964	0.022156823702816558	0.0	(0.022156823702816558+0j)
0.14618922095139725	0.021371288322376444	0.002059300852104845	0.023345497850730496	0.0	(0.023345497850730496+0j)
0.1500342894726754	0.022510288017570552	0.0021654107301977144	0.024592579643941254	0.0	(0.024592579643941254+0j)
0.15396597150131844	0.0237055203803448	0.0022763733978573703	0.025900760841414967	0.0	(0.025900760841414967+0j)
0.1579861424504933	0.024959621206387565	0.002392378133909065	0.027272854551754273	0.0	(0.027272854551754273+0j)
0.16209672361688598	0.02627534780732912	0.0025136194528915107	0.028711800700126727	0.0	(0.028711800700126727+0j)
0.1662996834936075	0.02765558473007403	0.0026402970617029134	0.030220671756394795	0.0	(0.030220671756394795+0j)
0.17059703912552715	0.02910334975839664	0.0027726157929649706	0.03180267872389291	0.0	(0.03180267872389291+0j)
0.17499085750858182	0.030621800211588786	0.002910785512666887	0.03346117740719694	0.0	(0.03346117740719694+0j)
0.17948325703467147	0.032214239555773946	0.003055020999483682	0.035199674975560216	0.0	(0.035199674975560216+0j)
0.18407640898381836	0.033884124344377965	0.0032055417929995403	0.03702183682847917	0.0	(0.03702183682847917+0j)
0.18877253906533345	0.035635071505172845	0.003362572007895269	0.03893149378622157	0.0	(0.03893149378622157+0j)
0.19357392900980788	0.03747086599229414	0.0035263401109912954	0.040932649618583956	0.0	(0.040932649618583956+0j)
0.19848291821381936	0.0393954688226737	0.003697078657869217	0.043029488918577746	0.0	(0.043029488918577746+0j)
0.2035019054393242	0.04141302551743565	0.0038750239856303118	0.04522638535400109	0.0	(0.04522638535400109+0j)
0.20863335056978574	0.043527874969975115	0.004060415858192674	0.04752791030077793	0.0	(0.04752791030077793+0j)
0.21387977642517536	0.045744558763682996	0.004253497060378031	0.04993884188063627	0.0	(0.04993884188063627+0j)
0.21924377063807438	0.048067830963600566	0.004454512936905332	0.05246417442660041	0.0	(0.05246417442660041+0j)
0.22472798759319407	0.05050266840768679	0.0046637108722879725	0.05510912838164987	0.0	(0.05510912838164987+0j)
0.23033515043273323	0.053054281524869844	0.004881339707533371	0.0578791606703949	0.0	(0.0578791606703949+0j)
0.2360680531300946	0.05572812570863317	0.005107649089473969	0.06077997555102291	0.0	(0.06077997555102291+0j)
0.24192956263458582	0.058529913276561985	0.005342888748518498	0.06381753597308605	0.0	(0.06381753597308605+0j)
0.24792262108984528	0.061465626048059	0.005587307700613744	0.0669980754601587	0.0	(0.0669980754601587+0j)
0.2540502481288529	0.06454152857433174	0.005841153369253813	0.07032811055679905	0.0	(0.07032811055679905+0j)
0.2603155432485035	0.06776418205676349	0.0061046706234745875	0.07381445384257818	0.0	(0.07381445384257818+0j)
0.2667216882668555	0.07114045899192165	0.006378100727936677	0.07746422756440313	0.0	(0.07746422756440313+0j)
0.27327194986629844	0.07467755858372872	0.006661680201437235	0.08128487789432459	0.0	(0.08128487789432459+0j)
0.2799696822260281	0.07838302296574315	0.0069556395805125265	0.0852841898736329	0.0	(0.0852841898736329+0j)
0.28681832974736315	0.08226475427906714	0.007260202085208152	0.08947030304618568	0.0	(0.08947030304618568+0j)
0.2938214298755963	0.08633103265413994	0.007575582184617255	0.09385172786229684	0.0	(0.09385172786229684+0j)
0.30098261602223375	0.0905905351475874	0.007901984060426342	0.09843736286589941	0.0	(0.09843736286589941+0j)
0.3083056205916502	0.09505235568840255	0.008239599967481736	0.10323651273973171	0.0	(0.10323651273973171+0j)
0.3157942781163639	0.0997260260910354	0.0085886084913059	0.1082589072640786	0.0	(0.1082589072640786+0j)
0.32345252850532874	0.1046215381964905	0.008949172703567538	0.11351472125792979	0.0	(0.11351472125792979+0j)
0.3312844204098322	0.10974936720627844	0.009321438217753117	0.11901459557776672	0.0	(0.11901459557776672+0j)
0.3392941147118041	0.11512049627806688	0.009705531148714178	0.12476965926541346	0.0	(0.12476965926541346+0j)
0.34748588813954967	0.12074644245613163	0.01010155598138317	0.13079155293572634	0.0	(0.13079155293572634+0j)
0.3558641370161595	0.12663928401425592	0.010509593355771058	0.13709245349893318	0.0	(0.13709245349893318+0j)
0.3644333811460802	0.13281168929356416	0.010929697777387858	0.14368510034589974	0.0	(0.14368510034589974+0j)
0.3731982678455901	0.13927694712294883	0.01136189526446717	0.150582823087554	0.0	(0.150582823087554+0j)
0.38216357612318463	0.14604899891526113	0.011806180945825454	0.15779957098937994	0.0	(0.15779957098937994+0j)
0.39133422101615867	0.15314247253832372	0.0122625166258418	0.16534994421948132	0.0	(0.16534994421948132+0j)
0.4007152580899652	0.16057271806610743	0.012730828335891847	0.17324922703929035	0.0	(0.17324922703929035+0j)
0.41031188810723823	0.1683558455221268	0.013211003894590782	0.18151342309065438	0.0	(0.18151342309065438+0j)
0.4201294618736933	0.17650876473427912	0.013702890502368965	0.1901592928849281	0.0	(0.1901592928849281+0j)
0.4301734852684612	0.18504922742801502	0.014206292399180044	0.19920439368082843	0.0	(0.19920439368082843+0j)
0.4404496244667679	0.19399587169291685	0.014720968617479704	0.20866712188984995	0.0	(0.20866712188984995+0j)
0.45096371136325314	0.2033682689665195	0.015246630865950253	0.2185667581592566	0.0	(0.2185667581592566+0j)
0.4617217492046207	0.21318697368857467	0.01578294158271053	0.22892351533000455	0.0	(0.22892351533000455+0j)
0.47272991844072854	0.22347357578897786	0.016329512199851386	0.2397585894405465	0.0	(0.2397585894405465+0j)
0.4839945828036719	0.23425075618330043	0.01688590166397259	0.2510942139887868	0.0	(0.2510942139887868+0j)
0.49552229562487815	0.24554234546134915	0.017451615259848265	0.2629537176613282	0.0	(0.2629537176613282+0j)
0.5073198064007199	0.257373385966464	0.01802610378628062	0.2753615857684362	0.0	(0.2753615857684362+0j)
0.5193940676176739	0.2697701974764328	0.01860876313446952	0.28834352565924026	0.0	(0.28834352565924026+0j)
0.5317522418485942	0.28276044671100575	0.019198934319667543	0.301926536345672	0.0	(0.301926536345672+0j)
0.5444017091322467	0.29637322090611135	0.01979590401633806	0.3161389826845529	0.0	(0.3161389826845529+0j)
0.5573500746488577	0.3106391057110872	0.020398905645313443	0.3310106743886941	0.0	(0.3310106743886941+0j)
0.5706051767050645	0.3255902676826179	0.02100712105838704	0.3465729502113688	0.0	(0.3465729502113688+0j)
0.584175095042342	0.3412605416677293	0.021619682861199516	0.36285876764337366	0.0	(0.36285876764337366+0j)
0.598068159483679	0.35768552338819526	0.02223567740904421	0.3799027984801104	0.0	(0.3799027984801104+0j)
0.6122929589340428	0.3749026675602054	0.022854148502192355	0.397741530635348	0.0	(0.397741530635348+0j)
0.6268583507509564	0.3929513919062091	0.02347410179743435	0.4164133765671621	0.0	(0.4164133765671621+0j)
0.6417734705023628	0.4118731874406471	0.024094509940708768	0.43595878872994465	0.0	(0.43595878872994465+0j)
0.6570477421298259	0.43171173543790214	0.02471431841196534	0.4564203824208839	0.0	(0.4564203824208839+0j)
0.6726908885360721	0.4525130315194501	0.025332452057880827	0.4778430664773776	0.0	(0.4778430664773776+0j)
0.6887129426168537	0.4743255173279656	0.025947822270903115	0.5002741822107967	0.0	(0.5002741822107967+0j)
0.7051242587581799	0.4972002202892726	0.026559334754628912	0.5237636510216496	0.0	(0.5237636510216496+0j)
0.721935524821055	0.5211909019986521	0.027165897796123356	0.5483641311719398	0.0	(0.5483641311719398+0j)
0.7391577746370641	0.5463542158064169	0.027766430945984282	0.5741311841570582	0.0	(0.5741311841570582+0j)
0.7568024010393578	0.572749874218937	0.02835987398737224	0.601123451169566	0.0	(0.601123451169566+0j)
0.7748811694549418	0.6004408267758582	0.02894519605661909	0.629402840218966	0.0	(0.629402840218966+0j)
0.7934062320855423	0.6294934491121774	0.02952140476123078	0.6590347243867294	0.0	(0.6590347243867294+0j)
0.8123901427058198	0.6599777439655822	0.030087555127031804	0.6900881518671803	0.0	(0.6900881518671803+0j)
0.8318458721092578	0.6919675549452116	0.030642758195806547	0.7226360683926963	0.0	(0.7226360683926963+0j)
0.8517868242337273	0.7255407939381787	0.031186189089020263	0.7567555527771264	0.0	(0.7567555527771264+0j)
0.8722268530004768	0.7607796830951152	0.03171709435292355	0.7925280662696254	0.0	(0.7925280662696254+0j)
0.8931802799021815	0.7977710124061393	0.03223479840630672	0.8300397166246752	0.0	(0.8300397166246752+0j)
0.9146619123776685	0.8366064139543736	0.032738708924918675	0.8693815377510603	0.0	(0.8693815377510603+0j)
0.9366870630130316	0.877382654015979	0.033228321016374976	0.9106497859992937	0.0	(0.9106497859992937+0j)
0.9592715696111017	0.9202019442641468	0.033703220066185494	0.953946254210809	0.0	(0.953946254210809+0j)
0.9824318161736062	0.9651722734301703	0.034163083168876875	0.9993786048203341	0.0	(0.9993786048203341+0j)
1.0061847548428828	1.0124077608782323	0.03460767909717789	1.0470607233697384	0.0	(1.0470607233697384+0j)
1.0305479288526944	1.0620290336625782	0.03503686680554506	1.0971130940494596	0.0	(1.0971130940494596+0j)
1.0555394965405518	1.1141636287570815	0.03545059251018412	1.1496631989941088	0.0	(1.1496631989941088+0j)
1.0811782564769803	1.168946422278603	0.035848885434062144	1.2048459432136072	0.0	(1.2048459432136072+0j)
1.1074836737704155	1.226520087668016	0.03623185234985039	1.2628041072766012	0.0	(1.2628041072766012+0j)
1.1344759076098252	1.2870355849471367	0.03659967109381951	1.323688830039242	0.0	(1.323688830039242+0j)
1.1621758401108537	1.3506526833373687	0.036952583257027015	1.3876601239084438	0.0	(1.3876601239084438+0j)
1.1906051065351553	1.4175405197075885	0.037290886284547735	1.4548874253426771	0.0	(1.4548874253426771+0j)
1.2197861269567585	1.4878781955161693	0.03761492522732381	1.5255501834848624	0.0	(1.5255501834848624+0j)
1.249742139453741	1.5618554151264137	0.037925084393407485	1.5998384900763862	0.0	(1.5998384900763862+0j)
1.2804972349081958	1.6396731686075352	0.03822177913568055	1.6779537539799354	0.0	(1.6779537539799354+0j)
1.3120763935025515	1.7215444623866623	0.03850544799215641	1.7601094239160422	0.0	(1.7601094239160422+0j)
1.3445055230056484	1.807695101392692	0.03877654536415866	1.8465317632308376	0.0	(1.8465317632308376+0j)
1.3778114989477563	1.8983645266326632	0.039035534879242474	1.9374606807784964	0.0	(1.9374606807784964+0j)
1.4120222067898245	1.9938067124676058	0.03928288354248266	2.0331506222893494	0.0	(2.0331506222893494+0j)
1.4471665861988359	2.0942911282103926	0.03951905673482664	2.133871526926077	0.0	(2.133871526926077+0j)
1.4832746775481236	2.20010376905549	0.03974451407376249	2.239909854011515	0.0	(2.239909854011515+0j)
1.5203776707690226	2.3115482617730385	0.03995970611246014	2.3515696854117314	0.0	(2.3515696854117314+0j)
1.5585079566882198	2.42894705106049	0.040165071821123284	2.4691739092991547	0.0	(2.4691739092991547+0j)
1.5976991809937733	2.5526426729481737	0.04036103677008218	2.593065491741017	0.0	(2.593065491741017+0j)
1.6379863009819313	2.6829991222044702	0.040548011918817614	2.7236088428492877	0.0	(2.7236088428492877+0j)
1.6794056452467305	2.8204033212865873	0.040726392908405844	2.8611912850112553	0.0	(2.8611912850112553+0j)
1.7219949764848979	2.965266699039224	0.040896559755818566	3.0062246312681333	0.0	(3.0062246312681333+0j)
1.7657935575998587	3.1180268880611655	0.04105887685554044	3.15914688266749	0.0	(3.15914688266749+0j)
1.8108422213008069	3.2791495504456405	0.04121369320521802	3.320424054212548	0.0	(3.320424054212548+0j)
1.8571834434057672	3.449130342460503	0.04136134278562237	3.490552139936479	0.0	(3.490552139936479+0j)
1.9048614200715395	3.628497029676962	0.04150214503938467	3.670059228485879	0.0	(3.670059228485879+0j)
1.9539221491884349	3.8178117650891523	0.04163640540639614	3.8595077817800627	0.0	(3.8595077817800627+0j)
2.004413516193774	4.017673543900289	0.041764415885538836	4.059497090363422	0.0	(4.059497090363422+0j)
2.056385384575469	4.228720849895599	0.04188645560205959	4.270665920330191	0.0	(4.270665920330191+0j)
2.109889691355602	4.451634509688637	0.04200279136732053	4.493695368149336	0.0	(4.493695368149336+0j)
2.1649805478639736	4.687140772629392	0.04211367822303285	4.72931194111168	0.0	(4.72931194111168+0j)
2.221714346133128	4.936014635813752	0.04221935996574304	4.9782908828662995	0.0	(4.9782908828662995+0j)
2.280149871269615	5.1990834354508415	0.04232006964968573	5.241459765293184	0.0	(5.241459765293184+0j)
2.340348420181257	5.477230727844906	0.042416030067522675	5.519702369962709	0.0	(5.519702369962709+0j)
2.4023739270672144	5.771400485452349	0.04250745420926767	5.813962884664679	0.0	(5.813962884664679+0j)
2.4662930961066483	6.082601635903317	0.04259454570009191	6.125250442880573	0.0	(6.125250442880573+0j)
2.53217554181336	6.411912974557783	0.04267749921787617	6.454644036735613	0.0	(6.454644036735613+0j)
2.600093937557491	6.760488484123218	0.0427565008914306	6.803297837037713	0.0	(6.803297837037713+0j)
2.6701241727922507	7.129563098129501	0.042831728680298574	7.172446957133222	0.0	(7.172446957133222+0j)
2.742345519563008	7.520458948667304	0.042903352737031844	7.563413701007005	0.0	(7.563413701007005+0j)
2.8168408089191725	7.934592142792418	0.042971535752785645	7.977614340046996	0.0	(7.977614340046996+0j)
2.8936966178954187	8.373480116419385	0.04303643328704042	8.416566467258445	0.0	(8.416566467258445+0j)
2.9730034677792423	8.8387496194274	0.043098194082217434	8.881896982707081	0.0	(8.881896982707081+0j)
3.0548560344360047	9.332145391130073	0.043156960363915434	9.375350769265609	0.0	(9.375350769265609+0j)
3.139353371521828	9.855539591285467	0.04321286812745944	9.898800123949506	0.0	(9.898800123949506+0j)
3.2265991474784026	10.410942058508354	0.043266047411417236	10.454255016576248	0.0	(10.454255016576248+0j)
3.31670189727347	11.000511475377435	0.04331662255870617	11.043874255161432	0.0	(11.043874255161432+0j)
3.409775289925844	11.626567527788874	0.04336471246588139	11.669977645503309	0.0	(11.669977645503309+0j)
3.505938412936072	12.291604155300703	0.043410430821166905	12.335059241797497	0.0	(12.335059241797497+0j)
3.6053160748326105	12.998303999446422	0.04345388633176291	13.041801795150985	0.0	(13.041801795150985+0j)
3.708039127140636	13.74955416840589	0.04349518294093592	13.793092518496737	0.0	(13.793092518496737+0j)
3.814244807185861	14.548463449144304	0.04353442003537297	14.592040298929673	0.0	(14.592040298929673+0j)
3.9240771032610224	15.398381112337416	0.04357169264325784	15.44199450284456	0.0	(15.44199450284456+0j)
4.037687143807751	16.30291747127039	0.043607091623503486	16.346565535021828	0.0	(16.346565535021828+0j)
4.15523361240365	17.26596637364909	0.04364070384655464	17.309647330622287	0.0	(17.309647330622287+0j)
4.276883190493413	18.291729825125113	0.04367261236715317	18.335441978885438	0.0	(18.335441978885438+0j)
4.402811029966271	19.384744965592656	0.04370289658944004	19.428486699604463	0.0	(19.428486699604463+0j)
4.533201257860082	20.549913644264226	0.043731632424749464	20.593683418357635	0.0	(20.593683418357635+0j)
4.6682475156679075	21.79253486753959	0.04375889244243285	21.836331214519426	0.0	(21.836331214519426+0j)
4.808153535936197	23.118340425135752	0.04378474601403466	23.162161947558182	0.0	(23.162161947558182+0j)
4.953133759078175	24.53353403531989	0.043809259451125876	24.57737940239705	0.0	(24.57737940239705+0j)
5.103413993582461	26.04483438989329	0.04383249613708623	26.08870233452402	0.0	(26.08870233452402+0j)
5.259232123078992	27.659522524425963	0.04385451665311246	27.703411840379886	0.0	(27.703411840379886+0j)
5.420838864033355	29.385493989814435	0.04387537889871635	29.429403529014564	0.0	(29.429403529014564+0j)
5.588498578181307	31.23131635833449	0.043895138206963516	31.27524502826776	0.0	(31.27524502826776+0j)
5.762490144188762	33.20629266187262	0.04391384745469225	33.25023942310373	0.0	(33.25023942310373+0j)
5.943107893435154	35.32053143301123	0.04393155716793996	35.36449529677722	0.0	(35.36449529677722+0j)
6.130662615271313	37.585024102285296	0.04394831562279404	37.629004128139314	0.0	(37.629004128139314+0j)
6.325482637604348	40.01173059863406	0.043964168941873785	40.055725892051846	0.0	(40.055725892051846+0j)
6.5279149892138815	42.61367410640327	0.043979161186640074	42.657683816242525	0.0	(42.657683816242525+0j)
6.738326650815264	45.40504605308725	0.043993334445720164	45.44906936870005	0.0	(45.44906936870005+0j)
6.957105902559871	48.401322539433394	0.04400672891942649	48.44535868724307	0.0	(48.44535868724307+0j)
7.1846637764105	51.619393580065186	0.04401938300063941	51.66344181937176	0.0	(51.66344181937176+0j)
7.421435622657183	55.07770670124501	0.04403133335221631	55.1217663191316	0.0	(55.1217663191316+0j)
7.667882800757656	58.796426646155076	0.04404261498108172	58.8404969515268	0.0	(58.8404969515268+0j)
7.92449450570503	62.797613170949205	0.04405326130914586	62.841693488003216	0.0	(62.841693488003216+0j)
8.191789742258713	67.10541918137507	0.04406330424119223	67.14950884313471	0.0	(67.14950884313471+0j)
8.470319460633334	71.74631176518378	0.04407277422986828	71.79041010799979	0.0	(71.79041010799979+0j)
8.760668868643995	76.74931902602805	0.044081700337907107	76.79342538614027	0.0	(76.79342538614027+0j)
9.0634599368687	82.14630602722397	0.04409011029770201	82.19041974046348	0.0	(82.19041974046348+0j)
9.379354115134207	87.97228361708498	0.04409803056835043	88.01640402250041	0.0	(88.01640402250041+0j)
9.70905528057937	94.26575444134616	0.04410548639027802	94.30988088904265	0.0	(94.30988088904265+0j)
10.053312939730441	101.06910106415152	0.04411250183754902	101.11323292697793	0.0	(101.11323292697793+0j)
10.412925709461692	108.42902183076829	0.04411909986796385	108.47315851878372	0.0	(108.47315851878372+0j)
10.788745104450985	116.3970209288151	0.044125302371040315	116.44116190491111	0.0	(116.44116190491111+0j)
11.181679661808277	125.02996005929685	0.04413113021397075	125.0741048539604	0.0	(125.0741048539604+0j)
11.592699437005214	134.390680236741	0.04413660328564263	134.43482845986856	0.0	(134.43482845986856+0j)
12.022840909112986	144.54870352584078	0.04414174053880691	144.5928548737141	0.0	(144.5928548737141+0j)
12.473212337728176	155.5810260220544	0.04414656003047386	155.62518027802673	0.0	(155.62518027802673+0j)
12.944999618894892	167.5730151331889	0.04415107896061325	167.61717216136373	0.0	(167.61717216136373+0j)
13.4394726929019	180.61942626325583	0.04415531370923158	180.66358599536346	0.0	(180.66358599536346+0j)
13.95799256312947	194.82555639237756	0.0441592798718964	194.86971880909192	0.0	(194.86971880909192+0j)
14.502018992255339	210.30855485173456	0.04416299229377425	210.35271996075357	0.0	(210.35271996075357+0j)
15.073118950217209	227.19891488739714	0.04416646510224594	227.2430827013445	0.0	(227.2430827013445+0j)
15.672975897519757	245.64217348423523	0.04416971173815987	245.68634400167574	0.0	(245.68634400167574+0j)
16.30339999792458	265.8008514923272	0.044172744985781706	265.8450246846553	0.0	(265.8450246846553+0j)
16.966339366471665	287.8566714982861	0.04417557700149586	287.900847303942	0.0	(287.900847303942+0j)
17.663892472366342	312.0130972753203	0.044178219341311734	312.05727560108045	0.0	(312.05727560108045+0j)
18.398321831796846	338.49824622637243	0.04418068298722565	338.54242695389195	0.0	(338.54242695389195+0j)
19.172069143522997	367.5682352440266	0.04418297837248683	367.6124182389163	0.0	(367.6124182389163+0j)
19.987772040461227	399.51103114144354	0.04418511540581385	399.55521626218956	0.0	(399.55521626218956+0j)
20.84828265390689	434.6508896171949	0.044187103494605744	434.6950767221651	0.0	(434.6950767221651+0j)
21.756688213976226	473.353482040172	0.0441889515671903	473.39767099208393	0.0	(473.39767099208393+0j)
22.716333940912474	516.031827715052	0.044190668094149926	516.0760183832103	0.0	(516.0760183832103+0j)
23.73084851776959	563.1531713733272	0.044192261108763904	563.1973636344463	0.0	(563.1973636344463+0j)
24.804172476499513	615.2469722439359	0.04419373822660395	615.291165982163	0.0	(615.291165982163+0j)
25.940589877590973	672.9142031973753	0.04419510666431868	672.9583983040427	0.0	(672.9583983040427+0j)
27.14476371932338	736.8381973778947	0.04419637325764071	736.8823937511542	0.0	(736.8823937511542+0j)
28.421775577784274	807.7973269939346	0.04419754447864893	807.8415245384141	0.0	(807.8415245384141+0j)
29.777170054741106	886.6798564689705	0.04419862645231685	886.7240550954228	0.0	(886.7240550954228+0j)
31.217004699239933	974.5013823923681	0.0441996249723767	974.5455820173431	0.0	(974.5455820173431+0j)
32.747906172853575	1072.4253587060214	0.04420054551652775	1072.4695592515375	0.0	(1072.4695592515375+0j)
34.37713355070611	1181.7873111630838	0.044201393261015944	1181.8315125563433	0.0	(1181.8315125563433+0j)
36.1126497942929	1304.123475165243	0.044202173094610706	1304.1676773383374	0.0	(1304.1676773383374+0j)
37.963202601939585	1441.2047517959124	0.04420288963200402	1441.248954685544	0.0	(1441.248954685544+0j)
39.93841604370705	1595.0770760802368	0.044203547226655406	1595.12127962746	0.0	(1595.12127962746+0j)
42.0488946259587	1768.1095392649786	0.04420414998310553	1768.1537434149586	0.0	(1768.1537434149586+0j)
44.3063417144323	1963.0519161160437	0.04420470176878041	1963.096120817816	0.0	(1963.096120817816+0j)
46.7236945829899	2183.1036354845196	0.044205206225306846	2183.147840690746	0.0	(2183.147840690746+0j)
49.31527876000004	2431.9967191765113	0.044205666779359234	2432.0409248432925	0.0	(2432.0409248432925+0j)
52.09698483000059	2714.095828377312	0.04420608665305674	2714.140034463957	0.0	(2714.140034463957+0j)
55.08647143290039	3034.5193349277506	0.0442064688739291	3034.5635413966206	0.0	(3034.5635413966206+0j)
58.30339890885323	3399.2863243248685	0.04420681628446872	3399.330531141163	0.0	(3399.330531141163+0j)
61.76969889208737	3815.4957012191394	0.04420713155128552	3815.539908350698	0.0	(3815.539908350698+0j)
65.5098861964565	4291.545189472683	0.044207417173880915	4291.589396889848	0.0	(4291.589396889848+0j)
69.5514206035539	4837.400107972461	0.04420767549305599	4837.444315647958	0.0	(4837.444315647958+0j)
73.92512771679691	5464.924507944735	0.04420790869896864	5464.9687158534325	0.0	(5464.9687158534325+0j)
78.66568995306919	6188.290775792411	0.04420811883885386	6188.334983911251	0.0	(6188.334983911251+0j)
83.81222109797599	7024.488405376012	0.04420830782442046	7024.532613683845	0.0	(7024.532613683845+0j)
89.40894076792034	7993.958689241488	0.044208477438937126	7994.00289771895	0.0	(7994.00289771895+0j)
95.50596875190209	9121.390067239297	0.04420862934402032	9121.434275868658	0.0	(9121.434275868658+0j)
102.16026374241683	10436.719487920167	0.0442087650861355	10436.763696685297	0.0	(10436.763696685297+0j)
109.43673666083288	11976.399330972483	0.04420888610282324	11976.443539858596	0.0	(11976.443539858596+0j)
117.40957596921426	13785.008529270695	0.044208993728660974	13785.052738264436	0.0	(13785.052738264436+0j)
126.1638314734695	15917.312372066013	0.04420908920097045	15917.356581155114	0.0	(15917.356581155114+0j)
135.79731473932583	18440.910690411518	0.04420917366528123	18440.954899585184	0.0	(18440.954899585184+0j)
146.42288913233602	21439.662461860367	0.04420924818055928	21439.706671108546	0.0	(21439.706671108546+0j)
158.1712416884214	25018.14169725701	0.04420931372420992	25018.185906570736	0.0	(25018.185906570736+0j)
171.19425391683407	29307.47257414146	0.04420937119686366	29307.516783512656	0.0	(29307.516783512656+0j)
185.66912113051106	34473.02254137639	0.044209421426953326	34473.06675079782	0.0	(34473.06675079782+0j)
201.80341259064414	40724.61733322975	0.04420946517509021	40724.66154269492	0.0	(40724.66154269492+0j)
219.84132123719695	48330.206523316425	0.04420950313824691	48330.250732819564	0.0	(48330.250732819564+0j)
240.07142706246006	57634.290091806084	0.04420953595375407	57634.33430134204	0.0	(57634.33430134204+0j)
262.836399308869	69082.97280165122	0.04420956420311779	69083.01701121543	0.0	(69083.01701121543+0j)
288.5451996188469	83258.3322230802	0.0442095884156645	83258.37643266862	0.0	(83258.37643266862+0j)
317.6885353347575	100926.00548314345	0.04420960907201927	100926.04969275252	0.0	(100926.04969275252+0j)
350.858570038611	123101.7361695389	0.04420962660742395	123101.7803791655	0.0	(123101.7803791655+0j)
388.77425741880654	151145.42323154447	0.044209641414900386	151145.46744118587	0.0	(151145.46744118587+0j)
432.3141694833717	186895.54113609742	0.04420965384826455	186895.5853457513	0.0	(186895.5853457513+0j)
482.5594081882106	232863.58243095607	0.04420966422499657	232863.6266406203	0.0	(232863.6266406203+0j)
540.8502227281518	292518.96342509147	0.044209672828971584	292519.0076347643	0.0	(292519.0076347643+0j)
608.861460144658	370712.27764948504	0.04420967991305625	370712.321859165	0.0	(370712.321859165+0j)
688.7042001214068	474313.47526486666	0.04420968570157521	474313.51947455236	0.0	(474313.51947455236+0j)
783.0642560322963	613189.6290754137	0.04420969039265191	613189.6732851041	0.0	(613189.6732851041+0j)
895.3932941925091	801729.1512849131	0.04420969416042762	801729.1954946072	0.0	(801729.1954946072+0j)
1030.1761707171554	1061262.9427134618	0.04420969715716271	1061262.9869231589	0.0	(1061262.9869231589+0j)
1193.310456657072	1423989.84596711	0.04420969951522348	1423989.8901768096	0.0	(1423989.8901768096+0j)
1392.6540178654614	1939485.2134768127	0.04420970134895824	1939485.257686514	0.0	(1939485.257686514+0j)
1638.829218206556	2685761.206447512	0.04420970275646575	2685761.250657215	0.0	(2685761.250657215+0j)
1946.4273685286264	3788579.5009572734	0.04420970382125897	3788579.545166977	0.0	(3788579.545166977+0j)
2335.8522065964303	5456205.531061413	0.04420970461382719	5456205.5752711175	0.0	(5456205.5752711175+0j)
2836.2105753037786	8044090.427464991	0.044209705193099025	8044090.471674696	0.0	(8044090.471674696+0j)
3489.969969937625	12179890.391066428	0.04420970560780884	12179890.435276134	0.0	(12179890.435276134+0j)
4360.696925764805	19015677.678374622	0.0442097058977691	19015677.72258433	0.0	(19015677.72258433+0j)
5546.372188325968	30762244.451435786	0.04420970609505054	30762244.495645493	0.0	(30762244.495645493+0j)
7203.243728879368	51886720.217639945	0.04420970622507253	51886720.26184965	0.0	(51886720.26184965+0j)
9590.609764578987	91979795.65643781	0.04420970630760519	91979795.70064752	0.0	(91979795.70064752+0j)
13159.681857015545	173177226.57786408	0.044209706357685175	173177226.6220738	0.0	(173177226.6220738+0j)
18742.01600231651	351263163.8310882	0.04420970638644667	351263163.8752979	0.0	(351263163.8752979+0j)
27982.86297320777	783040620.1773225	0.04420970640186893	783040620.2215322	0.0	(783040620.2215322+0j)
44444.61752351378	1975324026.811428	0.04420970640944182	1975324026.8556378	0.0	(1975324026.8556378+0j)
76813.26603926464	5900277839.618846	0.0442097064127503	5900277839.663055	0.0	(5900277839.663055+0j)
150046.63327639527	22513992157.581047	0.044209706413979005	22513992157.625256	0.0	(22513992157.625256+0j)
355704.3016402785	126525550205.39822	0.04420970641433773	126525550205.44243	0.0	(126525550205.44243+0j)
1200594.1310054827	1441426267404.8103	0.04420970641440856	1441426267404.8545	0.0	(1441426267404.8545+0j)
9605195.204771383	92259774921763.17	0.044209706414415274	92259774921763.22	0.0	(92259774921763.22+0j)
