-1.0	-1.0	-0.0847744054205312	-1.0852330351219477	0.0	(-1.0852330351219477+0j)
-0.9966666666666667	-0.9933444444444445	-0.08429614828442539	-1.078050908694481	0.0	(-1.078050908694481+0j)
-0.9933333333333334	-0.9867111111111112	-0.08381847628985813	-1.070911440244145	0.0	(-1.070911440244145+0j)
-0.9900000000000001	-0.9801000000000002	-0.08334139714943734	-1.0638024208419352	0.0	(-1.0638024208419352+0j)
-0.9866666666666667	-0.9735111111111112	-0.08286491858448382	-1.056720351711003	0.0	(-1.056720351711003+0j)
-0.9833333333333334	-0.9669444444444446	-0.08238904832481367	-1.049663729469424	0.0	(-1.049663729469424+0j)
-0.9800000000000001	-0.9604000000000001	-0.08191379410852094	-1.0426317662008622	0.0	(-1.0426317662008622+0j)
-0.9766666666666667	-0.9538777777777778	-0.08143916368175873	-1.0356239964770595	0.0	(-1.0356239964770595+0j)
-0.9733333333333334	-0.9473777777777779	-0.08096516479851879	-1.0286401224927286	0.0	(-1.0286401224927286+0j)
-0.9700000000000001	-0.9409000000000002	-0.08049180522041087	-1.0216799425633658	0.0	(-1.0216799425633658+0j)
-0.9666666666666667	-0.9344444444444444	-0.08001909271644111	-1.014743314246784	0.0	(-1.014743314246784+0j)
-0.9633333333333334	-0.9280111111111112	-0.0795470350627888	-1.0078301336920812	0.0	(-1.0078301336920812+0j)
-0.9600000000000001	-0.9216000000000002	-0.07907564004258273	-1.0009403233150171	0.0	(-1.0009403233150171+0j)
-0.9566666666666668	-0.9152111111111113	-0.07860491544567638	-0.9940738240586787	0.0	(-0.9940738240586787+0j)
-0.9533333333333334	-0.9088444444444445	-0.07813486906842242	-0.9872305903270101	0.0	(-0.9872305903270101+0j)
-0.9500000000000001	-0.9025000000000001	-0.07766550871344625	-0.9804105865507619	0.0	(-0.9804105865507619+0j)
-0.9466666666666668	-0.896177777777778	-0.07719684218941786	-0.9736137847905182	0.0	(-0.9736137847905182+0j)
-0.9433333333333334	-0.8898777777777778	-0.07672887731082371	-0.9668401630207913	0.0	(-0.9668401630207913+0j)
-0.9400000000000001	-0.8836000000000002	-0.07626162189773807	-0.9600897038743385	0.0	(-0.9600897038743385+0j)
-0.9366666666666668	-0.8773444444444446	-0.07579508377559115	-0.9533623937055877	0.0	(-0.9533623937055877+0j)
-0.9333333333333333	-0.8711111111111112	-0.07532927077493992	-0.9466582218799644	0.0	(-0.9466582218799644+0j)
-0.93	-0.8649000000000001	-0.07486419073123467	-0.9399771802265071	0.0	(-0.9399771802265071+0j)
-0.9266666666666667	-0.8587111111111113	-0.074399851484587	-0.9333192626104453	0.0	(-0.9333192626104453+0j)
-0.9233333333333333	-0.8525444444444444	-0.07393626087953527	-0.9266844645953553	0.0	(-0.9266844645953553+0j)
-0.92	-0.8464	-0.07347342676481107	-0.9200727831731501	0.0	(-0.9200727831731501+0j)
-0.9166666666666667	-0.8402777777777779	-0.07301135699310297	-0.9134842165460928	0.0	(-0.9134842165460928+0j)
-0.9133333333333334	-0.834177777777778	-0.07255005942082095	-0.9069187639491603	0.0	(-0.9069187639491603+0j)
-0.91	-0.8281000000000001	-0.0720895419078587	-0.9003764255040898	0.0	(-0.9003764255040898+0j)
-0.9066666666666667	-0.8220444444444446	-0.07162981231735636	-0.8938572020984449	0.0	(-0.8938572020984449+0j)
-0.9033333333333334	-0.8160111111111112	-0.07117087851546154	-0.8873610952847752	0.0	(-0.8873610952847752+0j)
-0.9	-0.81	-0.07071274837109016	-0.8808881071958979	0.0	(-0.8808881071958979+0j)
-0.8966666666666667	-0.8040111111111112	-0.07025542975568587	-0.8744382404732982	0.0	(-0.8744382404732982+0j)
-0.8933333333333334	-0.7980444444444446	-0.06979893054297935	-0.8680114982062637	0.0	(-0.8680114982062637+0j)
-0.89	-0.7921	-0.06934325860874661	-0.8616078838798424	0.0	(-0.8616078838798424+0j)
-0.8866666666666667	-0.7861777777777779	-0.06888842183056638	-0.8552274013301612	0.0	(-0.8552274013301612+0j)
-0.8833333333333334	-0.780277777777778	-0.06843442808757726	-0.8488700547058144	0.0	(-0.8488700547058144+0j)
-0.88	-0.7744	-0.06798128526023281	-0.842535848434387	0.0	(-0.842535848434387+0j)
-0.8766666666666667	-0.7685444444444445	-0.06752900123005834	-0.8362247871933032	0.0	(-0.8362247871933032+0j)
-0.8733333333333334	-0.7627111111111112	-0.06707758387940424	-0.8299368758843193	0.0	(-0.8299368758843193+0j)
-0.8700000000000001	-0.7569000000000002	-0.06662704109120135	-0.8236721196111211	0.0	(-0.8236721196111211+0j)
-0.8666666666666667	-0.7511111111111112	-0.0661773807487119	-0.8174305236596155	0.0	(-0.8174305236596155+0j)
-0.8633333333333334	-0.7453444444444446	-0.06572861073528558	-0.8112120934804341	0.0	(-0.8112120934804341+0j)
-0.8600000000000001	-0.7396000000000001	-0.06528073893410785	-0.8050168346734811	0.0	(-0.8050168346734811+0j)
-0.8566666666666667	-0.7338777777777779	-0.06483377322795414	-0.7988447529741248	0.0	(-0.7988447529741248+0j)
-0.8533333333333334	-0.7281777777777779	-0.06438772149893829	-0.7926958542408965	0.0	(-0.7926958542408965+0j)
-0.8500000000000001	-0.7225000000000001	-0.06394259162826418	-0.7865701444444478	0.0	(-0.7865701444444478+0j)
-0.8466666666666667	-0.7168444444444445	-0.0634983914959747	-0.7804676296576545	0.0	(-0.7804676296576545+0j)
-0.8433333333333334	-0.7112111111111112	-0.06305512898070006	-0.7743883160466997	0.0	(-0.7743883160466997+0j)
-0.8400000000000001	-0.7056000000000001	-0.06261281195940646	-0.7683322098629923	0.0	(-0.7683322098629923+0j)
-0.8366666666666667	-0.7000111111111111	-0.06217144830714394	-0.7622993174358996	0.0	(-0.7622993174358996+0j)
-0.8333333333333334	-0.6944444444444445	-0.0617310458967929	-0.7562896451661155	0.0	(-0.7562896451661155+0j)
-0.8300000000000001	-0.6889000000000001	-0.06129161259881083	-0.7503031995196291	0.0	(-0.7503031995196291+0j)
-0.8266666666666668	-0.683377777777778	-0.060853156280978454	-0.7443399870222431	0.0	(-0.7443399870222431+0j)
-0.8233333333333334	-0.6778777777777778	-0.06041568480814538	-0.738400014254545	0.0	(-0.738400014254545+0j)
-0.8200000000000001	-0.6724000000000001	-0.05997920604197418	-0.7324832878473047	0.0	(-0.7324832878473047+0j)
-0.8166666666666668	-0.6669444444444446	-0.059543727840685456	-0.7265898144772774	0.0	(-0.7265898144772774+0j)
-0.8133333333333334	-0.6615111111111112	-0.059109258058801656	-0.7207196008632708	0.0	(-0.7207196008632708+0j)
-0.81	-0.6561000000000001	-0.058675804546890475	-0.7148726537626132	0.0	(-0.7148726537626132+0j)
-0.8066666666666668	-0.6507111111111112	-0.05824337515130798	-0.7090489799678188	0.0	(-0.7090489799678188+0j)
-0.8033333333333333	-0.6453444444444445	-0.05781197771394006	-0.7032485863035458	0.0	(-0.7032485863035458+0j)
-0.8	-0.6400000000000001	-0.057381620071945694	-0.6974714796237445	0.0	(-0.6974714796237445+0j)
-0.7966666666666667	-0.6346777777777779	-0.05695231005749854	-0.6917176668090074	0.0	(-0.6917176668090074+0j)
-0.7933333333333333	-0.6293777777777778	-0.05652405549752673	-0.6859871547641628	0.0	(-0.6859871547641628+0j)
-0.79	-0.6241000000000001	-0.056096864213455166	-0.6802799504159439	0.0	(-0.6802799504159439+0j)
-0.7866666666666667	-0.6188444444444445	-0.055670744020945434	-0.6745960607108662	0.0	(-0.6745960607108662+0j)
-0.7833333333333334	-0.6136111111111112	-0.0552457027296345	-0.6689354926132458	0.0	(-0.6689354926132458+0j)
-0.78	-0.6084	-0.054821748142876714	-0.663298253103292	0.0	(-0.663298253103292+0j)
-0.7766666666666667	-0.6032111111111113	-0.054398888057480554	-0.6576843491753857	0.0	(-0.6576843491753857+0j)
-0.7733333333333334	-0.5980444444444446	-0.05397713026344925	-0.6520937878364086	0.0	(-0.6520937878364086+0j)
-0.77	-0.5929	-0.05355648254371806	-0.6465265761041753	0.0	(-0.6465265761041753+0j)
-0.7666666666666667	-0.5877777777777778	-0.053136952673893956	-0.6409827210059973	0.0	(-0.6409827210059973+0j)
-0.7633333333333334	-0.582677777777778	-0.05271854842199192	-0.635462229577267	0.0	(-0.635462229577267+0j)
-0.76	-0.5776	-0.05230127754817307	-0.6299651088601598	0.0	(-0.6299651088601598+0j)
-0.7566666666666667	-0.5725444444444445	-0.051885147804482945	-0.62449136590238	0.0	(-0.62449136590238+0j)
-0.7533333333333334	-0.5675111111111112	-0.0514701669345867	-0.6190410077559917	0.0	(-0.6190410077559917+0j)
-0.75	-0.5625	-0.05105634267350778	-0.6136140414762993	0.0	(-0.6136140414762993+0j)
-0.7466666666666667	-0.5575111111111112	-0.05064368274736289	-0.6082104741207712	0.0	(-0.6082104741207712+0j)
-0.7433333333333334	-0.5525444444444445	-0.0502321948730991	-0.6028303127480298	0.0	(-0.6028303127480298+0j)
-0.7400000000000001	-0.5476000000000002	-0.049821886758229655	-0.5974735644168776	0.0	(-0.5974735644168776+0j)
-0.7366666666666667	-0.5426777777777778	-0.04941276610057013	-0.5921402361853724	0.0	(-0.5921402361853724+0j)
-0.7333333333333334	-0.5377777777777779	-0.04900484058797325	-0.5868303351099478	0.0	(-0.5868303351099478+0j)
-0.7300000000000001	-0.5329000000000002	-0.04859811789806545	-0.5815438682445602	0.0	(-0.5815438682445602+0j)
-0.7266666666666667	-0.5280444444444444	-0.04819260569798131	-0.5762808426398623	0.0	(-0.5762808426398623+0j)
-0.7233333333333334	-0.5232111111111112	-0.047788311644098996	-0.5710412653424479	0.0	(-0.5710412653424479+0j)
-0.7200000000000001	-0.5184000000000001	-0.04738524338177563	-0.5658251433940853	0.0	(-0.5658251433940853+0j)
-0.7166666666666667	-0.5136111111111111	-0.04698340854508112	-0.5606324838309751	0.0	(-0.5606324838309751+0j)
-0.7133333333333334	-0.5088444444444445	-0.04658281475653461	-0.5554632936831129	0.0	(-0.5554632936831129+0j)
-0.7100000000000001	-0.5041000000000001	-0.04618346962683678	-0.5503175799735491	0.0	(-0.5503175799735491+0j)
-0.7066666666666667	-0.49937777777777775	-0.04578538075460645	-0.5451953497178014	0.0	(-0.5451953497178014+0j)
-0.7033333333333334	-0.4946777777777778	-0.045388555726114665	-0.5400966099231825	0.0	(-0.5400966099231825+0j)
-0.7000000000000001	-0.4900000000000001	-0.04499300211501828	-0.5350213675882202	0.0	(-0.5350213675882202+0j)
-0.6966666666666667	-0.4853444444444444	-0.044598727482094425	-0.5299696297020758	0.0	(-0.5299696297020758+0j)
-0.6933333333333334	-0.48071111111111114	-0.044205739374975905	-0.5249414032439685	0.0	(-0.5249414032439685+0j)
-0.6900000000000001	-0.4761000000000001	-0.043814045327884577	-0.5199366951826132	0.0	(-0.5199366951826132+0j)
-0.6866666666666668	-0.4715111111111112	-0.04342365286136629	-0.5149555124757187	0.0	(-0.5149555124757187+0j)
-0.6833333333333333	-0.46694444444444444	-0.04303456948202361	-0.5099978620694554	0.0	(-0.5099978620694554+0j)
-0.68	-0.4624000000000001	-0.04264680268225296	-0.5050637508979255	0.0	(-0.5050637508979255+0j)
-0.6766666666666667	-0.4578777777777779	-0.04226035993997623	-0.500153185882738	0.0	(-0.500153185882738+0j)
-0.6733333333333333	-0.45337777777777777	-0.041875248718376556	-0.495266173932463	0.0	(-0.495266173932463+0j)
-0.67	-0.4489000000000001	-0.04149147646563239	-0.4904027219422162	0.0	(-0.4904027219422162+0j)
-0.6666666666666667	-0.44444444444444453	-0.04110905061465331	-0.48556283679320406	0.0	(-0.48556283679320406+0j)
-0.6633333333333333	-0.44001111111111113	-0.040727978582811575	-0.4807465253522589	0.0	(-0.4807465253522589+0j)
-0.66	-0.43560000000000004	-0.04034826777168099	-0.47595379447144404	0.0	(-0.47595379447144404+0j)
-0.6566666666666667	-0.4312111111111112	-0.03996992556676793	-0.47118465098761997	0.0	(-0.47118465098761997+0j)
-0.6533333333333333	-0.4268444444444444	-0.03959295933724849	-0.46643910172203096	0.0	(-0.46643910172203096+0j)
-0.65	-0.42250000000000004	-0.039217376435704	-0.46171715347992753	0.0	(-0.46171715347992753+0j)
-0.6466666666666667	-0.41817777777777787	-0.038843184197853986	-0.45701881305017467	0.0	(-0.45701881305017467+0j)
-0.6433333333333334	-0.4138777777777779	-0.03847038994229418	-0.4523440872048676	0.0	(-0.4523440872048676+0j)
-0.64	-0.4096	-0.03809900097023061	-0.4476929826989689	0.0	(-0.4476929826989689+0j)
-0.6366666666666667	-0.4053444444444445	-0.03772902456521565	-0.443065506269941	0.0	(-0.443065506269941+0j)
-0.6333333333333334	-0.4011111111111112	-0.03736046799288517	-0.4384616646374149	0.0	(-0.4384616646374149+0j)
-0.63	-0.39690000000000003	-0.03699333850069292	-0.4338814645028264	0.0	(-0.4338814645028264+0j)
-0.6266666666666667	-0.3927111111111112	-0.03662764331764906	-0.4293249125490974	0.0	(-0.4293249125490974+0j)
-0.6233333333333334	-0.3885444444444445	-0.0362633896540554	-0.42479201544030953	0.0	(-0.42479201544030953+0j)
-0.62	-0.3844	-0.03590058470124363	-0.42028277982136886	0.0	(-0.42028277982136886+0j)
-0.6166666666666667	-0.3802777777777778	-0.03553923563131167	-0.4157972123177229	0.0	(-0.4157972123177229+0j)
-0.6133333333333334	-0.37617777777777783	-0.03517934959686164	-0.41133531953503083	0.0	(-0.41133531953503083+0j)
-0.61	-0.3721	-0.03482093373073897	-0.4068971080588987	0.0	(-0.4068971080588987+0j)
-0.6066666666666667	-0.36804444444444445	-0.034463995145768145	-0.40248258445457297	0.0	(-0.40248258445457297+0j)
-0.6033333333333334	-0.3640111111111112	-0.03410854093449406	-0.39809175526667007	0.0	(-0.39809175526667007+0j)
-0.6000000000000001	-0.3600000000000001	-0.03375457816891969	-0.3937246270189004	0.0	(-0.3937246270189004+0j)
-0.5966666666666667	-0.3560111111111111	-0.033402113900244945	-0.38938120621381284	0.0	(-0.38938120621381284+0j)
-0.5933333333333334	-0.3520444444444445	-0.03305115515860768	-0.3850614993325407	0.0	(-0.3850614993325407+0j)
-0.5900000000000001	-0.3481000000000001	-0.03270170895282282	-0.3807655128345463	0.0	(-0.3807655128345463+0j)
-0.5866666666666667	-0.3441777777777778	-0.032353782270123366	-0.37649325315740345	0.0	(-0.37649325315740345+0j)
-0.5833333333333334	-0.34027777777777785	-0.03200738207590148	-0.3722447267165351	0.0	(-0.3722447267165351+0j)
-0.5800000000000001	-0.3364000000000001	-0.031662515313450046	-0.36801993990502785	0.0	(-0.36801993990502785+0j)
-0.5766666666666667	-0.3325444444444444	-0.03131918890370344	-0.3638188990933934	0.0	(-0.3638188990933934+0j)
-0.5733333333333334	-0.3287111111111111	-0.03097740974498081	-0.35964161062937683	0.0	(-0.35964161062937683+0j)
-0.5700000000000001	-0.3249000000000001	-0.03063718471272958	-0.3554880808377645	0.0	(-0.3554880808377645+0j)
-0.5666666666666667	-0.32111111111111107	-0.030298520659267636	-0.3513583160201921	0.0	(-0.3513583160201921+0j)
-0.5633333333333334	-0.3173444444444445	-0.029961424413526838	-0.34725232245497895	0.0	(-0.34725232245497895+0j)
-0.56	-0.31360000000000005	-0.029625902780798796	-0.3431701063969504	0.0	(-0.3431701063969504+0j)
-0.5566666666666668	-0.30987777777777786	-0.029291962542479233	-0.33911167407729703	0.0	(-0.33911167407729703+0j)
-0.5533333333333333	-0.30617777777777777	-0.028959610455812357	-0.3350770317034236	0.0	(-0.3350770317034236+0j)
-0.55	-0.30250000000000005	-0.028628853253638842	-0.3310661854588172	0.0	(-0.3310661854588172+0j)
-0.5466666666666667	-0.2988444444444445	-0.02829969764414131	-0.3270791415029354	0.0	(-0.3270791415029354+0j)
-0.5433333333333333	-0.2952111111111111	-0.027972150310590915	-0.3231159059710839	0.0	(-0.3231159059710839+0j)
-0.54	-0.2916	-0.02764621791109645	-0.3191764849743355	0.0	(-0.3191764849743355+0j)
-0.5366666666666667	-0.28801111111111116	-0.02732190707835258	-0.3152608845994416	0.0	(-0.3152608845994416+0j)
-0.5333333333333333	-0.28444444444444444	-0.026999224419387846	-0.31136911090876385	0.0	(-0.31136911090876385+0j)
-0.53	-0.28090000000000004	-0.02667817651531651	-0.30750116994023213	0.0	(-0.30750116994023213+0j)
-0.5266666666666667	-0.27737777777777783	-0.026358769921085712	-0.30365706770729023	0.0	(-0.30365706770729023+0j)
-0.5233333333333333	-0.2738777777777778	-0.026041011165230388	-0.2998368101988902	0.0	(-0.2998368101988902+0j)
-0.52	-0.27040000000000003	-0.0257249067496218	-0.2960404033794872	0.0	(-0.2960404033794872+0j)
-0.5166666666666667	-0.2669444444444445	-0.025410463149223572	-0.2922678531890492	0.0	(-0.2922678531890492+0j)
-0.5133333333333334	-0.2635111111111112	-0.025097686811840214	-0.28851916554309476	0.0	(-0.28851916554309476+0j)
-0.51	-0.2601	-0.024786584157874825	-0.28479434633274203	0.0	(-0.28479434633274203+0j)
-0.5066666666666667	-0.25671111111111117	-0.024477161580083173	-0.28109340142480405	0.0	(-0.28109340142480405+0j)
-0.5033333333333334	-0.25334444444444454	-0.02416942544332723	-0.27741633666186616	0.0	(-0.27741633666186616+0j)
-0.5	-0.25	-0.02386338208433536	-0.273763157862418	0.0	(-0.273763157862418+0j)
-0.4966666666666667	-0.2466777777777778	-0.02355903781145363	-0.2701338708210034	0.0	(-0.2701338708210034+0j)
-0.49333333333333335	-0.2433777777777778	-0.023256398904409337	-0.2665284813083989	0.0	(-0.2665284813083989+0j)
-0.49000000000000005	-0.24010000000000004	-0.022955471614066747	-0.2629469950718119	0.0	(-0.2629469950718119+0j)
-0.4866666666666667	-0.23684444444444447	-0.022656262162186747	-0.25938941783512814	0.0	(-0.25938941783512814+0j)
-0.48333333333333334	-0.2336111111111111	-0.022358776741188136	-0.25585575529915716	0.0	(-0.25585575529915716+0j)
-0.48000000000000004	-0.23040000000000005	-0.022063021513907266	-0.25234601314195876	0.0	(-0.25234601314195876+0j)
-0.4766666666666667	-0.2272111111111111	-0.021769002613362676	-0.24886019701917805	0.0	(-0.24886019701917805+0j)
-0.4733333333333334	-0.2240444444444445	-0.021476726142515834	-0.24539831256440411	0.0	(-0.24539831256440411+0j)
-0.47000000000000003	-0.22090000000000004	-0.021186198174035775	-0.2419603653896112	0.0	(-0.2419603653896112+0j)
-0.4666666666666667	-0.2177777777777778	-0.02089742475006484	-0.2385463610856149	0.0	(-0.2385463610856149+0j)
-0.4633333333333334	-0.21467777777777783	-0.02061041188198165	-0.2351563052225761	0.0	(-0.2351563052225761+0j)
-0.46	-0.2116	-0.02032516555017294	-0.2317902033505773	0.0	(-0.2317902033505773+0j)
-0.4566666666666667	-0.2085444444444445	-0.02004169170379433	-0.228448061000216	0.0	(-0.228448061000216+0j)
-0.45333333333333337	-0.20551111111111114	-0.01975999626054492	-0.22512988368328968	0.0	(-0.22512988368328968+0j)
-0.45	-0.2025	-0.01948008510643473	-0.22183567689351646	0.0	(-0.22183567689351646+0j)
-0.4466666666666667	-0.19951111111111114	-0.019201964095553747	-0.21856544610733827	0.0	(-0.21856544610733827+0j)
-0.44333333333333336	-0.19654444444444447	-0.0189256390498449	-0.2153191967847753	0.0	(-0.2153191967847753+0j)
-0.44	-0.1936	-0.018651115758879233	-0.21209693437035876	0.0	(-0.21209693437035876+0j)
-0.4366666666666667	-0.1906777777777778	-0.018378399979624427	-0.20889866429415344	0.0	(-0.20889866429415344+0j)
-0.43333333333333335	-0.1877777777777778	-0.018107497436222753	-0.2057243919728395	0.0	(-0.2057243919728395+0j)
-0.43000000000000005	-0.18490000000000004	-0.017838413819766807	-0.20257412281089368	0.0	(-0.20257412281089368+0j)
-0.4266666666666667	-0.18204444444444448	-0.017571154788076915	-0.19944786220187363	0.0	(-0.19944786220187363+0j)
-0.42333333333333334	-0.17921111111111113	-0.01730572596547464	-0.19634561552977736	0.0	(-0.19634561552977736+0j)
-0.42000000000000004	-0.17640000000000003	-0.01704213294256962	-0.1932673881705177	0.0	(-0.1932673881705177+0j)
-0.4166666666666667	-0.17361111111111113	-0.01678038127603143	-0.19021318549351868	0.0	(-0.19021318549351868+0j)
-0.4133333333333334	-0.1708444444444445	-0.01652047648837751	-0.18718301286341255	0.0	(-0.18718301286341255+0j)
-0.41000000000000003	-0.16810000000000003	-0.016262424067752246	-0.1841768756418682	0.0	(-0.1841768756418682+0j)
-0.4066666666666667	-0.1653777777777778	-0.01600622946770991	-0.1811947791895518	0.0	(-0.1811947791895518+0j)
-0.4033333333333334	-0.1626777777777778	-0.015751898107002615	-0.1782367288682304	0.0	(-0.1782367288682304+0j)
-0.4	-0.16000000000000003	-0.015499435369363823	-0.17530273004300978	0.0	(-0.17530273004300978+0j)
-0.39666666666666667	-0.15734444444444445	-0.015248846603295174	-0.17239278808474728	0.0	(-0.17239278808474728+0j)
-0.39333333333333337	-0.15471111111111113	-0.01500013712185666	-0.1695069083726146	0.0	(-0.1695069083726146+0j)
-0.39	-0.1521	-0.014753312202454572	-0.1666450962968406	0.0	(-0.1666450962968406+0j)
-0.3866666666666667	-0.14951111111111115	-0.014508377086633328	-0.163807357261626	0.0	(-0.163807357261626+0j)
-0.38333333333333336	-0.14694444444444446	-0.014265336979867316	-0.16099369668827654	0.0	(-0.16099369668827654+0j)
-0.38	-0.1444	-0.014024197051354381	-0.15820412001849662	0.0	(-0.15820412001849662+0j)
-0.3766666666666667	-0.1418777777777778	-0.013784962433808223	-0.15543863271793162	0.0	(-0.15543863271793162+0j)
-0.37333333333333335	-0.1393777777777778	-0.013547638223256886	-0.1526972402799074	0.0	(-0.1526972402799074+0j)
-0.37000000000000005	-0.13690000000000005	-0.013312229478839033	-0.1499799482294049	0.0	(-0.1499799482294049+0j)
-0.3666666666666667	-0.13444444444444448	-0.013078741222604107	-0.14728676212727684	0.0	(-0.14728676212727684+0j)
-0.36333333333333334	-0.1320111111111111	-0.012847178439308049	-0.14461768757471102	0.0	(-0.14461768757471102+0j)
-0.36000000000000004	-0.12960000000000002	-0.01261754607621457	-0.1419727302179393	0.0	(-0.1419727302179393+0j)
-0.3566666666666667	-0.12721111111111114	-0.012389849042905299	-0.13935189575323195	0.0	(-0.13935189575323195+0j)
-0.35333333333333333	-0.12484444444444444	-0.012164092211073285	-0.13675518993214328	0.0	(-0.13675518993214328+0j)
-0.35000000000000003	-0.12250000000000003	-0.011940280414333149	-0.13418261856703825	0.0	(-0.13418261856703825+0j)
-0.3466666666666667	-0.12017777777777779	-0.0117184184480279	-0.13163418753691686	0.0	(-0.13163418753691686+0j)
-0.3433333333333334	-0.1178777777777778	-0.011498511069036876	-0.12910990279349857	0.0	(-0.12910990279349857+0j)
-0.34	-0.11560000000000002	-0.011280562995580334	-0.12660977036761695	0.0	(-0.12660977036761695+0j)
-0.33666666666666667	-0.11334444444444444	-0.011064578907039602	-0.1241337963758907	0.0	(-0.1241337963758907+0j)
-0.33333333333333337	-0.11111111111111113	-0.010850563443758343	-0.12168198702767592	0.0	(-0.12168198702767592+0j)
-0.33	-0.10890000000000001	-0.010638521206863816	-0.1192543486323048	0.0	(-0.1192543486323048+0j)
-0.32666666666666666	-0.1067111111111111	-0.01042845675807813	-0.11685088760658575	0.0	(-0.11685088760658575+0j)
-0.32333333333333336	-0.10454444444444447	-0.010220374619536177	-0.11447161048256514	0.0	(-0.11447161048256514+0j)
-0.32	-0.1024	-0.010014279273602433	-0.11211652391552485	0.0	(-0.11211652391552485+0j)
-0.3166666666666667	-0.1002777777777778	-0.009810175162691115	-0.10978563469219527	0.0	(-0.10978563469219527+0j)
-0.31333333333333335	-0.0981777777777778	-0.009608066689088535	-0.10747894973916246	0.0	(-0.10747894973916246+0j)
-0.31	-0.0961	-0.009407958214771028	-0.10519647613142413	0.0	(-0.10519647613142413+0j)
-0.3066666666666667	-0.09404444444444446	-0.00920985406123398	-0.1029382211010672	0.0	(-0.1029382211010672+0j)
-0.30333333333333334	-0.09201111111111111	-0.009013758509311964	-0.10070419204600757	0.0	(-0.10070419204600757+0j)
-0.30000000000000004	-0.09000000000000002	-0.008819675799011106	-0.09849439653875582	0.0	(-0.09849439653875582+0j)
-0.2966666666666667	-0.08801111111111112	-0.008627610129333663	-0.09630884233511161	0.0	(-0.09630884233511161+0j)
-0.29333333333333333	-0.08604444444444445	-0.00843756565811038	-0.09414753738275504	0.0	(-0.09414753738275504+0j)
-0.29000000000000004	-0.08410000000000002	-0.008249546501827298	-0.09201048982962372	0.0	(-0.09201048982962372+0j)
-0.2866666666666667	-0.08217777777777778	-0.008063556735465882	-0.08989770803199772	0.0	(-0.08989770803199772+0j)
-0.2833333333333333	-0.08027777777777777	-0.007879600392332042	-0.08780920056218607	0.0	(-0.08780920056218607+0j)
-0.28	-0.07840000000000001	-0.0076976814638962665	-0.08574497621570565	0.0	(-0.08574497621570565+0j)
-0.27666666666666667	-0.07654444444444444	-0.007517803899628195	-0.08370504401782539	0.0	(-0.08370504401782539+0j)
-0.2733333333333334	-0.07471111111111113	-0.007339971606838969	-0.08168941322935838	0.0	(-0.08168941322935838+0j)
-0.27	-0.0729	-0.007164188450521358	-0.0796980933515416	0.0	(-0.0796980933515416+0j)
-0.26666666666666666	-0.07111111111111111	-0.006990458253191001	-0.07773109412987048	0.0	(-0.07773109412987048+0j)
-0.26333333333333336	-0.06934444444444446	-0.00681878479473097	-0.07578842555672557	0.0	(-0.07578842555672557+0j)
-0.26	-0.06760000000000001	-0.006649171812240784	-0.07387009787262944	0.0	(-0.07387009787262944+0j)
-0.2566666666666667	-0.0658777777777778	-0.006481622999880976	-0.07197612156596903	0.0	(-0.07197612156596903+0j)
-0.25333333333333335	-0.06417777777777779	-0.006316142008724324	-0.07010650737101944	0.0	(-0.07010650737101944+0j)
-0.25	-0.0625	-0.006152732446607079	-0.06826126626409351	0.0	(-0.06826126626409351+0j)
-0.24666666666666667	-0.06084444444444445	-0.005991397877975757	-0.06644040945766652	0.0	(-0.06644040945766652+0j)
-0.24333333333333335	-0.05921111111111112	-0.005832141823753911	-0.0646439483923263	0.0	(-0.0646439483923263+0j)
-0.24000000000000002	-0.05760000000000001	-0.0056749677611844795	-0.06287189472638409	0.0	(-0.06287189472638409+0j)
-0.2366666666666667	-0.05601111111111112	-0.005519879123696558	-0.061124260323050086	0.0	(-0.061124260323050086+0j)
-0.23333333333333334	-0.05444444444444445	-0.005366879300761074	-0.05940105723505408	0.0	(-0.05940105723505408+0j)
-0.23	-0.0529	-0.0052159716377553345	-0.05770229768662676	0.0	(-0.05770229768662676+0j)
-0.22666666666666668	-0.051377777777777786	-0.005067159435820923	-0.056027994052808595	0.0	(-0.056027994052808595+0j)
-0.22333333333333336	-0.049877777777777785	-0.004920445951734909	-0.05437815883605983	0.0	(-0.05437815883605983+0j)
-0.22	-0.0484	-0.0047758343977699624	-0.052752804640193565	0.0	(-0.052752804640193565+0j)
-0.21666666666666667	-0.04694444444444445	-0.004633327941565568	-0.05115194414171032	0.0	(-0.05115194414171032+0j)
-0.21333333333333335	-0.04551111111111112	-0.004492929705999238	-0.04957559005863484	0.0	(-0.04957559005863484+0j)
-0.21000000000000002	-0.04410000000000001	-0.004354642769057726	-0.04802375511701262	0.0	(-0.04802375511701262+0j)
-0.2066666666666667	-0.04271111111111112	-0.004218470163706023	-0.04649645201528748	0.0	(-0.04649645201528748+0j)
-0.20333333333333334	-0.04134444444444445	-0.004084414877771891	-0.044993693386797345	0.0	(-0.044993693386797345+0j)
-0.2	-0.04000000000000001	-0.0039524798538126404	-0.043515491760711	0.0	(-0.043515491760711+0j)
-0.19666666666666668	-0.03867777777777778	-0.0038226679890085435	-0.04206185952172936	0.0	(-0.04206185952172936+0j)
-0.19333333333333336	-0.03737777777777779	-0.0036949821350162892	-0.04063280886897587	0.0	(-0.04063280886897587+0j)
-0.19	-0.0361	-0.003569425097889045	-0.03922835177445912	0.0	(-0.03922835177445912+0j)
-0.18666666666666668	-0.03484444444444445	-0.0034459996379299085	-0.037848499941586934	0.0	(-0.037848499941586934+0j)
-0.18333333333333335	-0.03361111111111112	-0.0033247084695986473	-0.0364932647641831	0.0	(-0.0364932647641831+0j)
-0.18000000000000002	-0.032400000000000005	-0.0032055542613784738	-0.03516265728651096	0.0	(-0.03516265728651096+0j)
-0.17666666666666667	-0.03121111111111111	-0.0030885396356916672	-0.033856688164755816	0.0	(-0.033856688164755816+0j)
-0.17333333333333334	-0.030044444444444447	-0.0029736671687663474	-0.03257536763046988	0.0	(-0.03257536763046988+0j)
-0.17	-0.028900000000000006	-0.0028609393905565383	-0.03131870545639639	0.0	(-0.03131870545639639+0j)
-0.16666666666666669	-0.027777777777777783	-0.0027503587846089417	-0.03008671092512842	0.0	(-0.03008671092512842+0j)
-0.16333333333333333	-0.026677777777777776	-0.0026419277879785596	-0.028879392800970773	0.0	(-0.028879392800970773+0j)
-0.16	-0.0256	-0.0025356487911309955	-0.02769675930532954	0.0	(-0.02769675930532954+0j)
-0.15666666666666668	-0.02454444444444445	-0.002431524137835872	-0.02653881809591748	0.0	(-0.02653881809591748+0j)
-0.15333333333333335	-0.023511111111111115	-0.0023295561250646912	-0.025405576250002705	0.0	(-0.025405576250002705+0j)
-0.15000000000000002	-0.022500000000000006	-0.002229747002902016	-0.024297040251847365	0.0	(-0.024297040251847365+0j)
-0.14666666666666667	-0.021511111111111113	-0.002132098974456653	-0.023213215984419448	0.0	(-0.023213215984419448+0j)
-0.14333333333333334	-0.020544444444444445	-0.0020366141957683936	-0.022154108725406612	0.0	(-0.022154108725406612+0j)
-0.14	-0.019600000000000003	-0.0019432947757191954	-0.021119723147472527	0.0	(-0.021119723147472527+0j)
-0.1366666666666667	-0.018677777777777783	-0.0018521427759310427	-0.020110063322695732	0.0	(-0.020110063322695732+0j)
-0.13333333333333333	-0.017777777777777778	-0.0017631602107126554	-0.019125132730948798	0.0	(-0.019125132730948798+0j)
-0.13	-0.016900000000000002	-0.001676349046926262	-0.018164934272123234	0.0	(-0.018164934272123234+0j)
-0.12666666666666668	-0.016044444444444448	-0.0015917112039698367	-0.01722947028181047	0.0	(-0.01722947028181047+0j)
-0.12333333333333334	-0.015211111111111113	-0.0015092485536438716	-0.016318742550266347	0.0	(-0.016318742550266347+0j)
-0.12000000000000001	-0.014400000000000003	-0.0014289629201069687	-0.015432752344254223	0.0	(-0.015432752344254223+0j)
-0.11666666666666667	-0.013611111111111112	-0.0013508560797603764	-0.014571500431553686	0.0	(-0.014571500431553686+0j)
-0.11333333333333334	-0.012844444444444447	-0.0012749297612479893	-0.013734987107597602	0.0	(-0.013734987107597602+0j)
-0.11	-0.0121	-0.0012011856452787129	-0.01292321222418268	0.0	(-0.01292321222418268+0j)
-0.10666666666666667	-0.01137777777777778	-0.0011296253646886356	-0.012136175219563729	0.0	(-0.012136175219563729+0j)
-0.10333333333333335	-0.01067777777777778	-0.0010602505042189847	-0.011373875150024883	0.0	(-0.011373875150024883+0j)
-0.1	-0.010000000000000002	-0.0009930626005960619	-0.010636310722262784	0.0	(-0.010636310722262784+0j)
-0.09666666666666668	-0.009344444444444447	-0.0009280631423713714	-0.009923480326588246	0.0	(-0.009923480326588246+0j)
-0.09333333333333334	-0.008711111111111112	-0.0008652535699127384	-0.009235382070541753	0.0	(-0.009235382070541753+0j)
-0.09000000000000001	-0.008100000000000001	-0.0008046352752799635	-0.008572013812941063	0.0	(-0.008572013812941063+0j)
-0.08666666666666667	-0.007511111111111112	-0.0007462096022514686	-0.007933373198030677	0.0	(-0.007933373198030677+0j)
-0.08333333333333334	-0.006944444444444446	-0.0006899778462354789	-0.007319457689739511	0.0	(-0.007319457689739511+0j)
-0.08	-0.0064	-0.0006359412541812048	-0.006730264606107814	0.0	(-0.006730264606107814+0j)
-0.07666666666666667	-0.005877777777777779	-0.0005841010245610789	-0.006165791153852058	0.0	(-0.006165791153852058+0j)
-0.07333333333333333	-0.005377777777777778	-0.0005344583072997011	-0.005626034463312484	0.0	(-0.005626034463312484+0j)
-0.07	-0.004900000000000001	-0.0004870142037560754	-0.005110991623996377	0.0	(-0.005110991623996377+0j)
-0.06666666666666667	-0.0044444444444444444	-0.00044176976668808265	-0.004620659721061397	0.0	(-0.004620659721061397+0j)
-0.06333333333333334	-0.004011111111111112	-0.00039872600012813564	-0.0041550358735602914	0.0	(-0.0041550358735602914+0j)
-0.060000000000000005	-0.0036000000000000008	-0.0003578838594364697	-0.0037141172749891455	0.0	(-0.0037141172749891455+0j)
-0.05666666666666667	-0.0032111111111111116	-0.00031924425119456146	-0.0032979012375306854	0.0	(-0.0032979012375306854+0j)
-0.05333333333333334	-0.002844444444444445	-0.0002828080332051286	-0.002906385241518095	0.0	(-0.002906385241518095+0j)
-0.05	-0.0025000000000000005	-0.00024857601445660293	-0.002539566992466685	0.0	(-0.002539566992466685+0j)
-0.04666666666666667	-0.002177777777777778	-0.00021654895505207605	-0.002197444489166471	0.0	(-0.002197444489166471+0j)
-0.043333333333333335	-0.001877777777777778	-0.00018672756617377217	-0.0018800161081220733	0.0	(-0.0018800161081220733+0j)
-0.04	-0.0016	-0.00015911251026068385	-0.0015872807114098023	0.0	(-0.0015872807114098023+0j)
-0.03666666666666667	-0.0013444444444444445	-0.00013370440051119203	-0.0013192377920881531	0.0	(-0.0013192377920881531+0j)
-0.03333333333333333	-0.0011111111111111111	-0.00011050380138044602	-0.001075887676574401	0.0	(-0.001075887676574401+0j)
-0.030000000000000002	-0.0009000000000000002	-8.95112283672006e-05	-0.0008572318211052009	0.0	(-0.0008572318211052009+0j)
-0.02666666666666667	-0.0007111111111111113	-7.072714751643616e-05	-0.0006632732724462701	0.0	(-0.0006632732724462701+0j)
-0.023333333333333334	-0.0005444444444444445	-5.415197648517278e-05	-0.0004940174265284324	0.0	(-0.0004940174265284324+0j)
-0.02	-0.0004	-3.978608361876468e-05	-0.00034947338860674454	0.0	(-0.00034947338860674454+0j)
-0.016666666666666666	-0.0002777777777777778	-2.762978738246602e-05	-0.0002296566846511157	0.0	(-0.0002296566846511157+0j)
-0.013333333333333334	-0.0001777777777777778	-1.7683358350950584e-05	-0.00013459550039206	0.0	(-0.00013459550039206+0j)
-0.01	-0.0001	-9.947017360900645e-06	-6.434855015468441e-05	0.0	(-6.434855015468441e-05+0j)
-0.006666666666666667	-4.444444444444445e-05	-4.4209400584804825e-06	-1.9079388252209826e-05	0.0	(-1.9079388252209826e-05+0j)
-0.0033333333333333335	-1.1111111111111113e-05	-1.1052452464355156e-06	3.447762908503904e-17	-0.0640825120038395	(3.447762908503904e-17-0.0640825120038395j)
0.0033333333333333335	1.1111111111111113e-05	1.1052452464355156e-06	3.447762908503904e-17	0.0640825120038395	(3.447762908503904e-17+0.0640825120038395j)
0.006666666666666667	4.444444444444445e-05	4.4209400584804825e-06	1.9079388252201915e-05	0.0	(1.9079388252201915e-05+0j)
0.01	0.0001	9.947017360900645e-06	6.434855015471625e-05	0.0	(6.434855015471625e-05+0j)
0.013333333333333334	0.0001777777777777778	1.7683358350950584e-05	0.0001345955003920532	0.0	(0.0001345955003920532+0j)
0.016666666666666666	0.0002777777777777778	2.762978738246602e-05	0.00022965668465114574	0.0	(0.00022965668465114574+0j)
0.02	0.0004	3.978608361876468e-05	0.0003494733886067817	0.0	(0.0003494733886067817+0j)
0.023333333333333334	0.0005444444444444445	5.415197648517278e-05	0.000494017426528446	0.0	(0.000494017426528446+0j)
0.02666666666666667	0.0007111111111111113	7.072714751643616e-05	0.0006632732724463026	0.0	(0.0006632732724463026+0j)
0.030000000000000002	0.0009000000000000002	8.95112283672006e-05	0.0008572318211052122	0.0	(0.0008572318211052122+0j)
0.03333333333333333	0.0011111111111111111	0.00011050380138044602	0.0010758876765744076	0.0	(0.0010758876765744076+0j)
0.03666666666666667	0.0013444444444444445	0.00013370440051119203	0.0013192377920881447	0.0	(0.0013192377920881447+0j)
0.04	0.0016	0.00015911251026068385	0.001587280711409826	0.0	(0.001587280711409826+0j)
0.043333333333333335	0.001877777777777778	0.00018672756617377217	0.0018800161081220968	0.0	(0.0018800161081220968+0j)
0.04666666666666667	0.002177777777777778	0.00021654895505207605	0.0021974444891664966	0.0	(0.0021974444891664966+0j)
0.05	0.0025000000000000005	0.00024857601445660293	0.002539566992466724	0.0	(0.002539566992466724+0j)
0.05333333333333334	0.002844444444444445	0.0002828080332051286	0.0029063852415181445	0.0	(0.0029063852415181445+0j)
0.05666666666666667	0.0032111111111111116	0.00031924425119456146	0.0032979012375306763	0.0	(0.0032979012375306763+0j)
0.060000000000000005	0.0036000000000000008	0.0003578838594364697	0.0037141172749892057	0.0	(0.0037141172749892057+0j)
0.06333333333333334	0.004011111111111112	0.00039872600012813564	0.004155035873560311	0.0	(0.004155035873560311+0j)
0.06666666666666667	0.0044444444444444444	0.00044176976668808265	0.004620659721061432	0.0	(0.004620659721061432+0j)
0.07	0.004900000000000001	0.0004870142037560754	0.005110991623996409	0.0	(0.005110991623996409+0j)
0.07333333333333333	0.005377777777777778	0.0005344583072997011	0.00562603446331252	0.0	(0.00562603446331252+0j)
0.07666666666666667	0.005877777777777779	0.0005841010245610789	0.006165791153852056	0.0	(0.006165791153852056+0j)
0.08	0.0064	0.0006359412541812048	0.0067302646061078355	0.0	(0.0067302646061078355+0j)
0.08333333333333334	0.006944444444444446	0.0006899778462354789	0.007319457689739536	0.0	(0.007319457689739536+0j)
0.08666666666666667	0.007511111111111112	0.0007462096022514686	0.007933373198030736	0.0	(0.007933373198030736+0j)
0.09000000000000001	0.008100000000000001	0.0008046352752799635	0.008572013812941077	0.0	(0.008572013812941077+0j)
0.09333333333333334	0.008711111111111112	0.0008652535699127384	0.009235382070541802	0.0	(0.009235382070541802+0j)
0.09666666666666668	0.009344444444444447	0.0009280631423713714	0.009923480326588274	0.0	(0.009923480326588274+0j)
0.1	0.010000000000000002	0.0009930626005960619	0.010636310722262803	0.0	(0.010636310722262803+0j)
0.10333333333333335	0.01067777777777778	0.0010602505042189847	0.011373875150024903	0.0	(0.011373875150024903+0j)
0.10666666666666667	0.01137777777777778	0.0011296253646886356	0.012136175219563757	0.0	(0.012136175219563757+0j)
0.11	0.0121	0.0012011856452787129	0.012923212224182676	0.0	(0.012923212224182676+0j)
0.11333333333333334	0.012844444444444447	0.0012749297612479893	0.013734987107597667	0.0	(0.013734987107597667+0j)
0.11666666666666667	0.013611111111111112	0.0013508560797603764	0.014571500431553704	0.0	(0.014571500431553704+0j)
0.12000000000000001	0.014400000000000003	0.0014289629201069687	0.015432752344254234	0.0	(0.015432752344254234+0j)
0.12333333333333334	0.015211111111111113	0.0015092485536438716	0.016318742550266305	0.0	(0.016318742550266305+0j)
0.12666666666666668	0.016044444444444448	0.0015917112039698367	0.017229470281810568	0.0	(0.017229470281810568+0j)
0.13	0.016900000000000002	0.001676349046926262	0.018164934272123193	0.0	(0.018164934272123193+0j)
0.13333333333333333	0.017777777777777778	0.0017631602107126554	0.01912513273094893	0.0	(0.01912513273094893+0j)
0.1366666666666667	0.018677777777777783	0.0018521427759310427	0.020110063322695614	0.0	(0.020110063322695614+0j)
0.14	0.019600000000000003	0.0019432947757191954	0.02111972314747247	0.0	(0.02111972314747247+0j)
0.14333333333333334	0.020544444444444445	0.0020366141957683936	0.022154108725406633	0.0	(0.022154108725406633+0j)
0.14666666666666667	0.021511111111111113	0.002132098974456653	0.023213215984419545	0.0	(0.023213215984419545+0j)
0.15000000000000002	0.022500000000000006	0.002229747002902016	0.024297040251847337	0.0	(0.024297040251847337+0j)
0.15333333333333335	0.023511111111111115	0.0023295561250646912	0.02540557625000289	0.0	(0.02540557625000289+0j)
0.15666666666666668	0.02454444444444445	0.002431524137835872	0.0265388180959175	0.0	(0.0265388180959175+0j)
0.16	0.0256	0.0025356487911309955	0.02769675930532968	0.0	(0.02769675930532968+0j)
0.16333333333333333	0.026677777777777776	0.0026419277879785596	0.028879392800970877	0.0	(0.028879392800970877+0j)
0.16666666666666669	0.027777777777777783	0.0027503587846089417	0.03008671092512855	0.0	(0.03008671092512855+0j)
0.17	0.028900000000000006	0.0028609393905565383	0.031318705456396596	0.0	(0.031318705456396596+0j)
0.17333333333333334	0.030044444444444447	0.0029736671687663474	0.032575367630469865	0.0	(0.032575367630469865+0j)
0.17666666666666667	0.03121111111111111	0.0030885396356916672	0.033856688164755795	0.0	(0.033856688164755795+0j)
0.18000000000000002	0.032400000000000005	0.0032055542613784738	0.03516265728651105	0.0	(0.03516265728651105+0j)
0.18333333333333335	0.03361111111111112	0.0033247084695986473	0.036493264764183075	0.0	(0.036493264764183075+0j)
0.18666666666666668	0.03484444444444445	0.0034459996379299085	0.03784849994158683	0.0	(0.03784849994158683+0j)
0.19	0.0361	0.003569425097889045	0.03922835177445863	0.0	(0.03922835177445863+0j)
0.19333333333333336	0.03737777777777779	0.0036949821350162892	0.04063280886897581	0.0	(0.04063280886897581+0j)
0.19666666666666668	0.03867777777777778	0.0038226679890085435	0.04206185952172906	0.0	(0.04206185952172906+0j)
0.2	0.04000000000000001	0.0039524798538126404	0.043515491760710776	0.0	(0.043515491760710776+0j)
0.20333333333333334	0.04134444444444445	0.004084414877771891	0.04499369338679731	0.0	(0.04499369338679731+0j)
0.2066666666666667	0.04271111111111112	0.004218470163706023	0.04649645201528779	0.0	(0.04649645201528779+0j)
0.21000000000000002	0.04410000000000001	0.004354642769057726	0.04802375511701284	0.0	(0.04802375511701284+0j)
0.21333333333333335	0.04551111111111112	0.004492929705999238	0.049575590058634815	0.0	(0.049575590058634815+0j)
0.21666666666666667	0.04694444444444445	0.004633327941565568	0.051151944141710405	0.0	(0.051151944141710405+0j)
0.22	0.0484	0.0047758343977699624	0.0527528046401932	0.0	(0.0527528046401932+0j)
0.22333333333333336	0.049877777777777785	0.004920445951734909	0.054378158836060134	0.0	(0.054378158836060134+0j)
0.22666666666666668	0.051377777777777786	0.005067159435820923	0.05602799405280867	0.0	(0.05602799405280867+0j)
0.23	0.0529	0.0052159716377553345	0.05770229768662662	0.0	(0.05770229768662662+0j)
0.23333333333333334	0.05444444444444445	0.005366879300761074	0.059401057235054094	0.0	(0.059401057235054094+0j)
0.2366666666666667	0.05601111111111112	0.005519879123696558	0.061124260323050204	0.0	(0.061124260323050204+0j)
0.24000000000000002	0.05760000000000001	0.0056749677611844795	0.06287189472638394	0.0	(0.06287189472638394+0j)
0.24333333333333335	0.05921111111111112	0.005832141823753911	0.0646439483923264	0.0	(0.0646439483923264+0j)
0.24666666666666667	0.06084444444444445	0.005991397877975757	0.06644040945766654	0.0	(0.06644040945766654+0j)
0.25	0.0625	0.006152732446607079	0.06826126626409335	0.0	(0.06826126626409335+0j)
0.25333333333333335	0.06417777777777779	0.006316142008724324	0.07010650737101941	0.0	(0.07010650737101941+0j)
0.2566666666666667	0.0658777777777778	0.006481622999880976	0.07197612156596948	0.0	(0.07197612156596948+0j)
0.26	0.06760000000000001	0.006649171812240784	0.07387009787262949	0.0	(0.07387009787262949+0j)
0.26333333333333336	0.06934444444444446	0.00681878479473097	0.07578842555672592	0.0	(0.07578842555672592+0j)
0.26666666666666666	0.07111111111111111	0.006990458253191001	0.0777310941298711	0.0	(0.0777310941298711+0j)
0.27	0.0729	0.007164188450521358	0.07969809335154189	0.0	(0.07969809335154189+0j)
0.2733333333333334	0.07471111111111113	0.007339971606838969	0.08168941322935874	0.0	(0.08168941322935874+0j)
0.27666666666666667	0.07654444444444444	0.007517803899628195	0.08370504401782619	0.0	(0.08370504401782619+0j)
0.28	0.07840000000000001	0.0076976814638962665	0.08574497621570577	0.0	(0.08574497621570577+0j)
0.2833333333333333	0.08027777777777777	0.007879600392332042	0.08780920056218666	0.0	(0.08780920056218666+0j)
0.2866666666666667	0.08217777777777778	0.008063556735465882	0.08989770803199797	0.0	(0.08989770803199797+0j)
0.29000000000000004	0.08410000000000002	0.008249546501827298	0.09201048982962394	0.0	(0.09201048982962394+0j)
0.29333333333333333	0.08604444444444445	0.00843756565811038	0.09414753738275511	0.0	(0.09414753738275511+0j)
0.2966666666666667	0.08801111111111112	0.008627610129333663	0.0963088423351116	0.0	(0.0963088423351116+0j)
0.30000000000000004	0.09000000000000002	0.008819675799011106	0.09849439653875587	0.0	(0.09849439653875587+0j)
0.30333333333333334	0.09201111111111111	0.009013758509311964	0.10070419204600797	0.0	(0.10070419204600797+0j)
0.3066666666666667	0.09404444444444446	0.00920985406123398	0.10293822110106668	0.0	(0.10293822110106668+0j)
0.31	0.0961	0.009407958214771028	0.10519647613142431	0.0	(0.10519647613142431+0j)
0.31333333333333335	0.0981777777777778	0.009608066689088535	0.10747894973916317	0.0	(0.10747894973916317+0j)
0.3166666666666667	0.1002777777777778	0.009810175162691115	0.1097856346921955	0.0	(0.1097856346921955+0j)
0.32	0.1024	0.010014279273602433	0.11211652391552503	0.0	(0.11211652391552503+0j)
0.32333333333333336	0.10454444444444447	0.010220374619536177	0.11447161048256521	0.0	(0.11447161048256521+0j)
0.32666666666666666	0.1067111111111111	0.01042845675807813	0.11685088760658553	0.0	(0.11685088760658553+0j)
0.33	0.10890000000000001	0.010638521206863816	0.11925434863230502	0.0	(0.11925434863230502+0j)
0.33333333333333337	0.11111111111111113	0.010850563443758343	0.12168198702767621	0.0	(0.12168198702767621+0j)
0.33666666666666667	0.11334444444444444	0.011064578907039602	0.12413379637589071	0.0	(0.12413379637589071+0j)
0.34	0.11560000000000002	0.011280562995580334	0.1266097703676171	0.0	(0.1266097703676171+0j)
0.3433333333333334	0.1178777777777778	0.011498511069036876	0.12910990279349815	0.0	(0.12910990279349815+0j)
0.3466666666666667	0.12017777777777779	0.0117184184480279	0.13163418753691664	0.0	(0.13163418753691664+0j)
0.35000000000000003	0.12250000000000003	0.011940280414333149	0.13418261856703895	0.0	(0.13418261856703895+0j)
0.35333333333333333	0.12484444444444444	0.012164092211073285	0.13675518993214375	0.0	(0.13675518993214375+0j)
0.3566666666666667	0.12721111111111114	0.012389849042905299	0.13935189575323326	0.0	(0.13935189575323326+0j)
0.36000000000000004	0.12960000000000002	0.01261754607621457	0.14197273021793988	0.0	(0.14197273021793988+0j)
0.36333333333333334	0.1320111111111111	0.012847178439308049	0.14461768757471066	0.0	(0.14461768757471066+0j)
0.3666666666666667	0.13444444444444448	0.013078741222604107	0.14728676212727748	0.0	(0.14728676212727748+0j)
0.37000000000000005	0.13690000000000005	0.013312229478839033	0.1499799482294055	0.0	(0.1499799482294055+0j)
0.37333333333333335	0.1393777777777778	0.013547638223256886	0.1526972402799084	0.0	(0.1526972402799084+0j)
0.3766666666666667	0.1418777777777778	0.013784962433808223	0.15543863271793207	0.0	(0.15543863271793207+0j)
0.38	0.1444	0.014024197051354381	0.15820412001849732	0.0	(0.15820412001849732+0j)
0.38333333333333336	0.14694444444444446	0.014265336979867316	0.1609936966882764	0.0	(0.1609936966882764+0j)
0.3866666666666667	0.14951111111111115	0.014508377086633328	0.1638073572616264	0.0	(0.1638073572616264+0j)
0.39	0.1521	0.014753312202454572	0.16664509629683893	0.0	(0.16664509629683893+0j)
0.39333333333333337	0.15471111111111113	0.01500013712185666	0.16950690837261534	0.0	(0.16950690837261534+0j)
0.39666666666666667	0.15734444444444445	0.015248846603295174	0.17239278808474726	0.0	(0.17239278808474726+0j)
0.4	0.16000000000000003	0.015499435369363823	0.17530273004300947	0.0	(0.17530273004300947+0j)
0.4033333333333334	0.1626777777777778	0.015751898107002615	0.17823672886822972	0.0	(0.17823672886822972+0j)
0.4066666666666667	0.1653777777777778	0.01600622946770991	0.18119477918955218	0.0	(0.18119477918955218+0j)
0.41000000000000003	0.16810000000000003	0.016262424067752246	0.18417687564186866	0.0	(0.18417687564186866+0j)
0.4133333333333334	0.1708444444444445	0.01652047648837751	0.18718301286341357	0.0	(0.18718301286341357+0j)
0.4166666666666667	0.17361111111111113	0.01678038127603143	0.19021318549352004	0.0	(0.19021318549352004+0j)
0.42000000000000004	0.17640000000000003	0.01704213294256962	0.19326738817051922	0.0	(0.19326738817051922+0j)
0.42333333333333334	0.17921111111111113	0.01730572596547464	0.19634561552977783	0.0	(0.19634561552977783+0j)
0.4266666666666667	0.18204444444444448	0.017571154788076915	0.19944786220187535	0.0	(0.19944786220187535+0j)
0.43000000000000005	0.18490000000000004	0.017838413819766807	0.20257412281089407	0.0	(0.20257412281089407+0j)
0.43333333333333335	0.1877777777777778	0.018107497436222753	0.2057243919728376	0.0	(0.2057243919728376+0j)
0.4366666666666667	0.1906777777777778	0.018378399979624427	0.2088986642941535	0.0	(0.2088986642941535+0j)
0.44	0.1936	0.018651115758879233	0.2120969343703598	0.0	(0.2120969343703598+0j)
0.44333333333333336	0.19654444444444447	0.0189256390498449	0.21531919678477499	0.0	(0.21531919678477499+0j)
0.4466666666666667	0.19951111111111114	0.019201964095553747	0.21856544610733802	0.0	(0.21856544610733802+0j)
0.45	0.2025	0.01948008510643473	0.22183567689351674	0.0	(0.22183567689351674+0j)
0.45333333333333337	0.20551111111111114	0.01975999626054492	0.22512988368328965	0.0	(0.22512988368328965+0j)
0.4566666666666667	0.2085444444444445	0.02004169170379433	0.22844806100021678	0.0	(0.22844806100021678+0j)
0.46	0.2116	0.02032516555017294	0.2317902033505782	0.0	(0.2317902033505782+0j)
0.4633333333333334	0.21467777777777783	0.02061041188198165	0.2351563052225768	0.0	(0.2351563052225768+0j)
0.4666666666666667	0.2177777777777778	0.02089742475006484	0.2385463610856136	0.0	(0.2385463610856136+0j)
0.47000000000000003	0.22090000000000004	0.021186198174035775	0.24196036538961158	0.0	(0.24196036538961158+0j)
0.4733333333333334	0.2240444444444445	0.021476726142515834	0.24539831256440492	0.0	(0.24539831256440492+0j)
0.4766666666666667	0.2272111111111111	0.021769002613362676	0.2488601970191782	0.0	(0.2488601970191782+0j)
0.48000000000000004	0.23040000000000005	0.022063021513907266	0.252346013141961	0.0	(0.252346013141961+0j)
0.48333333333333334	0.2336111111111111	0.022358776741188136	0.25585575529915766	0.0	(0.25585575529915766+0j)
0.4866666666666667	0.23684444444444447	0.022656262162186747	0.2593894178351278	0.0	(0.2593894178351278+0j)
0.49000000000000005	0.24010000000000004	0.022955471614066747	0.26294699507181357	0.0	(0.26294699507181357+0j)
0.49333333333333335	0.2433777777777778	0.023256398904409337	0.2665284813083987	0.0	(0.2665284813083987+0j)
0.4966666666666667	0.2466777777777778	0.02355903781145363	0.2701338708210041	0.0	(0.2701338708210041+0j)
0.5	0.25	0.02386338208433536	0.27376315786241856	0.0	(0.27376315786241856+0j)
0.5033333333333334	0.25334444444444454	0.02416942544332723	0.2774163366618674	0.0	(0.2774163366618674+0j)
0.5066666666666667	0.25671111111111117	0.024477161580083173	0.28109340142480654	0.0	(0.28109340142480654+0j)
0.51	0.2601	0.024786584157874825	0.28479434633274425	0.0	(0.28479434633274425+0j)
0.5133333333333334	0.2635111111111112	0.025097686811840214	0.2885191655430941	0.0	(0.2885191655430941+0j)
0.5166666666666667	0.2669444444444445	0.025410463149223572	0.2922678531890498	0.0	(0.2922678531890498+0j)
0.52	0.27040000000000003	0.0257249067496218	0.29604040337948845	0.0	(0.29604040337948845+0j)
0.5233333333333333	0.2738777777777778	0.026041011165230388	0.29983681019889213	0.0	(0.29983681019889213+0j)
0.5266666666666667	0.27737777777777783	0.026358769921085712	0.303657067707291	0.0	(0.303657067707291+0j)
0.53	0.28090000000000004	0.02667817651531651	0.3075011699402309	0.0	(0.3075011699402309+0j)
0.5333333333333333	0.28444444444444444	0.026999224419387846	0.31136911090876473	0.0	(0.31136911090876473+0j)
0.5366666666666667	0.28801111111111116	0.02732190707835258	0.3152608845994399	0.0	(0.3152608845994399+0j)
0.54	0.2916	0.02764621791109645	0.3191764849743339	0.0	(0.3191764849743339+0j)
0.5433333333333333	0.2952111111111111	0.027972150310590915	0.3231159059710836	0.0	(0.3231159059710836+0j)
0.5466666666666667	0.2988444444444445	0.02829969764414131	0.32707914150293466	0.0	(0.32707914150293466+0j)
0.55	0.30250000000000005	0.028628853253638842	0.3310661854588181	0.0	(0.3310661854588181+0j)
0.5533333333333333	0.30617777777777777	0.028959610455812357	0.3350770317034224	0.0	(0.3350770317034224+0j)
0.5566666666666668	0.30987777777777786	0.029291962542479233	0.33911167407729736	0.0	(0.33911167407729736+0j)
0.56	0.31360000000000005	0.029625902780798796	0.3431701063969512	0.0	(0.3431701063969512+0j)
0.5633333333333334	0.3173444444444445	0.029961424413526838	0.3472523224549791	0.0	(0.3472523224549791+0j)
0.5666666666666667	0.32111111111111107	0.030298520659267636	0.3513583160201913	0.0	(0.3513583160201913+0j)
0.5700000000000001	0.3249000000000001	0.03063718471272958	0.35548808083776284	0.0	(0.35548808083776284+0j)
0.5733333333333334	0.3287111111111111	0.03097740974498081	0.3596416106293776	0.0	(0.3596416106293776+0j)
0.5766666666666667	0.3325444444444444	0.03131918890370344	0.3638188990933915	0.0	(0.3638188990933915+0j)
0.5800000000000001	0.3364000000000001	0.031662515313450046	0.36801993990502846	0.0	(0.36801993990502846+0j)
0.5833333333333334	0.34027777777777785	0.03200738207590148	0.37224472671653686	0.0	(0.37224472671653686+0j)
0.5866666666666667	0.3441777777777778	0.032353782270123366	0.37649325315740245	0.0	(0.37649325315740245+0j)
0.5900000000000001	0.3481000000000001	0.03270170895282282	0.3807655128345467	0.0	(0.3807655128345467+0j)
0.5933333333333334	0.3520444444444445	0.03305115515860768	0.38506149933253725	0.0	(0.38506149933253725+0j)
0.5966666666666667	0.3560111111111111	0.033402113900244945	0.3893812062138128	0.0	(0.3893812062138128+0j)
0.6000000000000001	0.3600000000000001	0.03375457816891969	0.39372462701890065	0.0	(0.39372462701890065+0j)
0.6033333333333334	0.3640111111111112	0.03410854093449406	0.39809175526666996	0.0	(0.39809175526666996+0j)
0.6066666666666667	0.36804444444444445	0.034463995145768145	0.40248258445457313	0.0	(0.40248258445457313+0j)
0.61	0.3721	0.03482093373073897	0.4068971080589001	0.0	(0.4068971080589001+0j)
0.6133333333333334	0.37617777777777783	0.03517934959686164	0.4113353195350298	0.0	(0.4113353195350298+0j)
0.6166666666666667	0.3802777777777778	0.03553923563131167	0.41579721231772127	0.0	(0.41579721231772127+0j)
0.62	0.3844	0.03590058470124363	0.42028277982136597	0.0	(0.42028277982136597+0j)
0.6233333333333334	0.3885444444444445	0.0362633896540554	0.42479201544030437	0.0	(0.42479201544030437+0j)
0.6266666666666667	0.3927111111111112	0.03662764331764906	0.4293249125490997	0.0	(0.4293249125490997+0j)
0.63	0.39690000000000003	0.03699333850069292	0.43388146450282633	0.0	(0.43388146450282633+0j)
0.6333333333333334	0.4011111111111112	0.03736046799288517	0.4384616646374123	0.0	(0.4384616646374123+0j)
0.6366666666666667	0.4053444444444445	0.03772902456521565	0.44306550626993974	0.0	(0.44306550626993974+0j)
0.64	0.4096	0.03809900097023061	0.44769298269896807	0.0	(0.44769298269896807+0j)
0.6433333333333334	0.4138777777777779	0.03847038994229418	0.45234408720487135	0.0	(0.45234408720487135+0j)
0.6466666666666667	0.41817777777777787	0.038843184197853986	0.45701881305017295	0.0	(0.45701881305017295+0j)
0.65	0.42250000000000004	0.039217376435704	0.4617171534799321	0.0	(0.4617171534799321+0j)
0.6533333333333333	0.4268444444444444	0.03959295933724849	0.46643910172202685	0.0	(0.46643910172202685+0j)
0.6566666666666667	0.4312111111111112	0.03996992556676793	0.47118465098761914	0.0	(0.47118465098761914+0j)
0.66	0.43560000000000004	0.04034826777168099	0.475953794471445	0.0	(0.475953794471445+0j)
0.6633333333333333	0.44001111111111113	0.040727978582811575	0.48074652535225826	0.0	(0.48074652535225826+0j)
0.6666666666666667	0.44444444444444453	0.04110905061465331	0.48556283679320283	0.0	(0.48556283679320283+0j)
0.67	0.4489000000000001	0.04149147646563239	0.49040272194221546	0.0	(0.49040272194221546+0j)
0.6733333333333333	0.45337777777777777	0.041875248718376556	0.4952661739324569	0.0	(0.4952661739324569+0j)
0.6766666666666667	0.4578777777777779	0.04226035993997623	0.5001531858827354	0.0	(0.5001531858827354+0j)
0.68	0.4624000000000001	0.04264680268225296	0.5050637508979268	0.0	(0.5050637508979268+0j)
0.6833333333333333	0.46694444444444444	0.04303456948202361	0.5099978620694497	0.0	(0.5099978620694497+0j)
0.6866666666666668	0.4715111111111112	0.04342365286136629	0.5149555124757205	0.0	(0.5149555124757205+0j)
0.6900000000000001	0.4761000000000001	0.043814045327884577	0.5199366951826107	0.0	(0.5199366951826107+0j)
0.6933333333333334	0.48071111111111114	0.044205739374975905	0.524941403243968	0.0	(0.524941403243968+0j)
0.6966666666666667	0.4853444444444444	0.044598727482094425	0.5299696297020767	0.0	(0.5299696297020767+0j)
0.7000000000000001	0.4900000000000001	0.04499300211501828	0.5350213675882226	0.0	(0.5350213675882226+0j)
0.7033333333333334	0.4946777777777778	0.045388555726114665	0.5400966099231822	0.0	(0.5400966099231822+0j)
0.7066666666666667	0.49937777777777775	0.04578538075460645	0.5451953497178026	0.0	(0.5451953497178026+0j)
0.7100000000000001	0.5041000000000001	0.04618346962683678	0.5503175799735514	0.0	(0.5503175799735514+0j)
0.7133333333333334	0.5088444444444445	0.04658281475653461	0.5554632936831122	0.0	(0.5554632936831122+0j)
0.7166666666666667	0.5136111111111111	0.04698340854508112	0.5606324838309765	0.0	(0.5606324838309765+0j)
0.7200000000000001	0.5184000000000001	0.04738524338177563	0.5658251433940817	0.0	(0.5658251433940817+0j)
0.7233333333333334	0.5232111111111112	0.047788311644098996	0.5710412653424474	0.0	(0.5710412653424474+0j)
0.7266666666666667	0.5280444444444444	0.04819260569798131	0.5762808426398615	0.0	(0.5762808426398615+0j)
0.7300000000000001	0.5329000000000002	0.04859811789806545	0.5815438682445623	0.0	(0.5815438682445623+0j)
0.7333333333333334	0.5377777777777779	0.04900484058797325	0.586830335109948	0.0	(0.586830335109948+0j)
0.7366666666666667	0.5426777777777778	0.04941276610057013	0.592140236185373	0.0	(0.592140236185373+0j)
0.7400000000000001	0.5476000000000002	0.049821886758229655	0.5974735644168775	0.0	(0.5974735644168775+0j)
0.7433333333333334	0.5525444444444445	0.0502321948730991	0.6028303127480306	0.0	(0.6028303127480306+0j)
0.7466666666666667	0.5575111111111112	0.05064368274736289	0.6082104741207742	0.0	(0.6082104741207742+0j)
0.75	0.5625	0.05105634267350778	0.6136140414762989	0.0	(0.6136140414762989+0j)
0.7533333333333334	0.5675111111111112	0.0514701669345867	0.6190410077559907	0.0	(0.6190410077559907+0j)
0.7566666666666667	0.5725444444444445	0.051885147804482945	0.6244913659023776	0.0	(0.6244913659023776+0j)
0.76	0.5776	0.05230127754817307	0.6299651088601607	0.0	(0.6299651088601607+0j)
0.7633333333333334	0.582677777777778	0.05271854842199192	0.6354622295772686	0.0	(0.6354622295772686+0j)
0.7666666666666667	0.5877777777777778	0.053136952673893956	0.6409827210059994	0.0	(0.6409827210059994+0j)
0.77	0.5929	0.05355648254371806	0.6465265761041767	0.0	(0.6465265761041767+0j)
0.7733333333333334	0.5980444444444446	0.05397713026344925	0.6520937878364066	0.0	(0.6520937878364066+0j)
0.7766666666666667	0.6032111111111113	0.054398888057480554	0.65768434917539	0.0	(0.65768434917539+0j)
0.78	0.6084	0.054821748142876714	0.6632982531032933	0.0	(0.6632982531032933+0j)
0.7833333333333334	0.6136111111111112	0.0552457027296345	0.6689354926132444	0.0	(0.6689354926132444+0j)
0.7866666666666667	0.6188444444444445	0.055670744020945434	0.6745960607108669	0.0	(0.6745960607108669+0j)
0.79	0.6241000000000001	0.056096864213455166	0.6802799504159424	0.0	(0.6802799504159424+0j)
0.7933333333333333	0.6293777777777778	0.05652405549752673	0.6859871547641656	0.0	(0.6859871547641656+0j)
0.7966666666666667	0.6346777777777779	0.05695231005749854	0.6917176668090077	0.0	(0.6917176668090077+0j)
0.8	0.6400000000000001	0.057381620071945694	0.6974714796237442	0.0	(0.6974714796237442+0j)
0.8033333333333333	0.6453444444444445	0.05781197771394006	0.7032485863035457	0.0	(0.7032485863035457+0j)
0.8066666666666668	0.6507111111111112	0.05824337515130798	0.7090489799678223	0.0	(0.7090489799678223+0j)
0.81	0.6561000000000001	0.058675804546890475	0.7148726537626097	0.0	(0.7148726537626097+0j)
0.8133333333333334	0.6615111111111112	0.059109258058801656	0.7207196008632722	0.0	(0.7207196008632722+0j)
0.8166666666666668	0.6669444444444446	0.059543727840685456	0.7265898144772773	0.0	(0.7265898144772773+0j)
0.8200000000000001	0.6724000000000001	0.05997920604197418	0.7324832878473091	0.0	(0.7324832878473091+0j)
0.8233333333333334	0.6778777777777778	0.06041568480814538	0.7384000142545466	0.0	(0.7384000142545466+0j)
0.8266666666666668	0.683377777777778	0.060853156280978454	0.7443399870222478	0.0	(0.7443399870222478+0j)
0.8300000000000001	0.6889000000000001	0.06129161259881083	0.7503031995196301	0.0	(0.7503031995196301+0j)
0.8333333333333334	0.6944444444444445	0.0617310458967929	0.7562896451661164	0.0	(0.7562896451661164+0j)
0.8366666666666667	0.7000111111111111	0.06217144830714394	0.762299317435902	0.0	(0.762299317435902+0j)
0.8400000000000001	0.7056000000000001	0.06261281195940646	0.7683322098629917	0.0	(0.7683322098629917+0j)
0.8433333333333334	0.7112111111111112	0.06305512898070006	0.7743883160467062	0.0	(0.7743883160467062+0j)
0.8466666666666667	0.7168444444444445	0.0634983914959747	0.7804676296576597	0.0	(0.7804676296576597+0j)
0.8500000000000001	0.7225000000000001	0.06394259162826418	0.7865701444444492	0.0	(0.7865701444444492+0j)
0.8533333333333334	0.7281777777777779	0.06438772149893829	0.7926958542408961	0.0	(0.7926958542408961+0j)
0.8566666666666667	0.7338777777777779	0.06483377322795414	0.7988447529741254	0.0	(0.7988447529741254+0j)
0.8600000000000001	0.7396000000000001	0.06528073893410785	0.8050168346734832	0.0	(0.8050168346734832+0j)
0.8633333333333334	0.7453444444444446	0.06572861073528558	0.8112120934804353	0.0	(0.8112120934804353+0j)
0.8666666666666667	0.7511111111111112	0.0661773807487119	0.8174305236596185	0.0	(0.8174305236596185+0j)
0.8700000000000001	0.7569000000000002	0.06662704109120135	0.8236721196111263	0.0	(0.8236721196111263+0j)
0.8733333333333334	0.7627111111111112	0.06707758387940424	0.8299368758843175	0.0	(0.8299368758843175+0j)
0.8766666666666667	0.7685444444444445	0.06752900123005834	0.8362247871933031	0.0	(0.8362247871933031+0j)
0.88	0.7744	0.06798128526023281	0.8425358484343861	0.0	(0.8425358484343861+0j)
0.8833333333333334	0.780277777777778	0.06843442808757726	0.848870054705811	0.0	(0.848870054705811+0j)
0.8866666666666667	0.7861777777777779	0.06888842183056638	0.8552274013301584	0.0	(0.8552274013301584+0j)
0.89	0.7921	0.06934325860874661	0.8616078838798411	0.0	(0.8616078838798411+0j)
0.8933333333333334	0.7980444444444446	0.06979893054297935	0.8680114982062607	0.0	(0.8680114982062607+0j)
0.8966666666666667	0.8040111111111112	0.07025542975568587	0.8744382404733015	0.0	(0.8744382404733015+0j)
0.9	0.81	0.07071274837109016	0.8808881071958985	0.0	(0.8808881071958985+0j)
0.9033333333333334	0.8160111111111112	0.07117087851546154	0.8873610952847749	0.0	(0.8873610952847749+0j)
0.9066666666666667	0.8220444444444446	0.07162981231735636	0.8938572020984468	0.0	(0.8938572020984468+0j)
0.91	0.8281000000000001	0.0720895419078587	0.9003764255040961	0.0	(0.9003764255040961+0j)
0.9133333333333334	0.834177777777778	0.07255005942082095	0.9069187639491649	0.0	(0.9069187639491649+0j)
0.9166666666666667	0.8402777777777779	0.07301135699310297	0.9134842165460959	0.0	(0.9134842165460959+0j)
0.92	0.8464	0.07347342676481107	0.9200727831731518	0.0	(0.9200727831731518+0j)
0.9233333333333333	0.8525444444444444	0.07393626087953527	0.9266844645953543	0.0	(0.9266844645953543+0j)
0.9266666666666667	0.8587111111111113	0.074399851484587	0.9333192626104463	0.0	(0.9333192626104463+0j)
0.93	0.8649000000000001	0.07486419073123467	0.9399771802265098	0.0	(0.9399771802265098+0j)
0.9333333333333333	0.8711111111111112	0.07532927077493992	0.9466582218799684	0.0	(0.9466582218799684+0j)
0.9366666666666668	0.8773444444444446	0.07579508377559115	0.9533623937055912	0.0	(0.9533623937055912+0j)
0.9400000000000001	0.8836000000000002	0.07626162189773807	0.9600897038743414	0.0	(0.9600897038743414+0j)
0.9433333333333334	0.8898777777777778	0.07672887731082371	0.9668401630207941	0.0	(0.9668401630207941+0j)
0.9466666666666668	0.896177777777778	0.07719684218941786	0.9736137847905275	0.0	(0.9736137847905275+0j)
0.9500000000000001	0.9025000000000001	0.07766550871344625	0.9804105865507627	0.0	(0.9804105865507627+0j)
0.9533333333333334	0.9088444444444445	0.07813486906842242	0.9872305903270138	0.0	(0.9872305903270138+0j)
0.9566666666666668	0.9152111111111113	0.07860491544567638	0.9940738240586828	0.0	(0.9940738240586828+0j)
0.9600000000000001	0.9216000000000002	0.07907564004258273	1.0009403233150145	0.0	(1.0009403233150145+0j)
0.9633333333333334	0.9280111111111112	0.0795470350627888	1.0078301336920745	0.0	(1.0078301336920745+0j)
0.9666666666666667	0.9344444444444444	0.08001909271644111	1.0147433142467763	0.0	(1.0147433142467763+0j)
0.9700000000000001	0.9409000000000002	0.08049180522041087	1.0216799425633534	0.0	(1.0216799425633534+0j)
0.9733333333333334	0.9473777777777779	0.08096516479851879	1.028640122492725	0.0	(1.028640122492725+0j)
0.9766666666666667	0.9538777777777778	0.08143916368175873	1.0356239964770562	0.0	(1.0356239964770562+0j)
0.9800000000000001	0.9604000000000001	0.08191379410852094	1.042631766200862	0.0	(1.042631766200862+0j)
0.9833333333333334	0.9669444444444446	0.08238904832481367	1.0496637294694284	0.0	(1.0496637294694284+0j)
0.9866666666666667	0.9735111111111112	0.08286491858448382	1.0567203517110066	0.0	(1.0567203517110066+0j)
0.9900000000000001	0.9801000000000002	0.08334139714943734	1.0638024208419308	0.0	(1.0638024208419308+0j)
0.9933333333333334	0.9867111111111112	0.08381847628985813	1.0709114402441533	0.0	(1.0709114402441533+0j)
0.9966666666666667	0.9933444444444445	0.08429614828442539	1.0780509086944834	0.0	(1.0780509086944834+0j)
1.0	1.0	0.0847744054205312	1.0852330351219501	0.0	(1.0852330351219501+0j)
