-25963.925498107445	-674125427.271274	-0.19894367871731233	-674125427.4702177	0.0	(-674125427.4702177+0j)
-6490.627825950439	-42128249.57500212	-0.198943676503702	-42128249.77394579	0.0	(-42128249.77394579+0j)
-2884.461596072092	-8320118.699214761	-0.1989436669092898	-8320118.898158428	0.0	(-8320118.898158428+0j)
-1622.3034223555637	-2631868.3941865745	-0.19894364106972728	-2631868.5931302155	0.0	(-2631868.5931302155+0j)
-1038.1045036316527	-1077660.96046032	-0.19894358656140537	-1077661.1594039067	0.0	(-1077661.1594039067+0j)
-720.7618889630762	-519497.7005816218	-0.19894348738791112	-519497.89952510915	0.0	(-519497.89952510915+0j)
-529.4143094470139	-280279.5110472586	-0.19894332396258232	-280279.7099905826	0.0	(-280279.7099905826+0j)
-405.22237924923235	-164205.1766444087	-0.19894307308713752	-164205.37558748177	0.0	(-164205.37558748177+0j)
-320.07680939731165	-102449.16391396297	-0.19894270792635066	-102449.3628566709	0.0	(-102449.3628566709+0j)
-259.17269292908765	-67170.48476011516	-0.19894219797873613	-67170.68370231314	0.0	(-67170.68370231314+0j)
-214.11054347450596	-45843.32482694831	-0.19894150904320357	-45843.52376845735	0.0	(-45843.52376845735+0j)
-179.8370922777698	-32341.379758923096	-0.19894060318163692	-32341.57869952628	0.0	(-32341.57869952628+0j)
-153.16429722491517	-23459.30194440216	-0.19893943867734493	-23459.500883840836	0.0	(-23459.500883840836+0j)
-132.00026008113662	-17424.06866148771	-0.19893796998932667	-17424.267599457697	0.0	(-17424.267599457697+0j)
-114.92620417901293	-13208.032406996168	-0.19893614770228815	-13208.23134314387	0.0	(-13208.23134314387+0j)
-100.95234989431218	-10191.376949183632	-0.19893391847234043	-10191.575883102121	0.0	(-10191.575883102121+0j)
-89.3711707749886	-7987.206165692176	-0.19893122496830398	-7987.405096917102	0.0	(-7987.405096917102+0j)
-79.6660394899954	-6346.677848021506	-0.19892800580853728	-6346.876776027308	0.0	(-6346.876776027308+0j)
-71.45259678142344	-5105.473586808683	-0.19892419549320128	-5105.672511004178	0.0	(-5105.672511004178+0j)
-64.4401021455765	-4152.526764532334	-0.19891972433186483	-4152.725684256676	0.0	(-4152.725684256676+0j)
-58.40534616997556	-3411.1844612346786	-0.19891451836634944	-3411.3833757530465	0.0	(-3411.3833757530465+0j)
-53.1746662886106	-2827.545134905101	-0.19890849928870452	-2827.744043404393	0.0	(-2827.744043404393+0j)
-48.61131190080035	-2363.059644716894	-0.19890158435419747	-2363.258546301248	0.0	(-2363.258546301248+0j)
-44.60641475236486	-1989.7322370599936	-0.19889368628919507	-1989.9311307462824	0.0	(-1989.9311307462824+0j)
-41.07243507516475	-1686.9449230036234	-0.19888471319380546	-1687.1438077168136	0.0	(-1687.1438077168136+0j)
-37.93833703272188	-1439.3174168083967	-0.19887456843914184	-1439.5162913768345	0.0	(-1439.5162913768345+0j)
-35.145990988493956	-1235.2406825632984	-0.19886315055906076	-1235.4395457138583	0.0	(-1235.4395457138583+0j)
-32.64745859752206	-1065.856552876917	-0.1988503531362203	-1066.0554032300522	0.0	(-1066.0554032300522+0j)
-30.40292155165993	-924.3376388763878	-0.19883606468229262	-924.5364749410683	0.0	(-924.5364749410683+0j)
-28.379085308632625	-805.3724829546481	-0.19882016851215947	-805.5713031231613	0.0	(-805.5713031231613+0j)
-26.54793727901791	-704.7929737706688	-0.1988025426119065	-704.9917763132866	0.0	(-704.9917763132866+0j)
-24.885772290912822	-619.3016625151644	-0.19878305950042496	-619.5004455748344	0.0	(-619.5004455748344+0j)
-23.372421553405154	-546.2700892700777	-0.19876158608441813	-546.4688508595058	0.0	(-546.4688508595058+0j)
-21.99063796447735	-483.5881580847126	-0.19873798350659902	-483.7868961051931	0.0	(-483.7868961051931+0j)
-20.725602554503787	-429.5506012472539	-0.1987121069868562	-429.74931361003013	0.0	(-429.74931361003013+0j)
-19.56452553191485	-382.770659288948	-0.19868380565615143	-382.96934430999244	0.0	(-382.96934430999244+0j)
-18.49632176131648	-342.1139186981496	-0.19865292238290272	-342.3125758886788	0.0	(-342.3125758886788+0j)
-17.511345216339368	-306.6472112858117	-0.19861929359159264	-306.8458423188159	0.0	(-306.8458423188159+0j)
-16.601170469373372	-275.5988609531945	-0.1985827490733294	-275.79747018520777	0.0	(-275.79747018520777+0j)
-15.758411931676982	-248.32754660841945	-0.19854311178807488	-248.52614055785318	0.0	(-248.52614055785318+0j)
-14.976573570196068	-224.2977559034954	-0.1985001976582394	-224.4963416296372	0.0	(-224.4963416296372+0j)
-14.249923366935638	-203.06031596353833	-0.19845381535332862	-203.25889891351628	0.0	(-203.25889891351628+0j)
-13.573387972519702	-184.2368610525425	-0.19840376606531238	-184.4354431851578	0.0	(-184.4354431851578+0j)
-12.942463925037897	-167.50737245090735	-0.1983498432743695	-167.7059512386741	0.0	(-167.7059512386741+0j)
-12.35314252275965	-152.60013018761268	-0.19829183250464563	-152.79869868314404	0.0	(-152.79869868314404+0j)
-11.801846002556928	-139.28356906806894	-0.198229511069644	-139.48211685237982	0.0	(-139.48211685237982+0j)
-11.285373120608226	-127.35964647134664	-0.19816264780685022	-127.55816109271004	0.0	(-127.55816109271004+0j)
-10.800852585031993	-116.6584165635923	-0.1980910028011733	-116.85688502860869	0.0	(-116.85688502860869+0j)
-10.345703071874341	-107.03357205139018	-0.1980143270967653	-107.23198201003669	0.0	(-107.23198201003669+0j)
-9.917598781876578	-98.35876559827977	-0.19793236239675996	-98.55710602644473	0.0	(-98.55710602644473+0j)
-9.514439677583534	-90.52456237837586	-0.19784484075045045	-90.72282374530408	0.0	(-90.72282374530408+0j)
-9.134325687808028	-83.4359057709496	-0.19775148422740088	-83.63407982194946	0.0	(-83.63407982194946+0j)
-8.775534286370473	-77.01000201126372	-0.1976520045779644	-77.2080813575191	0.0	(-77.2080813575191+0j)
-8.436500949941994	-71.17454827837217	-0.19754610287965338	-71.37252596601314	0.0	(-71.37252596601314+0j)
-8.115802080094475	-65.86624340326581	-0.19743346916878224	-66.0641125665387	0.0	(-66.0641125665387+0j)
-7.812140040731365	-61.02953201599826	-0.19731378205677372	-61.227285646968326	0.0	(-61.227285646968326+0j)
-7.524330016657525	-56.61554219957343	-0.19718670833049207	-56.81317301800126	0.0	(-56.81317301800126+0j)
-7.251288444301806	-52.5811841024649	-0.19705190253593383	-52.77868449109139	0.0	(-52.77868449109139+0j)
-6.9920228032587755	-48.8883828812907	-0.19690900654457644	-49.085744854851285	0.0	(-49.085744854851285+0j)
-6.745622588745905	-45.50342410979901	-0.1967576491016494	-45.70063929749646	0.0	(-45.70063929749646+0j)
-6.511251311394057	-42.396393640130825	-0.1965974453555577	-42.593453271773285	0.0	(-42.593453271773285+0j)
-6.28813939289932	-39.540697024532236	-0.1964279963676507	-39.737591916847286	0.0	(-39.737591916847286+0j)
-6.075577844694438	-36.91264614694191	-0.19624888860148743	-37.109366689256404	0.0	(-37.109366689256404+0j)
-5.872912632539629	-34.49110278944356	-0.1960596933907115	-34.68763892867953	0.0	(-34.68763892867953+0j)
-5.679539643272203	-32.25717055950054	-0.19585996638460212	-32.453511784529105	0.0	(-32.453511784529105+0j)
-5.494900181287662	-30.19392800231518	-0.19564924697032376	-30.39006332767049	0.0	(-30.39006332767049+0j)
-5.318476931980488	-28.28619687600858	-0.19542705767084775	-28.482114824950354	0.0	(-28.482114824950354+0j)
-5.149790337618319	-26.520340521427006	-0.1951929035174687	-26.71602910832346	0.0	(-26.71602910832346+0j)
-4.988395338183129	-24.884088050007175	-0.19494627139578552	-25.079534762022714	0.0	(-25.079534762022714+0j)
-4.833878435771186	-23.366380731813685	-0.19468662936395945	-23.5615725098718	0.0	(-23.5615725098718+0j)
-4.685855046355183	-21.957237515452334	-0.19441342594200345	-22.152160734449325	0.0	(-22.152160734449325+0j)
-4.543967107204298	-20.6476370713546	-0.194126089370794	-20.84227751959873	0.0	(-20.84227751959873+0j)
-4.40788091213969	-19.429414135605423	-0.19382402683943076	-19.623756993450886	0.0	(-19.623756993450886+0j)
-4.277285150163216	-18.295168255806765	-0.19350662367950008	-18.489198073451774	0.0	(-18.489198073451774+0j)
-4.1518891259130415	-17.23818331387496	-0.19317324252472595	-17.431883988293674	0.0	(-17.431883988293674+0j)
-4.031421142934009	-16.252356431695354	-0.1928232224344131	-16.445711182668607	0.0	(-16.445711182668607+0j)
-3.915627032958444	-15.332135061234949	-0.19245587797900757	-15.5251264064456	0.0	(-15.5251264064456+0j)
-3.804268816319107	-14.472461226817979	-0.19207049828601344	-14.665070955972697	0.0	(-14.665070955972697+0j)
-3.6971234803003905	-13.668722028588473	-0.1916663460444158	-13.860931176528549	0.0	(-13.860931176528549+0j)
-3.5939818637085126	-12.916705636665714	-0.1912426564656693	-13.108494455422907	0.0	(-13.108494455422907+0j)
-3.4946476372356603	-12.212562108436783	-0.1907986361992305	-12.403910038196056	0.0	(-12.403910038196056+0j)
-3.39893637032993	-11.552768449551598	-0.1903334622005587	-11.743654088472741	0.0	(-11.743654088472741+0j)
-3.306674676284117	-10.93409741477867	-0.18984628054954683	-11.12449848762965	0.0	(-11.12449848762965+0j)
-3.2176994281387747	-10.353589609844597	-0.18933620521758765	-10.543482935400027	0.0	(-10.543482935400027+0j)
-3.1318570387744358	-9.808528511320977	-0.18880231678217418	-9.997889968478148	0.0	(-9.997889968478148+0j)
-3.0490027992569613	-9.296418069876786	-0.18824366108949056	-9.485222562433568	0.0	(-9.485222562433568+0j)
-2.969000270110649	-8.814962603917106	-0.18765924786855198	-9.00318402397503	0.0	(-9.00318402397503+0j)
-2.8917207207350946	-8.362048726728695	-0.18704804930604874	-8.549659916683407	0.0	(-8.549659916683407+0j)
-2.8170426126629335	-7.935729081558806	-0.18640899860038945	-8.122701794659724	0.0	(-8.122701794659724+0j)
-2.7448511227833454	-7.534207686244992	-0.18574098852789545	-7.720512545748015	0.0	(-7.720512545748015+0j)
-2.675037703037414	-7.155826712671685	-0.18504287007496278	-7.341433169655533	0.0	(-7.341433169655533+0j)
-2.6074996734312905	-6.799054546944287	-0.18431345121810538	-6.9839308369524815	0.0	(-6.9839308369524815+0j)
-2.542139845516731	-6.462474994163829	-0.18355149596905646	-6.646588092947653	0.0	(-6.646588092947653+0j)
-2.4788661737599393	-6.144777507411241	-0.18275572384321007	-6.328093086217376	0.0	(-6.328093086217376+0j)
-2.4175914324627716	-5.844748334317396	-0.1819248099537797	-6.027230715368893	0.0	(-6.027230715368893+0j)
-2.358232916118114	-5.561262486662943	-0.1810573859767868	-5.74287459972289	0.0	(-5.74287459972289+0j)
-2.3007121612768358	-5.293276449047129	-0.1801520422678275	-5.473979790252011	0.0	(-5.473979790252011+0j)
-2.2449546881792823	-5.039821551978139	-0.17920733143437934	-5.219576146424175	0.0	(-5.219576146424175+0j)
-2.1908897605623596	-4.799997942936994	-0.17822177367133155	-4.97876231281502	0.0	(-4.97876231281502+0j)
-2.13845016219549	-4.572969096193918	-0.17719386414772909	-4.750700236560012	0.0	(-4.750700236560012+0j)
-2.0875719888270416	-4.35795680853529	-0.17612208268667176	-4.53461017303669	0.0	(-4.53461017303669+0j)
-2.0381944543385164	-4.154236633696283	-0.1750049059077084	-4.329766132743006	0.0	(-4.329766132743006+0j)
-1.9902597100084227	-3.961133713282811	-0.1738408219045284	-4.135491727225629	0.0	(-4.135491727225629+0j)
-1.9437126758822836	-3.778018966385467	-0.172628347415533	-3.951156376197488	0.0	(-3.951156376197488+0j)
-1.89850088333086	-3.604305604008056	-0.1713660473183926	-3.77617184180804	0.0	(-3.77617184180804+0j)
-1.8545743279562	-3.4394459379141904	-0.17005255615075013	-3.6099890593386403	0.0	(-3.6099890593386403+0j)
-1.8118853320755182	-3.282928456590411	-0.16868660123708148	-3.452095236617001	0.0	(-3.452095236617001+0j)
-1.7703884160767358	-3.1342751437786935	-0.16726702689513692	-3.3020111970443957	0.0	(-3.3020111970443957+0j)
-1.7300401779976016	-2.993039017485973	-0.16579281911183633	-3.159288943533168	0.0	(-3.159288943533168+0j)
-1.6907991807330216	-2.858801869567457	-0.16426313002350101	-3.023509422780577	0.0	(-3.023509422780577+0j)
-1.6526258463233479	-2.731172187935962	-0.1626773015120842	-2.8942804712294095	0.0	(-2.8942804712294095+0j)
-1.6154823568201164	-2.609783245197078	-0.1610348872384	-2.7712349258367093	0.0	(-2.7712349258367093+0j)
-1.579332561265664	-2.494291339073962	-0.15933567247373187	-2.6540288843704087	0.0	(-2.6540288843704087+0j)
-1.544141888359463	-2.3843741713863285	-0.15757969115915488	-2.5423401014324387	0.0	(-2.5423401014324387+0j)
-1.5098772644173457	-2.279729353604407	-0.15576723971245224	-2.435866507744351	0.0	(-2.435866507744351+0j)
-1.4765070362601456	-2.180073028125719	-0.1538988872096903	-2.3343248414817253	0.0	(-2.3343248414817253+0j)
-1.4440008986961979	-2.085138595435427	-0.15197548168594815	-2.2374493815619734	0.0	(-2.2374493815619734+0j)
-1.4123298262875472	-1.9946755382214134	-0.1499981524210237	-2.14499077383527	0.0	(-2.14499077383527+0j)
-1.3814660091131397	-1.9084483343349852	-0.14796830819528684	-2.0567149420573556	0.0	(-2.0567149420573556+0j)
-1.3513827922636295	-1.826235451226244	-0.14588763161309365	-1.9724020763806815	0.0	(-1.9724020763806815+0j)
-1.3220546188221383	-1.7478284151489494	-0.14375806969218807	-1.891845692865092	0.0	(-1.891845692865092+0j)
-1.2934569761033048	-1.6730309490303052	-0.14158182100423	-1.814851758193475	0.0	(-1.814851758193475+0j)
-1.2655663449395995	-1.6016581734437774	-0.139361319722035	-1.7412378743936654	0.0	(-1.7412378743936654+0j)
-1.2383601518190859	-1.5335358656133895	-0.13709921698234112	-1.6708325189051885	0.0	(-1.6708325189051885+0j)
-1.2118167236928987	-1.4684997718217911	-0.13479836000891102	-1.603474335815945	0.0	(-1.603474335815945+0j)
-1.1859152452835946	-1.4063949689960484	-0.13246176946025387	-1.5390114745024135	0.0	(-1.5390114745024135+0j)
-1.1606357187374863	-1.3470752716092813	-0.130092615470561	-1.4773009722844321	0.0	(-1.4773009722844321+0j)
-1.1359589254750273	-1.2904026803663786	-0.1276941928433388	-1.4182081780210403	0.0	(-1.4182081780210403+0j)
-1.1118663901034846	-1.2362468694417543	-0.12526989583674358	-1.3616062138524938	0.0	(-1.3616062138524938+0j)
-1.0883403462654702	-1.1844847093092434	-0.122823192949931	-1.307375472537744	0.0	(-1.307375472537744+0j)
-1.065363704305586	-1.13499982245172	-0.12035760208300855	-1.2554031480472563	0.0	(-1.2554031480472563+0j)
-1.0429200206454015	-1.0876821694630046	-0.11787666640150576	-1.2055827972588484	0.0	(-1.2055827972588484+0j)
-1.020993468764418	-1.0424276632595986	-0.11538393119158785	-1.157813930759444	0.0	(-1.157813930759444+0j)
-0.9995688116914875	-0.9991378093063323	-0.1128829219462397	-1.1120016309068101	0.0	(-1.1120016309068101+0j)
-0.9786313759175298	-0.9577193699302375	-0.11037712387683124	-1.0680561954228904	0.0	(-1.0680561954228904+0j)
-0.9581670266462455	-0.918084050952107	-0.10786996300005025	-1.0258928049117042	0.0	(-1.0258928049117042+0j)
-0.9381621443049951	-0.8801482090069465	-0.10536478890814382	-0.9854312127894916	0.0	(-0.9854312127894916+0j)
-0.9186036022430514	-0.8438325780539101	-0.1028648592914645	-0.9465954562039782	0.0	(-0.9465954562039782+0j)
-0.89947874554915	-0.8090620136946725	-0.10037332624699954	-0.9093135866082017	0.0	(-0.9093135866082017+0j)
-0.8807753709246038	-0.7757652540273734	-0.09789322437517717	-0.8735174187194938	0.0	(-0.8735174187194938+0j)
-0.8624817075523156	-0.743874695862358	-0.09542746063995147	-0.8391422966701362	0.0	(-0.8391422966701362+0j)
-0.8445863989057804	-0.7133261852166339	-0.09297880594396979	-0.8061268762140623	0.0	(-0.8061268762140623+0j)
-0.8270784854456875	-0.6840588210871323	-0.09054988835142169	-0.7744129219092671	0.0	(-0.7744129219092671+0j)
-0.8099473881549796	-0.6560147715790732	-0.08814318787575742	-0.7439451182585778	0.0	(-0.7439451182585778+0j)
-0.7931828928662812	-0.6291391015357225	-0.08576103273759642	-0.7146708938377582	0.0	(-0.7146708938377582+0j)
-0.776775135338431	-0.6033796108800378	-0.08340559698950653	-0.6865402574876023	0.0	(-0.6865402574876023+0j)
-0.7607145870414965	-0.5786866829377146	-0.08107889939860646	-0.6595056457080426	0.0	(-0.6595056457080426+0j)
-0.7449920416121038	-0.5550131420653706	-0.0787828034747695	-0.633521780426495	0.0	(-0.633521780426495+0j)
-0.7295986019432299	-0.5323141199575157	-0.07651901853126113	-0.6085455363847256	0.0	(-0.6085455363847256+0j)
-0.7145256678747282	-0.5105469300518263	-0.07428910166557295	-0.5845358174115548	0.0	(-0.5845358174115548+0j)
-0.6997649244528762	-0.48967094949453954	-0.07209446055072481	-0.5614534409245168	0.0	(-0.5614534409245168+0j)
-0.6853083307291001	-0.4696475081667057	-0.06993635693108362	-0.5392610300431121	0.0	(-0.5392610300431121+0j)
-0.6711481090697825	-0.4504397843079447	-0.06781591072153294	-0.5179229127446909	0.0	(-0.5179229127446909+0j)
-0.6572767349506936	-0.4320127063074443	-0.06573410461437051	-0.49740502755157495	0.0	(-0.49740502755157495+0j)
-0.6436869272111243	-0.4143328602624992	-0.06369178910440164	-0.47767483527716637	0.0	(-0.47767483527716637+0j)
-0.6303716387442216	-0.39736840293307546	-0.06168968784914047	-0.4587012364088481	0.0	(-0.4587012364088481+0j)
-0.6173240476013827	-0.3810889797469542	-0.05972840328767232	-0.44045449374482415	0.0	(-0.44045449374482415+0j)
-0.6045375484898089	-0.365465647534068	-0.05780842244842542	-0.4229061599373959	0.0	(-0.4229061599373959+0j)
-0.5920057446435135	-0.35047080169092093	-0.05593012288274078	-0.40602900963200134	0.0	(-0.40602900963200134+0j)
-0.5797224400491665	-0.3360781074965595	-0.05409377866761593	-0.3897969759168973	0.0	(-0.3897969759168973+0j)
-0.5676816320092142	-0.32226243532064486	-0.052299566427265985	-0.3741850908193213	0.0	(-0.3741850908193213+0j)
-0.5558775040256674	-0.30899979948180584	-0.050547571329127745	-0.35916942961043735	0.0	(-0.35916942961043735+0j)
-0.544304418988884	-0.2962673005308266	-0.04883779301559511	-0.3447270586885877	0.0	(-0.3447270586885877+0j)
-0.5329569126565085	-0.2840430707483572	-0.04717015143808491	-0.33083598682509746	0.0	(-0.33083598682509746+0j)
-0.5218296874085603	-0.27230622266091575	-0.04554449256497239	-0.3174751195654602	0.0	(-0.3174751195654602+0j)
-0.5109176062654007	-0.261036800391967	-0.04396059393949662	-0.3046242165835765	0.0	(-0.3046242165835765+0j)
-0.5002156871560363	-0.2502157336769855	-0.0424181700679201	-0.2922638517904251	0.0	(-0.2922638517904251+0j)
-0.489719097424872	-0.2398247943826313	-0.0409168776220311	-0.2803753760046652	0.0	(-0.2803753760046652+0j)
-0.47942314856567775	-0.22984655538062793	-0.0394563204435228	-0.2689408819938036	0.0	(-0.2689408819938036+0j)
-0.4693232911721022	-0.22026435163661381	-0.03803605434087091	-0.25794317169916586	0.0	(-0.25794317169916586+0j)
-0.4594151100946494	-0.21106224338327884	-0.03665559167208926	-0.24736572546445487	0.0	(-0.24736572546445487+0j)
-0.44969431979454255	-0.2022249812554763	-0.03531440570918188	-0.23719267309231826	0.0	(-0.23719267309231826+0j)
-0.44015675988541014	-0.1937379732728226	-0.03401193478225463	-0.22740876656366293	0.0	(-0.22740876656366293+0j)
-0.4307983908541856	-0.18558725356255565	-0.03274758620311652	-0.21799935426259245	0.0	(-0.21799935426259245+0j)
-0.4216152899530627	-0.1777594527222051	-0.03152073996981586	-0.2089503565620541	0.0	(-0.2089503565620541+0j)
-0.41260364725475723	-0.17024176972792815	-0.03033075225493516	-0.20024824263851795	0.0	(-0.20024824263851795+0j)
-0.4037597618637247	-0.16302194530025169	-0.029176958681637125	-0.19188000839656053	0.0	(-0.19188000839656053+0j)
-0.39508003827635235	-0.15608823664444404	-0.0280586773924274	-0.18383315539943687	0.0	(-0.18383315539943687+0j)
-0.3865609828834897	-0.14942939348784964	-0.02697521191639747	-0.17609567071455834	0.0	(-0.17609567071455834+0j)
-0.37819920060902373	-0.1430346353413046	-0.025925853841358704	-0.16865600759714955	0.0	(-0.16865600759714955+0j)
-0.3699913916785018	-0.13689362991619455	-0.024909885297775547	-0.16150306694771743	0.0	(-0.16150306694771743+0j)
-0.3619343485121183	-0.13099647263289152	-0.023926581261792465	-0.15462617948971114	0.0	(-0.15462617948971114+0j)
-0.354024952736643	-0.1253336671601823	-0.022975211684917174	-0.14801508862366475	0.0	(-0.14801508862366475+0j)
-0.3462601723111496	-0.119896106928947	-0.022055043458098222	-0.1416599339231476	0.0	(-0.1416599339231476+0j)
-0.3386370587616388	-0.11467505756673362	-0.021165342218030514	-0.13555123524224985	0.0	(-0.13555123524224985+0j)
-0.33115274451989835	-0.10966214020306106	-0.020305374003541515	-0.1296798774108154	0.0	(-0.1296798774108154+0j)
-0.32380444036215683	-0.10484931559824957	-0.01947440676987433	-0.12403709549624291	0.0	(-0.12403709549624291+0j)
-0.31658943294330893	-0.10022886905136591	-0.018671711768587784	-0.11861446061268321	0.0	(-0.11861446061268321+0j)
-0.3095050824226829	-0.09579339604547173	-0.017896564800664733	-0.11340386626030384	0.0	(-0.11340386626030384+0j)
-0.3025488201775176	-0.09153578859080788	-0.017148247350243923	-0.1083975151765902	0.0	(-0.1083975151765902+0j)
-0.29571814660049234	-0.08744922222883028	-0.016426047606192956	-0.10358790668354692	0.0	(-0.10358790668354692+0j)
-0.28901062897782787	-0.08352714366215967	-0.015729261378514686	-0.09896782451208197	0.0	(-0.09896782451208197+0j)
-0.28242389944463353	-0.07976325897751248	-0.015057192916342055	-0.09453032508755742	0.0	(-0.09453032508755742+0j)
-0.27595565301433805	-0.07615152243056975	-0.014409155634012849	-0.09026872625830817	0.0	(-0.09026872625830817+0j)
-0.26960364567917633	-0.07268612576350285	-0.013784472751459942	-0.0861765964507722	0.0	(-0.0861765964507722+0j)
-0.26336569257885506	-0.06936148802754	-0.013182477854874336	-0.0822477442351881	0.0	(-0.0822477442351881+0j)
-0.2572396662346413	-0.06617224588450965	-0.01260251538332896	-0.07847620828731107	0.0	(-0.07847620828731107+0j)
-0.2512234948462501	-0.06311324436276386	-0.012043941046770978	-0.07485624773314768	0.0	(-0.07485624773314768+0j)
-0.24531516064902248	-0.060179528044255706	-0.01150612218052488	-0.07138233286618041	0.0	(-0.07138233286618041+0j)
-0.23951269832899913	-0.05736633266083814	-0.01098843804116817	-0.06804913622800406	0.0	(-0.06804913622800406+0j)
-0.2338141934936016	-0.05466907707906337	-0.010490280048388034	-0.06485152404670778	0.0	(-0.06485152404670778+0j)
-0.22821778119573657	-0.052083355653905095	-0.010011051977156238	-0.061784548028501196	0.0	(-0.061784548028501196+0j)
-0.22272164450923196	-0.049604930932896696	-0.009550170104318523	-0.05884343750089499	0.0	(-0.05884343750089499+0j)
-0.21732401315361113	-0.04722972669319094	-0.009107063313443797	-0.05602359190638626	0.0	(-0.05602359190638626+0j)
-0.21202316216629263	-0.04495382129499403	-0.00868117316154382	-0.053320573647050555	0.0	(-0.053320573647050555+0j)
-0.20681741062039433	-0.0427734413357248	-0.008271953911051788	-0.05073010127992492	0.0	(-0.05073010127992492+0j)
-0.20170512038639057	-0.04068495559008831	-0.007878872530226178	-0.04824804306257939	0.0	(-0.04824804306257939+0j)
-0.19668469493595742	-0.03868486922205063	-0.007501408664938591	-0.04587041084632175	0.0	(-0.04587041084632175+0j)
-0.1917545781864028	-0.03676981825544526	-0.007139054584610061	-0.04359335431247774	0.0	(-0.04359335431247774+0j)
-0.18691325338415507	-0.034936564290649355	-0.00679131510486819	-0.04141315554400757	0.0	(-0.04141315554400757+0j)
-0.1821592420258436	-0.03318198945542987	-0.00645770748931962	-0.03932622392160463	0.0	(-0.03932622392160463+0j)
-0.17749110281557054	-0.031503091578687435	-0.006137761332656311	-0.037329091330133075	0.0	(-0.037329091330133075+0j)
-0.17290743065703004	-0.029896979576415652	-0.005831018427169821	-0.03541840765817496	0.0	(-0.03541840765817496+0j)
-0.16840685567919006	-0.02836086903975155	-0.005537032614572612	-0.03359093657072364	0.0	(-0.03359093657072364+0j)
-0.16398804229430336	-0.02689207801551823	-0.0052553696249008075	-0.031843551533166	0.0	(-0.031843551533166+0j)
-0.15964968828706846	-0.025488022970158127	-0.004985606904129303	-0.030173232063294256	0.0	(-0.030173232063294256+0j)
-0.15539052393380848	-0.024146214928423504	-0.004727333432008596	-0.02857706018790445	0.0	(-0.02857706018790445+0j)
-0.15120931115058361	-0.02286425577863401	-0.00448014953150222	-0.027052217080485545	0.0	(-0.027052217080485545+0j)
-0.14710484266919818	-0.02163983473672955	-0.004243666671108204	-0.025595979858179744	0.0	(-0.025595979858179744+0j)
-0.1430759412401047	-0.020470724961741894	-0.004017507261232511	-0.024205718517420635	0.0	(-0.024205718517420635+0j)
-0.13912145886124935	-0.019354780315682295	-0.003801304445686937	-0.022878892990144045	0.0	(-0.022878892990144045+0j)
-0.13524027603194239	-0.01828993226119597	-0.0035947018892901195	-0.021613050304761856	0.0	(-0.021613050304761856+0j)
-0.13143130103087308	-0.01727418689066798	-0.0033973535624765017	-0.020405821838633653	0.0	(-0.020405821838633653+0j)
-0.127693469217426	-0.01630562208078172	-0.003208923523725371	-0.01925492065141979	0.0	(-0.01925492065141979+0j)
-0.12402574235548795	-0.015382384766829878	-0.003029085700544387	-0.018158138891056073	0.0	(-0.018158138891056073+0j)
-0.12042710795896928	-0.014502688331361244	-0.0028575236697081507	-0.017113345266042787	0.0	(-0.017113345266042787+0j)
-0.1168965786582923	-0.013664810102014318	-0.0026939304373307937	-0.016118482579920903	0.0	(-0.016118482579920903+0j)
-0.11343319158713124	-0.01286708895364282	-0.0025380082193449116	-0.015171565324994498	0.0	(-0.015171565324994498+0j)
-0.11003600778871571	-0.012107923010078304	-0.0023894682228875475	-0.01427067733387171	0.0	(-0.01427067733387171+0j)
-0.1067041116410371	-0.01138576744110291	-0.0022480304290173336	-0.013413969488201526	0.0	(-0.013413969488201526+0j)
-0.10343661030032315	-0.010699132350420918	-0.0021134233771857858	-0.012599657484464757	0.0	(-0.012599657484464757+0j)
-0.10023263316217232	-0.010046580750622607	-0.001985383951810249	-0.01182601965738876	0.0	(-0.01182601965738876+0j)
-0.09709133133976106	-0.009426726621327267	-0.0018636571712526973	-0.011091394861545468	0.0	(-0.011091394861545468+0j)
-0.09401187715856299	-0.008838233046876738	-0.0017479959795174693	-0.010394180411767725	0.0	(-0.010394180411767725+0j)
-0.09099346366703809	-0.00827981043012458	-0.0016381610408688907	-0.009732830083040109	0.0	(-0.009732830083040109+0j)
-0.08803530416277376	-0.0077502147790320915	-0.0015339205376219134	-0.009105852170394247	0.0	(-0.009105852170394247+0j)
-0.08513663173357726	-0.007248246062938754	-0.0014350499712789677	-0.00851180760899135	0.0	(-0.00851180760899135+0j)
-0.0822966988130406	-0.006772746635524317	-0.0013413319671573554	-0.007949308154465847	0.0	(-0.007949308154465847+0j)
-0.07951477675011609	-0.006322599721620802	-0.0012525560826714965	-0.007417014623430563	0.0	(-0.007417014623430563+0j)
-0.07679015539225904	-0.005896727965167291	-0.0011685186193699515	-0.006913635193631912	0.0	(-0.006913635193631912+0j)
-0.07412214268171152	-0.005494092035728001	-0.0010890224388160341	-0.006437923763173399	0.0	(-0.006437923763173399+0j)
-0.0715100642645166	-0.0051136892911152945	-0.0010138767824052763	-0.005988678367923783	0.0	(-0.005988678367923783+0j)
-0.06895326311186932	-0.004754552493774679	-0.0009428970951574911	-0.005564739656174646	0.0	(-0.005564739656174646+0j)
-0.06645109915342487	-0.004415748578698303	-0.0008759048535500469	-0.005164989419323418	0.0	(-0.005164989419323418+0j)
-0.06400294892219965	-0.004096377470737698	-0.0008127273974301019	-0.004788349177269807	0.0	(-0.004788349177269807+0j)
-0.06160820521071407	-0.0037955709492854565	-0.0007531977659658295	-0.004433778817241728	0.0	(-0.004433778817241728+0j)
-0.05926627673804003	-0.003512491558389945	-0.0006971545377476573	-0.004100275284466974	0.0	(-0.004100275284466974+0j)
-0.05697658782742883	-0.003246331560456711	-0.000644441674930718	-0.0037868713232612618	0.0	(-0.0037868713232612618+0j)
-0.05473857809420695	-0.002996311931775593	-0.0005949083714895664	-0.003492634266937096	0.0	(-0.003492634266937096+0j)
-0.05255170214364006	-0.002761681398193863	-0.0005484089055229902	-0.0032166648749766286	0.0	(-0.0032166648749766286+0j)
-0.05041542927847616	-0.0025417155093330314	-0.0005048024956000319	-0.0029580962158843307	0.0	(-0.0029580962158843307+0j)
-0.048329243215890466	-0.0023357157498206946	-0.0004639531611072556	-0.0027160925941544425	0.0	(-0.0027160925941544425+0j)
-0.04629264181356468	-0.0021430086860789975	-0.00042572958654396587	-0.0024898485198671834	0.0	(-0.0024898485198671834+0j)
-0.04430513680464409	-0.0019629451472782285	-0.00039000498981422993	-0.0022785877193176565	0.0	(-0.0022785877193176565+0j)
-0.042366253541325026	-0.0017948994391278354	-0.00035665699435583065	-0.002081562185151269	0.0	(-0.002081562185151269+0j)
-0.04047553074683558	-0.0016382685892380325	-0.0003255675050350959	-0.0018980512647990403	0.0	(-0.0018980512647990403+0j)
-0.03863252027558087	-0.0014924716228431668	-0.000296622587994122	-0.0017273607854633942	0.0	(-0.0017273607854633942+0j)
-0.03683678688123302	-0.0013569488677333812	-0.00026971235403294713	-0.0015688222146134894	0.0	(-0.0015688222146134894+0j)
-0.03508790799255519	-0.0012311612872940186	-0.00024473084579312854	-0.0014217918545349287	0.0	(-0.0014217918545349287+0j)
-0.033385473496756204	-0.001114589840602611	-0.0002215759285384422	-0.0012856500696217749	0.0	(-0.0012856500696217749+0j)
-0.0317290855301808	-0.0010067348685815285	-0.00020014918440836027	-0.0011598005453458298	0.0	(-0.0011598005453458298+0j)
-0.03011835827614827	-0.000907115505250429	-0.00018035581023312375	-0.0010436695776773323	0.0	(-0.0010436695776773323+0j)
-0.02855291776975897	-0.0008152691131666175	-0.0001621045187860659	-0.0009367053917902748	0.0	(-0.0009367053917902748+0j)
-0.027032401709496032	-0.000730750742183564	-0.00014530744333995926	-0.0008383774891052583	0.0	(-0.0008383774891052583+0j)
-0.02555645927545598	-0.00065313261069804	-0.00012988004559844057	-0.0007481760215906307	0.0	(-0.0007481760215906307+0j)
-0.024124750954048715	-0.0005820036085948744	-0.00011574102686040533	-0.000665611192236008	0.0	(-0.000665611192236008+0j)
-0.022736948369013972	-0.0005169688211352072	-0.00010281224223973595	-0.000590212681257606	0.0	(-0.000590212681257606+0j)
-0.021392734118607187	-0.00045764907306942	-9.101861838445302e-05	-0.0005215290961833321	0.0	(-0.0005215290961833321+0j)
-0.020091801618814072	-0.00040368049228977975	-8.028807361171175e-05	-0.00045912744628583905	0.0	(-0.00045912744628583905+0j)
-0.018833854952458904	-0.0003547140923702608	-7.055144177314787e-05	-0.00040259263933677364	0.0	(-0.00040259263933677364+0j)
-0.017618608724076994	-0.00031041537337212193	-6.174239850054164e-05	-0.00035152700075750053	0.0	(-0.00035152700075750053+0j)
-0.01644578792042772	-0.0002704639403236863	-5.379739064892419e-05	-0.00030554981416225916	0.0	(-0.00030554981416225916+0j)
-0.015315127776529314	-0.00023455313881141974	-4.665556858185482e-05	-0.0002642968821071864	0.0	(-0.0002642968821071864+0j)
-0.014226373647102138	-0.0002023897071469622	-4.0258720730435016e-05	-0.00022742010779555876	0.0	(-0.00022742010779555876+0j)
-0.013179280883312026	-0.0001736934446012338	-3.455121181161758e-05	-0.00019458709551414865	0.0	(-0.00019458709551414865+0j)
-0.012173614714710094	-0.00014819689522220614	-2.947992300050828e-05	-0.0001654807694376075	0.0	(-0.0001654807694376075+0j)
-0.01120915013627032	-0.00012564504677744896	-2.499419423429572e-05	-0.0001397990126481145	0.0	(-0.0001397990126481145+0j)
-0.010285671800430623	-0.00010579504438617372	-2.1045771063654684e-05	-0.00011725432139548507	0.0	(-0.00011725432139548507+0j)
-0.009402973914047756	-8.841591842826257e-05	-1.758875143309524e-05	-9.757347851057719e-05	0.0	(-9.757347851057719e-05+0j)
-0.008560860140180725	-7.328832633973514e-05	-1.457953686667679e-05	-8.049724337032338e-05	0.0	(-8.049724337032338e-05+0j)
-0.007759143504621586	-6.020430792531135e-05	-1.1976785856404604e-05	-6.578005652354608e-05	0.0	(-6.578005652354608e-05+0j)
-0.006997646307096736	-4.896705383922458e-05	-9.741367819060542e-06	-5.318976298137803e-05	0.0	(-5.318976298137803e-05+0j)
-0.006276200037065873	-3.939068690526567e-05	-7.836322311050026e-06	-4.250734866058711e-05	0.0	(-4.250734866058711e-05+0j)
-0.005594645294049687	-3.130005596623231e-05	-6.226817959031905e-06	-3.3526694313117935e-05	0.0	(-3.3526694313117935e-05+0j)
-0.0049528317124213125	-2.4530541971566232e-05	-4.880116080130392e-06	-2.60543421120118e-05	0.0	(-2.60543421120118e-05+0j)
-0.004350617890600327	-1.892787603001164e-05	-3.765534302146989e-06	-1.990927489880483e-05	0.0	(-1.990927489880483e-05+0j)
-0.0037878713245918247	-1.4347969171665024e-05	-2.85441046798951e-06	-1.492271963676667e-05	0.0	(-1.492271963676667e-05+0j)
-0.0032644683458167333	-1.065675358083944e-05	-2.1200787614361616e-06	-1.0937951992513167e-05	0.0	(-1.0937951992513167e-05+0j)
-0.0027802940631831423	-7.730035077771427e-06	-1.5378350326500367e-06	-7.810119320413172e-06	0.0	(-7.810119320413172e-06+0j)
-0.0023352423093519186	-5.453356643387282e-06	-1.084908944903873e-06	-5.406081349715084e-06	0.0	(-5.406081349715084e-06+0j)
-0.0019292155911533708	-3.72187279714925e-06	-7.404423740808852e-07	-3.604264536662197e-06	0.0	(-3.604264536662197e-06+0j)
-0.0015621250441151193	-2.440234653451663e-06	-4.854700819123536e-07	-2.294516063627381e-06	0.0	(-2.294516063627381e-06+0j)
-0.0012338903910647007	-1.5224854971617999e-06	-3.028890205314383e-07	-1.3779838579729761e-06	0.0	(-1.3779838579729761e-06+0j)
-0.0009444399047737518	-8.919667337290535e-07	-1.774424163158983e-07	-7.670572127286332e-07	0.0	(-7.670572127286332e-07+0j)
-0.0006937103746139046	-4.812340838469639e-07	-9.575160220265388e-08	-3.8509346124544e-07	0.0	(-3.8509346124544e-07+0j)
-0.00048164707719774736	-2.319839069731328e-07	-4.612957127392292e-08	-1.6654458298252837e-07	0.0	(-1.6654458298252837e-07+0j)
-0.0003082037509814372	-9.498955211902775e-08	-1.877197064459324e-08	-5.762268224563928e-08	0.0	(-5.762268224563928e-08+0j)
-0.0001733425748087175	-3.004764824131582e-08	-6.402842700481415e-09	-3.861481731505618e-08	0.0	(-3.861481731505618e-08+0j)
-7.703415037924906e-05	-5.934260324652758e-09	-0.0	-1.1438032853786554e-08	0.0	(-1.1438032853786554e-08+0j)
-1.9257488627305828e-05	-3.708508682308133e-10	-3.725290298461914e-08	-1.2077144839750531e-14	-0.056785704402974736	(-1.2077144839750531e-14-0.056785704402974736j)
1.9257488627305828e-05	3.708508682308133e-10	3.725290298461914e-08	-1.2077144839750531e-14	0.056785704402974736	(-1.2077144839750531e-14+0.056785704402974736j)
7.703415037924906e-05	5.934260324652758e-09	0.0	1.1438028662171378e-08	0.0	(1.1438028662171378e-08+0j)
0.0001733425748087175	3.004764824131582e-08	6.402842700481415e-09	3.861480480937486e-08	0.0	(3.861480480937486e-08+0j)
0.0003082037509814372	9.498955211902775e-08	1.877197064459324e-08	5.762266251418433e-08	0.0	(5.762266251418433e-08+0j)
0.00048164707719774736	2.319839069731328e-07	4.612957127392292e-08	1.6654457500195274e-07	0.0	(1.6654457500195274e-07+0j)
0.0006937103746139046	4.812340838469639e-07	9.575160220265388e-08	3.850934257958289e-07	0.0	(3.850934257958289e-07+0j)
0.0009444399047737518	8.919667337290535e-07	1.774424163158983e-07	7.670571779392409e-07	0.0	(7.670571779392409e-07+0j)
0.0012338903910647007	1.5224854971617999e-06	3.028890205314383e-07	1.3779838532300164e-06	0.0	(1.3779838532300164e-06+0j)
0.0015621250441151193	2.440234653451663e-06	4.854700819123536e-07	2.294516045363638e-06	0.0	(2.294516045363638e-06+0j)
0.0019292155911533708	3.72187279714925e-06	7.404423740808852e-07	3.6042645202535453e-06	0.0	(3.6042645202535453e-06+0j)
0.0023352423093519186	5.453356643387282e-06	1.084908944903873e-06	5.406081344917469e-06	0.0	(5.406081344917469e-06+0j)
0.0027802940631831423	7.730035077771427e-06	1.5378350326500367e-06	7.810119295952482e-06	0.0	(7.810119295952482e-06+0j)
0.0032644683458167333	1.065675358083944e-05	2.1200787614361616e-06	1.0937952007331471e-05	0.0	(1.0937952007331471e-05+0j)
0.0037878713245918247	1.4347969171665024e-05	2.85441046798951e-06	1.492271961876422e-05	0.0	(1.492271961876422e-05+0j)
0.004350617890600327	1.892787603001164e-05	3.765534302146989e-06	1.9909274906492422e-05	0.0	(1.9909274906492422e-05+0j)
0.0049528317124213125	2.4530541971566232e-05	4.880116080130392e-06	2.6054342106202997e-05	0.0	(2.6054342106202997e-05+0j)
0.005594645294049687	3.130005596623231e-05	6.226817959031905e-06	3.3526694301101994e-05	0.0	(3.3526694301101994e-05+0j)
0.006276200037065873	3.939068690526567e-05	7.836322311050026e-06	4.250734867605687e-05	0.0	(4.250734867605687e-05+0j)
0.006997646307096736	4.896705383922458e-05	9.741367819060542e-06	5.318976301633616e-05	0.0	(5.318976301633616e-05+0j)
0.007759143504621586	6.020430792531135e-05	1.1976785856404604e-05	6.578005653429498e-05	0.0	(6.578005653429498e-05+0j)
0.008560860140180725	7.328832633973514e-05	1.457953686667679e-05	8.049724337942483e-05	0.0	(8.049724337942483e-05+0j)
0.009402973914047756	8.841591842826257e-05	1.758875143309524e-05	9.757347851067208e-05	0.0	(9.757347851067208e-05+0j)
0.010285671800430623	0.00010579504438617372	2.1045771063654684e-05	0.00011725432138774645	0.0	(0.00011725432138774645+0j)
0.01120915013627032	0.00012564504677744896	2.499419423429572e-05	0.00013979901265553116	0.0	(0.00013979901265553116+0j)
0.012173614714710094	0.00014819689522220614	2.947992300050828e-05	0.00016548076944857787	0.0	(0.00016548076944857787+0j)
0.013179280883312026	0.0001736934446012338	3.455121181161758e-05	0.00019458709552171358	0.0	(0.00019458709552171358+0j)
0.014226373647102138	0.0002023897071469622	4.0258720730435016e-05	0.00022742010781928024	0.0	(0.00022742010781928024+0j)
0.015315127776529314	0.00023455313881141974	4.665556858185482e-05	0.00026429688213762783	0.0	(0.00026429688213762783+0j)
0.01644578792042772	0.0002704639403236863	5.379739064892419e-05	0.0003055498141635645	0.0	(0.0003055498141635645+0j)
0.017618608724076994	0.00031041537337212193	6.174239850054164e-05	0.000351527000746904	0.0	(0.000351527000746904+0j)
0.018833854952458904	0.0003547140923702608	7.055144177314787e-05	0.00040259263934143424	0.0	(0.00040259263934143424+0j)
0.020091801618814072	0.00040368049228977975	8.028807361171175e-05	0.00045912744629030835	0.0	(0.00045912744629030835+0j)
0.021392734118607187	0.00045764907306942	9.101861838445302e-05	0.0005215290961946145	0.0	(0.0005215290961946145+0j)
0.022736948369013972	0.0005169688211352072	0.00010281224223973595	0.0005902126812486524	0.0	(0.0005902126812486524+0j)
0.024124750954048715	0.0005820036085948744	0.00011574102686040533	0.0006656111922345307	0.0	(0.0006656111922345307+0j)
0.02555645927545598	0.00065313261069804	0.00012988004559844057	0.0007481760216046591	0.0	(0.0007481760216046591+0j)
0.027032401709496032	0.000730750742183564	0.00014530744333995926	0.0008383774891192555	0.0	(0.0008383774891192555+0j)
0.02855291776975897	0.0008152691131666175	0.0001621045187860659	0.0009367053918069272	0.0	(0.0009367053918069272+0j)
0.03011835827614827	0.000907115505250429	0.00018035581023312375	0.0010436695776825013	0.0	(0.0010436695776825013+0j)
0.0317290855301808	0.0010067348685815285	0.00020014918440836027	0.0011598005453579124	0.0	(0.0011598005453579124+0j)
0.033385473496756204	0.001114589840602611	0.0002215759285384422	0.0012856500696243102	0.0	(0.0012856500696243102+0j)
0.03508790799255519	0.0012311612872940186	0.00024473084579312854	0.0014217918545624906	0.0	(0.0014217918545624906+0j)
0.03683678688123302	0.0013569488677333812	0.00026971235403294713	0.0015688222146229215	0.0	(0.0015688222146229215+0j)
0.03863252027558087	0.0014924716228431668	0.000296622587994122	0.0017273607854861113	0.0	(0.0017273607854861113+0j)
0.04047553074683558	0.0016382685892380325	0.0003255675050350959	0.0018980512647999769	0.0	(0.0018980512647999769+0j)
0.042366253541325026	0.0017948994391278354	0.00035665699435583065	0.0020815621851579206	0.0	(0.0020815621851579206+0j)
0.04430513680464409	0.0019629451472782285	0.00039000498981422993	0.0022785877193222527	0.0	(0.0022785877193222527+0j)
0.04629264181356468	0.0021430086860789975	0.00042572958654396587	0.0024898485198698995	0.0	(0.0024898485198698995+0j)
0.048329243215890466	0.0023357157498206946	0.0004639531611072556	0.0027160925941546346	0.0	(0.0027160925941546346+0j)
0.05041542927847616	0.0025417155093330314	0.0005048024956000319	0.0029580962158772582	0.0	(0.0029580962158772582+0j)
0.05255170214364006	0.002761681398193863	0.0005484089055229902	0.0032166648749830558	0.0	(0.0032166648749830558+0j)
0.05473857809420695	0.002996311931775593	0.0005949083714895664	0.003492634266927431	0.0	(0.003492634266927431+0j)
0.05697658782742883	0.003246331560456711	0.000644441674930718	0.003786871323249233	0.0	(0.003786871323249233+0j)
0.05926627673804003	0.003512491558389945	0.0006971545377476573	0.004100275284451188	0.0	(0.004100275284451188+0j)
0.06160820521071407	0.0037955709492854565	0.0007531977659658295	0.0044337788172338	0.0	(0.0044337788172338+0j)
0.06400294892219965	0.004096377470737698	0.0008127273974301019	0.004788349177231449	0.0	(0.004788349177231449+0j)
0.06645109915342487	0.004415748578698303	0.0008759048535500469	0.005164989419301912	0.0	(0.005164989419301912+0j)
0.06895326311186932	0.004754552493774679	0.0009428970951574911	0.005564739656101534	0.0	(0.005564739656101534+0j)
0.0715100642645166	0.0051136892911152945	0.0010138767824052763	0.0059886783679172625	0.0	(0.0059886783679172625+0j)
0.07412214268171152	0.005494092035728001	0.0010890224388160341	0.006437923763198272	0.0	(0.006437923763198272+0j)
0.07679015539225904	0.005896727965167291	0.0011685186193699515	0.00691363519365047	0.0	(0.00691363519365047+0j)
0.07951477675011609	0.006322599721620802	0.0012525560826714965	0.007417014623530654	0.0	(0.007417014623530654+0j)
0.0822966988130406	0.006772746635524317	0.0013413319671573554	0.007949308154487291	0.0	(0.007949308154487291+0j)
0.08513663173357726	0.007248246062938754	0.0014350499712789677	0.008511807609058801	0.0	(0.008511807609058801+0j)
0.08803530416277376	0.0077502147790320915	0.0015339205376219134	0.009105852170400268	0.0	(0.009105852170400268+0j)
0.09099346366703809	0.00827981043012458	0.0016381610408688907	0.009732830083043039	0.0	(0.009732830083043039+0j)
0.09401187715856299	0.008838233046876738	0.0017479959795174693	0.01039418041176434	0.0	(0.01039418041176434+0j)
0.09709133133976106	0.009426726621327267	0.0018636571712526973	0.011091394861560827	0.0	(0.011091394861560827+0j)
0.10023263316217232	0.010046580750622607	0.001985383951810249	0.011826019657389854	0.0	(0.011826019657389854+0j)
0.10343661030032315	0.010699132350420918	0.0021134233771857858	0.012599657484442014	0.0	(0.012599657484442014+0j)
0.1067041116410371	0.01138576744110291	0.0022480304290173336	0.013413969488195652	0.0	(0.013413969488195652+0j)
0.11003600778871571	0.012107923010078304	0.0023894682228875475	0.014270677333820135	0.0	(0.014270677333820135+0j)
0.11343319158713124	0.01286708895364282	0.0025380082193449116	0.015171565324993103	0.0	(0.015171565324993103+0j)
0.1168965786582923	0.013664810102014318	0.0026939304373307937	0.016118482579945526	0.0	(0.016118482579945526+0j)
0.12042710795896928	0.014502688331361244	0.0028575236697081507	0.01711334526604049	0.0	(0.01711334526604049+0j)
0.12402574235548795	0.015382384766829878	0.003029085700544387	0.018158138891063973	0.0	(0.018158138891063973+0j)
0.127693469217426	0.01630562208078172	0.003208923523725371	0.0192549206514203	0.0	(0.0192549206514203+0j)
0.13143130103087308	0.01727418689066798	0.0033973535624765017	0.020405821838649977	0.0	(0.020405821838649977+0j)
0.13524027603194239	0.01828993226119597	0.0035947018892901195	0.02161305030477517	0.0	(0.02161305030477517+0j)
0.13912145886124935	0.019354780315682295	0.003801304445686937	0.02287889299023059	0.0	(0.02287889299023059+0j)
0.1430759412401047	0.020470724961741894	0.004017507261232511	0.024205718517414595	0.0	(0.024205718517414595+0j)
0.14710484266919818	0.02163983473672955	0.004243666671108204	0.025595979858140695	0.0	(0.025595979858140695+0j)
0.15120931115058361	0.02286425577863401	0.00448014953150222	0.027052217080484553	0.0	(0.027052217080484553+0j)
0.15539052393380848	0.024146214928423504	0.004727333432008596	0.028577060187926346	0.0	(0.028577060187926346+0j)
0.15964968828706846	0.025488022970158127	0.004985606904129303	0.030173232063293837	0.0	(0.030173232063293837+0j)
0.16398804229430336	0.02689207801551823	0.0052553696249008075	0.03184355153314545	0.0	(0.03184355153314545+0j)
0.16840685567919006	0.02836086903975155	0.005537032614572612	0.033590936570732276	0.0	(0.033590936570732276+0j)
0.17290743065703004	0.029896979576415652	0.005831018427169821	0.03541840765819239	0.0	(0.03541840765819239+0j)
0.17749110281557054	0.031503091578687435	0.006137761332656311	0.03732909133013685	0.0	(0.03732909133013685+0j)
0.1821592420258436	0.03318198945542987	0.00645770748931962	0.03932622392161429	0.0	(0.03932622392161429+0j)
0.18691325338415507	0.034936564290649355	0.00679131510486819	0.0414131555440009	0.0	(0.0414131555440009+0j)
0.1917545781864028	0.03676981825544526	0.007139054584610061	0.04359335431250176	0.0	(0.04359335431250176+0j)
0.19668469493595742	0.03868486922205063	0.007501408664938591	0.04587041084631801	0.0	(0.04587041084631801+0j)
0.20170512038639057	0.04068495559008831	0.007878872530226178	0.048248043062590534	0.0	(0.048248043062590534+0j)
0.20681741062039433	0.0427734413357248	0.008271953911051788	0.050730101279918914	0.0	(0.050730101279918914+0j)
0.21202316216629263	0.04495382129499403	0.00868117316154382	0.053320573647058674	0.0	(0.053320573647058674+0j)
0.21732401315361113	0.04722972669319094	0.009107063313443797	0.05602359190639136	0.0	(0.05602359190639136+0j)
0.22272164450923196	0.049604930932896696	0.009550170104318523	0.05884343750091778	0.0	(0.05884343750091778+0j)
0.22821778119573657	0.052083355653905095	0.010011051977156238	0.06178454802849759	0.0	(0.06178454802849759+0j)
0.2338141934936016	0.05466907707906337	0.010490280048388034	0.06485152404671005	0.0	(0.06485152404671005+0j)
0.23951269832899913	0.05736633266083814	0.01098843804116817	0.06804913622801813	0.0	(0.06804913622801813+0j)
0.24531516064902248	0.060179528044255706	0.01150612218052488	0.07138233286623026	0.0	(0.07138233286623026+0j)
0.2512234948462501	0.06311324436276386	0.012043941046770978	0.07485624773316463	0.0	(0.07485624773316463+0j)
0.2572396662346413	0.06617224588450965	0.01260251538332896	0.07847620828733534	0.0	(0.07847620828733534+0j)
0.26336569257885506	0.06936148802754	0.013182477854874336	0.08224774423521922	0.0	(0.08224774423521922+0j)
0.26960364567917633	0.07268612576350285	0.013784472751459942	0.08617659645078987	0.0	(0.08617659645078987+0j)
0.27595565301433805	0.07615152243056975	0.014409155634012849	0.09026872625816569	0.0	(0.09026872625816569+0j)
0.28242389944463353	0.07976325897751248	0.015057192916342055	0.09453032508756301	0.0	(0.09453032508756301+0j)
0.28901062897782787	0.08352714366215967	0.015729261378514686	0.09896782451208025	0.0	(0.09896782451208025+0j)
0.29571814660049234	0.08744922222883028	0.016426047606192956	0.103587906683537	0.0	(0.103587906683537+0j)
0.3025488201775176	0.09153578859080788	0.017148247350243923	0.10839751517661586	0.0	(0.10839751517661586+0j)
0.3095050824226829	0.09579339604547173	0.017896564800664733	0.11340386626033447	0.0	(0.11340386626033447+0j)
0.31658943294330893	0.10022886905136591	0.018671711768587784	0.11861446061279124	0.0	(0.11861446061279124+0j)
0.32380444036215683	0.10484931559824957	0.01947440676987433	0.12403709549626261	0.0	(0.12403709549626261+0j)
0.33115274451989835	0.10966214020306106	0.020305374003541515	0.1296798774108766	0.0	(0.1296798774108766+0j)
0.3386370587616388	0.11467505756673362	0.021165342218030514	0.13555123524225213	0.0	(0.13555123524225213+0j)
0.3462601723111496	0.119896106928947	0.022055043458098222	0.14165993392319318	0.0	(0.14165993392319318+0j)
0.354024952736643	0.1253336671601823	0.022975211684917174	0.14801508862370155	0.0	(0.14801508862370155+0j)
0.3619343485121183	0.13099647263289152	0.023926581261792465	0.1546261794897471	0.0	(0.1546261794897471+0j)
0.3699913916785018	0.13689362991619455	0.024909885297775547	0.16150306694776642	0.0	(0.16150306694776642+0j)
0.37819920060902373	0.1430346353413046	0.025925853841358704	0.1686560075971118	0.0	(0.1686560075971118+0j)
0.3865609828834897	0.14942939348784964	0.02697521191639747	0.17609567071446663	0.0	(0.17609567071446663+0j)
0.39508003827635235	0.15608823664444404	0.0280586773924274	0.1838331553993991	0.0	(0.1838331553993991+0j)
0.4037597618637247	0.16302194530025169	0.029176958681637125	0.19188000839658892	0.0	(0.19188000839658892+0j)
0.41260364725475723	0.17024176972792815	0.03033075225493516	0.20024824263854207	0.0	(0.20024824263854207+0j)
0.4216152899530627	0.1777594527222051	0.03152073996981586	0.20895035656207359	0.0	(0.20895035656207359+0j)
0.4307983908541856	0.18558725356255565	0.03274758620311652	0.2179993542626104	0.0	(0.2179993542626104+0j)
0.44015675988541014	0.1937379732728226	0.03401193478225463	0.22740876656363376	0.0	(0.22740876656363376+0j)
0.44969431979454255	0.2022249812554763	0.03531440570918188	0.23719267309215222	0.0	(0.23719267309215222+0j)
0.4594151100946494	0.21106224338327884	0.03665559167208926	0.2473657254643829	0.0	(0.2473657254643829+0j)
0.4693232911721022	0.22026435163661381	0.03803605434087091	0.257943171699091	0.0	(0.257943171699091+0j)
0.47942314856567775	0.22984655538062793	0.0394563204435228	0.2689408819937225	0.0	(0.2689408819937225+0j)
0.489719097424872	0.2398247943826313	0.0409168776220311	0.28037537600452805	0.0	(0.28037537600452805+0j)
0.5002156871560363	0.2502157336769855	0.0424181700679201	0.2922638517903578	0.0	(0.2922638517903578+0j)
0.5109176062654007	0.261036800391967	0.04396059393949662	0.3046242165834793	0.0	(0.3046242165834793+0j)
0.5218296874085603	0.27230622266091575	0.04554449256497239	0.3174751195653596	0.0	(0.3174751195653596+0j)
0.5329569126565085	0.2840430707483572	0.04717015143808491	0.3308359868250306	0.0	(0.3308359868250306+0j)
0.544304418988884	0.2962673005308266	0.04883779301559511	0.3447270586886288	0.0	(0.3447270586886288+0j)
0.5558775040256674	0.30899979948180584	0.050547571329127745	0.3591694296103526	0.0	(0.3591694296103526+0j)
0.5676816320092142	0.32226243532064486	0.052299566427265985	0.3741850908192529	0.0	(0.3741850908192529+0j)
0.5797224400491665	0.3360781074965595	0.05409377866761593	0.3897969759169065	0.0	(0.3897969759169065+0j)
0.5920057446435135	0.35047080169092093	0.05593012288274078	0.40602900963200383	0.0	(0.40602900963200383+0j)
0.6045375484898089	0.365465647534068	0.05780842244842542	0.422906159937254	0.0	(0.422906159937254+0j)
0.6173240476013827	0.3810889797469542	0.05972840328767232	0.4404544937447326	0.0	(0.4404544937447326+0j)
0.6303716387442216	0.39736840293307546	0.06168968784914047	0.4587012364087659	0.0	(0.4587012364087659+0j)
0.6436869272111243	0.4143328602624992	0.06369178910440164	0.477674835276998	0.0	(0.477674835276998+0j)
0.6572767349506936	0.4320127063074443	0.06573410461437051	0.4974050275514123	0.0	(0.4974050275514123+0j)
0.6711481090697825	0.4504397843079447	0.06781591072153294	0.5179229127443641	0.0	(0.5179229127443641+0j)
0.6853083307291001	0.4696475081667057	0.06993635693108362	0.5392610300427615	0.0	(0.5392610300427615+0j)
0.6997649244528762	0.48967094949453954	0.07209446055072481	0.5614534409242012	0.0	(0.5614534409242012+0j)
0.7145256678747282	0.5105469300518263	0.07428910166557295	0.5845358174112636	0.0	(0.5845358174112636+0j)
0.7295986019432299	0.5323141199575157	0.07651901853126113	0.6085455363849093	0.0	(0.6085455363849093+0j)
0.7449920416121038	0.5550131420653706	0.0787828034747695	0.6335217804263398	0.0	(0.6335217804263398+0j)
0.7607145870414965	0.5786866829377146	0.08107889939860646	0.6595056457078776	0.0	(0.6595056457078776+0j)
0.776775135338431	0.6033796108800378	0.08340559698950653	0.6865402574880897	0.0	(0.6865402574880897+0j)
0.7931828928662812	0.6291391015357225	0.08576103273759642	0.7146708938378792	0.0	(0.7146708938378792+0j)
0.8099473881549796	0.6560147715790732	0.08814318787575742	0.7439451182587045	0.0	(0.7439451182587045+0j)
0.8270784854456875	0.6840588210871323	0.09054988835142169	0.7744129219090083	0.0	(0.7744129219090083+0j)
0.8445863989057804	0.7133261852166339	0.09297880594396979	0.8061268762142765	0.0	(0.8061268762142765+0j)
0.8624817075523156	0.743874695862358	0.09542746063995147	0.8391422966703309	0.0	(0.8391422966703309+0j)
0.8807753709246038	0.7757652540273734	0.09789322437517717	0.8735174187195843	0.0	(0.8735174187195843+0j)
0.89947874554915	0.8090620136946725	0.10037332624699954	0.9093135866081489	0.0	(0.9093135866081489+0j)
0.9186036022430514	0.8438325780539101	0.1028648592914645	0.9465954562041113	0.0	(0.9465954562041113+0j)
0.9381621443049951	0.8801482090069465	0.10536478890814382	0.985431212789813	0.0	(0.985431212789813+0j)
0.9581670266462455	0.918084050952107	0.10786996300005025	1.0258928049118843	0.0	(1.0258928049118843+0j)
0.9786313759175298	0.9577193699302375	0.11037712387683124	1.0680561954230878	0.0	(1.0680561954230878+0j)
0.9995688116914875	0.9991378093063323	0.1128829219462397	1.112001630906989	0.0	(1.112001630906989+0j)
1.020993468764418	1.0424276632595986	0.11538393119158785	1.1578139307594335	0.0	(1.1578139307594335+0j)
1.0429200206454015	1.0876821694630046	0.11787666640150576	1.2055827972584727	0.0	(1.2055827972584727+0j)
1.065363704305586	1.13499982245172	0.12035760208300855	1.2554031480468422	0.0	(1.2554031480468422+0j)
1.0883403462654702	1.1844847093092434	0.122823192949931	1.3073754725371862	0.0	(1.3073754725371862+0j)
1.1118663901034846	1.2362468694417543	0.12526989583674358	1.361606213852398	0.0	(1.361606213852398+0j)
1.1359589254750273	1.2904026803663786	0.1276941928433388	1.4182081780211386	0.0	(1.4182081780211386+0j)
1.1606357187374863	1.3470752716092813	0.130092615470561	1.47730097228482	0.0	(1.47730097228482+0j)
1.1859152452835946	1.4063949689960484	0.13246176946025387	1.5390114745025603	0.0	(1.5390114745025603+0j)
1.2118167236928987	1.4684997718217911	0.13479836000891102	1.6034743358159673	0.0	(1.6034743358159673+0j)
1.2383601518190859	1.5335358656133895	0.13709921698234112	1.6708325189051865	0.0	(1.6708325189051865+0j)
1.2655663449395995	1.6016581734437774	0.139361319722035	1.7412378743936692	0.0	(1.7412378743936692+0j)
1.2934569761033048	1.6730309490303052	0.14158182100423	1.8148517581934742	0.0	(1.8148517581934742+0j)
1.3220546188221383	1.7478284151489494	0.14375806969218807	1.8918456928651013	0.0	(1.8918456928651013+0j)
1.3513827922636295	1.826235451226244	0.14588763161309365	1.9724020763806764	0.0	(1.9724020763806764+0j)
1.3814660091131397	1.9084483343349852	0.14796830819528684	2.056714942057341	0.0	(2.056714942057341+0j)
1.4123298262875472	1.9946755382214134	0.1499981524210237	2.1449907738352674	0.0	(2.1449907738352674+0j)
1.4440008986961979	2.085138595435427	0.15197548168594815	2.237449381561909	0.0	(2.237449381561909+0j)
1.4765070362601456	2.180073028125719	0.1538988872096903	2.3343248414818296	0.0	(2.3343248414818296+0j)
1.5098772644173457	2.279729353604407	0.15576723971245224	2.4358665077443127	0.0	(2.4358665077443127+0j)
1.544141888359463	2.3843741713863285	0.15757969115915488	2.5423401014324143	0.0	(2.5423401014324143+0j)
1.579332561265664	2.494291339073962	0.15933567247373187	2.654028884370399	0.0	(2.654028884370399+0j)
1.6154823568201164	2.609783245197078	0.1610348872384	2.7712349258366444	0.0	(2.7712349258366444+0j)
1.6526258463233479	2.731172187935962	0.1626773015120842	2.894280471229472	0.0	(2.894280471229472+0j)
1.6907991807330216	2.858801869567457	0.16426313002350101	3.0235094227805903	0.0	(3.0235094227805903+0j)
1.7300401779976016	2.993039017485973	0.16579281911183633	3.1592889435331872	0.0	(3.1592889435331872+0j)
1.7703884160767358	3.1342751437786935	0.16726702689513692	3.3020111970443495	0.0	(3.3020111970443495+0j)
1.8118853320755182	3.282928456590411	0.16868660123708148	3.452095236616978	0.0	(3.452095236616978+0j)
1.8545743279562	3.4394459379141904	0.17005255615075013	3.609989059338616	0.0	(3.609989059338616+0j)
1.89850088333086	3.604305604008056	0.1713660473183926	3.7761718418080323	0.0	(3.7761718418080323+0j)
1.9437126758822836	3.778018966385467	0.172628347415533	3.9511563761979374	0.0	(3.9511563761979374+0j)
1.9902597100084227	3.961133713282811	0.1738408219045284	4.13549172722568	0.0	(4.13549172722568+0j)
2.0381944543385164	4.154236633696283	0.1750049059077084	4.329766132742982	0.0	(4.329766132742982+0j)
2.0875719888270416	4.35795680853529	0.17612208268667176	4.53461017303623	0.0	(4.53461017303623+0j)
2.13845016219549	4.572969096193918	0.17719386414772909	4.750700236559904	0.0	(4.750700236559904+0j)
2.1908897605623596	4.799997942936994	0.17822177367133155	4.978762312815206	0.0	(4.978762312815206+0j)
2.2449546881792823	5.039821551978139	0.17920733143437934	5.219576146424109	0.0	(5.219576146424109+0j)
2.3007121612768358	5.293276449047129	0.1801520422678275	5.473979790252005	0.0	(5.473979790252005+0j)
2.358232916118114	5.561262486662943	0.1810573859767868	5.742874599722848	0.0	(5.742874599722848+0j)
2.4175914324627716	5.844748334317396	0.1819248099537797	6.027230715368973	0.0	(6.027230715368973+0j)
2.4788661737599393	6.144777507411241	0.18275572384321007	6.32809308621738	0.0	(6.32809308621738+0j)
2.542139845516731	6.462474994163829	0.18355149596905646	6.646588092947405	0.0	(6.646588092947405+0j)
2.6074996734312905	6.799054546944287	0.18431345121810538	6.983930836952551	0.0	(6.983930836952551+0j)
2.675037703037414	7.155826712671685	0.18504287007496278	7.341433169655551	0.0	(7.341433169655551+0j)
2.7448511227833454	7.534207686244992	0.18574098852789545	7.7205125457480195	0.0	(7.7205125457480195+0j)
2.8170426126629335	7.935729081558806	0.18640899860038945	8.122701794659758	0.0	(8.122701794659758+0j)
2.8917207207350946	8.362048726728695	0.18704804930604874	8.549659916683309	0.0	(8.549659916683309+0j)
2.969000270110649	8.814962603917106	0.18765924786855198	9.003184023974995	0.0	(9.003184023974995+0j)
3.0490027992569613	9.296418069876786	0.18824366108949056	9.485222562433513	0.0	(9.485222562433513+0j)
3.1318570387744358	9.808528511320977	0.18880231678217418	9.997889968478235	0.0	(9.997889968478235+0j)
3.2176994281387747	10.353589609844597	0.18933620521758765	10.543482935399956	0.0	(10.543482935399956+0j)
3.306674676284117	10.93409741477867	0.18984628054954683	11.124498487629598	0.0	(11.124498487629598+0j)
3.39893637032993	11.552768449551598	0.1903334622005587	11.743654088472606	0.0	(11.743654088472606+0j)
3.4946476372356603	12.212562108436783	0.1907986361992305	12.403910038196031	0.0	(12.403910038196031+0j)
3.5939818637085126	12.916705636665714	0.1912426564656693	13.108494455422955	0.0	(13.108494455422955+0j)
3.6971234803003905	13.668722028588473	0.1916663460444158	13.86093117652856	0.0	(13.86093117652856+0j)
3.804268816319107	14.472461226817979	0.19207049828601344	14.665070955972823	0.0	(14.665070955972823+0j)
3.915627032958444	15.332135061234949	0.19245587797900757	15.525126406445452	0.0	(15.525126406445452+0j)
4.031421142934009	16.252356431695354	0.1928232224344131	16.44571118266853	0.0	(16.44571118266853+0j)
4.1518891259130415	17.23818331387496	0.19317324252472595	17.431883988293592	0.0	(17.431883988293592+0j)
4.277285150163216	18.295168255806765	0.19350662367950008	18.489198073451774	0.0	(18.489198073451774+0j)
4.40788091213969	19.429414135605423	0.19382402683943076	19.623756993450684	0.0	(19.623756993450684+0j)
4.543967107204298	20.6476370713546	0.194126089370794	20.842277519598582	0.0	(20.842277519598582+0j)
4.685855046355183	21.957237515452334	0.19441342594200345	22.152160734449254	0.0	(22.152160734449254+0j)
4.833878435771186	23.366380731813685	0.19468662936395945	23.5615725098717	0.0	(23.5615725098717+0j)
4.988395338183129	24.884088050007175	0.19494627139578552	25.079534762022732	0.0	(25.079534762022732+0j)
5.149790337618319	26.520340521427006	0.1951929035174687	26.716029108323475	0.0	(26.716029108323475+0j)
5.318476931980488	28.28619687600858	0.19542705767084775	28.48211482495046	0.0	(28.48211482495046+0j)
5.494900181287662	30.19392800231518	0.19564924697032376	30.39006332767047	0.0	(30.39006332767047+0j)
5.679539643272203	32.25717055950054	0.19585996638460212	32.45351178452895	0.0	(32.45351178452895+0j)
5.872912632539629	34.49110278944356	0.1960596933907115	34.68763892867953	0.0	(34.68763892867953+0j)
6.075577844694438	36.91264614694191	0.19624888860148743	37.109366689256454	0.0	(37.109366689256454+0j)
6.28813939289932	39.540697024532236	0.1964279963676507	39.73759191684708	0.0	(39.73759191684708+0j)
6.511251311394057	42.396393640130825	0.1965974453555577	42.59345327177332	0.0	(42.59345327177332+0j)
6.745622588745905	45.50342410979901	0.1967576491016494	45.700639297496394	0.0	(45.700639297496394+0j)
6.9920228032587755	48.8883828812907	0.19690900654457644	49.08574485485124	0.0	(49.08574485485124+0j)
7.251288444301806	52.5811841024649	0.19705190253593383	52.77868449109119	0.0	(52.77868449109119+0j)
7.524330016657525	56.61554219957343	0.19718670833049207	56.813173018001244	0.0	(56.813173018001244+0j)
7.812140040731365	61.02953201599826	0.19731378205677372	61.2272856469682	0.0	(61.2272856469682+0j)
8.115802080094475	65.86624340326581	0.19743346916878224	66.06411256653865	0.0	(66.06411256653865+0j)
8.436500949941994	71.17454827837217	0.19754610287965338	71.37252596601357	0.0	(71.37252596601357+0j)
8.775534286370473	77.01000201126372	0.1976520045779644	77.20808135751882	0.0	(77.20808135751882+0j)
9.134325687808028	83.4359057709496	0.19775148422740088	83.6340798219494	0.0	(83.6340798219494+0j)
9.514439677583534	90.52456237837586	0.19784484075045045	90.72282374530367	0.0	(90.72282374530367+0j)
9.917598781876578	98.35876559827977	0.19793236239675996	98.5571060264446	0.0	(98.5571060264446+0j)
10.345703071874341	107.03357205139018	0.1980143270967653	107.23198201003684	0.0	(107.23198201003684+0j)
10.800852585031993	116.6584165635923	0.1980910028011733	116.85688502860815	0.0	(116.85688502860815+0j)
11.285373120608226	127.35964647134664	0.19816264780685022	127.55816109271002	0.0	(127.55816109271002+0j)
11.801846002556928	139.28356906806894	0.198229511069644	139.48211685237985	0.0	(139.48211685237985+0j)
12.35314252275965	152.60013018761268	0.19829183250464563	152.798698683144	0.0	(152.798698683144+0j)
12.942463925037897	167.50737245090735	0.1983498432743695	167.70595123867395	0.0	(167.70595123867395+0j)
13.573387972519702	184.2368610525425	0.19840376606531238	184.43544318515768	0.0	(184.43544318515768+0j)
14.249923366935638	203.06031596353833	0.19845381535332862	203.25889891351622	0.0	(203.25889891351622+0j)
14.976573570196068	224.2977559034954	0.1985001976582394	224.4963416296382	0.0	(224.4963416296382+0j)
15.758411931676982	248.32754660841945	0.19854311178807488	248.52614055785233	0.0	(248.52614055785233+0j)
16.601170469373372	275.5988609531945	0.1985827490733294	275.7974701852085	0.0	(275.7974701852085+0j)
17.511345216339368	306.6472112858117	0.19861929359159264	306.8458423188172	0.0	(306.8458423188172+0j)
18.49632176131648	342.1139186981496	0.19865292238290272	342.3125758886798	0.0	(342.3125758886798+0j)
19.56452553191485	382.770659288948	0.19868380565615143	382.969344309993	0.0	(382.969344309993+0j)
20.725602554503787	429.5506012472539	0.1987121069868562	429.74931361002905	0.0	(429.74931361002905+0j)
21.99063796447735	483.5881580847126	0.19873798350659902	483.7868961051921	0.0	(483.7868961051921+0j)
23.372421553405154	546.2700892700777	0.19876158608441813	546.4688508595069	0.0	(546.4688508595069+0j)
24.885772290912822	619.3016625151644	0.19878305950042496	619.5004455748342	0.0	(619.5004455748342+0j)
26.54793727901791	704.7929737706688	0.1988025426119065	704.9917763132845	0.0	(704.9917763132845+0j)
28.379085308632625	805.3724829546481	0.19882016851215947	805.5713031231613	0.0	(805.5713031231613+0j)
30.40292155165993	924.3376388763878	0.19883606468229262	924.5364749410716	0.0	(924.5364749410716+0j)
32.64745859752206	1065.856552876917	0.1988503531362203	1066.0554032300536	0.0	(1066.0554032300536+0j)
35.145990988493956	1235.2406825632984	0.19886315055906076	1235.4395457138576	0.0	(1235.4395457138576+0j)
37.93833703272188	1439.3174168083967	0.19887456843914184	1439.5162913768354	0.0	(1439.5162913768354+0j)
41.07243507516475	1686.9449230036234	0.19888471319380546	1687.1438077168136	0.0	(1687.1438077168136+0j)
44.60641475236486	1989.7322370599936	0.19889368628919507	1989.9311307462824	0.0	(1989.9311307462824+0j)
48.61131190080035	2363.059644716894	0.19890158435419747	2363.2585463012483	0.0	(2363.2585463012483+0j)
53.1746662886106	2827.545134905101	0.19890849928870452	2827.7440434043906	0.0	(2827.7440434043906+0j)
58.40534616997556	3411.1844612346786	0.19891451836634944	3411.3833757530483	0.0	(3411.3833757530483+0j)
64.4401021455765	4152.526764532334	0.19891972433186483	4152.725684256671	0.0	(4152.725684256671+0j)
71.45259678142344	5105.473586808683	0.19892419549320128	5105.672511004179	0.0	(5105.672511004179+0j)
79.6660394899954	6346.677848021506	0.19892800580853728	6346.876776027301	0.0	(6346.876776027301+0j)
89.3711707749886	7987.206165692176	0.19893122496830398	7987.405096917135	0.0	(7987.405096917135+0j)
100.95234989431218	10191.376949183632	0.19893391847234043	10191.575883102092	0.0	(10191.575883102092+0j)
114.92620417901293	13208.032406996168	0.19893614770228815	13208.23134314387	0.0	(13208.23134314387+0j)
132.00026008113662	17424.06866148771	0.19893796998932667	17424.267599457697	0.0	(17424.267599457697+0j)
153.16429722491517	23459.30194440216	0.19893943867734493	23459.500883840836	0.0	(23459.500883840836+0j)
179.8370922777698	32341.379758923096	0.19894060318163692	32341.57869952628	0.0	(32341.57869952628+0j)
214.11054347450596	45843.32482694831	0.19894150904320357	45843.52376845735	0.0	(45843.52376845735+0j)
259.17269292908765	67170.48476011516	0.19894219797873613	67170.68370231314	0.0	(67170.68370231314+0j)
320.07680939731165	102449.16391396297	0.19894270792635066	102449.3628566709	0.0	(102449.3628566709+0j)
405.22237924923235	164205.1766444087	0.19894307308713752	164205.37558748177	0.0	(164205.37558748177+0j)
529.4143094470139	280279.5110472586	0.19894332396258232	280279.7099905826	0.0	(280279.7099905826+0j)
720.7618889630762	519497.7005816218	0.19894348738791112	519497.89952510915	0.0	(519497.89952510915+0j)
1038.1045036316527	1077660.96046032	0.19894358656140537	1077661.1594039067	0.0	(1077661.1594039067+0j)
1622.3034223555637	2631868.3941865745	0.19894364106972728	2631868.5931302155	0.0	(2631868.5931302155+0j)
2884.461596072092	8320118.699214761	0.1989436669092898	8320118.898158428	0.0	(8320118.898158428+0j)
6490.627825950439	42128249.57500212	0.198943676503702	42128249.77394579	0.0	(42128249.77394579+0j)
25963.925498107445	674125427.271274	0.19894367871731233	674125427.4702177	0.0	(674125427.4702177+0j)
