-4062257.047599779	-16501932320774.072	-0.003248060063099897	-16501932320774.076	0.0	(-16501932320774.076+0j)
-507740.6449570468	-257800562541.39783	-0.003248060063099391	-257800562541.40106	0.0	(-257800562541.40106+0j)
-150421.18686009367	-22626533456.399216	-0.003248060063094046	-22626533456.402462	0.0	(-22626533456.402462+0j)
-63446.8398829024	-4025501491.1266546	-0.003248060063066972	-4025501491.129903	0.0	(-4025501491.129903+0j)
-32476.81879197138	-1054743758.8465452	-0.0032480600629742123	-1054743758.8497933	0.0	(-1054743758.8497933+0j)
-18788.82371050371	-353019896.42438644	-0.003248060062724363	-353019896.4276345	0.0	(-353019896.4276345+0j)
-11827.838413937889	-139897761.54622474	-0.003248060062152257	-139897761.5494728	0.0	(-139897761.5494728+0j)
-7920.489136472687	-62734148.16098186	-0.0032480600609866403	-62734148.164229915	0.0	(-62734148.164229915+0j)
-5560.235461968326	-30916218.392530117	-0.003248060058811739	-30916218.395778175	0.0	(-30916218.395778175+0j)
-4051.312381594628	-16413132.013261935	-0.0032480600550226	-16413132.016509995	0.0	(-16413132.016509995+0j)
-3042.068227295077	-9254179.099518213	-0.003248060048774066	-9254179.102766274	0.0	(-9254179.102766274+0j)
-2341.69741959656	-5483546.804945188	-0.003248060038923239	-5483546.808193248	0.0	(-5483546.808193248+0j)
-1840.5523873295315	-3387633.0905044377	-0.0032480600239652418	-3387633.093752498	0.0	(-3387633.093752498+0j)
-1472.5635616933432	-2168443.4432269847	-0.003248060001962097	-2168443.446475045	0.0	(-2168443.446475045+0j)
-1196.3009944823236	-1431136.0693993964	-0.003248059970464493	-1431136.0726474563	0.0	(-1431136.0726474563+0j)
-984.887256804191	-970002.9086152845	-0.003248059926426212	-970002.9118633444	0.0	(-970002.9118633444+0j)
-820.3667320751865	-673001.5750957208	-0.0032480598661109453	-673001.5783437807	0.0	(-673001.5783437807+0j)
-690.4332693822103	-476698.0994698077	-0.0032480597849912233	-476698.10271786747	0.0	(-476698.10271786747+0j)
-586.4606733385415	-343936.1213726955	-0.003248059677639141	-343936.12462075514	0.0	(-343936.12462075514+0j)
-502.28036320721014	-252285.56326356693	-0.0032480595376085594	-252285.56651162647	0.0	(-252285.56651162647+0j)
-433.40186208964224	-187837.17406276928	-0.0032480593573084087	-187837.17731082864	0.0	(-187837.17731082864+0j)
-376.5035096990875	-141754.89281573085	-0.0032480591278667187	-141754.89606379	0.0	(-141754.89606379+0j)
-329.0924221029929	-108301.82228561444	-0.003248058838984952	-108301.82553367328	0.0	(-108301.82553367328+0j)
-289.2729647092139	-83678.84811165811	-0.003248058478782206	-83678.85135971659	0.0	(-83678.85135971659+0j)
-255.58628593832233	-65324.34955974587	-0.0032480580336287966	-65324.3528078039	0.0	(-65324.3528078039+0j)
-226.8972879628321	-51482.37928488836	-0.003248057487968725	-51482.38253294585	0.0	(-51482.38253294585+0j)
-202.31382423176245	-40930.883475280476	-0.00324805682413048	-40930.8867233373	0.0	(-40930.8867233373+0j)
-181.12814487571467	-32807.40486611788	-0.0032480560221255987	-32807.4081141739	0.0	(-32807.4081141739+0j)
-162.77392945908693	-26495.35211155181	-0.003248055059434373	-26495.355359606867	0.0	(-26495.355359606867+0j)
-146.79439036751677	-21548.5930433709	-0.003248053910778041	-21548.596291424812	0.0	(-21548.596291424812+0j)
-132.81833870704781	-17640.711096900075	-0.0032480525478767717	-17640.714344952623	0.0	(-17640.714344952623+0j)
-120.54204466100386	-14530.384531055448	-0.0032480509391926995	-14530.387779106388	0.0	(-14530.387779106388+0j)
-109.71536078960258	-12037.460393192665	-0.003248049049657219	-12037.463641241715	0.0	(-12037.463641241715+0j)
-100.13101361547054	-10026.219887661546	-0.003248046840381711	-10026.223135708386	0.0	(-10026.223135708386+0j)
-91.6162724451523	-8393.541376744373	-0.003248044268350803	-8393.544624788641	0.0	(-8393.544624788641+0j)
-84.02641786968496	-7060.438900010912	-0.003248041286097228	-7060.442148052199	0.0	(-7060.442148052199+0j)
-77.23958417424923	-5965.953363410932	-0.0032480378413572847	-5965.956611448773	0.0	(-5965.956611448773+0j)
-71.15265892357522	-5062.700871894628	-0.003248033876705828	-5062.704119928505	0.0	(-5062.704119928505+0j)
-65.678002081681	-4313.599957441294	-0.0032480293291696763	-4313.603205470623	0.0	(-4313.603205470623+0j)
-60.740804923448316	-3689.445382748403	-0.00324802412981824	-3689.448630772533	0.0	(-3689.448630772533+0j)
-56.276951748412806	-3167.0952980931834	-0.0032480182033301007	-3167.098546111387	0.0	(-3167.098546111387+0j)
-52.23127923541829	-2728.106530568238	-0.0032480114675342113	-2728.109778579699	0.0	(-2728.109778579699+0j)
-48.55615215628762	-2357.6999122245547	-0.003248003832924284	-2357.703160228394	0.0	(-2357.703160228394+0j)
-45.2102922146935	-2043.9705221379759	-0.0032479952021448716	-2043.97377013318	0.0	(-2043.97377013318+0j)
-42.157810512571146	-1777.2809872138541	-0.003247985469447534	-1777.2842351993256	0.0	(-1777.2842351993256+0j)
-39.367404670512954	-1549.792550491925	-0.003247974520115404	-1549.7957984664465	0.0	(-1549.7957984664465+0j)
-36.81168974285722	-1355.1005017243795	-0.003247962229854358	-1355.103749686609	0.0	(-1355.103749686609+0j)
-34.466638362271254	-1187.9491599955884	-0.00324794846414888	-1187.9524079440516	0.0	(-1187.9524079440516+0j)
-32.3111104589992	-1044.0078590936475	-0.0032479330775806183	-1044.0111070267292	0.0	(-1044.0111070267292+0j)
-30.32645675191463	-919.6939791257485	-0.0032479159131074777	-919.6972270416611	0.0	(-919.6972270416611+0j)
-28.496183246158765	-812.0324595986594	-0.003247896801300996	-812.0357074954588	0.0	(-812.0357074954588+0j)
-26.805666379689328	-718.5437500592068	-0.003247875559539592	-718.5469979347655	0.0	(-718.5469979347655+0j)
-25.241910378451255	-637.1540395537652	-0.0032478519911551375	-637.1572874057575	0.0	(-637.1572874057575+0j)
-23.79333991397463	-566.1230242619383	-0.003247825884530151	-566.1262720878226	0.0	(-566.1262720878226+0j)
-22.449622390102537	-503.98554545819314	-0.003247797012142747	-503.9887932552061	0.0	(-503.9887932552061+0j)
-21.201515180617427	-449.5042459539512	-0.003247765129556296	-449.5074937190804	0.0	(-449.5074937190804+0j)
-20.040733945957346	-401.6310170926471	-0.0032477299743505694	-401.6342648226214	0.0	(-401.6342648226214+0j)
-18.959838813335132	-359.4754878276494	-0.0032476912649909502	-359.4787355189145	0.0	(-359.4787355189145+0j)
-17.95213574044925	-322.27917764351537	-0.00324764869963207	-322.2824252922153	0.0	(-322.2824252922153+0j)
-17.011590822240496	-289.3942223033371	-0.003247601954852023	-289.3974699052917	0.0	(-289.3974699052917+0j)
-16.132755661503882	-260.26580523378556	-0.003247550684313063	-260.2690527844697	0.0	(-260.2690527844697+0j)
-15.310702222436372	-234.41760254411807	-0.0032474945173444343	-234.42085003863548	0.0	(-234.42085003863548+0j)
-14.540965833221001	-211.43968736290054	-0.0032474330574427364	-211.442934795958	0.0	(-211.442934795958+0j)
-13.81949520896811	-190.97844783069255	-0.0032473658806849133	-190.98169519657372	0.0	(-190.98169519657372+0j)
-13.142608537358175	-172.72815916623998	-0.0032472925340486696	-172.7314064587739	0.0	(-172.7314064587739+0j)
-12.506954812276623	-156.42391867632938	-0.003247212533634793	-156.42716588886344	0.0	(-156.42716588886344+0j)
-11.909479720557647	-141.83570721437383	-0.0032471253627855043	-141.8389543397366	0.0	(-141.8389543397366+0j)
-11.347395487676598	-128.76338435374322	-0.003247030470092608	-128.7666313842133	0.0	(-128.7666313842133+0j)
-10.818154173127459	-117.03245971355506	-0.0032469272672888028	-117.0357066408221	0.0	(-117.0357066408221+0j)
-10.319423977963961	-106.49051123697754	-0.0032468151270151164	-106.49375805210452	0.0	(-106.49375805210452+0j)
-9.849068187765841	-97.0041441672611	-0.0032466933804569664	-97.00739086064152	0.0	(-97.00739086064152+0j)
-9.405126425913659	-88.45640308741945	-0.003246561314840884	-88.45964964873536	0.0	(-88.45964964873536+0j)
-8.98579793600448	-80.74456454670239	-0.003246418170783428	-80.74781096487993	0.0	(-80.74781096487993+0j)
-8.589426649741787	-73.77825017129442	-0.003246263139483274	-73.78149643446471	0.0	(-73.78149643446471+0j)
-8.214487828707165	-67.47781028797816	-0.0032460953597468955	-67.48105638345629	0.0	(-67.48105638345629+0j)
-7.8595760959111685	-61.77293640741824	-0.0032459139148376284	-61.776182321726104	0.0	(-61.776182321726104+0j)
-7.523394696634503	-56.60146776134816	-0.003245717829137254	-56.60471348030254	0.0	(-56.60471348030254+0j)
-7.204745848394378	-51.908362739956026	-0.0032455060646085507	-51.91160824884932	0.0	(-51.91160824884932+0j)
-6.902522057400854	-47.64481075290532	-0.0032452775170464833	-47.648056036766484	0.0	(-47.648056036766484+0j)
-6.6156982940154645	-43.76746391743913	-0.003245031012104933	-43.77070896132175	0.0	(-43.77070896132175+0j)
-6.343324932840438	-40.237771203595145	-0.0032447653010849883	-40.24101599279652	0.0	(-40.24101599279652+0j)
-6.084521374442966	-37.02140035605332	-0.0032444790564699157	-37.02464487616428	0.0	(-37.02464487616428+0j)
-5.838470275605943	-34.087735159134134	-0.0032441708671909477	-34.09097939583301	0.0	(-34.09097939583301+0j)
-5.60441232360277	-31.4094374929506	-0.003243839233606977	-31.412681431519136	0.0	(-31.412681431519136+0j)
-5.38164149749948	-28.962065207608447	-0.003243482562180126	-28.965308832209626	0.0	(-28.965308832209626+0j)
-5.169500766042979	-26.723738170118942	-0.0032430991598279683	-26.72698146293267	0.0	(-26.72698146293267+0j)
-4.967378177430783	-24.674845957615567	-0.003242687227931886	-24.678088897954197	0.0	(-24.678088897954197+0j)
-4.774703301284134	-22.797791615293608	-0.003242244855979686	-22.801034178816224	0.0	(-22.801034178816224+0j)
-4.590943987558804	-21.07676669690233	-0.0032417700148191122	-21.08000885502152	0.0	(-21.08000885502152+0j)
-4.415603411006232	-19.497553483289867	-0.003241260549497332	-19.50079520282336	0.0	(-19.50079520282336+0j)
-4.24821737321238	-18.04735085006349	-0.003240714171659774	-18.05059209314225	0.0	(-18.05059209314225+0j)
-4.088351837252103	-16.714620745162645	-0.003240128451479887	-16.71786146937322	0.0	(-16.71786146937322+0j)
-3.9356006726549024	-15.48895265460172	-0.003239500809089458	-15.49219281330462	0.0	(-15.49219281330462+0j)
-3.789583590727793	-14.360943791113352	-0.0032388285054770305	-14.364183333867418	0.0	(-14.364183333867418+0j)
-3.64994425236183	-13.32209304534916	-0.0032381086328197506	-13.32533191835712	0.0	(-13.32533191835712+0j)
-3.5163485322931636	-12.364707000560285	-0.003237338104211553	-12.36794514705697	0.0	(-12.36794514705697+0j)
-3.3884829254269957	-11.48181653591029	-0.003236513642748048	-11.485053896430268	0.0	(-11.485053896430268+0j)
-3.2660530822878577	-10.667102736322017	-0.003235631769925686	-10.670339248806076	0.0	(-10.670339248806076+0j)
-3.148782461954948	-9.914830992715062	-0.0032346887933098365	-9.91806659244531	0.0	(-9.91806659244531+0j)
-3.036411091994994	-9.219792319590232	-0.0032336807934232083	-9.223026938967939	0.0	(-9.223026938967939+0j)
-2.928694425934691	-8.577251040500931	-0.003232603609802628	-8.580484608702976	0.0	(-8.580484608702976+0j)
-2.825402289733909	-7.982898098833615	-0.0032314528261685083	-7.986130541390098	0.0	(-7.986130541390098+0j)
-2.726317909543103	-7.4328093438954745	-0.0032302237546473806	-7.436040582229803	0.0	(-7.436040582229803+0j)
-2.6312370137641037	-6.923408222602238	-0.003228911418983598	-6.926638173565976	0.0	(-6.926638173565976+0j)
-2.5399670030929564	-6.451432376801015	-0.0032275105366717503	-6.454660952222513	0.0	(-6.454660952222513+0j)
-2.4523261828149674	-6.0139037069198285	-0.0032260154999363844	-6.017130813171843	0.0	(-6.017130813171843+0j)
-2.368143052153487	-5.608101515462834	-0.003224420355480314	-5.611327053046068	0.0	(-5.611327053046068+0j)
-2.2872556459514426	-5.231538389936751	-0.0032227187829170926	-5.234762253070088	0.0	(-5.234762253070088+0j)
-2.2095109243945865	-4.88193852501902	-0.0032209040717970424	-4.885160601226421	0.0	(-4.885160601226421+0j)
-2.134764206872377	-4.557218218943449	-0.0032189690971296024	-4.560438388627527	0.0	(-4.560438388627527+0j)
-2.0628786464216957	-4.255468309862607	-0.0032169062932975853	-4.25868644585831	0.0	(-4.25868644585831+0j)
-1.9937247415135764	-3.974938344923377	-0.003214707626251207	-3.978154312026421	0.0	(-3.978154312026421+0j)
-1.9271798822278001	-3.7140222984635574	-0.003212364563861419	-3.717235952929998	0.0	(-3.717235952929998+0j)
-1.863127928117564	-3.4712456765316464	-0.0032098680443030706	-3.4744568655459265	0.0	(-3.4744568655459265+0j)
-1.8014588152994475	-3.245253863220089	-0.003207208442328709	-3.248462424329069	0.0	(-3.248462424329069+0j)
-1.7420681905148345	-3.03480158040363	-0.0032043755332833317	-3.0380073409144366	0.0	(-3.0380073409144366+0j)
-1.6848570701003769	-2.8387433466672265	-0.003201358454699071	-2.8419461230061986	0.0	(-2.8419461230061986+0j)
-1.6297315219786033	-2.6560248337306946	-0.0031981456652965114	-2.659224430761166	0.0	(-2.659224430761166+0j)
-1.5766023689375699	-2.485675029739557	-0.003194724901206109	-2.488871240035461	0.0	(-2.488871240035461+0j)
-1.5253849116116884	-2.3267991285725986	-0.003191083129208815	-2.329991731644799	0.0	(-2.329991731644799+0j)
-1.475998669706335	-2.1785720729748705	-0.003187206496779515	-2.181760834447219	0.0	(-2.181760834447219+0j)
-1.4283671401274947	-2.040232686995998	-0.0031830802787000552	-2.0434173577274577	0.0	(-2.0434173577274577+0j)
-1.3824175707859427	-1.911078340017707	-0.003178688819990479	-1.914258655166976	0.0	(-1.914258655166976+0j)
-1.3380807489440103	-1.7904600906945636	-0.0031740154748873314	-1.7936357687231774	0.0	(-1.7936357687231774+0j)
-1.2952908030630967	-1.677778264499842	-0.0031690425415765544	-1.680949006109306	0.0	(-1.680949006109306+0j)
-1.2539850171922076	-1.572478423342541	-0.0031637511923653097	-1.5756439103410556	0.0	(-1.5756439103410556+0j)
-1.2141036570130084	-1.4740476899723607	-0.0031581213989519273	-1.4772075840663224	0.0	(-1.4772075840663224+0j)
-1.1755898067255313	-1.382011393676972	-0.0031521318524258954	-1.3851653351814923	0.0	(-1.3851653351814923+0j)
-1.1383892160216253	-1.2959300071543307	-0.0031457598776001984	-1.2990776136175823	0.0	(-1.2990776136175823+0j)
-1.102450156450796	-1.2153963474583847	-0.0031389813412461267	-1.2185372121934002	0.0	(-1.2185372121934002+0j)
-1.0677232865359136	-1.1400330166110528	-0.0031317705537657566	-1.1431667071281402	0.0	(-1.1431667071281402+0j)
-1.0341615250446599	-1.0694900598826966	-0.0031241001637993785	-1.0726161162159367	0.0	(-1.0726161162159367+0j)
-1.0017199318670553	-1.003442821899738	-0.0031159410452242823	-1.0065607548194258	0.0	(-1.0065607548194258+0j)
-0.9703555959901904	-0.9415899826694776	-0.003107262175958018	-0.944699271772269	0.0	(-0.944699271772269+0j)
-0.9400275300988208	-0.8836517573436894	-0.003098030507936064	-0.8867518490121299	0.0	(-0.8867518490121299+0j)
-0.9106965713649502	-0.8293682450958758	-0.0030882108275981503	-0.8324585503171775	0.0	(-0.8324585503171775+0j)
-0.8823252880212902	-0.7784979138818526	-0.0030777656062077694	-0.7815778059161662	0.0	(-0.7815778059161662+0j)
-0.8548778913426676	-0.7308162091064857	-0.0030666548393866954	-0.7338850209936656	0.0	(-0.7338850209936656+0j)
-0.8283201526864177	-0.6861142753464503	-0.003054835875450818	-0.6891712972401748	0.0	(-0.6891712972401748+0j)
-0.8026193252675695	-0.6441977812929686	-0.0030422632326253174	-0.6472422576113148	0.0	(-0.6472422576113148+0j)
-0.7777440703675577	-0.6048858389918965	-0.003028888406212856	-0.607916965374013	0.0	(-0.607916965374013+0j)
-0.7536643876962961	-0.5680100092816329	-0.003014659668581359	-0.5710269293438577	0.0	(-0.5710269293438577+0j)
-0.7303515496469766	-0.53341338607174	-0.0029995218677660632	-0.5364151879616921	0.0	(-0.5364151879616921+0j)
-0.7077780392009602	-0.5009497527751559	-0.0029834162348486852	-0.5039354655327051	0.0	(-0.5039354655327051+0j)
-0.6859174912568177	-0.4704828048120465	-0.0029662802162355173	-0.4734513945626278	0.0	(-0.4734513945626278+0j)
-0.6647446371729734	-0.441885432650228	-0.0029480473543574506	-0.44483579867888584	0.0	(-0.44483579867888584+0j)
-0.644235252327683	-0.41503906034171334	-0.00292864724858455	-0.41797003112901243	0.0	(-0.41797003112901243+0j)
-0.6243661065132793	-0.3898330349625516	-0.0029080056362311034	-0.392743364302361	0.0	(-0.392743364302361+0j)
-0.6051149169938791	-0.36616406276850916	-0.0028860446399493257	-0.36905242613522626	0.0	(-0.36905242613522626+0j)
-0.5864603040670644	-0.3439356882464336	-0.002862683230871312	-0.34680067962851385	0.0	(-0.34680067962851385+0j)
-0.5683817489806017	-0.3230578125742477	-0.0028378379549424963	-0.32589794203681094	0.0	(-0.32589794203681094+0j)
-0.5508595540650095	-0.3034462483047011	-0.002811423961820243	-0.3062599405861012	0.0	(-0.3062599405861012+0j)
-0.5338748049518669	-0.2850223073623939	-0.0027833563610788013	-0.28780790183164534	0.0	(-0.28780790183164534+0j)
-0.5174093347561604	-0.2677124196928124	-0.0027535519098276207	-0.2704681720026669	0.0	(-0.2704681720026669+0j)
-0.5014456901088119	-0.2514477801287026	-0.002721931010771893	-0.25417186587280244	0.0	(-0.25417186587280244+0j)
-0.4859670989327906	-0.2361640212451527	-0.002688419972607917	-0.23885454188579205	0.0	(-0.23885454188579205+0j)
-0.47095743986299343	-0.22180091016230508	-0.0026529534583345856	-0.22445590141407076	0.0	(-0.22445590141407076+0j)
-0.4564012132163665	-0.20830206742537125	-0.0026154770245286996	-0.21091951019009292	0.0	(-0.21091951019009292+0j)
-0.4422835134246209	-0.19561470624722682	-0.0025759496384640547	-0.19819254007715573	0.0	(-0.19819254007715573+0j)
-0.4285900028473402	-0.1836893905406831	-0.0025343460520118825	-0.1862255294883233	0.0	(-0.1862255294883233+0j)
-0.41530688688838896	-0.1724798102969251	-0.0024906589124447033	-0.17497216088643575	0.0	(-0.17497216088643575+0j)
-0.4024208903432601	-0.1619425729846622	-0.0024449005004486516	-0.16438905393607103	0.0	(-0.16438905393607103+0j)
-0.389919234909446	-0.15203700975236775	-0.002397104003756482	-0.15443557299079066	0.0	(-0.15443557299079066+0j)
-0.3777896177960279	-0.14272499531446883	-0.002347324259028585	-0.14507364773552256	0.0	(-0.14507364773552256+0j)
-0.3660201913725601	-0.13397078049240552	-0.0022956379226542036	-0.1362676059066668	0.0	(-0.1362676059066668+0j)
-0.354599543800905	-0.12574083646380996	-0.002242143060579289	-0.1279840171425821	0.0	(-0.1279840171425821+0j)
-0.3435166805970615	-0.11800370984842355	-0.0021869581757676974	-0.12019154710302551	0.0	(-0.12019154710302551+0j)
-0.3327610070731549	-0.11072988782834026	-0.0021302207174819818	-0.11286082109990397	0.0	(-0.11286082109990397+0j)
-0.3223223116127228	-0.10389167256336918	-0.002072085137726763	-0.1059642965682351	0.0	(-0.1059642965682351+0j)
-0.3121907497351576	-0.0974630642201998	-0.0020127205759806195	-0.09947614377208823	0.0	(-0.09947614377208823+0j)
-0.30235682890776616	-0.09141965198716018	-0.0019523082633510062	-0.09337213421246614	0.0	(-0.09337213421246614+0j)
-0.2928113940662991	-0.08573851249504949	-0.0018910387416113217	-0.08762953624766963	0.0	(-0.08762953624766963+0j)
-0.28354561380707677	-0.08039811510923192	-0.001829108991708001	-0.0822270174958447	0.0	(-0.0822270174958447+0j)
-0.2745509672159419	-0.07537823359920921	-0.001766719561030459	-0.07714455360676292	0.0	(-0.07714455360676292+0j)
-0.2658192313012629	-0.0706598637295943	-0.001704071769959584	-0.07236334303738086	0.0	(-0.07236334303738086+0j)
-0.25734246900006463	-0.06622514635104923	-0.0016413650669566493	-0.06786572747776633	0.0	(-0.06786572747776633+0j)
-0.24911301772811112	-0.06205729560160621	-0.001578794588706564	-0.06363511759651298	0.0	(-0.06363511759651298+0j)
-0.24112347844640347	-0.0581405318580932	-0.0015165489684806919	-0.05965592379035827	0.0	(-0.05965592379035827+0j)
-0.2333667052180859	-0.054460019104344996	-0.0014548084226960693	-0.0559134916317611	0.0	(-0.0559134916317611+0j)
-0.225835795231207	-0.05100180640771166	-0.0013937431332258527	-0.05239404172310662	0.0	(-0.05239404172310662+0j)
-0.21852407926412534	-0.047752773218233735	-0.0013335119318045666	-0.04908461367514188	0.0	(-0.04908461367514188+0j)
-0.211425112571636	-0.04470057822592895	-0.0012742612831626574	-0.04597301393390034	0.0	(-0.04597301393390034+0j)
-0.20453266617107863	-0.04183361153104989	-0.0012161245554713374	-0.04304776719898313	0.0	(-0.04304776719898313+0j)
-0.19784071850882584	-0.03914094990008846	-0.0011592215603194245	-0.040298071181241006	0.0	(-0.040298071181241006+0j)
-0.19134344748859874	-0.036612314896822144	-0.0011036583397256293	-0.03771375446950059	0.0	(-0.03771375446950059+0j)
-0.18503522284406232	-0.0342380336929518	-0.001049527174492531	-0.03528523728385192	0.0	(-0.03528523728385192+0j)
-0.17891059883908308	-0.03200900237695932	-0.000996906786366753	-0.033003494915194845	0.0	(-0.033003494915194845+0j)
-0.17296430727992232	-0.02991665159282339	-0.0009458627057927229	-0.0308600236606077	0.0	(-0.0308600236606077+0j)
-0.16719125082446273	-0.02795291435224841	-0.000896447777333516	-0.02884680908069788	0.0	(-0.02884680908069788+0j)
-0.1615864965743571	-0.026110195875174724	-0.000848702775883428	-0.026956296415687912	0.0	(-0.026956296415687912+0j)
-0.15614526993671918	-0.024381345323610897	-0.0008026571084257649	-0.025181363007350587	0.0	(-0.025181363007350587+0j)
-0.15086294874268072	-0.02275962930333671	-0.0007583295781268267	-0.023515292583817245	0.0	(-0.023515292583817245+0j)
-0.14573505761078795	-0.021238707016819684	-0.0007157291898547305	-0.02195175126781206	0.0	(-0.02195175126781206+0j)
-0.1407572625438378	-0.019812606958834883	-0.0006748559786444687	-0.02048476517968932	0.0	(-0.02048476517968932+0j)
-0.1359253657483311	-0.018475705053817584	-0.000635701845095437	-0.01910869951091782	0.0	(-0.01910869951091782+0j)
-0.13123530066627967	-0.017222704140968825	-0.0005982513841037446	-0.017818238951378833	0.0	(-0.017818238951378833+0j)
-0.12668312720961808	-0.016048614719608275	-0.0005624826956375194	-0.016608369362835836	0.0	(-0.016608369362835836+0j)
-0.12226502718796878	-0.014948736873274745	-0.0005283681684151633	-0.015474360597882519	0.0	(-0.015474360597882519+0j)
-0.11797729992097018	-0.01391864329664255	-0.0004958752293152402	-0.014411750375738535	0.0	(-0.014411750375738535+0j)
-0.11381635802681951	-0.012954163354489161	-0.00046496705311582093	-0.013416329131985998	0.0	(-0.013416329131985998+0j)
-0.10977872337909478	-0.01205136810674381	-0.0004356032287240576	-0.012484125771359378	0.0	(-0.012484125771359378+0j)
-0.10586102322431669	-0.011206556238099318	-0.0004077403794151089	-0.011611394257688172	0.0	(-0.011611394257688172+0j)
-0.10205998645307823	-0.010416240834802512	-0.0003813327357601419	-0.010794600985014014	0.0	(-0.010794600985014014+0j)
-0.09837244001792601	-0.009677136955080452	-0.00035633266089796223	-0.010030412876728042	0.0	(-0.010030412876728042+0j)
-0.09479530549150439	-0.008986149943227642	-0.0003326911286076432	-0.009315686166850997	0.0	(-0.009315686166850997+0j)
-0.09132559575879504	-0.008340364440698841	-0.00031035815528671074	-0.008647455820361485	0.0	(-0.008647455820361485+0j)
-0.08796041183757511	-0.007737034050635823	-0.00028928318744736795	-0.008022925553092593	0.0	(-0.008022925553092593+0j)
-0.08469693982150671	-0.007173571615127929	-0.0002694154467289354	-0.007439458415281885	0.0	(-0.007439458415281885+0j)
-0.08153244794053156	-0.0066475400671754895	-0.00025070423470409386	-0.006894567904470901	0.0	(-0.006894567904470901+0j)
-0.07846428373350321	-0.006156643821811697	-0.00023309919994534203	-0.006385909575979356	0.0	(-0.006385909575979356+0j)
-0.07548987132822536	-0.005698720673152022	-0.0002165505699303523	-0.005911273123483133	0.0	(-0.005911273123483133+0j)
-0.0726067088242958	-0.005271734166296074	-0.00020100935041382148	-0.005468574900197475	0.0	(-0.005468574900197475+0j)
-0.0698123657743687	-0.004873766415014246	-0.00018642749489058974	-0.005055850857649057	0.0	(-0.005055850857649057+0j)
-0.06710448075965493	-0.004503011338022899	-0.00017275804673062486	-0.004671249876756619	0.0	(-0.004671249876756619+0j)
-0.06448075905567281	-0.004157768288395731	-0.00015995525648998185	-0.004313027470669441	0.0	(-0.004313027470669441+0j)
-0.06193897038444741	-0.003836436052285453	-0.00014797467680097848	-0.003979539837931597	0.0	(-0.003979539837931597+0j)
-0.05947694674953034	-0.0035375071946464683	-0.00013677323712596445	-0.003669238247359745	0.0	(-0.003669238247359745+0j)
-0.05709258035037935	-0.003259562731064522	-0.00012630930052831557	-0.003380663735910684	0.0	(-0.003380663735910684+0j)
-0.05478382157279376	-0.003001267106119703	-0.00011654270447578746	-0.003112442102596748	0.0	(-0.003112442102596748+0j)
-0.0525486770522525	-0.002761363459941929	-0.00010743478754934865	-0.002863279182345308	0.0	(-0.002863279182345308+0j)
-0.05038520780714346	-0.00253866916576903	-9.8948403787949e-05	-0.002631956383833076	0.0	(-0.002631956383833076+0j)
-0.04829152743900835	-0.0023320716223924963	-9.104792625899694e-05	-0.002417326476845788	0.0	(-0.002417326476845788+0j)
-0.04626580039705615	-0.0021405242863802407	-8.369924130729317e-05	-0.0022183096150975423	0.0	(-0.0022183096150975423+0j)
-0.04430624030431983	-0.001963042929904135	-7.686973480360015e-05	-0.0020338895813118004	0.0	(-0.0020338895813118004+0j)
-0.0424111083429481	-0.0017987021108772823	-7.052827158814112e-05	-0.0018631102414732258	0.0	(-0.0018631102414732258+0j)
-0.04057871169623432	-0.0016466318429261037	-6.46451691863753e-05	-0.0017050721968016227	0.0	(-0.0017050721968016227+0j)
-0.038807402045089236	-0.0015060144534891962	-5.9192166762658815e-05	-0.0015589296217614458	0.0	(-0.0015589296217614458+0j)
-0.0370955741167656	-0.0013760816190524503	-5.4142390174261035e-05	-0.0014238872774531796	0.0	(-0.0014238872774531796+0j)
-0.03544166428373683	-0.001256111567201107	-4.9470313892172046e-05	-0.0012991976904354265	0.0	(-0.0012991976904354265+0j)
-0.03384414921072317	-0.0011454264357976939	-4.515172046691551e-05	-0.0011841584873506443	0.0	(-0.0011841584873506443+0j)
-0.03230154454794487	-0.0010433897801828671	-4.116365813637557e-05	-0.0010781098766124353	0.0	(-0.0010781098766124353+0j)
-0.030812403668764587	-0.0009494042198468975	-3.7484397099329936e-05	-0.0009804322686808168	0.0	(-0.0009804322686808168+0j)
-0.029375316449958718	-0.0008629092165352152	-3.409338491039415e-05	-0.0008905440273919795	0.0	(-0.0008905440273919795+0j)
-0.027988908092932717	-0.0007833789762346345	-3.097120139253229e-05	-0.0008078993448823955	0.0	(-0.0008078993448823955+0j)
-0.02665183798426606	-0.000710320467939567	-2.8099513407264798e-05	-0.0007319862337011681	0.0	(-0.0007319862337011681+0j)
-0.025362798594040566	-0.0006432715525218661	-2.546102977446507e-05	-0.0006623246296533706	0.0	(-0.0006623246296533706+0j)
-0.024120514410469796	-0.0005817992154256811	-2.3039456589407648e-05	-0.0005984645998886982	0.0	(-0.0005984645998886982+0j)
-0.022923740909409487	-0.000525497897281734	-2.081945314519329e-05	-0.0005399846509957423	0.0	(-0.0005399846509957423+0j)
-0.021771263557387018	-0.000473987916885208	-1.8786588634300827e-05	-0.00048649013224411823	0.0	(-0.00048649013224411823+0j)
-0.02066189684684411	-0.0004269139813096266	-1.692729977204044e-05	-0.00043761172981968594	0.0	(-0.00043761172981968594+0j)
-0.019594483362340376	-0.0003839437782370338	-1.522884945670544e-05	-0.0003930040478753806	0.0	(-0.0003930040478753806+0j)
-0.01856789287651589	-0.00034476664587376955	-1.3679286559487025e-05	-0.0003523442726724348	0.0	(-0.0003523442726724348+0j)
-0.017581021474659796	-0.00030909231609244894	-1.2267406912847001e-05	-0.0003153309157313611	0.0	(-0.0003153309157313611+0j)
-0.0166327907067782	-0.0002766497266954873	-1.0982715552054767e-05	-0.0002816826316079881	0.0	(-0.0002816826316079881+0j)
-0.015722146766098555	-0.0002471858989347433	-9.815390244360955e-06	-0.00025113710426334906	0.0	(-0.00025113710426334906+0j)
-0.014848059692990303	-0.0002204648766466033	-8.756246331453887e-06	-0.0002234499939141806	0.0	(-0.0002234499939141806+0j)
-0.01400952260332125	-0.00019626672357296902	-7.796702893636542e-06	-0.00019839393253266849	0.0	(-0.00019839393253266849+0j)
-0.01320555094030825	-0.0001743865756370761	-6.928750239665327e-06	-0.0001757575513783224	0.0	(-0.0001757575513783224+0j)
-0.012435181748956657	-0.00015463374512958474	-6.1449187142015305e-06	-0.00015534451919513442	0.0	(-0.00015534451919513442+0j)
-0.01169747297221872	-0.00013683087393578743	-5.438248808498081e-06	-0.00013697256691355965	0.0	(-0.00013697256691355965+0j)
-0.010991502768034012	-0.00012081313309969934	-4.802262555170245e-06	-0.00012047247832603306	0.0	(-0.00012047247832603306+0j)
-0.0103163688464472	-0.00010642746617594633	-4.230936181404132e-06	-0.00010568704031592812	0.0	(-0.00010568704031592812+0j)
-0.009671187826028764	-9.353187396632697e-05	-3.7186739918482203e-06	-9.24699728948387e-05	0.0	(-9.24699728948387e-05+0j)
-0.0090550946088535	-8.199473837528773e-05	-3.2602834516559653e-06	-8.06848926719741e-05	0.0	(-8.06848926719741e-05+0j)
-0.008467241773319324	-7.169418324784377e-05	-2.8509514302665906e-06	-7.020438871829461e-05	0.0	(-7.020438871829461e-05+0j)
-0.00790679898411556	-6.251747017521084e-05	-2.486221576614156e-06	-6.090928850112621e-05	0.0	(-6.090928850112621e-05+0j)
-0.007372952418675131	-5.436042736804747e-05	-2.1619727808008804e-06	-5.26881556842518e-05	0.0	(-5.26881556842518e-05+0j)
-0.006864904209469354	-4.712690980519006e-05	-1.8743986935909618e-06	-4.5437003084024056e-05	0.0	(-4.5437003084024056e-05+0j)
-0.00638187190152713	-4.0728288967501505e-05	-1.6199882519885023e-06	-3.9059151277709475e-05	0.0	(-3.9059151277709475e-05+0j)
-0.0059230879245824606	-3.508297056233456e-05	-1.3955071893612114e-06	-3.3465140454695535e-05	0.0	(-3.3465140454695535e-05+0j)
-0.005487799079275197	-3.0115938734493705e-05	-1.1979804712680675e-06	-2.8572615032383183e-05	0.0	(-2.8572615032383183e-05+0j)
-0.005075266036850213	-2.5758325344805268e-05	-1.0246756385612343e-06	-2.4306133702498597e-05	0.0	(-2.4306133702498597e-05+0j)
-0.00468476285181929	-2.1947002977786005e-05	-8.730870080242426e-07	-2.0596892981015088e-05	0.0	(-2.0596892981015088e-05+0j)
-0.004315576487068442	-1.8624200415737994e-05	-7.409206919106737e-07	-1.7382377290670013e-05	0.0	(-1.7382377290670013e-05+0j)
-0.003967006350910908	-1.573713938816748e-05	-6.260804159552436e-07	-1.4605960059925092e-05	0.0	(-1.4605960059925092e-05+0j)
-0.0036383638456027453	-1.3237691472989197e-05	-5.266540714643497e-07	-1.2216481418661173e-05	0.0	(-1.2216481418661173e-05+0j)
-0.0033289719268539634	-1.108205408978179e-05	-4.4090101880556176e-07	-1.0167823412320862e-05	0.0	(-1.0167823412320862e-05+0j)
-0.0030381646738833206	-9.230444585632543e-06	-3.672400374910012e-07	-8.418497495649292e-06	0.0	(-8.418497495649292e-06+0j)
-0.002765286869579454	-7.646811471068537e-06	-3.042379610462831e-07	-6.931253164606941e-06	0.0	(-6.931253164606941e-06+0j)
-0.0025096935903448805	-6.298561917418177e-06	-2.505989264989239e-07	-5.672712175539252e-06	0.0	(-5.672712175539252e-06+0j)
-0.0022707498052125484	-5.156304677872827e-06	-2.05154204735436e-07	-4.6130298096806415e-06	0.0	(-4.6130298096806415e-06+0j)
-0.0020478299838372883	-4.193607642703028e-06	-1.668526330433906e-07	-3.814697262629276e-06	0.0	(-3.814697262629276e-06+0j)
-0.001840317712976406	-3.386769284694709e-06	-1.3475154503339581e-07	-3.7255826984784687e-06	0.0	(-3.7255826984784687e-06+0j)
-0.0016476053210851282	-2.7146032940680283e-06	-1.0800823702084017e-07	-2.9866817644875717e-06	0.0	(-2.9866817644875717e-06+0j)
-0.0014690935106634537	-2.158235743073471e-06	-8.587196020926058e-08	-2.3753085794103356e-06	0.0	(-2.3753085794103356e-06+0j)
-0.0013041909980012522	-1.7009141592675022e-06	-6.767628235593293e-08	-1.8728727143680786e-06	0.0	(-1.8728727143680786e-06+0j)
-0.0011523141599783147	-1.327827923286529e-06	-5.283202142436494e-08	-1.4629886041079293e-06	0.0	(-1.4629886041079293e-06+0j)
-0.0010128866875853285	-1.0259394418875787e-06	-4.082048121745174e-08	-1.1312697424367603e-06	0.0	(-1.1312697424367603e-06+0j)
-0.0008853392458406116	-7.83825580225623e-07	-3.118722702311061e-08	-8.651388818161307e-07	0.0	(-8.651388818161307e-07+0j)
-0.0007691091397858128	-5.91528868902073e-07	-2.353607442273642e-08	-6.536525210375031e-07	0.0	(-6.536525210375031e-07+0j)
-0.000663639986251706	-4.404180313521645e-07	-1.7523575479572173e-08	-4.873387279366813e-07	0.0	(-4.873387279366813e-07+0j)
-0.0005683813910927198	-3.230574057404953e-07	-1.2854002306994516e-08	-3.580472388607271e-07	0.0	(-3.580472388607271e-07+0j)
-0.0004827886315959191	-2.330848627982601e-07	-9.27411747397855e-09	-2.588102269549843e-07	0.0	(-2.588102269549843e-07+0j)
-0.00040632234377683705	-1.6509784705230215e-07	-6.5690528572304174e-09	-1.8371421801209833e-07	0.0	(-1.8371421801209833e-07+0j)
-0.0003384482142808416	-1.1454719374989047e-07	-4.557705324259587e-09	-1.2778092059628967e-07	0.0	(-1.2778092059628967e-07+0j)
-0.0002786366766146315	-7.763839755484672e-08	-3.0890987545717508e-09	-8.685776482493981e-08	0.0	(-8.685776482493981e-08+0j)
-0.0002263626114379906	-5.124003185702671e-08	-2.0386323740240186e-09	-5.9603871109299825e-08	0.0	(-5.9603871109299825e-08+0j)
-0.0001811050506511092	-3.279903937134083e-08	-1.305124897044152e-09	-5.7516663936486886e-08	0.0	(-5.7516663936486886e-08+0j)
-0.00014234688501760587	-2.0262635674215505e-08	-8.067218004725873e-10	-3.696084190806743e-08	0.0	(-3.696084190806743e-08+0j)
-0.00010957457506787214	-1.2006587501304747e-08	-4.783942131325603e-10	-2.2939041226681145e-08	0.0	(-2.2939041226681145e-08+0j)
-8.227786503151151e-05	-6.769647074143624e-09	-2.6921043172478676e-10	-1.3666841735162674e-08	0.0	(-1.3666841735162674e-08+0j)
-5.9949499551469586e-05	-3.593942496471652e-09	-1.4551915228366852e-10	-7.755467456685247e-09	0.0	(-7.755467456685247e-09+0j)
-4.208494293595911e-05	-1.7711424219229345e-09	-7.275957614183426e-11	-4.152418712642533e-09	0.0	(-4.152418712642533e-09+0j)
-2.818210070747449e-05	-7.942308002862342e-10	-2.9103830456733704e-11	-3.718745118321183e-09	0.0	(-3.718745118321183e-09+0j)
-1.7741043211075948e-05	-3.14744614217264e-10	-5.820766091346741e-11	-2.0675421239159272e-09	0.0	(-2.0675421239159272e-09+0j)
-1.0263731046704024e-05	-1.0534417499907609e-10	-0.0	-9.351755929242544e-10	0.0	(-9.351755929242544e-10+0j)
-5.253742092569803e-06	-2.7601805975239737e-11	-0.0	-4.235522450807863e-10	0.0	(-4.235522450807863e-10+0j)
-2.2159998886550805e-06	-4.910655506519329e-12	3.725290298461914e-09	-1.2491349803412456e-10	0.0	(-1.2491349803412456e-10+0j)
-6.565031510556671e-07	-4.3099638734602e-13	5.960464477539063e-08	-3.382463979068778e-11	0.0	(-3.382463979068778e-11+0j)
-8.205618931236921e-08	-6.733218204467375e-15	3.814697265625e-06	-6.247777699385816e-15	-9.425667943294908e-05	(-6.247777699385816e-15-9.425667943294908e-05j)
8.205618931236921e-08	6.733218204467375e-15	-3.814697265625e-06	-6.247777699385816e-15	9.425667943294908e-05	(-6.247777699385816e-15+9.425667943294908e-05j)
6.565031510556671e-07	4.3099638734602e-13	-5.960464477539063e-08	3.382263403459362e-11	0.0	(3.382263403459362e-11+0j)
2.2159998886550805e-06	4.910655506519329e-12	-3.725290298461914e-09	1.2493892831248778e-10	0.0	(1.2493892831248778e-10+0j)
5.253742092569803e-06	2.7601805975239737e-11	0.0	4.235599098060312e-10	0.0	(4.235599098060312e-10+0j)
1.0263731046704024e-05	1.0534417499907609e-10	0.0	9.351732485316001e-10	0.0	(9.351732485316001e-10+0j)
1.7741043211075948e-05	3.14744614217264e-10	5.820766091346741e-11	2.067590629319929e-09	0.0	(2.067590629319929e-09+0j)
2.818210070747449e-05	7.942308002862342e-10	2.9103830456733704e-11	3.718715319343945e-09	0.0	(3.718715319343945e-09+0j)
4.208494293595911e-05	1.7711424219229345e-09	7.275957614183426e-11	4.1524320033304245e-09	0.0	(4.1524320033304245e-09+0j)
5.9949499551469586e-05	3.593942496471652e-09	1.4551915228366852e-10	7.755477799215142e-09	0.0	(7.755477799215142e-09+0j)
8.227786503151151e-05	6.769647074143624e-09	2.6921043172478676e-10	1.366688053903384e-08	0.0	(1.366688053903384e-08+0j)
0.00010957457506787214	1.2006587501304747e-08	4.783942131325603e-10	2.293909044336372e-08	0.0	(2.293909044336372e-08+0j)
0.00014234688501760587	2.0262635674215505e-08	8.067218004725873e-10	3.6960894410041624e-08	0.0	(3.6960894410041624e-08+0j)
0.0001811050506511092	3.279903937134083e-08	1.305124897044152e-09	5.75166814915783e-08	0.0	(5.75166814915783e-08+0j)
0.0002263626114379906	5.124003185702671e-08	2.0386323740240186e-09	5.96039386497391e-08	0.0	(5.96039386497391e-08+0j)
0.0002786366766146315	7.763839755484672e-08	3.0890987545717508e-09	8.685779634203214e-08	0.0	(8.685779634203214e-08+0j)
0.0003384482142808416	1.1454719374989047e-07	4.557705324259587e-09	1.277809680235258e-07	0.0	(1.277809680235258e-07+0j)
0.00040632234377683705	1.6509784705230215e-07	6.5690528572304174e-09	1.8371422197711482e-07	0.0	(1.8371422197711482e-07+0j)
0.0004827886315959191	2.330848627982601e-07	9.27411747397855e-09	2.5881023180044165e-07	0.0	(2.5881023180044165e-07+0j)
0.0005683813910927198	3.230574057404953e-07	1.2854002306994516e-08	3.58047204385369e-07	0.0	(3.58047204385369e-07+0j)
0.000663639986251706	4.404180313521645e-07	1.7523575479572173e-08	4.87338723995042e-07	0.0	(4.87338723995042e-07+0j)
0.0007691091397858128	5.91528868902073e-07	2.353607442273642e-08	6.536525159722894e-07	0.0	(6.536525159722894e-07+0j)
0.0008853392458406116	7.83825580225623e-07	3.118722702311061e-08	8.651388907481227e-07	0.0	(8.651388907481227e-07+0j)
0.0010128866875853285	1.0259394418875787e-06	4.082048121745174e-08	1.1312697247350465e-06	0.0	(1.1312697247350465e-06+0j)
0.0011523141599783147	1.327827923286529e-06	5.283202142436494e-08	1.4629886196646516e-06	0.0	(1.4629886196646516e-06+0j)
0.0013041909980012522	1.7009141592675022e-06	6.767628235593293e-08	1.8728727401302452e-06	0.0	(1.8728727401302452e-06+0j)
0.0014690935106634537	2.158235743073471e-06	8.587196020926058e-08	2.3753086074534124e-06	0.0	(2.3753086074534124e-06+0j)
0.0016476053210851282	2.7146032940680283e-06	1.0800823702084017e-07	2.9866817772970417e-06	0.0	(2.9866817772970417e-06+0j)
0.001840317712976406	3.386769284694709e-06	1.3475154503339581e-07	3.7255827112190224e-06	0.0	(3.7255827112190224e-06+0j)
0.0020478299838372883	4.193607642703028e-06	1.668526330433906e-07	3.814697176037638e-06	0.0	(3.814697176037638e-06+0j)
0.0022707498052125484	5.156304677872827e-06	2.05154204735436e-07	4.613029808803914e-06	0.0	(4.613029808803914e-06+0j)
0.0025096935903448805	6.298561917418177e-06	2.505989264989239e-07	5.6727121821972675e-06	0.0	(5.6727121821972675e-06+0j)
0.002765286869579454	7.646811471068537e-06	3.042379610462831e-07	6.931253189602387e-06	0.0	(6.931253189602387e-06+0j)
0.0030381646738833206	9.230444585632543e-06	3.672400374910012e-07	8.418497504807944e-06	0.0	(8.418497504807944e-06+0j)
0.0033289719268539634	1.108205408978179e-05	4.4090101880556176e-07	1.0167823415503585e-05	0.0	(1.0167823415503585e-05+0j)
0.0036383638456027453	1.3237691472989197e-05	5.266540714643497e-07	1.221648141822228e-05	0.0	(1.221648141822228e-05+0j)
0.003967006350910908	1.573713938816748e-05	6.260804159552436e-07	1.4605960085369057e-05	0.0	(1.4605960085369057e-05+0j)
0.004315576487068442	1.8624200415737994e-05	7.409206919106737e-07	1.7382377284878487e-05	0.0	(1.7382377284878487e-05+0j)
0.00468476285181929	2.1947002977786005e-05	8.730870080242426e-07	2.0596892977963625e-05	0.0	(2.0596892977963625e-05+0j)
0.005075266036850213	2.5758325344805268e-05	1.0246756385612343e-06	2.4306133701151737e-05	0.0	(2.4306133701151737e-05+0j)
0.005487799079275197	3.0115938734493705e-05	1.1979804712680675e-06	2.8572615013870628e-05	0.0	(2.8572615013870628e-05+0j)
0.0059230879245824606	3.508297056233456e-05	1.3955071893612114e-06	3.34651404648274e-05	0.0	(3.34651404648274e-05+0j)
0.00638187190152713	4.0728288967501505e-05	1.6199882519885023e-06	3.905915129021986e-05	0.0	(3.905915129021986e-05+0j)
0.006864904209469354	4.712690980519006e-05	1.8743986935909618e-06	4.5437003083346335e-05	0.0	(4.5437003083346335e-05+0j)
0.007372952418675131	5.436042736804747e-05	2.1619727808008804e-06	5.268815568221601e-05	0.0	(5.268815568221601e-05+0j)
0.00790679898411556	6.251747017521084e-05	2.486221576614156e-06	6.090928850113574e-05	0.0	(6.090928850113574e-05+0j)
0.008467241773319324	7.169418324784377e-05	2.8509514302665906e-06	7.020438875814478e-05	0.0	(7.020438875814478e-05+0j)
0.0090550946088535	8.199473837528773e-05	3.2602834516559653e-06	8.068489267295769e-05	0.0	(8.068489267295769e-05+0j)
0.009671187826028764	9.353187396632697e-05	3.7186739918482203e-06	9.246997293135309e-05	0.0	(9.246997293135309e-05+0j)
0.0103163688464472	0.00010642746617594633	4.230936181404132e-06	0.0001056870403163612	0.0	(0.0001056870403163612+0j)
0.010991502768034012	0.00012081313309969934	4.802262555170245e-06	0.0001204724783750955	0.0	(0.0001204724783750955+0j)
0.01169747297221872	0.00013683087393578743	5.438248808498081e-06	0.0001369725669169533	0.0	(0.0001369725669169533+0j)
0.012435181748956657	0.00015463374512958474	6.1449187142015305e-06	0.00015534451916849167	0.0	(0.00015534451916849167+0j)
0.01320555094030825	0.0001743865756370761	6.928750239665327e-06	0.00017575755137470026	0.0	(0.00017575755137470026+0j)
0.01400952260332125	0.00019626672357296902	7.796702893636542e-06	0.00019839393251254268	0.0	(0.00019839393251254268+0j)
0.014848059692990303	0.0002204648766466033	8.756246331453887e-06	0.000223449993915895	0.0	(0.000223449993915895+0j)
0.015722146766098555	0.0002471858989347433	9.815390244360955e-06	0.0002511371042085115	0.0	(0.0002511371042085115+0j)
0.0166327907067782	0.0002766497266954873	1.0982715552054767e-05	0.0002816826316083861	0.0	(0.0002816826316083861+0j)
0.017581021474659796	0.00030909231609244894	1.2267406912847001e-05	0.00031533091569540574	0.0	(0.00031533091569540574+0j)
0.01856789287651589	0.00034476664587376955	1.3679286559487025e-05	0.0003523442726669496	0.0	(0.0003523442726669496+0j)
0.019594483362340376	0.0003839437782370338	1.522884945670544e-05	0.000393004047853675	0.0	(0.000393004047853675+0j)
0.02066189684684411	0.0004269139813096266	1.692729977204044e-05	0.0004376117298115648	0.0	(0.0004376117298115648+0j)
0.021771263557387018	0.000473987916885208	1.8786588634300827e-05	0.000486490132249544	0.0	(0.000486490132249544+0j)
0.022923740909409487	0.000525497897281734	2.081945314519329e-05	0.000539984650980429	0.0	(0.000539984650980429+0j)
0.024120514410469796	0.0005817992154256811	2.3039456589407648e-05	0.0005984645998633034	0.0	(0.0005984645998633034+0j)
0.025362798594040566	0.0006432715525218661	2.546102977446507e-05	0.0006623246296452752	0.0	(0.0006623246296452752+0j)
0.02665183798426606	0.000710320467939567	2.8099513407264798e-05	0.0007319862336905156	0.0	(0.0007319862336905156+0j)
0.027988908092932717	0.0007833789762346345	3.097120139253229e-05	0.0008078993448842152	0.0	(0.0008078993448842152+0j)
0.029375316449958718	0.0008629092165352152	3.409338491039415e-05	0.000890544027385618	0.0	(0.000890544027385618+0j)
0.030812403668764587	0.0009494042198468975	3.7484397099329936e-05	0.0009804322686837745	0.0	(0.0009804322686837745+0j)
0.03230154454794487	0.0010433897801828671	4.116365813637557e-05	0.0010781098765632352	0.0	(0.0010781098765632352+0j)
0.03384414921072317	0.0011454264357976939	4.515172046691551e-05	0.001184158487352964	0.0	(0.001184158487352964+0j)
0.03544166428373683	0.001256111567201107	4.9470313892172046e-05	0.0012991976904481134	0.0	(0.0012991976904481134+0j)
0.0370955741167656	0.0013760816190524503	5.4142390174261035e-05	0.0014238872774501017	0.0	(0.0014238872774501017+0j)
0.038807402045089236	0.0015060144534891962	5.9192166762658815e-05	0.001558929621769917	0.0	(0.001558929621769917+0j)
0.04057871169623432	0.0016466318429261037	6.46451691863753e-05	0.0017050721968022123	0.0	(0.0017050721968022123+0j)
0.0424111083429481	0.0017987021108772823	7.052827158814112e-05	0.0018631102414825044	0.0	(0.0018631102414825044+0j)
0.04430624030431983	0.001963042929904135	7.686973480360015e-05	0.002033889581318068	0.0	(0.002033889581318068+0j)
0.04626580039705615	0.0021405242863802407	8.369924130729317e-05	0.0022183096150909286	0.0	(0.0022183096150909286+0j)
0.04829152743900835	0.0023320716223924963	9.104792625899694e-05	0.002417326476841083	0.0	(0.002417326476841083+0j)
0.05038520780714346	0.00253866916576903	9.8948403787949e-05	0.00263195638387475	0.0	(0.00263195638387475+0j)
0.0525486770522525	0.002761363459941929	0.00010743478754934865	0.0028632791823670137	0.0	(0.0028632791823670137+0j)
0.05478382157279376	0.003001267106119703	0.00011654270447578746	0.0031124421025688466	0.0	(0.0031124421025688466+0j)
0.05709258035037935	0.003259562731064522	0.00012630930052831557	0.003380663735900703	0.0	(0.003380663735900703+0j)
0.05947694674953034	0.0035375071946464683	0.00013677323712596445	0.003669238247419294	0.0	(0.003669238247419294+0j)
0.06193897038444741	0.003836436052285453	0.00014797467680097848	0.003979539837938577	0.0	(0.003979539837938577+0j)
0.06448075905567281	0.004157768288395731	0.00015995525648998185	0.004313027470663012	0.0	(0.004313027470663012+0j)
0.06710448075965493	0.004503011338022899	0.00017275804673062486	0.004671249876758817	0.0	(0.004671249876758817+0j)
0.0698123657743687	0.004873766415014246	0.00018642749489058974	0.005055850857661643	0.0	(0.005055850857661643+0j)
0.0726067088242958	0.005271734166296074	0.00020100935041382148	0.005468574900208977	0.0	(0.005468574900208977+0j)
0.07548987132822536	0.005698720673152022	0.0002165505699303523	0.0059112731235022335	0.0	(0.0059112731235022335+0j)
0.07846428373350321	0.006156643821811697	0.00023309919994534203	0.006385909576017942	0.0	(0.006385909576017942+0j)
0.08153244794053156	0.0066475400671754895	0.00025070423470409386	0.006894567904495019	0.0	(0.006894567904495019+0j)
0.08469693982150671	0.007173571615127929	0.0002694154467289354	0.0074394584153660796	0.0	(0.0074394584153660796+0j)
0.08796041183757511	0.007737034050635823	0.00028928318744736795	0.00802292555309438	0.0	(0.00802292555309438+0j)
0.09132559575879504	0.008340364440698841	0.00031035815528671074	0.00864745582037539	0.0	(0.00864745582037539+0j)
0.09479530549150439	0.008986149943227642	0.0003326911286076432	0.009315686166902471	0.0	(0.009315686166902471+0j)
0.09837244001792601	0.009677136955080452	0.00035633266089796223	0.010030412876780833	0.0	(0.010030412876780833+0j)
0.10205998645307823	0.010416240834802512	0.0003813327357601419	0.010794600985059105	0.0	(0.010794600985059105+0j)
0.10586102322431669	0.011206556238099318	0.0004077403794151089	0.011611394257673	0.0	(0.011611394257673+0j)
0.10977872337909478	0.01205136810674381	0.0004356032287240576	0.012484125771378765	0.0	(0.012484125771378765+0j)
0.11381635802681951	0.012954163354489161	0.00046496705311582093	0.013416329131996954	0.0	(0.013416329131996954+0j)
0.11797729992097018	0.01391864329664255	0.0004958752293152402	0.014411750375738287	0.0	(0.014411750375738287+0j)
0.12226502718796878	0.014948736873274745	0.0005283681684151633	0.015474360597911302	0.0	(0.015474360597911302+0j)
0.12668312720961808	0.016048614719608275	0.0005624826956375194	0.016608369362816216	0.0	(0.016608369362816216+0j)
0.13123530066627967	0.017222704140968825	0.0005982513841037446	0.01781823895142343	0.0	(0.01781823895142343+0j)
0.1359253657483311	0.018475705053817584	0.000635701845095437	0.019108699510867563	0.0	(0.019108699510867563+0j)
0.1407572625438378	0.019812606958834883	0.0006748559786444687	0.020484765179735246	0.0	(0.020484765179735246+0j)
0.14573505761078795	0.021238707016819684	0.0007157291898547305	0.02195175126781055	0.0	(0.02195175126781055+0j)
0.15086294874268072	0.02275962930333671	0.0007583295781268267	0.023515292583702434	0.0	(0.023515292583702434+0j)
0.15614526993671918	0.024381345323610897	0.0008026571084257649	0.025181363007246927	0.0	(0.025181363007246927+0j)
0.1615864965743571	0.026110195875174724	0.000848702775883428	0.026956296415422836	0.0	(0.026956296415422836+0j)
0.16719125082446273	0.02795291435224841	0.000896447777333516	0.028846809080803268	0.0	(0.028846809080803268+0j)
0.17296430727992232	0.02991665159282339	0.0009458627057927229	0.030860023660637146	0.0	(0.030860023660637146+0j)
0.17891059883908308	0.03200900237695932	0.000996906786366753	0.03300349491516098	0.0	(0.03300349491516098+0j)
0.18503522284406232	0.0342380336929518	0.001049527174492531	0.03528523728390125	0.0	(0.03528523728390125+0j)
0.19134344748859874	0.036612314896822144	0.0011036583397256293	0.037713754469428665	0.0	(0.037713754469428665+0j)
0.19784071850882584	0.03914094990008846	0.0011592215603194245	0.04029807118120626	0.0	(0.04029807118120626+0j)
0.20453266617107863	0.04183361153104989	0.0012161245554713374	0.04304776719888965	0.0	(0.04304776719888965+0j)
0.211425112571636	0.04470057822592895	0.0012742612831626574	0.045973013933822054	0.0	(0.045973013933822054+0j)
0.21852407926412534	0.047752773218233735	0.0013335119318045666	0.04908461367501912	0.0	(0.04908461367501912+0j)
0.225835795231207	0.05100180640771166	0.0013937431332258527	0.052394041723094475	0.0	(0.052394041723094475+0j)
0.2333667052180859	0.054460019104344996	0.0014548084226960693	0.055913491631672294	0.0	(0.055913491631672294+0j)
0.24112347844640347	0.0581405318580932	0.0015165489684806919	0.059655923790252224	0.0	(0.059655923790252224+0j)
0.24911301772811112	0.06205729560160621	0.001578794588706564	0.06363511759658136	0.0	(0.06363511759658136+0j)
0.25734246900006463	0.06622514635104923	0.0016413650669566493	0.0678657274774534	0.0	(0.0678657274774534+0j)
0.2658192313012629	0.0706598637295943	0.001704071769959584	0.07236334303726343	0.0	(0.07236334303726343+0j)
0.2745509672159419	0.07537823359920921	0.001766719561030459	0.0771445536067303	0.0	(0.0771445536067303+0j)
0.28354561380707677	0.08039811510923192	0.001829108991708001	0.08222701749604779	0.0	(0.08222701749604779+0j)
0.2928113940662991	0.08573851249504949	0.0018910387416113217	0.08762953624786185	0.0	(0.08762953624786185+0j)
0.30235682890776616	0.09141965198716018	0.0019523082633510062	0.09337213421258211	0.0	(0.09337213421258211+0j)
0.3121907497351576	0.0974630642201998	0.0020127205759806195	0.09947614377212673	0.0	(0.09947614377212673+0j)
0.3223223116127228	0.10389167256336918	0.002072085137726763	0.10596429656819982	0.0	(0.10596429656819982+0j)
0.3327610070731549	0.11072988782834026	0.0021302207174819818	0.11286082109992614	0.0	(0.11286082109992614+0j)
0.3435166805970615	0.11800370984842355	0.0021869581757676974	0.12019154710294476	0.0	(0.12019154710294476+0j)
0.354599543800905	0.12574083646380996	0.002242143060579289	0.1279840171427316	0.0	(0.1279840171427316+0j)
0.3660201913725601	0.13397078049240552	0.0022956379226542036	0.13626760590647946	0.0	(0.13626760590647946+0j)
0.3777896177960279	0.14272499531446883	0.002347324259028585	0.14507364773519094	0.0	(0.14507364773519094+0j)
0.389919234909446	0.15203700975236775	0.002397104003756482	0.15443557299090505	0.0	(0.15443557299090505+0j)
0.4024208903432601	0.1619425729846622	0.0024449005004486516	0.16438905393589098	0.0	(0.16438905393589098+0j)
0.41530688688838896	0.1724798102969251	0.0024906589124447033	0.1749721608864541	0.0	(0.1749721608864541+0j)
0.4285900028473402	0.1836893905406831	0.0025343460520118825	0.18622552948823756	0.0	(0.18622552948823756+0j)
0.4422835134246209	0.19561470624722682	0.0025759496384640547	0.19819254007736684	0.0	(0.19819254007736684+0j)
0.4564012132163665	0.20830206742537125	0.0026154770245286996	0.21091951018989968	0.0	(0.21091951018989968+0j)
0.47095743986299343	0.22180091016230508	0.0026529534583345856	0.22445590141398225	0.0	(0.22445590141398225+0j)
0.4859670989327906	0.2361640212451527	0.002688419972607917	0.23885454188580665	0.0	(0.23885454188580665+0j)
0.5014456901088119	0.2514477801287026	0.002721931010771893	0.2541718658728471	0.0	(0.2541718658728471+0j)
0.5174093347561604	0.2677124196928124	0.0027535519098276207	0.27046817200266515	0.0	(0.27046817200266515+0j)
0.5338748049518669	0.2850223073623939	0.0027833563610788013	0.287807901831623	0.0	(0.287807901831623+0j)
0.5508595540650095	0.3034462483047011	0.002811423961820243	0.3062599405859807	0.0	(0.3062599405859807+0j)
0.5683817489806017	0.3230578125742477	0.0028378379549424963	0.32589794203680134	0.0	(0.32589794203680134+0j)
0.5864603040670644	0.3439356882464336	0.002862683230871312	0.3468006796286392	0.0	(0.3468006796286392+0j)
0.6051149169938791	0.36616406276850916	0.0028860446399493257	0.3690524261354009	0.0	(0.3690524261354009+0j)
0.6243661065132793	0.3898330349625516	0.0029080056362311034	0.39274336430207624	0.0	(0.39274336430207624+0j)
0.644235252327683	0.41503906034171334	0.00292864724858455	0.4179700311290299	0.0	(0.4179700311290299+0j)
0.6647446371729734	0.441885432650228	0.0029480473543574506	0.44483579867889095	0.0	(0.44483579867889095+0j)
0.6859174912568177	0.4704828048120465	0.0029662802162355173	0.47345139456266483	0.0	(0.47345139456266483+0j)
0.7077780392009602	0.5009497527751559	0.0029834162348486852	0.5039354655326972	0.0	(0.5039354655326972+0j)
0.7303515496469766	0.53341338607174	0.0029995218677660632	0.5364151879616996	0.0	(0.5364151879616996+0j)
0.7536643876962961	0.5680100092816329	0.003014659668581359	0.5710269293438618	0.0	(0.5710269293438618+0j)
0.7777440703675577	0.6048858389918965	0.003028888406212856	0.6079169653740085	0.0	(0.6079169653740085+0j)
0.8026193252675695	0.6441977812929686	0.0030422632326253174	0.6472422576113296	0.0	(0.6472422576113296+0j)
0.8283201526864177	0.6861142753464503	0.003054835875450818	0.6891712972401923	0.0	(0.6891712972401923+0j)
0.8548778913426676	0.7308162091064857	0.0030666548393866954	0.7338850209936694	0.0	(0.7338850209936694+0j)
0.8823252880212902	0.7784979138818526	0.0030777656062077694	0.7815778059161476	0.0	(0.7815778059161476+0j)
0.9106965713649502	0.8293682450958758	0.0030882108275981503	0.8324585503171562	0.0	(0.8324585503171562+0j)
0.9400275300988208	0.8836517573436894	0.003098030507936064	0.8867518490121229	0.0	(0.8867518490121229+0j)
0.9703555959901904	0.9415899826694776	0.003107262175958018	0.9446992717722582	0.0	(0.9446992717722582+0j)
1.0017199318670553	1.003442821899738	0.0031159410452242823	1.0065607548194402	0.0	(1.0065607548194402+0j)
1.0341615250446599	1.0694900598826966	0.0031241001637993785	1.0726161162159735	0.0	(1.0726161162159735+0j)
1.0677232865359136	1.1400330166110528	0.0031317705537657566	1.1431667071281444	0.0	(1.1431667071281444+0j)
1.102450156450796	1.2153963474583847	0.0031389813412461267	1.2185372121933684	0.0	(1.2185372121933684+0j)
1.1383892160216253	1.2959300071543307	0.0031457598776001984	1.2990776136175752	0.0	(1.2990776136175752+0j)
1.1755898067255313	1.382011393676972	0.0031521318524258954	1.3851653351814674	0.0	(1.3851653351814674+0j)
1.2141036570130084	1.4740476899723607	0.0031581213989519273	1.4772075840662955	0.0	(1.4772075840662955+0j)
1.2539850171922076	1.572478423342541	0.0031637511923653097	1.5756439103410815	0.0	(1.5756439103410815+0j)
1.2952908030630967	1.677778264499842	0.0031690425415765544	1.6809490061093184	0.0	(1.6809490061093184+0j)
1.3380807489440103	1.7904600906945636	0.0031740154748873314	1.7936357687231936	0.0	(1.7936357687231936+0j)
1.3824175707859427	1.911078340017707	0.003178688819990479	1.9142586551670098	0.0	(1.9142586551670098+0j)
1.4283671401274947	2.040232686995998	0.0031830802787000552	2.043417357727452	0.0	(2.043417357727452+0j)
1.475998669706335	2.1785720729748705	0.003187206496779515	2.181760834447228	0.0	(2.181760834447228+0j)
1.5253849116116884	2.3267991285725986	0.003191083129208815	2.3299917316448306	0.0	(2.3299917316448306+0j)
1.5766023689375699	2.485675029739557	0.003194724901206109	2.4888712400354756	0.0	(2.4888712400354756+0j)
1.6297315219786033	2.6560248337306946	0.0031981456652965114	2.6592244307611668	0.0	(2.6592244307611668+0j)
1.6848570701003769	2.8387433466672265	0.003201358454699071	2.84194612300618	0.0	(2.84194612300618+0j)
1.7420681905148345	3.03480158040363	0.0032043755332833317	3.038007340914435	0.0	(3.038007340914435+0j)
1.8014588152994475	3.245253863220089	0.003207208442328709	3.2484624243290767	0.0	(3.2484624243290767+0j)
1.863127928117564	3.4712456765316464	0.0032098680443030706	3.474456865545931	0.0	(3.474456865545931+0j)
1.9271798822278001	3.7140222984635574	0.003212364563861419	3.7172359529300025	0.0	(3.7172359529300025+0j)
1.9937247415135764	3.974938344923377	0.003214707626251207	3.9781543120264393	0.0	(3.9781543120264393+0j)
2.0628786464216957	4.255468309862607	0.0032169062932975853	4.258686445858328	0.0	(4.258686445858328+0j)
2.134764206872377	4.557218218943449	0.0032189690971296024	4.5604383886275315	0.0	(4.5604383886275315+0j)
2.2095109243945865	4.88193852501902	0.0032209040717970424	4.885160601226412	0.0	(4.885160601226412+0j)
2.2872556459514426	5.231538389936751	0.0032227187829170926	5.234762253070129	0.0	(5.234762253070129+0j)
2.368143052153487	5.608101515462834	0.003224420355480314	5.611327053046014	0.0	(5.611327053046014+0j)
2.4523261828149674	6.0139037069198285	0.0032260154999363844	6.017130813171804	0.0	(6.017130813171804+0j)
2.5399670030929564	6.451432376801015	0.0032275105366717503	6.454660952222497	0.0	(6.454660952222497+0j)
2.6312370137641037	6.923408222602238	0.003228911418983598	6.926638173566026	0.0	(6.926638173566026+0j)
2.726317909543103	7.4328093438954745	0.0032302237546473806	7.436040582229809	0.0	(7.436040582229809+0j)
2.825402289733909	7.982898098833615	0.0032314528261685083	7.986130541390091	0.0	(7.986130541390091+0j)
2.928694425934691	8.577251040500931	0.003232603609802628	8.580484608702978	0.0	(8.580484608702978+0j)
3.036411091994994	9.219792319590232	0.0032336807934232083	9.223026938967857	0.0	(9.223026938967857+0j)
3.148782461954948	9.914830992715062	0.0032346887933098365	9.91806659244528	0.0	(9.91806659244528+0j)
3.2660530822878577	10.667102736322017	0.003235631769925686	10.670339248806096	0.0	(10.670339248806096+0j)
3.3884829254269957	11.48181653591029	0.003236513642748048	11.485053896430236	0.0	(11.485053896430236+0j)
3.5163485322931636	12.364707000560285	0.003237338104211553	12.367945147057037	0.0	(12.367945147057037+0j)
3.64994425236183	13.32209304534916	0.0032381086328197506	13.325331918357103	0.0	(13.325331918357103+0j)
3.789583590727793	14.360943791113352	0.0032388285054770305	14.3641833338674	0.0	(14.3641833338674+0j)
3.9356006726549024	15.48895265460172	0.003239500809089458	15.492192813304582	0.0	(15.492192813304582+0j)
4.088351837252103	16.714620745162645	0.003240128451479887	16.717861469373123	0.0	(16.717861469373123+0j)
4.24821737321238	18.04735085006349	0.003240714171659774	18.050592093142342	0.0	(18.050592093142342+0j)
4.415603411006232	19.497553483289867	0.003241260549497332	19.500795202823227	0.0	(19.500795202823227+0j)
4.590943987558804	21.07676669690233	0.0032417700148191122	21.08000885502149	0.0	(21.08000885502149+0j)
4.774703301284134	22.797791615293608	0.003242244855979686	22.80103417881619	0.0	(22.80103417881619+0j)
4.967378177430783	24.674845957615567	0.003242687227931886	24.67808889795413	0.0	(24.67808889795413+0j)
5.169500766042979	26.723738170118942	0.0032430991598279683	26.726981462932695	0.0	(26.726981462932695+0j)
5.38164149749948	28.962065207608447	0.003243482562180126	28.96530883220953	0.0	(28.96530883220953+0j)
5.60441232360277	31.4094374929506	0.003243839233606977	31.412681431518962	0.0	(31.412681431518962+0j)
5.838470275605943	34.087735159134134	0.0032441708671909477	34.0909793958331	0.0	(34.0909793958331+0j)
6.084521374442966	37.02140035605332	0.0032444790564699157	37.0246448761644	0.0	(37.0246448761644+0j)
6.343324932840438	40.237771203595145	0.0032447653010849883	40.24101599279655	0.0	(40.24101599279655+0j)
6.6156982940154645	43.76746391743913	0.003245031012104933	43.770708961321674	0.0	(43.770708961321674+0j)
6.902522057400854	47.64481075290532	0.0032452775170464833	47.64805603676656	0.0	(47.64805603676656+0j)
7.204745848394378	51.908362739956026	0.0032455060646085507	51.911608248849305	0.0	(51.911608248849305+0j)
7.523394696634503	56.60146776134816	0.003245717829137254	56.60471348030208	0.0	(56.60471348030208+0j)
7.8595760959111685	61.77293640741824	0.0032459139148376284	61.776182321726026	0.0	(61.776182321726026+0j)
8.214487828707165	67.47781028797816	0.0032460953597468955	67.48105638345635	0.0	(67.48105638345635+0j)
8.589426649741787	73.77825017129442	0.003246263139483274	73.78149643446449	0.0	(73.78149643446449+0j)
8.98579793600448	80.74456454670239	0.003246418170783428	80.74781096487972	0.0	(80.74781096487972+0j)
9.405126425913659	88.45640308741945	0.003246561314840884	88.45964964873558	0.0	(88.45964964873558+0j)
9.849068187765841	97.0041441672611	0.0032466933804569664	97.00739086064209	0.0	(97.00739086064209+0j)
10.319423977963961	106.49051123697754	0.0032468151270151164	106.49375805210421	0.0	(106.49375805210421+0j)
10.818154173127459	117.03245971355506	0.0032469272672888028	117.03570664082241	0.0	(117.03570664082241+0j)
11.347395487676598	128.76338435374322	0.003247030470092608	128.76663138421324	0.0	(128.76663138421324+0j)
11.909479720557647	141.83570721437383	0.0032471253627855043	141.83895433973618	0.0	(141.83895433973618+0j)
12.506954812276623	156.42391867632938	0.003247212533634793	156.42716588886302	0.0	(156.42716588886302+0j)
13.142608537358175	172.72815916623998	0.0032472925340486696	172.73140645877382	0.0	(172.73140645877382+0j)
13.81949520896811	190.97844783069255	0.0032473658806849133	190.98169519657336	0.0	(190.98169519657336+0j)
14.540965833221001	211.43968736290054	0.0032474330574427364	211.44293479595814	0.0	(211.44293479595814+0j)
15.310702222436372	234.41760254411807	0.0032474945173444343	234.42085003863514	0.0	(234.42085003863514+0j)
16.132755661503882	260.26580523378556	0.003247550684313063	260.26905278446986	0.0	(260.26905278446986+0j)
17.011590822240496	289.3942223033371	0.003247601954852023	289.3974699052916	0.0	(289.3974699052916+0j)
17.95213574044925	322.27917764351537	0.00324764869963207	322.28242529221495	0.0	(322.28242529221495+0j)
18.959838813335132	359.4754878276494	0.0032476912649909502	359.4787355189143	0.0	(359.4787355189143+0j)
20.040733945957346	401.6310170926471	0.0032477299743505694	401.63426482262116	0.0	(401.63426482262116+0j)
21.201515180617427	449.5042459539512	0.003247765129556296	449.5074937190808	0.0	(449.5074937190808+0j)
22.449622390102537	503.98554545819314	0.003247797012142747	503.98879325520585	0.0	(503.98879325520585+0j)
23.79333991397463	566.1230242619383	0.003247825884530151	566.1262720878234	0.0	(566.1262720878234+0j)
25.241910378451255	637.1540395537652	0.0032478519911551375	637.1572874057586	0.0	(637.1572874057586+0j)
26.805666379689328	718.5437500592068	0.003247875559539592	718.546997934769	0.0	(718.546997934769+0j)
28.496183246158765	812.0324595986594	0.003247896801300996	812.0357074954576	0.0	(812.0357074954576+0j)
30.32645675191463	919.6939791257485	0.0032479159131074777	919.6972270416627	0.0	(919.6972270416627+0j)
32.3111104589992	1044.0078590936475	0.0032479330775806183	1044.0111070267276	0.0	(1044.0111070267276+0j)
34.466638362271254	1187.9491599955884	0.00324794846414888	1187.9524079440553	0.0	(1187.9524079440553+0j)
36.81168974285722	1355.1005017243795	0.003247962229854358	1355.1037496866084	0.0	(1355.1037496866084+0j)
39.367404670512954	1549.792550491925	0.003247974520115404	1549.7957984664479	0.0	(1549.7957984664479+0j)
42.157810512571146	1777.2809872138541	0.003247985469447534	1777.2842351993254	0.0	(1777.2842351993254+0j)
45.2102922146935	2043.9705221379759	0.0032479952021448716	2043.973770133178	0.0	(2043.973770133178+0j)
48.55615215628762	2357.6999122245547	0.003248003832924284	2357.7031602283946	0.0	(2357.7031602283946+0j)
52.23127923541829	2728.106530568238	0.0032480114675342113	2728.1097785797115	0.0	(2728.1097785797115+0j)
56.276951748412806	3167.0952980931834	0.0032480182033301007	3167.098546111387	0.0	(3167.098546111387+0j)
60.740804923448316	3689.445382748403	0.00324802412981824	3689.448630772533	0.0	(3689.448630772533+0j)
65.678002081681	4313.599957441294	0.0032480293291696763	4313.603205470623	0.0	(4313.603205470623+0j)
71.15265892357522	5062.700871894628	0.003248033876705828	5062.704119928505	0.0	(5062.704119928505+0j)
77.23958417424923	5965.953363410932	0.0032480378413572847	5965.956611448773	0.0	(5965.956611448773+0j)
84.02641786968496	7060.438900010912	0.003248041286097228	7060.442148052199	0.0	(7060.442148052199+0j)
91.6162724451523	8393.541376744373	0.003248044268350803	8393.544624788641	0.0	(8393.544624788641+0j)
100.13101361547054	10026.219887661546	0.003248046840381711	10026.223135708386	0.0	(10026.223135708386+0j)
109.71536078960258	12037.460393192665	0.003248049049657219	12037.463641241715	0.0	(12037.463641241715+0j)
120.54204466100386	14530.384531055448	0.0032480509391926995	14530.387779106388	0.0	(14530.387779106388+0j)
132.81833870704781	17640.711096900075	0.0032480525478767717	17640.714344952623	0.0	(17640.714344952623+0j)
146.79439036751677	21548.5930433709	0.003248053910778041	21548.596291424812	0.0	(21548.596291424812+0j)
162.77392945908693	26495.35211155181	0.003248055059434373	26495.355359606867	0.0	(26495.355359606867+0j)
181.12814487571467	32807.40486611788	0.0032480560221255987	32807.4081141739	0.0	(32807.4081141739+0j)
202.31382423176245	40930.883475280476	0.00324805682413048	40930.8867233373	0.0	(40930.8867233373+0j)
226.8972879628321	51482.37928488836	0.003248057487968725	51482.38253294585	0.0	(51482.38253294585+0j)
255.58628593832233	65324.34955974587	0.0032480580336287966	65324.3528078039	0.0	(65324.3528078039+0j)
289.2729647092139	83678.84811165811	0.003248058478782206	83678.85135971659	0.0	(83678.85135971659+0j)
329.0924221029929	108301.82228561444	0.003248058838984952	108301.82553367328	0.0	(108301.82553367328+0j)
376.5035096990875	141754.89281573085	0.0032480591278667187	141754.89606379	0.0	(141754.89606379+0j)
433.40186208964224	187837.17406276928	0.0032480593573084087	187837.17731082864	0.0	(187837.17731082864+0j)
502.28036320721014	252285.56326356693	0.0032480595376085594	252285.56651162647	0.0	(252285.56651162647+0j)
586.4606733385415	343936.1213726955	0.003248059677639141	343936.12462075514	0.0	(343936.12462075514+0j)
690.4332693822103	476698.0994698077	0.0032480597849912233	476698.10271786747	0.0	(476698.10271786747+0j)
820.3667320751865	673001.5750957208	0.0032480598661109453	673001.5783437807	0.0	(673001.5783437807+0j)
984.887256804191	970002.9086152845	0.003248059926426212	970002.9118633444	0.0	(970002.9118633444+0j)
1196.3009944823236	1431136.0693993964	0.003248059970464493	1431136.0726474563	0.0	(1431136.0726474563+0j)
1472.5635616933432	2168443.4432269847	0.003248060001962097	2168443.446475045	0.0	(2168443.446475045+0j)
1840.5523873295315	3387633.0905044377	0.0032480600239652418	3387633.093752498	0.0	(3387633.093752498+0j)
2341.69741959656	5483546.804945188	0.003248060038923239	5483546.808193248	0.0	(5483546.808193248+0j)
3042.068227295077	9254179.099518213	0.003248060048774066	9254179.102766274	0.0	(9254179.102766274+0j)
4051.312381594628	16413132.013261935	0.0032480600550226	16413132.016509995	0.0	(16413132.016509995+0j)
5560.235461968326	30916218.392530117	0.003248060058811739	30916218.395778175	0.0	(30916218.395778175+0j)
7920.489136472687	62734148.16098186	0.0032480600609866403	62734148.164229915	0.0	(62734148.164229915+0j)
11827.838413937889	139897761.54622474	0.003248060062152257	139897761.5494728	0.0	(139897761.5494728+0j)
18788.82371050371	353019896.42438644	0.003248060062724363	353019896.4276345	0.0	(353019896.4276345+0j)
32476.81879197138	1054743758.8465452	0.0032480600629742123	1054743758.8497933	0.0	(1054743758.8497933+0j)
63446.8398829024	4025501491.1266546	0.003248060063066972	4025501491.129903	0.0	(4025501491.129903+0j)
150421.18686009367	22626533456.399216	0.003248060063094046	22626533456.402462	0.0	(22626533456.402462+0j)
507740.6449570468	257800562541.39783	0.003248060063099391	257800562541.40106	0.0	(257800562541.40106+0j)
4062257.047599779	16501932320774.072	0.003248060063099897	16501932320774.076	0.0	(16501932320774.076+0j)
