-25963.925498107445	-674125427.271274	-0.019894367871731232	-674125427.2911683	0.0	(-674125427.2911683+0j)
-6490.627825950439	-42128249.57500212	-0.019894367650370202	-42128249.59489649	0.0	(-42128249.59489649+0j)
-2884.461596072092	-8320118.699214761	-0.01989436669092898	-8320118.719109128	0.0	(-8320118.719109128+0j)
-1622.3034223555637	-2631868.3941865745	-0.019894364106972727	-2631868.414080939	0.0	(-2631868.414080939+0j)
-1038.1045036316527	-1077660.96046032	-0.01989435865614054	-1077660.9803546788	0.0	(-1077660.9803546788+0j)
-720.7618889630762	-519497.7005816218	-0.01989434873879111	-519497.72047597053	0.0	(-519497.72047597053+0j)
-529.4143094470139	-280279.5110472586	-0.019894332396258232	-280279.530941591	0.0	(-280279.530941591+0j)
-405.22237924923235	-164205.1766444087	-0.019894307308713752	-164205.196538716	0.0	(-164205.196538716+0j)
-320.07680939731165	-102449.16391396297	-0.019894270792635067	-102449.18380823376	0.0	(-102449.18380823376+0j)
-259.17269292908765	-67170.48476011516	-0.019894219797873612	-67170.50465433496	0.0	(-67170.50465433496+0j)
-214.11054347450596	-45843.32482694831	-0.019894150904320358	-45843.344721099216	0.0	(-45843.344721099216+0j)
-179.8370922777698	-32341.379758923096	-0.01989406031816369	-32341.399652983415	0.0	(-32341.399652983415+0j)
-153.16429722491517	-23459.30194440216	-0.019893943867734493	-23459.321838346026	0.0	(-23459.321838346026+0j)
-132.00026008113662	-17424.06866148771	-0.019893796998932668	-17424.088555284707	0.0	(-17424.088555284707+0j)
-114.92620417901293	-13208.032406996168	-0.019893614770228815	-13208.052300610938	0.0	(-13208.052300610938+0j)
-100.95234989431218	-10191.376949183632	-0.019893391847234043	-10191.396842575468	0.0	(-10191.396842575468+0j)
-89.3711707749886	-7987.206165692176	-0.0198931224968304	-7987.226058814679	0.0	(-7987.226058814679+0j)
-79.6660394899954	-6346.677848021506	-0.01989280058085373	-6346.697740822094	0.0	(-6346.697740822094+0j)
-71.45259678142344	-5105.473586808683	-0.01989241954932013	-5105.493479228226	0.0	(-5105.493479228226+0j)
-64.4401021455765	-4152.526764532334	-0.019891972433186484	-4152.546656504772	0.0	(-4152.546656504772+0j)
-58.40534616997556	-3411.1844612346786	-0.019891451836634943	-3411.2043526865073	0.0	(-3411.2043526865073+0j)
-53.1746662886106	-2827.545134905101	-0.01989084992887045	-2827.5650257550305	0.0	(-2827.5650257550305+0j)
-48.61131190080035	-2363.059644716894	-0.019890158435419747	-2363.0795348753254	0.0	(-2363.0795348753254+0j)
-44.60641475236486	-1989.7322370599936	-0.019889368628919508	-1989.752126428627	0.0	(-1989.752126428627+0j)
-41.07243507516475	-1686.9449230036234	-0.019888471319380548	-1686.9648114749477	0.0	(-1686.9648114749477+0j)
-37.93833703272188	-1439.3174168083967	-0.019887456843914183	-1439.3373042652406	0.0	(-1439.3373042652406+0j)
-35.145990988493956	-1235.2406825632984	-0.019886315055906077	-1235.2605688783522	0.0	(-1235.2605688783522+0j)
-32.64745859752206	-1065.856552876917	-0.01988503531362203	-1065.8764379122347	0.0	(-1065.8764379122347+0j)
-30.40292155165993	-924.3376388763878	-0.019883606468229263	-924.3575224828536	0.0	(-924.3575224828536+0j)
-28.379085308632625	-805.3724829546481	-0.019882016851215947	-805.3923649715005	0.0	(-805.3923649715005+0j)
-26.54793727901791	-704.7929737706688	-0.01988025426119065	-704.8128540249307	0.0	(-704.8128540249307+0j)
-24.885772290912822	-619.3016625151644	-0.019878305950042495	-619.3215408211158	0.0	(-619.3215408211158+0j)
-23.372421553405154	-546.2700892700777	-0.019876158608441812	-546.2899654287195	0.0	(-546.2899654287195+0j)
-21.99063796447735	-483.5881580847126	-0.019873798350659902	-483.60803188343186	0.0	(-483.60803188343186+0j)
-20.725602554503787	-429.5506012472539	-0.01987121069868562	-429.57047246050956	0.0	(-429.57047246050956+0j)
-19.56452553191485	-382.770659288948	-0.019868380565615143	-382.79052768166747	0.0	(-382.79052768166747+0j)
-18.49632176131648	-342.1139186981496	-0.019865292238290273	-342.13378403306916	0.0	(-342.13378403306916+0j)
-17.511345216339368	-306.6472112858117	-0.019861929359159265	-306.66707333256545	0.0	(-306.66707333256545+0j)
-16.601170469373372	-275.5988609531945	-0.01985827490733294	-275.6187194929312	0.0	(-275.6187194929312+0j)
-15.758411931676982	-248.32754660841945	-0.01985431117880749	-248.34740142797835	0.0	(-248.34740142797835+0j)
-14.976573570196068	-224.2977559034954	-0.01985001976582394	-224.3176067785605	0.0	(-224.3176067785605+0j)
-14.249923366935638	-203.06031596353833	-0.019845381535332864	-203.08016263647778	0.0	(-203.08016263647778+0j)
-13.573387972519702	-184.2368610525425	-0.01984037660653124	-184.2567032129994	0.0	(-184.2567032129994+0j)
-12.942463925037897	-167.50737245090735	-0.01983498432743695	-167.52720972516437	0.0	(-167.52720972516437+0j)
-12.35314252275965	-152.60013018761268	-0.019829183250464563	-152.61996213855383	0.0	(-152.61996213855383+0j)
-11.801846002556928	-139.28356906806894	-0.0198229511069644	-139.30339520390118	0.0	(-139.30339520390118+0j)
-11.285373120608226	-127.35964647134664	-0.019816264780685024	-127.37946625915563	0.0	(-127.37946625915563+0j)
-10.800852585031993	-116.6584165635923	-0.01980910028011733	-116.67822944337698	0.0	(-116.67822944337698+0j)
-10.345703071874341	-107.03357205139018	-0.01980143270967653	-107.05337744703738	0.0	(-107.05337744703738+0j)
-9.917598781876578	-98.35876559827977	-0.019793236239675997	-98.37856292353871	0.0	(-98.37856292353871+0j)
-9.514439677583534	-90.52456237837586	-0.019784484075045045	-90.54435103770746	0.0	(-90.54435103770746+0j)
-9.134325687808028	-83.4359057709496	-0.01977514842274009	-83.45568515652533	0.0	(-83.45568515652533+0j)
-8.775534286370473	-77.01000201126372	-0.01976520045779644	-77.02977149799678	0.0	(-77.02977149799678+0j)
-8.436500949941994	-71.17454827837217	-0.019754610287965338	-71.19430721868187	0.0	(-71.19430721868187+0j)
-8.115802080094475	-65.86624340326581	-0.019743346916878225	-65.8859911226178	0.0	(-65.8859911226178+0j)
-7.812140040731365	-61.02953201599826	-0.019731378205677372	-61.049267809560796	0.0	(-61.049267809560796+0j)
-7.524330016657525	-56.61554219957343	-0.019718670833049207	-56.63526532983265	0.0	(-56.63526532983265+0j)
-7.251288444301806	-52.5811841024649	-0.019705190253593383	-52.600893797462504	0.0	(-52.600893797462504+0j)
-6.9920228032587755	-48.8883828812907	-0.019690900654457645	-48.90807833316604	0.0	(-48.90807833316604+0j)
-6.745622588745905	-45.50342410979901	-0.01967576491016494	-45.523104473430216	0.0	(-45.523104473430216+0j)
-6.511251311394057	-42.396393640130825	-0.01965974453555577	-42.4160580317707	0.0	(-42.4160580317707+0j)
-6.28813939289932	-39.540697024532236	-0.01964279963676507	-39.56034452040379	0.0	(-39.56034452040379+0j)
-6.075577844694438	-36.91264614694191	-0.019624888860148744	-36.93227578178356	0.0	(-36.93227578178356+0j)
-5.872912632539629	-34.49110278944356	-0.01960596933907115	-34.51071355499382	0.0	(-34.51071355499382+0j)
-5.679539643272203	-32.25717055950054	-0.019585996638460213	-32.27676140293234	0.0	(-32.27676140293234+0j)
-5.494900181287662	-30.19392800231518	-0.019564924697032377	-30.213497824608872	0.0	(-30.213497824608872+0j)
-5.318476931980488	-28.28619687600858	-0.019542705767084775	-28.305744530265027	0.0	(-28.305744530265027+0j)
-5.149790337618319	-26.520340521427006	-0.01951929035174687	-26.5398648111168	0.0	(-26.5398648111168+0j)
-4.988395338183129	-24.884088050007175	-0.01949462713957855	-24.903587727154058	0.0	(-24.903587727154058+0j)
-4.833878435771186	-23.366380731813685	-0.019468662936395945	-23.385854495109985	0.0	(-23.385854495109985+0j)
-4.685855046355183	-21.957237515452334	-0.019441342594200346	-21.976684008301767	0.0	(-21.976684008301767+0j)
-4.543967107204298	-20.6476370713546	-0.0194126089370794	-20.667054879841835	0.0	(-20.667054879841835+0j)
-4.40788091213969	-19.429414135605423	-0.019382402683943076	-19.4488017863873	0.0	(-19.4488017863873+0j)
-4.277285150163216	-18.295168255806765	-0.01935066236795001	-18.314524213922383	0.0	(-18.314524213922383+0j)
-4.1518891259130415	-17.23818331387496	-0.019317324252472595	-17.2575059804725	0.0	(-17.2575059804725+0j)
-4.031421142934009	-16.252356431695354	-0.01928232224344131	-16.271644141669455	0.0	(-16.271644141669455+0j)
-3.915627032958444	-15.332135061234949	-0.019245587797900757	-15.351386080773093	0.0	(-15.351386080773093+0j)
-3.804268816319107	-14.472461226817979	-0.019207049828601344	-14.491673750851493	0.0	(-14.491673750851493+0j)
-3.6971234803003905	-13.668722028588473	-0.01916663460444158	-13.687894178143562	0.0	(-13.687894178143562+0j)
-3.5939818637085126	-12.916705636665714	-0.01912426564656693	-12.935835456110206	0.0	(-12.935835456110206+0j)
-3.4946476372356603	-12.212562108436783	-0.01907986361992305	-12.231647562617443	0.0	(-12.231647562617443+0j)
-3.39893637032993	-11.552768449551598	-0.01903334622005587	-11.571807420820745	0.0	(-11.571807420820745+0j)
-3.306674676284117	-10.93409741477867	-0.018984628054954683	-10.95308769989933	0.0	(-10.95308769989933+0j)
-3.2176994281387747	-10.353589609844597	-0.018933620521758766	-10.372528916774085	0.0	(-10.372528916774085+0j)
-3.1318570387744358	-9.808528511320977	-0.018880231678217417	-9.827414455866286	0.0	(-9.827414455866286+0j)
-3.0490027992569613	-9.296418069876786	-0.018824366108949057	-9.315248172214357	0.0	(-9.315248172214357+0j)
-2.969000270110649	-8.814962603917106	-0.0187659247868552	-8.833734284975487	0.0	(-8.833734284975487+0j)
-2.8917207207350946	-8.362048726728695	-0.018704804930604873	-8.380759304428741	0.0	(-8.380759304428741+0j)
-2.8170426126629335	-7.935729081558806	-0.018640899860038945	-7.9543757669099495	0.0	(-7.9543757669099495+0j)
-2.7448511227833454	-7.534207686244992	-0.018574098852789545	-7.552787579295499	0.0	(-7.552787579295499+0j)
-2.675037703037414	-7.155826712671685	-0.01850428700749628	-7.174336798326902	0.0	(-7.174336798326902+0j)
-2.6074996734312905	-6.799054546944287	-0.01843134512181054	-6.817491690659503	0.0	(-6.817491690659503+0j)
-2.542139845516731	-6.462474994163829	-0.018355149596905644	-6.480835937544089	0.0	(-6.480835937544089+0j)
-2.4788661737599393	-6.144777507411241	-0.018275572384321006	-6.163058863757174	0.0	(-6.163058863757174+0j)
-2.4175914324627716	-5.844748334317396	-0.018192480995377968	-5.862946584182683	0.0	(-5.862946584182683+0j)
-2.358232916118114	-5.561262486662943	-0.01810573859767868	-5.579373973508381	0.0	(-5.579373973508381+0j)
-2.3007121612768358	-5.293276449047129	-0.01801520422678275	-5.311297375106389	0.0	(-5.311297375106389+0j)
-2.2449546881792823	-5.039821551978139	-0.017920733143437933	-5.057747974483473	0.0	(-5.057747974483473+0j)
-2.1908897605623596	-4.799997942936994	-0.017822177367133155	-4.817825770878458	0.0	(-4.817825770878458+0j)
-2.13845016219549	-4.572969096193918	-0.017719386414772907	-4.590694087819589	0.0	(-4.590694087819589+0j)
-2.0875719888270416	-4.35795680853529	-0.017612208268667176	-4.375574569820115	0.0	(-4.375574569820115+0j)
-2.0381944543385164	-4.154236633696283	-0.01750049059077084	-4.171742618027422	0.0	(-4.171742618027422+0j)
-1.9902597100084227	-3.961133713282811	-0.01738408219045284	-3.9785232226145544	0.0	(-3.9785232226145544+0j)
-1.9437126758822836	-3.778018966385467	-0.017262834741553303	-3.795287154113152	0.0	(-3.795287154113152+0j)
-1.89850088333086	-3.604305604008056	-0.017136604731839263	-3.6214474797935328	0.0	(-3.6214474797935328+0j)
-1.8545743279562	-3.4394459379141904	-0.017005255615075012	-3.4564563746670363	0.0	(-3.4564563746670363+0j)
-1.8118853320755182	-3.282928456590411	-0.01686866012370815	-3.299802199761226	0.0	(-3.299802199761226+0j)
-1.7703884160767358	-3.1342751437786935	-0.016726702689513692	-3.1510068230788506	0.0	(-3.1510068230788506+0j)
-1.7300401779976016	-2.993039017485973	-0.016579281911183633	-3.009623161076406	0.0	(-3.009623161076406+0j)
-1.6907991807330216	-2.858801869567457	-0.0164263130023501	-2.8752329206981675	0.0	(-2.8752329206981675+0j)
-1.6526258463233479	-2.731172187935962	-0.016267730151208422	-2.7474445239463665	0.0	(-2.7474445239463665+0j)
-1.6154823568201164	-2.609783245197078	-0.01610348872384	-2.6258911987257942	0.0	(-2.6258911987257942+0j)
-1.579332561265664	-2.494291339073962	-0.015933567247373187	-2.510229221253223	0.0	(-2.510229221253223+0j)
-1.544141888359463	-2.3843741713863285	-0.01575796911591549	-2.4001362967423288	0.0	(-2.4001362967423288+0j)
-1.5098772644173457	-2.279729353604407	-0.015576723971245224	-2.2953100663469987	0.0	(-2.2953100663469987+0j)
-1.4765070362601456	-2.180073028125719	-0.015389888720969032	-2.1954667294537034	0.0	(-2.1954667294537034+0j)
-1.4440008986961979	-2.085138595435427	-0.015197548168594817	-2.100339771476212	0.0	(-2.100339771476212+0j)
-1.4123298262875472	-1.9946755382214134	-0.01499981524210237	-2.009678788203021	0.0	(-2.009678788203021+0j)
-1.3814660091131397	-1.9084483343349852	-0.014796830819528685	-1.923248398583262	0.0	(-1.923248398583262+0j)
-1.3513827922636295	-1.826235451226244	-0.014588763161309366	-1.8408272385974658	0.0	(-1.8408272385974658+0j)
-1.3220546188221383	-1.7478284151489494	-0.014375806969218807	-1.7622070295220447	0.0	(-1.7622070295220447+0j)
-1.2934569761033048	-1.6730309490303052	-0.014158182100423	-1.687191714513603	0.0	(-1.687191714513603+0j)
-1.2655663449395995	-1.6016581734437774	-0.013936131972203501	-1.6155966579876642	0.0	(-1.6155966579876642+0j)
-1.2383601518190859	-1.5335358656133895	-0.013709921698234113	-1.547247902756396	0.0	(-1.547247902756396+0j)
-1.2118167236928987	-1.4684997718217911	-0.013479836000891102	-1.4819814803492302	0.0	(-1.4819814803492302+0j)
-1.1859152452835946	-1.4063949689960484	-0.013246176946025387	-1.4196427703299457	0.0	(-1.4196427703299457+0j)
-1.1606357187374863	-1.3470752716092813	-0.0130092615470561	-1.3600859047995288	0.0	(-1.3600859047995288+0j)
-1.1359589254750273	-1.2904026803663786	-0.01276941928433388	-1.303173214596602	0.0	(-1.303173214596602+0j)
-1.1118663901034846	-1.2362468694417543	-0.01252698958367436	-1.2487747140098382	0.0	(-1.2487747140098382+0j)
-1.0883403462654702	-1.1844847093092434	-0.012282319294993101	-1.1967676210792733	0.0	(-1.1967676210792733+0j)
-1.065363704305586	-1.13499982245172	-0.012035760208300855	-1.1470359108147068	0.0	(-1.1470359108147068+0j)
-1.0429200206454015	-1.0876821694630046	-0.011787666640150577	-1.099469898883014	0.0	(-1.099469898883014+0j)
-1.020993468764418	-1.0424276632595986	-0.011538393119158784	-1.0539658534921794	0.0	(-1.0539658534921794+0j)
-0.9995688116914875	-0.9991378093063323	-0.01128829219462397	-1.0104256334226867	0.0	(-1.0104256334226867+0j)
-0.9786313759175298	-0.9577193699302375	-0.011037712387683123	-0.9687563502845071	0.0	(-0.9687563502845071+0j)
-0.9581670266462455	-0.918084050952107	-0.010786996300005024	-0.9288700532516854	0.0	(-0.9288700532516854+0j)
-0.9381621443049951	-0.8801482090069465	-0.010536478890814382	-0.8906834346576903	0.0	(-0.8906834346576903+0j)
-0.9186036022430514	-0.8438325780539101	-0.010286485929146449	-0.8541175549494203	0.0	(-0.8541175549494203+0j)
-0.89947874554915	-0.8090620136946725	-0.010037332624699954	-0.8190975856376039	0.0	(-0.8190975856376039+0j)
-0.8807753709246038	-0.7757652540273734	-0.009789322437517716	-0.7855525689551524	0.0	(-0.7855525689551524+0j)
-0.8624817075523156	-0.743874695862358	-0.009542746063995147	-0.7534151930606712	0.0	(-0.7534151930606712+0j)
-0.8445863989057804	-0.7133261852166339	-0.00929788059439698	-0.7226215816884803	0.0	(-0.7226215816884803+0j)
-0.8270784854456875	-0.6840588210871323	-0.009054988835142169	-0.6931110972452402	0.0	(-0.6931110972452402+0j)
-0.8099473881549796	-0.6560147715790732	-0.008814318787575742	-0.6648261564169189	0.0	(-0.6648261564169189+0j)
-0.7931828928662812	-0.6291391015357225	-0.008576103273759642	-0.6377120574253122	0.0	(-0.6377120574253122+0j)
-0.776775135338431	-0.6033796108800378	-0.008340559698950653	-0.6117168181299423	0.0	(-0.6117168181299423+0j)
-0.7607145870414965	-0.5786866829377146	-0.008107889939860646	-0.5867910242392907	0.0	(-0.5867910242392907+0j)
-0.7449920416121038	-0.5550131420653706	-0.00787828034747695	-0.5628876869381728	0.0	(-0.5628876869381728+0j)
-0.7295986019432299	-0.5323141199575157	-0.007651901853126113	-0.5399621092952038	0.0	(-0.5399621092952038+0j)
-0.7145256678747282	-0.5105469300518263	-0.007428910166557295	-0.5179717608618266	0.0	(-0.5179717608618266+0j)
-0.6997649244528762	-0.48967094949453954	-0.007209446055072481	-0.4968761599074838	0.0	(-0.4968761599074838+0j)
-0.6853083307291001	-0.4696475081667057	-0.006993635693108362	-0.4766367627867498	0.0	(-0.4766367627867498+0j)
-0.6711481090697825	-0.4504397843079447	-0.006781591072153294	-0.45721685996215145	0.0	(-0.45721685996215145+0j)
-0.6572767349506936	-0.4320127063074443	-0.006573410461437052	-0.43858147824703453	0.0	(-0.43858147824703453+0j)
-0.6436869272111243	-0.4143328602624992	-0.006369178910440164	-0.4206972888532824	0.0	(-0.4206972888532824+0j)
-0.6303716387442216	-0.39736840293307546	-0.006168968784914047	-0.40353252087389485	0.0	(-0.40353252087389485+0j)
-0.6173240476013827	-0.3810889797469542	-0.005972840328767232	-0.38705687984025555	0.0	(-0.38705687984025555+0j)
-0.6045375484898089	-0.365465647534068	-0.005780842244842542	-0.3712414710300751	0.0	(-0.3712414710300751+0j)
-0.5920057446435135	-0.35047080169092093	-0.005593012288274078	-0.35605872722121457	0.0	(-0.35605872722121457+0j)
-0.5797224400491665	-0.3360781074965595	-0.005409377866761593	-0.34148234060525723	0.0	(-0.34148234060525723+0j)
-0.5676816320092142	-0.32226243532064486	-0.0052299566427265985	-0.3274871985990448	0.0	(-0.3274871985990448+0j)
-0.5558775040256674	-0.30899979948180584	-0.0050547571329127745	-0.31404932330761126	0.0	(-0.31404932330761126+0j)
-0.544304418988884	-0.2962673005308266	-0.004883779301559511	-0.3011458144068064	0.0	(-0.3011458144068064+0j)
-0.5329569126565085	-0.2840430707483572	-0.004717015143808491	-0.28875479523524933	0.0	(-0.28875479523524933+0j)
-0.5218296874085603	-0.27230622266091575	-0.004554449256497239	-0.27685536189370774	0.0	(-0.27685536189370774+0j)
-0.5109176062654007	-0.261036800391967	-0.004396059393949662	-0.26542753516737433	0.0	(-0.26542753516737433+0j)
-0.5002156871560363	-0.2502157336769855	-0.00424181700679201	-0.2544522150955484	0.0	(-0.2544522150955484+0j)
-0.489719097424872	-0.2398247943826313	-0.00409168776220311	-0.24391113802962835	0.0	(-0.24391113802962835+0j)
-0.47942314856567775	-0.22984655538062793	-0.00394563204435228	-0.23378683602494854	0.0	(-0.23378683602494854+0j)
-0.4693232911721022	-0.22026435163661381	-0.0038036054340870908	-0.22406259842801132	0.0	(-0.22406259842801132+0j)
-0.4594151100946494	-0.21106224338327884	-0.003665559167208926	-0.21472243552515483	0.0	(-0.21472243552515483+0j)
-0.44969431979454255	-0.2022249812554763	-0.003531440570918188	-0.20575104413111128	0.0	(-0.20575104413111128+0j)
-0.44015675988541014	-0.1937379732728226	-0.003401193478225463	-0.19713377500135545	0.0	(-0.19713377500135545+0j)
-0.4307983908541856	-0.18558725356255565	-0.003274758620311652	-0.18885660196067566	0.0	(-0.18885660196067566+0j)
-0.4216152899530627	-0.1777594527222051	-0.003152073996981586	-0.1809060926490722	0.0	(-0.1809060926490722+0j)
-0.41260364725475723	-0.17024176972792815	-0.003033075225493516	-0.17326938078837634	0.0	(-0.17326938078837634+0j)
-0.4037597618637247	-0.16302194530025169	-0.0029176958681637125	-0.16593413988389435	0.0	(-0.16593413988389435+0j)
-0.39508003827635235	-0.15608823664444404	-0.00280586773924274	-0.1588885582779917	0.0	(-0.1588885582779917+0j)
-0.3865609828834897	-0.14942939348784964	-0.002697521191639747	-0.1521213154786225	0.0	(-0.1521213154786225+0j)
-0.37819920060902373	-0.1430346353413046	-0.0025925853841358704	-0.14562155969059956	0.0	(-0.14562155969059956+0j)
-0.3699913916785018	-0.13689362991619455	-0.0024909885297775547	-0.13937888648235305	0.0	(-0.13937888648235305+0j)
-0.3619343485121183	-0.13099647263289152	-0.0023926581261792465	-0.13338331852456004	0.0	(-0.13338331852456004+0j)
-0.354024952736643	-0.1253336671601823	-0.0022975211684917174	-0.1276252863409744	0.0	(-0.1276252863409744+0j)
-0.3462601723111496	-0.119896106928947	-0.0022055043458098222	-0.12209561001614692	0.0	(-0.12209561001614692+0j)
-0.3386370587616388	-0.11467505756673362	-0.0021165342218030514	-0.11678548180725418	0.0	(-0.11678548180725418+0j)
-0.33115274451989835	-0.10966214020306106	-0.0020305374003541515	-0.11168644961084045	0.0	(-0.11168644961084045+0j)
-0.32380444036215683	-0.10484931559824957	-0.001947440676987433	-0.10679040123828058	0.0	(-0.10679040123828058+0j)
-0.31658943294330893	-0.10022886905136591	-0.0018671711768587784	-0.10208954945622943	0.0	(-0.10208954945622943+0j)
-0.3095050824226829	-0.09579339604547173	-0.0017896564800664733	-0.09757641775138928	0.0	(-0.09757641775138928+0j)
-0.3025488201775176	-0.09153578859080788	-0.0017148247350243923	-0.09324382678085477	0.0	(-0.09324382678085477+0j)
-0.29571814660049234	-0.08744922222883028	-0.0016426047606192956	-0.0890848814716273	0.0	(-0.0890848814716273+0j)
-0.28901062897782787	-0.08352714366215967	-0.0015729261378514686	-0.08509295873552217	0.0	(-0.08509295873552217+0j)
-0.28242389944463353	-0.07976325897751248	-0.0015057192916342055	-0.0812616957668251	0.0	(-0.0812616957668251+0j)
-0.27595565301433805	-0.07615152243056975	-0.001440915563401285	-0.07758497889266897	0.0	(-0.07758497889266897+0j)
-0.26960364567917633	-0.07268612576350285	-0.0013784472751459942	-0.07405693294740562	0.0	(-0.07405693294740562+0j)
-0.26336569257885506	-0.06936148802754	-0.0013182477854874336	-0.07067191114403731	0.0	(-0.07067191114403731+0j)
-0.2572396662346413	-0.06617224588450965	-0.001260251538332896	-0.0674244854171172	0.0	(-0.0674244854171172+0j)
-0.2512234948462501	-0.06311324436276386	-0.0012043941046770978	-0.06430943721350284	0.0	(-0.06430943721350284+0j)
-0.24531516064902248	-0.060179528044255706	-0.001150612218052488	-0.06132174870789173	0.0	(-0.06132174870789173+0j)
-0.23951269832899913	-0.05736633266083814	-0.001098843804116817	-0.05845659442182788	0.0	(-0.05845659442182788+0j)
-0.2338141934936016	-0.05466907707906337	-0.0010490280048388034	-0.055709333226281424	0.0	(-0.055709333226281424+0j)
-0.22821778119573657	-0.052083355653905095	-0.0010011051977156238	-0.05307550070828186	0.0	(-0.05307550070828186+0j)
-0.22272164450923196	-0.049604930932896696	-0.0009550170104318523	-0.05055080188379026	0.0	(-0.05055080188379026+0j)
-0.21732401315361113	-0.04722972669319094	-0.0009107063313443797	-0.04813110423972263	0.0	(-0.04813110423972263+0j)
-0.21202316216629263	-0.04495382129499403	-0.000868117316154382	-0.04581243108893156	0.0	(-0.04581243108893156+0j)
-0.20681741062039433	-0.0427734413357248	-0.0008271953911051788	-0.04359095522284319	0.0	(-0.04359095522284319+0j)
-0.20170512038639057	-0.04068495559008831	-0.0007878872530226178	-0.04146299284735478	0.0	(-0.04146299284735478+0j)
-0.19668469493595742	-0.03868486922205063	-0.0007501408664938591	-0.03942499778821605	0.0	(-0.03942499778821605+0j)
-0.1917545781864028	-0.03676981825544526	-0.0007139054584610061	-0.03747355595294915	0.0	(-0.03747355595294915+0j)
-0.18691325338415507	-0.034936564290649355	-0.000679131510486819	-0.03560538003701268	0.0	(-0.03560538003701268+0j)
-0.1821592420258436	-0.03318198945542987	-0.000645770748931962	-0.03381730446254294	0.0	(-0.03381730446254294+0j)
-0.17749110281557054	-0.031503091578687435	-0.0006137761332656311	-0.032106280538566095	0.0	(-0.032106280538566095+0j)
-0.17290743065703004	-0.029896979576415652	-0.0005831018427169821	-0.030469371832284087	0.0	(-0.030469371832284087+0j)
-0.16840685567919006	-0.02836086903975155	-0.0005537032614572612	-0.028903749741400205	0.0	(-0.028903749741400205+0j)
-0.16398804229430336	-0.02689207801551823	-0.0005255369624900808	-0.027406689258096452	0.0	(-0.027406689258096452+0j)
-0.15964968828706846	-0.025488022970158127	-0.0004985606904129303	-0.02597556491563906	0.0	(-0.02597556491563906+0j)
-0.15539052393380848	-0.024146214928423504	-0.0004727333432008596	-0.024607846909206546	0.0	(-0.024607846909206546+0j)
-0.15120931115058361	-0.02286425577863401	-0.000448014953150222	-0.023301097382695833	0.0	(-0.023301097382695833+0j)
-0.14710484266919818	-0.02163983473672955	-0.0004243666671108204	-0.022052966874019815	0.0	(-0.022052966874019815+0j)
-0.1430759412401047	-0.020470724961741894	-0.00040175072612325113	-0.020861190911422335	0.0	(-0.020861190911422335+0j)
-0.13912145886124935	-0.019354780315682295	-0.0003801304445686937	-0.01972358675406312	0.0	(-0.01972358675406312+0j)
-0.13524027603194239	-0.01828993226119597	-0.00035947018892901195	-0.018638050270106253	0.0	(-0.018638050270106253+0j)
-0.13143130103087308	-0.01727418689066798	-0.00033973535624765017	-0.01760255294616536	0.0	(-0.01760255294616536+0j)
-0.127693469217426	-0.01630562208078172	-0.0003208923523725371	-0.01661513902219692	0.0	(-0.01661513902219692+0j)
-0.12402574235548795	-0.015382384766829878	-0.0003029085700544387	-0.015673922746033738	0.0	(-0.015673922746033738+0j)
-0.12042710795896928	-0.014502688331361244	-0.0002857523669708151	-0.014777085742310663	0.0	(-0.014777085742310663+0j)
-0.1168965786582923	-0.013664810102014318	-0.0002693930437330794	-0.013922874490635636	0.0	(-0.013922874490635636+0j)
-0.11343319158713124	-0.01286708895364282	-0.00025380082193449116	-0.013109597908109137	0.0	(-0.013109597908109137+0j)
-0.11003600778871571	-0.012107923010078304	-0.00023894682228875475	-0.012335625031598659	0.0	(-0.012335625031598659+0j)
-0.1067041116410371	-0.01138576744110291	-0.00022480304290173336	-0.011599382795355235	0.0	(-0.011599382795355235+0j)
-0.10343661030032315	-0.010699132350420918	-0.00021134233771857858	-0.01089935389976658	0.0	(-0.01089935389976658+0j)
-0.10023263316217232	-0.010046580750622607	-0.0001985383951810249	-0.010234074767287566	0.0	(-0.010234074767287566+0j)
-0.09709133133976106	-0.009426726621327267	-0.00018636571712526973	-0.009602133581721767	0.0	(-0.009602133581721767+0j)
-0.09401187715856299	-0.008838233046876738	-0.00017479959795174693	-0.009002168407272049	0.0	(-0.009002168407272049+0j)
-0.09099346366703809	-0.00827981043012458	-0.00016381610408688907	-0.008432865383882599	0.0	(-0.008432865383882599+0j)
-0.08803530416277376	-0.0077502147790320915	-0.00015339205376219134	-0.007892956995630725	0.0	(-0.007892956995630725+0j)
-0.08513663173357726	-0.007248246062938754	-0.00014350499712789677	-0.007381220409029376	0.0	(-0.007381220409029376+0j)
-0.0822966988130406	-0.006772746635524317	-0.00013413319671573554	-0.00689647587826399	0.0	(-0.00689647587826399+0j)
-0.07951477675011609	-0.006322599721620802	-0.00012525560826714965	-0.006437585214546648	0.0	(-0.006437585214546648+0j)
-0.07679015539225904	-0.005896727965167291	-0.00011685186193699515	-0.006003450316877231	0.0	(-0.006003450316877231+0j)
-0.07412214268171152	-0.005494092035728001	-0.00010890224388160341	-0.005593011761636832	0.0	(-0.005593011761636832+0j)
-0.0715100642645166	-0.0051136892911152945	-0.00010138767824052763	-0.005205247448578205	0.0	(-0.005205247448578205+0j)
-0.06895326311186932	-0.004754552493774679	-9.428970951574911e-05	-0.004839171300856553	0.0	(-0.004839171300856553+0j)
-0.06645109915342487	-0.004415748578698303	-8.759048535500469e-05	-0.004493832016883677	0.0	(-0.004493832016883677+0j)
-0.06400294892219965	-0.004096377470737698	-8.127273974301019e-05	-0.004168311871883218	0.0	(-0.004168311871883218+0j)
-0.06160820521071407	-0.0037955709492854565	-7.531977659658295e-05	-0.003861725567106318	0.0	(-0.003861725567106318+0j)
-0.05926627673804003	-0.003512491558389945	-6.971545377476573e-05	-0.003573219124793397	0.0	(-0.003573219124793397+0j)
-0.05697658782742883	-0.003246331560456711	-6.44441674930718e-05	-0.0033019688270217802	0.0	(-0.0033019688270217802+0j)
-0.05473857809420695	-0.002996311931775593	-5.9490837148956643e-05	-0.003047180196689347	0.0	(-0.003047180196689347+0j)
-0.05255170214364006	-0.002761681398193863	-5.4840890552299015e-05	-0.0028080870189521436	0.0	(-0.0028080870189521436+0j)
-0.05041542927847616	-0.0025417155093330314	-5.048024956000319e-05	-0.00258395040151279	0.0	(-0.00258395040151279+0j)
-0.048329243215890466	-0.0023357157498206946	-4.639531611072556e-05	-0.0023740578722308498	0.0	(-0.0023740578722308498+0j)
-0.04629264181356468	-0.0021430086860789975	-4.2572958654396587e-05	-0.0021777225125923626	0.0	(-0.0021777225125923626+0j)
-0.04430513680464409	-0.0019629451472782285	-3.900049898142299e-05	-0.0019942821256537847	0.0	(-0.0019942821256537847+0j)
-0.042366253541325026	-0.0017948994391278354	-3.5665699435583065e-05	-0.0018230984371164995	0.0	(-0.0018230984371164995+0j)
-0.04047553074683558	-0.0016382685892380325	-3.255675050350959e-05	-0.0016635563282586974	0.0	(-0.0016635563282586974+0j)
-0.03863252027558087	-0.0014924716228431668	-2.96622587994122e-05	-0.0015150630995327272	0.0	(-0.0015150630995327272+0j)
-0.03683678688123302	-0.0013569488677333812	-2.6971235403294713e-05	-0.0013770477636311737	0.0	(-0.0013770477636311737+0j)
-0.03508790799255519	-0.0012311612872940186	-2.4473084579312854e-05	-0.0012489603669428415	0.0	(-0.0012489603669428415+0j)
-0.033385473496756204	-0.001114589840602611	-2.215759285384422e-05	-0.0011302713383246712	0.0	(-0.0011302713383246712+0j)
-0.0317290855301808	-0.0010067348685815285	-2.0014918440836027e-05	-0.0010204708641676967	0.0	(-0.0010204708641676967+0j)
-0.03011835827614827	-0.000907115505250429	-1.8035581023312375e-05	-0.0009190682888007239	0.0	(-0.0009190682888007239+0j)
-0.02855291776975897	-0.0008152691131666175	-1.621045187860659e-05	-0.0008255915392983748	0.0	(-0.0008255915392983748+0j)
-0.027032401709496032	-0.000730750742183564	-1.4530744333995926e-05	-0.0007395865737971584	0.0	(-0.0007395865737971584+0j)
-0.02555645927545598	-0.00065313261069804	-1.2988004559844057e-05	-0.0006606168524838811	0.0	(-0.0006606168524838811+0j)
-0.024124750954048715	-0.0005820036085948744	-1.1574102686040533e-05	-0.0005882628304384371	0.0	(-0.0005882628304384371+0j)
-0.022736948369013972	-0.0005169688211352072	-1.0281224223973595e-05	-0.0005221214715510741	0.0	(-0.0005221214715510741+0j)
-0.021392734118607187	-0.00045764907306942	-9.101861838445302e-06	-0.0004618057828326343	0.0	(-0.0004618057828326343+0j)
-0.020091801618814072	-0.00040368049228977975	-8.028807361171175e-06	-0.0004069443683539731	0.0	(-0.0004069443683539731+0j)
-0.018833854952458904	-0.0003547140923702608	-7.055144177314787e-06	-0.0003571810023345308	0.0	(-0.0003571810023345308+0j)
-0.017618608724076994	-0.00031041537337212193	-6.174239850054164e-06	-0.00031217422076464937	0.0	(-0.00031217422076464937+0j)
-0.01644578792042772	-0.0002704639403236863	-5.379739064892419e-06	-0.0002715969313032138	0.0	(-0.0002715969313032138+0j)
-0.015315127776529314	-0.00023455313881141974	-4.665556858185482e-06	-0.00023513604135984265	0.0	(-0.00023513604135984265+0j)
-0.014226373647102138	-0.0002023897071469622	-4.025872073043502e-06	-0.00020249210473273054	0.0	(-0.00020249210473273054+0j)
-0.013179280883312026	-0.0001736934446012338	-3.4551211811617577e-06	-0.00017337898818628683	0.0	(-0.00017337898818628683+0j)
-0.012173614714710094	-0.00014819689522220614	-2.947992300050828e-06	-0.00014752356061118848	0.0	(-0.00014752356061118848+0j)
-0.01120915013627032	-0.00012564504677744896	-2.499419423429572e-06	-0.00012466541036145284	0.0	(-0.00012466541036145284+0j)
-0.010285671800430623	-0.00010579504438617372	-2.1045771063654684e-06	-0.00010455660154103379	0.0	(-0.00010455660154103379+0j)
-0.009402973914047756	-8.841591842826257e-05	-1.758875143309524e-06	-8.696148835819732e-05	0.0	(-8.696148835819732e-05+0j)
-0.008560860140180725	-7.328832633973514e-05	-1.457953686667679e-06	-7.165662249139454e-05	0.0	(-7.165662249139454e-05+0j)
-0.007759143504621586	-6.020430792531135e-05	-1.1976785856404604e-06	-5.843081050282414e-05	0.0	(-5.843081050282414e-05+0j)
-0.006997646307096736	-4.896705383922458e-05	-9.741367819060542e-07	-4.708540213360638e-05	0.0	(-4.708540213360638e-05+0j)
-0.006276200037065873	-3.939068690526567e-05	-7.836322311050026e-07	-3.7434877518893935e-05	0.0	(-3.7434877518893935e-05+0j)
-0.005594645294049687	-3.130005596623231e-05	-6.226817959031905e-07	-2.9307629241236545e-05	0.0	(-2.9307629241236545e-05+0j)
-0.0049528317124213125	-2.4530541971566232e-05	-4.880116080130392e-07	-2.2546277482905886e-05	0.0	(-2.2546277482905886e-05+0j)
-0.004350617890600327	-1.892787603001164e-05	-3.765534302146989e-07	-1.7005927196503177e-05	0.0	(-1.7005927196503177e-05+0j)
-0.0037878713245918247	-1.4347969171665024e-05	-2.85441046798951e-07	-1.25488766427783e-05	0.0	(-1.25488766427783e-05+0j)
-0.0032644683458167333	-1.065675358083944e-05	-2.1200787614361616e-07	-9.037776212987876e-06	0.0	(-9.037776212987876e-06+0j)
-0.0027802940631831423	-7.730035077771427e-06	-1.5378350326500367e-07	-6.333293359220699e-06	0.0	(-6.333293359220699e-06+0j)
-0.0023352423093519186	-5.453356643387282e-06	-1.0849089449038729e-07	-4.298940627199571e-06	0.0	(-4.298940627199571e-06+0j)
-0.0019292155911533708	-3.72187279714925e-06	-7.404423740808852e-08	-2.808299013088322e-06	0.0	(-2.808299013088322e-06+0j)
-0.0015621250441151193	-2.440234653451663e-06	-4.8547008191235363e-08	-1.7494424301599352e-06	0.0	(-1.7494424301599352e-06+0j)
-0.0012338903910647007	-1.5224854971617999e-06	-3.028890205314383e-08	-1.025876273571712e-06	0.0	(-1.025876273571712e-06+0j)
-0.0009444399047737518	-8.919667337290535e-07	-1.774424163158983e-08	-5.556449081407759e-07	0.0	(-5.556449081407759e-07+0j)
-0.0006937103746139046	-4.812340838469639e-07	-9.575160220265388e-09	-2.6997007081883227e-07	0.0	(-2.6997007081883227e-07+0j)
-0.00048164707719774736	-2.319839069731328e-07	-4.612957127392292e-09	-1.1208043796122541e-07	0.0	(-1.1208043796122541e-07+0j)
-0.0003082037509814372	-9.498955211902775e-08	-1.877197064459324e-09	-3.6384006771531036e-08	0.0	(-3.6384006771531036e-08+0j)
-0.0001733425748087175	-3.004764824131582e-08	-6.402842700481415e-10	-7.426675183577009e-09	0.0	(-7.426675183577009e-09+0j)
-7.703415037924906e-05	-5.934260324652758e-09	-0.0	-4.2662045307455e-09	0.0	(-4.2662045307455e-09+0j)
-1.9257488627305828e-05	-3.708508682308133e-10	-3.725290298461914e-09	5.951294144990182e-15	-1.9219866314899473e-05	(5.951294144990182e-15-1.9219866314899473e-05j)
1.9257488627305828e-05	3.708508682308133e-10	3.725290298461914e-09	5.951294144990182e-15	1.9219866314899473e-05	(5.951294144990182e-15+1.9219866314899473e-05j)
7.703415037924906e-05	5.934260324652758e-09	0.0	4.266203752952074e-09	0.0	(4.266203752952074e-09+0j)
0.0001733425748087175	3.004764824131582e-08	6.402842700481415e-10	7.426668146725884e-09	0.0	(7.426668146725884e-09+0j)
0.0003082037509814372	9.498955211902775e-08	1.877197064459324e-09	3.638398085097967e-08	0.0	(3.638398085097967e-08+0j)
0.00048164707719774736	2.319839069731328e-07	4.612957127392292e-09	1.1208044223668011e-07	0.0	(1.1208044223668011e-07+0j)
0.0006937103746139046	4.812340838469639e-07	9.575160220265388e-09	2.6997004541808046e-07	0.0	(2.6997004541808046e-07+0j)
0.0009444399047737518	8.919667337290535e-07	1.774424163158983e-08	5.556449366491887e-07	0.0	(5.556449366491887e-07+0j)
0.0012338903910647007	1.5224854971617999e-06	3.028890205314383e-08	1.0258763168401881e-06	0.0	(1.0258763168401881e-06+0j)
0.0015621250441151193	2.440234653451663e-06	4.8547008191235363e-08	1.749442413098539e-06	0.0	(1.749442413098539e-06+0j)
0.0019292155911533708	3.72187279714925e-06	7.404423740808852e-08	2.808298998055863e-06	0.0	(2.808298998055863e-06+0j)
0.0023352423093519186	5.453356643387282e-06	1.0849089449038729e-07	4.29894061378773e-06	0.0	(4.29894061378773e-06+0j)
0.0027802940631831423	7.730035077771427e-06	1.5378350326500367e-07	6.33329333948354e-06	0.0	(6.33329333948354e-06+0j)
0.0032644683458167333	1.065675358083944e-05	2.1200787614361616e-07	9.037776244400936e-06	0.0	(9.037776244400936e-06+0j)
0.0037878713245918247	1.4347969171665024e-05	2.85441046798951e-07	1.2548876585716062e-05	0.0	(1.2548876585716062e-05+0j)
0.004350617890600327	1.892787603001164e-05	3.765534302146989e-07	1.7005927158138893e-05	0.0	(1.7005927158138893e-05+0j)
0.0049528317124213125	2.4530541971566232e-05	4.880116080130392e-07	2.2546277497778866e-05	0.0	(2.2546277497778866e-05+0j)
0.005594645294049687	3.130005596623231e-05	6.226817959031905e-07	2.930762924278105e-05	0.0	(2.930762924278105e-05+0j)
0.006276200037065873	3.939068690526567e-05	7.836322311050026e-07	3.7434877503629866e-05	0.0	(3.7434877503629866e-05+0j)
0.006997646307096736	4.896705383922458e-05	9.741367819060542e-07	4.7085402179190586e-05	0.0	(4.7085402179190586e-05+0j)
0.007759143504621586	6.020430792531135e-05	1.1976785856404604e-06	5.843081050168941e-05	0.0	(5.843081050168941e-05+0j)
0.008560860140180725	7.328832633973514e-05	1.457953686667679e-06	7.165662250722278e-05	0.0	(7.165662250722278e-05+0j)
0.009402973914047756	8.841591842826257e-05	1.758875143309524e-06	8.696148834652165e-05	0.0	(8.696148834652165e-05+0j)
0.010285671800430623	0.00010579504438617372	2.1045771063654684e-06	0.00010455660154879466	0.0	(0.00010455660154879466+0j)
0.01120915013627032	0.00012564504677744896	2.499419423429572e-06	0.00012466541036845093	0.0	(0.00012466541036845093+0j)
0.012173614714710094	0.00014819689522220614	2.947992300050828e-06	0.00014752356061333726	0.0	(0.00014752356061333726+0j)
0.013179280883312026	0.0001736934446012338	3.4551211811617577e-06	0.00017337898816434003	0.0	(0.00017337898816434003+0j)
0.014226373647102138	0.0002023897071469622	4.025872073043502e-06	0.00020249210473669956	0.0	(0.00020249210473669956+0j)
0.015315127776529314	0.00023455313881141974	4.665556858185482e-06	0.0002351360413549995	0.0	(0.0002351360413549995+0j)
0.01644578792042772	0.0002704639403236863	5.379739064892419e-06	0.00027159693132052464	0.0	(0.00027159693132052464+0j)
0.017618608724076994	0.00031041537337212193	6.174239850054164e-06	0.0003121742207483105	0.0	(0.0003121742207483105+0j)
0.018833854952458904	0.0003547140923702608	7.055144177314787e-06	0.00035718100233985713	0.0	(0.00035718100233985713+0j)
0.020091801618814072	0.00040368049228977975	8.028807361171175e-06	0.00040694436835054165	0.0	(0.00040694436835054165+0j)
0.021392734118607187	0.00045764907306942	9.101861838445302e-06	0.00046180578284888633	0.0	(0.00046180578284888633+0j)
0.022736948369013972	0.0005169688211352072	1.0281224223973595e-05	0.0005221214715571694	0.0	(0.0005221214715571694+0j)
0.024124750954048715	0.0005820036085948744	1.1574102686040533e-05	0.0005882628304434529	0.0	(0.0005882628304434529+0j)
0.02555645927545598	0.00065313261069804	1.2988004559844057e-05	0.0006606168525103636	0.0	(0.0006606168525103636+0j)
0.027032401709496032	0.000730750742183564	1.4530744333995926e-05	0.0007395865738081095	0.0	(0.0007395865738081095+0j)
0.02855291776975897	0.0008152691131666175	1.621045187860659e-05	0.0008255915393018365	0.0	(0.0008255915393018365+0j)
0.03011835827614827	0.000907115505250429	1.8035581023312375e-05	0.0009190682887976518	0.0	(0.0009190682887976518+0j)
0.0317290855301808	0.0010067348685815285	2.0014918440836027e-05	0.0010204708641690591	0.0	(0.0010204708641690591+0j)
0.033385473496756204	0.001114589840602611	2.215759285384422e-05	0.0011302713383240567	0.0	(0.0011302713383240567+0j)
0.03508790799255519	0.0012311612872940186	2.4473084579312854e-05	0.0012489603669333005	0.0	(0.0012489603669333005+0j)
0.03683678688123302	0.0013569488677333812	2.6971235403294713e-05	0.001377047763627383	0.0	(0.001377047763627383+0j)
0.03863252027558087	0.0014924716228431668	2.96622587994122e-05	0.0015150630995377815	0.0	(0.0015150630995377815+0j)
0.04047553074683558	0.0016382685892380325	3.255675050350959e-05	0.0016635563282763983	0.0	(0.0016635563282763983+0j)
0.042366253541325026	0.0017948994391278354	3.5665699435583065e-05	0.0018230984371265292	0.0	(0.0018230984371265292+0j)
0.04430513680464409	0.0019629451472782285	3.900049898142299e-05	0.0019942821256485692	0.0	(0.0019942821256485692+0j)
0.04629264181356468	0.0021430086860789975	4.2572958654396587e-05	0.002177722512579835	0.0	(0.002177722512579835+0j)
0.048329243215890466	0.0023357157498206946	4.639531611072556e-05	0.002374057872216911	0.0	(0.002374057872216911+0j)
0.05041542927847616	0.0025417155093330314	5.048024956000319e-05	0.0025839504014955345	0.0	(0.0025839504014955345+0j)
0.05255170214364006	0.002761681398193863	5.4840890552299015e-05	0.002808087018942701	0.0	(0.002808087018942701+0j)
0.05473857809420695	0.002996311931775593	5.9490837148956643e-05	0.003047180196708264	0.0	(0.003047180196708264+0j)
0.05697658782742883	0.003246331560456711	6.44441674930718e-05	0.0033019688270274593	0.0	(0.0033019688270274593+0j)
0.05926627673804003	0.003512491558389945	6.971545377476573e-05	0.00357321912480622	0.0	(0.00357321912480622+0j)
0.06160820521071407	0.0037955709492854565	7.531977659658295e-05	0.003861725567109431	0.0	(0.003861725567109431+0j)
0.06400294892219965	0.004096377470737698	8.127273974301019e-05	0.004168311871880613	0.0	(0.004168311871880613+0j)
0.06645109915342487	0.004415748578698303	8.759048535500469e-05	0.004493832016873328	0.0	(0.004493832016873328+0j)
0.06895326311186932	0.004754552493774679	9.428970951574911e-05	0.004839171300864367	0.0	(0.004839171300864367+0j)
0.0715100642645166	0.0051136892911152945	0.00010138767824052763	0.0052052474485786105	0.0	(0.0052052474485786105+0j)
0.07412214268171152	0.005494092035728001	0.00010890224388160341	0.00559301176162208	0.0	(0.00559301176162208+0j)
0.07679015539225904	0.005896727965167291	0.00011685186193699515	0.0060034503168719415	0.0	(0.0060034503168719415+0j)
0.07951477675011609	0.006322599721620802	0.00012525560826714965	0.006437585214540642	0.0	(0.006437585214540642+0j)
0.0822966988130406	0.006772746635524317	0.00013413319671573554	0.006896475878270602	0.0	(0.006896475878270602+0j)
0.08513663173357726	0.007248246062938754	0.00014350499712789677	0.007381220409031288	0.0	(0.007381220409031288+0j)
0.08803530416277376	0.0077502147790320915	0.00015339205376219134	0.007892956995638342	0.0	(0.007892956995638342+0j)
0.09099346366703809	0.00827981043012458	0.00016381610408688907	0.008432865383900371	0.0	(0.008432865383900371+0j)
0.09401187715856299	0.008838233046876738	0.00017479959795174693	0.009002168407279836	0.0	(0.009002168407279836+0j)
0.09709133133976106	0.009426726621327267	0.00018636571712526973	0.009602133581711586	0.0	(0.009602133581711586+0j)
0.10023263316217232	0.010046580750622607	0.0001985383951810249	0.010234074767291284	0.0	(0.010234074767291284+0j)
0.10343661030032315	0.010699132350420918	0.00021134233771857858	0.010899353899768354	0.0	(0.010899353899768354+0j)
0.1067041116410371	0.01138576744110291	0.00022480304290173336	0.011599382795347514	0.0	(0.011599382795347514+0j)
0.11003600778871571	0.012107923010078304	0.00023894682228875475	0.012335625031602205	0.0	(0.012335625031602205+0j)
0.11343319158713124	0.01286708895364282	0.00025380082193449116	0.01310959790810991	0.0	(0.01310959790810991+0j)
0.1168965786582923	0.013664810102014318	0.0002693930437330794	0.0139228744906492	0.0	(0.0139228744906492+0j)
0.12042710795896928	0.014502688331361244	0.0002857523669708151	0.014777085742287149	0.0	(0.014777085742287149+0j)
0.12402574235548795	0.015382384766829878	0.0003029085700544387	0.015673922746014125	0.0	(0.015673922746014125+0j)
0.127693469217426	0.01630562208078172	0.0003208923523725371	0.01661513902219627	0.0	(0.01661513902219627+0j)
0.13143130103087308	0.01727418689066798	0.00033973535624765017	0.017602552946162368	0.0	(0.017602552946162368+0j)
0.13524027603194239	0.01828993226119597	0.00035947018892901195	0.018638050270080215	0.0	(0.018638050270080215+0j)
0.13912145886124935	0.019354780315682295	0.0003801304445686937	0.019723586754023196	0.0	(0.019723586754023196+0j)
0.1430759412401047	0.020470724961741894	0.00040175072612325113	0.02086119091142168	0.0	(0.02086119091142168+0j)
0.14710484266919818	0.02163983473672955	0.0004243666671108204	0.022052966874021057	0.0	(0.022052966874021057+0j)
0.15120931115058361	0.02286425577863401	0.000448014953150222	0.023301097382702095	0.0	(0.023301097382702095+0j)
0.15539052393380848	0.024146214928423504	0.0004727333432008596	0.024607846909235856	0.0	(0.024607846909235856+0j)
0.15964968828706846	0.025488022970158127	0.0004985606904129303	0.02597556491564965	0.0	(0.02597556491564965+0j)
0.16398804229430336	0.02689207801551823	0.0005255369624900808	0.027406689258099318	0.0	(0.027406689258099318+0j)
0.16840685567919006	0.02836086903975155	0.0005537032614572612	0.028903749741403025	0.0	(0.028903749741403025+0j)
0.17290743065703004	0.029896979576415652	0.0005831018427169821	0.030469371832260703	0.0	(0.030469371832260703+0j)
0.17749110281557054	0.031503091578687435	0.0006137761332656311	0.03210628053856371	0.0	(0.03210628053856371+0j)
0.1821592420258436	0.03318198945542987	0.000645770748931962	0.03381730446248211	0.0	(0.03381730446248211+0j)
0.18691325338415507	0.034936564290649355	0.000679131510486819	0.03560538003703144	0.0	(0.03560538003703144+0j)
0.1917545781864028	0.03676981825544526	0.0007139054584610061	0.03747355595290812	0.0	(0.03747355595290812+0j)
0.19668469493595742	0.03868486922205063	0.0007501408664938591	0.03942499778820811	0.0	(0.03942499778820811+0j)
0.20170512038639057	0.04068495559008831	0.0007878872530226178	0.04146299284738937	0.0	(0.04146299284738937+0j)
0.20681741062039433	0.0427734413357248	0.0008271953911051788	0.04359095522287181	0.0	(0.04359095522287181+0j)
0.21202316216629263	0.04495382129499403	0.000868117316154382	0.04581243108893003	0.0	(0.04581243108893003+0j)
0.21732401315361113	0.04722972669319094	0.0009107063313443797	0.04813110423970384	0.0	(0.04813110423970384+0j)
0.22272164450923196	0.049604930932896696	0.0009550170104318523	0.05055080188378213	0.0	(0.05055080188378213+0j)
0.22821778119573657	0.052083355653905095	0.0010011051977156238	0.053075500708310436	0.0	(0.053075500708310436+0j)
0.2338141934936016	0.05466907707906337	0.0010490280048388034	0.05570933322628409	0.0	(0.05570933322628409+0j)
0.23951269832899913	0.05736633266083814	0.001098843804116817	0.05845659442182061	0.0	(0.05845659442182061+0j)
0.24531516064902248	0.060179528044255706	0.001150612218052488	0.061321748707887584	0.0	(0.061321748707887584+0j)
0.2512234948462501	0.06311324436276386	0.0012043941046770978	0.06430943721348992	0.0	(0.06430943721348992+0j)
0.2572396662346413	0.06617224588450965	0.001260251538332896	0.06742448541714587	0.0	(0.06742448541714587+0j)
0.26336569257885506	0.06936148802754	0.0013182477854874336	0.07067191114399861	0.0	(0.07067191114399861+0j)
0.26960364567917633	0.07268612576350285	0.0013784472751459942	0.07405693294739416	0.0	(0.07405693294739416+0j)
0.27595565301433805	0.07615152243056975	0.001440915563401285	0.07758497889266448	0.0	(0.07758497889266448+0j)
0.28242389944463353	0.07976325897751248	0.0015057192916342055	0.08126169576680836	0.0	(0.08126169576680836+0j)
0.28901062897782787	0.08352714366215967	0.0015729261378514686	0.08509295873549685	0.0	(0.08509295873549685+0j)
0.29571814660049234	0.08744922222883028	0.0016426047606192956	0.089084881471625	0.0	(0.089084881471625+0j)
0.3025488201775176	0.09153578859080788	0.0017148247350243923	0.09324382678084786	0.0	(0.09324382678084786+0j)
0.3095050824226829	0.09579339604547173	0.0017896564800664733	0.09757641775139045	0.0	(0.09757641775139045+0j)
0.31658943294330893	0.10022886905136591	0.0018671711768587784	0.10208954945621973	0.0	(0.10208954945621973+0j)
0.32380444036215683	0.10484931559824957	0.001947440676987433	0.10679040123831933	0.0	(0.10679040123831933+0j)
0.33115274451989835	0.10966214020306106	0.0020305374003541515	0.11168644961087477	0.0	(0.11168644961087477+0j)
0.3386370587616388	0.11467505756673362	0.0021165342218030514	0.11678548180731353	0.0	(0.11678548180731353+0j)
0.3462601723111496	0.119896106928947	0.0022055043458098222	0.12209561001619838	0.0	(0.12209561001619838+0j)
0.354024952736643	0.1253336671601823	0.0022975211684917174	0.12762528634098042	0.0	(0.12762528634098042+0j)
0.3619343485121183	0.13099647263289152	0.0023926581261792465	0.13338331852459245	0.0	(0.13338331852459245+0j)
0.3699913916785018	0.13689362991619455	0.0024909885297775547	0.139378886482437	0.0	(0.139378886482437+0j)
0.37819920060902373	0.1430346353413046	0.0025925853841358704	0.14562155969067422	0.0	(0.14562155969067422+0j)
0.3865609828834897	0.14942939348784964	0.002697521191639747	0.15212131547870003	0.0	(0.15212131547870003+0j)
0.39508003827635235	0.15608823664444404	0.00280586773924274	0.1588885582781262	0.0	(0.1588885582781262+0j)
0.4037597618637247	0.16302194530025169	0.0029176958681637125	0.16593413988400252	0.0	(0.16593413988400252+0j)
0.41260364725475723	0.17024176972792815	0.003033075225493516	0.17326938078852008	0.0	(0.17326938078852008+0j)
0.4216152899530627	0.1777594527222051	0.003152073996981586	0.1809060926492421	0.0	(0.1809060926492421+0j)
0.4307983908541856	0.18558725356255565	0.003274758620311652	0.18885660196077733	0.0	(0.18885660196077733+0j)
0.44015675988541014	0.1937379732728226	0.003401193478225463	0.1971337750014054	0.0	(0.1971337750014054+0j)
0.44969431979454255	0.2022249812554763	0.003531440570918188	0.2057510441312351	0.0	(0.2057510441312351+0j)
0.4594151100946494	0.21106224338327884	0.003665559167208926	0.21472243552529274	0.0	(0.21472243552529274+0j)
0.4693232911721022	0.22026435163661381	0.0038036054340870908	0.22406259842809925	0.0	(0.22406259842809925+0j)
0.47942314856567775	0.22984655538062793	0.00394563204435228	0.23378683602515238	0.0	(0.23378683602515238+0j)
0.489719097424872	0.2398247943826313	0.00409168776220311	0.24391113802980102	0.0	(0.24391113802980102+0j)
0.5002156871560363	0.2502157336769855	0.00424181700679201	0.25445221509575777	0.0	(0.25445221509575777+0j)
0.5109176062654007	0.261036800391967	0.004396059393949662	0.2654275351674774	0.0	(0.2654275351674774+0j)
0.5218296874085603	0.27230622266091575	0.004554449256497239	0.27685536189385096	0.0	(0.27685536189385096+0j)
0.5329569126565085	0.2840430707483572	0.004717015143808491	0.28875479523526587	0.0	(0.28875479523526587+0j)
0.544304418988884	0.2962673005308266	0.004883779301559511	0.30114581440696964	0.0	(0.30114581440696964+0j)
0.5558775040256674	0.30899979948180584	0.0050547571329127745	0.3140493233077335	0.0	(0.3140493233077335+0j)
0.5676816320092142	0.32226243532064486	0.0052299566427265985	0.32748719859921166	0.0	(0.32748719859921166+0j)
0.5797224400491665	0.3360781074965595	0.005409377866761593	0.3414823406053182	0.0	(0.3414823406053182+0j)
0.5920057446435135	0.35047080169092093	0.005593012288274078	0.35605872722132004	0.0	(0.35605872722132004+0j)
0.6045375484898089	0.365465647534068	0.005780842244842542	0.3712414710302359	0.0	(0.3712414710302359+0j)
0.6173240476013827	0.3810889797469542	0.005972840328767232	0.38705687984033077	0.0	(0.38705687984033077+0j)
0.6303716387442216	0.39736840293307546	0.006168968784914047	0.40353252087406377	0.0	(0.40353252087406377+0j)
0.6436869272111243	0.4143328602624992	0.006369178910440164	0.42069728885350866	0.0	(0.42069728885350866+0j)
0.6572767349506936	0.4320127063074443	0.006573410461437052	0.43858147824728766	0.0	(0.43858147824728766+0j)
0.6711481090697825	0.4504397843079447	0.006781591072153294	0.4572168599624486	0.0	(0.4572168599624486+0j)
0.6853083307291001	0.4696475081667057	0.006993635693108362	0.4766367627868954	0.0	(0.4766367627868954+0j)
0.6997649244528762	0.48967094949453954	0.007209446055072481	0.4968761599077883	0.0	(0.4968761599077883+0j)
0.7145256678747282	0.5105469300518263	0.007428910166557295	0.5179717608622434	0.0	(0.5179717608622434+0j)
0.7295986019432299	0.5323141199575157	0.007651901853126113	0.5399621092954573	0.0	(0.5399621092954573+0j)
0.7449920416121038	0.5550131420653706	0.00787828034747695	0.5628876869382728	0.0	(0.5628876869382728+0j)
0.7607145870414965	0.5786866829377146	0.008107889939860646	0.5867910242393148	0.0	(0.5867910242393148+0j)
0.776775135338431	0.6033796108800378	0.008340559698950653	0.6117168181301219	0.0	(0.6117168181301219+0j)
0.7931828928662812	0.6291391015357225	0.008576103273759642	0.6377120574255727	0.0	(0.6377120574255727+0j)
0.8099473881549796	0.6560147715790732	0.008814318787575742	0.6648261564171272	0.0	(0.6648261564171272+0j)
0.8270784854456875	0.6840588210871323	0.009054988835142169	0.6931110972455014	0.0	(0.6931110972455014+0j)
0.8445863989057804	0.7133261852166339	0.00929788059439698	0.7226215816885627	0.0	(0.7226215816885627+0j)
0.8624817075523156	0.743874695862358	0.009542746063995147	0.7534151930608777	0.0	(0.7534151930608777+0j)
0.8807753709246038	0.7757652540273734	0.009789322437517716	0.7855525689552232	0.0	(0.7855525689552232+0j)
0.89947874554915	0.8090620136946725	0.010037332624699954	0.8190975856379105	0.0	(0.8190975856379105+0j)
0.9186036022430514	0.8438325780539101	0.010286485929146449	0.8541175549494837	0.0	(0.8541175549494837+0j)
0.9381621443049951	0.8801482090069465	0.010536478890814382	0.8906834346574335	0.0	(0.8906834346574335+0j)
0.9581670266462455	0.918084050952107	0.010786996300005024	0.928870053251586	0.0	(0.928870053251586+0j)
0.9786313759175298	0.9577193699302375	0.011037712387683123	0.9687563502840909	0.0	(0.9687563502840909+0j)
0.9995688116914875	0.9991378093063323	0.01128829219462397	1.010425633422868	0.0	(1.010425633422868+0j)
1.020993468764418	1.0424276632595986	0.011538393119158784	1.0539658534927188	0.0	(1.0539658534927188+0j)
1.0429200206454015	1.0876821694630046	0.011787666640150577	1.0994698988831981	0.0	(1.0994698988831981+0j)
1.065363704305586	1.13499982245172	0.012035760208300855	1.1470359108142636	0.0	(1.1470359108142636+0j)
1.0883403462654702	1.1844847093092434	0.012282319294993101	1.196767621078291	0.0	(1.196767621078291+0j)
1.1118663901034846	1.2362468694417543	0.01252698958367436	1.2487747140096956	0.0	(1.2487747140096956+0j)
1.1359589254750273	1.2904026803663786	0.01276941928433388	1.303173214596779	0.0	(1.303173214596779+0j)
1.1606357187374863	1.3470752716092813	0.0130092615470561	1.360085904799595	0.0	(1.360085904799595+0j)
1.1859152452835946	1.4063949689960484	0.013246176946025387	1.419642770330284	0.0	(1.419642770330284+0j)
1.2118167236928987	1.4684997718217911	0.013479836000891102	1.481981480349342	0.0	(1.481981480349342+0j)
1.2383601518190859	1.5335358656133895	0.013709921698234113	1.5472479027563841	0.0	(1.5472479027563841+0j)
1.2655663449395995	1.6016581734437774	0.013936131972203501	1.6155966579876784	0.0	(1.6155966579876784+0j)
1.2934569761033048	1.6730309490303052	0.014158182100423	1.687191714513553	0.0	(1.687191714513553+0j)
1.3220546188221383	1.7478284151489494	0.014375806969218807	1.7622070295219519	0.0	(1.7622070295219519+0j)
1.3513827922636295	1.826235451226244	0.014588763161309366	1.8408272385974527	0.0	(1.8408272385974527+0j)
1.3814660091131397	1.9084483343349852	0.014796830819528685	1.9232483985832853	0.0	(1.9232483985832853+0j)
1.4123298262875472	1.9946755382214134	0.01499981524210237	2.009678788203135	0.0	(2.009678788203135+0j)
1.4440008986961979	2.085138595435427	0.015197548168594817	2.1003397714762593	0.0	(2.1003397714762593+0j)
1.4765070362601456	2.180073028125719	0.015389888720969032	2.1954667294536883	0.0	(2.1954667294536883+0j)
1.5098772644173457	2.279729353604407	0.015576723971245224	2.295310066347046	0.0	(2.295310066347046+0j)
1.544141888359463	2.3843741713863285	0.01575796911591549	2.4001362967423368	0.0	(2.4001362967423368+0j)
1.579332561265664	2.494291339073962	0.015933567247373187	2.510229221253219	0.0	(2.510229221253219+0j)
1.6154823568201164	2.609783245197078	0.01610348872384	2.625891198725801	0.0	(2.625891198725801+0j)
1.6526258463233479	2.731172187935962	0.016267730151208422	2.747444523946351	0.0	(2.747444523946351+0j)
1.6907991807330216	2.858801869567457	0.0164263130023501	2.875232920698216	0.0	(2.875232920698216+0j)
1.7300401779976016	2.993039017485973	0.016579281911183633	3.0096231610763957	0.0	(3.0096231610763957+0j)
1.7703884160767358	3.1342751437786935	0.016726702689513692	3.1510068230788058	0.0	(3.1510068230788058+0j)
1.8118853320755182	3.282928456590411	0.01686866012370815	3.299802199761211	0.0	(3.299802199761211+0j)
1.8545743279562	3.4394459379141904	0.017005255615075012	3.4564563746670607	0.0	(3.4564563746670607+0j)
1.89850088333086	3.604305604008056	0.017136604731839263	3.6214474797936123	0.0	(3.6214474797936123+0j)
1.9437126758822836	3.778018966385467	0.017262834741553303	3.795287154113216	0.0	(3.795287154113216+0j)
1.9902597100084227	3.961133713282811	0.01738408219045284	3.978523222614624	0.0	(3.978523222614624+0j)
2.0381944543385164	4.154236633696283	0.01750049059077084	4.171742618027418	0.0	(4.171742618027418+0j)
2.0875719888270416	4.35795680853529	0.017612208268667176	4.375574569820151	0.0	(4.375574569820151+0j)
2.13845016219549	4.572969096193918	0.017719386414772907	4.590694087819639	0.0	(4.590694087819639+0j)
2.1908897605623596	4.799997942936994	0.017822177367133155	4.817825770878478	0.0	(4.817825770878478+0j)
2.2449546881792823	5.039821551978139	0.017920733143437933	5.057747974483451	0.0	(5.057747974483451+0j)
2.3007121612768358	5.293276449047129	0.01801520422678275	5.311297375106325	0.0	(5.311297375106325+0j)
2.358232916118114	5.561262486662943	0.01810573859767868	5.5793739735083365	0.0	(5.5793739735083365+0j)
2.4175914324627716	5.844748334317396	0.018192480995377968	5.862946584182763	0.0	(5.862946584182763+0j)
2.4788661737599393	6.144777507411241	0.018275572384321006	6.163058863757242	0.0	(6.163058863757242+0j)
2.542139845516731	6.462474994163829	0.018355149596905644	6.4808359375440485	0.0	(6.4808359375440485+0j)
2.6074996734312905	6.799054546944287	0.01843134512181054	6.817491690659578	0.0	(6.817491690659578+0j)
2.675037703037414	7.155826712671685	0.01850428700749628	7.174336798326938	0.0	(7.174336798326938+0j)
2.7448511227833454	7.534207686244992	0.018574098852789545	7.552787579295526	0.0	(7.552787579295526+0j)
2.8170426126629335	7.935729081558806	0.018640899860038945	7.9543757669098065	0.0	(7.9543757669098065+0j)
2.8917207207350946	8.362048726728695	0.018704804930604873	8.38075930442863	0.0	(8.38075930442863+0j)
2.969000270110649	8.814962603917106	0.0187659247868552	8.833734284975545	0.0	(8.833734284975545+0j)
3.0490027992569613	9.296418069876786	0.018824366108949057	9.31524817221433	0.0	(9.31524817221433+0j)
3.1318570387744358	9.808528511320977	0.018880231678217417	9.827414455866231	0.0	(9.827414455866231+0j)
3.2176994281387747	10.353589609844597	0.018933620521758766	10.372528916774064	0.0	(10.372528916774064+0j)
3.306674676284117	10.93409741477867	0.018984628054954683	10.953087699899285	0.0	(10.953087699899285+0j)
3.39893637032993	11.552768449551598	0.01903334622005587	11.57180742082073	0.0	(11.57180742082073+0j)
3.4946476372356603	12.212562108436783	0.01907986361992305	12.23164756261755	0.0	(12.23164756261755+0j)
3.5939818637085126	12.916705636665714	0.01912426564656693	12.935835456110192	0.0	(12.935835456110192+0j)
3.6971234803003905	13.668722028588473	0.01916663460444158	13.687894178143562	0.0	(13.687894178143562+0j)
3.804268816319107	14.472461226817979	0.019207049828601344	14.491673750851442	0.0	(14.491673750851442+0j)
3.915627032958444	15.332135061234949	0.019245587797900757	15.351386080772977	0.0	(15.351386080772977+0j)
4.031421142934009	16.252356431695354	0.01928232224344131	16.271644141669345	0.0	(16.271644141669345+0j)
4.1518891259130415	17.23818331387496	0.019317324252472595	17.257505980472455	0.0	(17.257505980472455+0j)
4.277285150163216	18.295168255806765	0.01935066236795001	18.314524213922553	0.0	(18.314524213922553+0j)
4.40788091213969	19.429414135605423	0.019382402683943076	19.44880178638729	0.0	(19.44880178638729+0j)
4.543967107204298	20.6476370713546	0.0194126089370794	20.667054879841956	0.0	(20.667054879841956+0j)
4.685855046355183	21.957237515452334	0.019441342594200346	21.97668400830165	0.0	(21.97668400830165+0j)
4.833878435771186	23.366380731813685	0.019468662936395945	23.385854495110124	0.0	(23.385854495110124+0j)
4.988395338183129	24.884088050007175	0.01949462713957855	24.903587727154118	0.0	(24.903587727154118+0j)
5.149790337618319	26.520340521427006	0.01951929035174687	26.539864811117003	0.0	(26.539864811117003+0j)
5.318476931980488	28.28619687600858	0.019542705767084775	28.30574453026518	0.0	(28.30574453026518+0j)
5.494900181287662	30.19392800231518	0.019564924697032377	30.213497824609046	0.0	(30.213497824609046+0j)
5.679539643272203	32.25717055950054	0.019585996638460213	32.27676140293239	0.0	(32.27676140293239+0j)
5.872912632539629	34.49110278944356	0.01960596933907115	34.51071355499355	0.0	(34.51071355499355+0j)
6.075577844694438	36.91264614694191	0.019624888860148744	36.932275781783794	0.0	(36.932275781783794+0j)
6.28813939289932	39.540697024532236	0.01964279963676507	39.56034452040399	0.0	(39.56034452040399+0j)
6.511251311394057	42.396393640130825	0.01965974453555577	42.416058031770525	0.0	(42.416058031770525+0j)
6.745622588745905	45.50342410979901	0.01967576491016494	45.523104473429996	0.0	(45.523104473429996+0j)
6.9920228032587755	48.8883828812907	0.019690900654457645	48.90807833316602	0.0	(48.90807833316602+0j)
7.251288444301806	52.5811841024649	0.019705190253593383	52.60089379746271	0.0	(52.60089379746271+0j)
7.524330016657525	56.61554219957343	0.019718670833049207	56.635265329832784	0.0	(56.635265329832784+0j)
7.812140040731365	61.02953201599826	0.019731378205677372	61.04926780956115	0.0	(61.04926780956115+0j)
8.115802080094475	65.86624340326581	0.019743346916878225	65.88599112261784	0.0	(65.88599112261784+0j)
8.436500949941994	71.17454827837217	0.019754610287965338	71.19430721868166	0.0	(71.19430721868166+0j)
8.775534286370473	77.01000201126372	0.01976520045779644	77.02977149799695	0.0	(77.02977149799695+0j)
9.134325687808028	83.4359057709496	0.01977514842274009	83.45568515652545	0.0	(83.45568515652545+0j)
9.514439677583534	90.52456237837586	0.019784484075045045	90.54435103770757	0.0	(90.54435103770757+0j)
9.917598781876578	98.35876559827977	0.019793236239675997	98.37856292353861	0.0	(98.37856292353861+0j)
10.345703071874341	107.03357205139018	0.01980143270967653	107.0533774470374	0.0	(107.0533774470374+0j)
10.800852585031993	116.6584165635923	0.01980910028011733	116.67822944337709	0.0	(116.67822944337709+0j)
11.285373120608226	127.35964647134664	0.019816264780685024	127.37946625915546	0.0	(127.37946625915546+0j)
11.801846002556928	139.28356906806894	0.0198229511069644	139.3033952039011	0.0	(139.3033952039011+0j)
12.35314252275965	152.60013018761268	0.019829183250464563	152.61996213855375	0.0	(152.61996213855375+0j)
12.942463925037897	167.50737245090735	0.01983498432743695	167.5272097251643	0.0	(167.5272097251643+0j)
13.573387972519702	184.2368610525425	0.01984037660653124	184.25670321299913	0.0	(184.25670321299913+0j)
14.249923366935638	203.06031596353833	0.019845381535332864	203.08016263647758	0.0	(203.08016263647758+0j)
14.976573570196068	224.2977559034954	0.01985001976582394	224.31760677855996	0.0	(224.31760677855996+0j)
15.758411931676982	248.32754660841945	0.01985431117880749	248.34740142797898	0.0	(248.34740142797898+0j)
16.601170469373372	275.5988609531945	0.01985827490733294	275.61871949293084	0.0	(275.61871949293084+0j)
17.511345216339368	306.6472112858117	0.019861929359159265	306.6670733325657	0.0	(306.6670733325657+0j)
18.49632176131648	342.1139186981496	0.019865292238290273	342.1337840330692	0.0	(342.1337840330692+0j)
19.56452553191485	382.770659288948	0.019868380565615143	382.7905276816652	0.0	(382.7905276816652+0j)
20.725602554503787	429.5506012472539	0.01987121069868562	429.57047246051025	0.0	(429.57047246051025+0j)
21.99063796447735	483.5881580847126	0.019873798350659902	483.60803188343203	0.0	(483.60803188343203+0j)
23.372421553405154	546.2700892700777	0.019876158608441812	546.2899654287173	0.0	(546.2899654287173+0j)
24.885772290912822	619.3016625151644	0.019878305950042495	619.3215408211165	0.0	(619.3215408211165+0j)
26.54793727901791	704.7929737706688	0.01988025426119065	704.8128540249305	0.0	(704.8128540249305+0j)
28.379085308632625	805.3724829546481	0.019882016851215947	805.3923649715009	0.0	(805.3923649715009+0j)
30.40292155165993	924.3376388763878	0.019883606468229263	924.3575224828526	0.0	(924.3575224828526+0j)
32.64745859752206	1065.856552876917	0.01988503531362203	1065.8764379122367	0.0	(1065.8764379122367+0j)
35.145990988493956	1235.2406825632984	0.019886315055906077	1235.260568878352	0.0	(1235.260568878352+0j)
37.93833703272188	1439.3174168083967	0.019887456843914183	1439.3373042652422	0.0	(1439.3373042652422+0j)
41.07243507516475	1686.9449230036234	0.019888471319380548	1686.964811474947	0.0	(1686.964811474947+0j)
44.60641475236486	1989.7322370599936	0.019889368628919508	1989.7521264286247	0.0	(1989.7521264286247+0j)
48.61131190080035	2363.059644716894	0.019890158435419747	2363.0795348753263	0.0	(2363.0795348753263+0j)
53.1746662886106	2827.545134905101	0.01989084992887045	2827.565025755031	0.0	(2827.565025755031+0j)
58.40534616997556	3411.1844612346786	0.019891451836634943	3411.204352686509	0.0	(3411.204352686509+0j)
64.4401021455765	4152.526764532334	0.019891972433186484	4152.546656504771	0.0	(4152.546656504771+0j)
71.45259678142344	5105.473586808683	0.01989241954932013	5105.493479228224	0.0	(5105.493479228224+0j)
79.6660394899954	6346.677848021506	0.01989280058085373	6346.697740822089	0.0	(6346.697740822089+0j)
89.3711707749886	7987.206165692176	0.0198931224968304	7987.226058814683	0.0	(7987.226058814683+0j)
100.95234989431218	10191.376949183632	0.019893391847234043	10191.396842575474	0.0	(10191.396842575474+0j)
114.92620417901293	13208.032406996168	0.019893614770228815	13208.052300610938	0.0	(13208.052300610938+0j)
132.00026008113662	17424.06866148771	0.019893796998932668	17424.088555284707	0.0	(17424.088555284707+0j)
153.16429722491517	23459.30194440216	0.019893943867734493	23459.321838346026	0.0	(23459.321838346026+0j)
179.8370922777698	32341.379758923096	0.01989406031816369	32341.399652983415	0.0	(32341.399652983415+0j)
214.11054347450596	45843.32482694831	0.019894150904320358	45843.344721099216	0.0	(45843.344721099216+0j)
259.17269292908765	67170.48476011516	0.019894219797873612	67170.50465433496	0.0	(67170.50465433496+0j)
320.07680939731165	102449.16391396297	0.019894270792635067	102449.18380823376	0.0	(102449.18380823376+0j)
405.22237924923235	164205.1766444087	0.019894307308713752	164205.196538716	0.0	(164205.196538716+0j)
529.4143094470139	280279.5110472586	0.019894332396258232	280279.530941591	0.0	(280279.530941591+0j)
720.7618889630762	519497.7005816218	0.01989434873879111	519497.72047597053	0.0	(519497.72047597053+0j)
1038.1045036316527	1077660.96046032	0.01989435865614054	1077660.9803546788	0.0	(1077660.9803546788+0j)
1622.3034223555637	2631868.3941865745	0.019894364106972727	2631868.414080939	0.0	(2631868.414080939+0j)
2884.461596072092	8320118.699214761	0.01989436669092898	8320118.719109128	0.0	(8320118.719109128+0j)
6490.627825950439	42128249.57500212	0.019894367650370202	42128249.59489649	0.0	(42128249.59489649+0j)
25963.925498107445	674125427.271274	0.019894367871731232	674125427.2911683	0.0	(674125427.2911683+0j)
