-1.0	-1.0	-0.02928451901875312	-1.0301033190855355	0.0	(-1.0301033190855355+0j)
-0.990025	-0.9801495006250001	-0.029232949313767784	-1.0100172517580979	0.0	(-1.0100172517580979+0j)
-0.9801	-0.96059601	-0.02918006821793479	-0.9903024906118882	0.0	(-0.9903024906118882+0j)
-0.970225	-0.941336550625	-0.02912583568382874	-0.9709106046308582	0.0	(-0.9709106046308582+0j)
-0.9603999999999999	-0.9223681599999999	-0.02907021026950095	-0.9518253740255179	0.0	(-0.9518253740255179+0j)
-0.9506249999999999	-0.9036878906249999	-0.02901314909066971	-0.933038070189852	0.0	(-0.933038070189852+0j)
-0.9409	-0.8852928099999999	-0.028954607772473922	-0.914542668115662	0.0	(-0.914542668115662+0j)
-0.931225	-0.8671800006249999	-0.028894540401036735	-0.8963343652003333	0.0	(-0.8963343652003333+0j)
-0.9216	-0.84934656	-0.028832899475128505	-0.8784089956950702	0.0	(-0.8784089956950702+0j)
-0.9120250000000001	-0.8317896006250002	-0.028769635858265124	-0.8607627606686931	0.0	(-0.8607627606686931+0j)
-0.9025000000000001	-0.8145062500000001	-0.02870469873162774	-0.8433920896279283	0.0	(-0.8433920896279283+0j)
-0.8930250000000001	-0.7974936506250001	-0.0286380355482434	-0.8262935640380977	0.0	(-0.8262935640380977+0j)
-0.8836000000000002	-0.7807489600000003	-0.02856959198892251	-0.8094638726345449	0.0	(-0.8094638726345449+0j)
-0.8742250000000001	-0.7642693506250002	-0.02849931192050809	-0.792899784188733	0.0	(-0.792899784188733+0j)
-0.8649000000000001	-0.7480520100000002	-0.028427137357052816	-0.7765981303546394	0.0	(-0.7765981303546394+0j)
-0.8556250000000001	-0.7320941406250001	-0.028353008424602467	-0.7605557945578956	0.0	(-0.7605557945578956+0j)
-0.8464	-0.7163929600000001	-0.02827686333032754	-0.7447697046035109	0.0	(-0.7447697046035109+0j)
-0.8372250000000001	-0.7009457006250002	-0.028198638336807535	-0.7292368276100265	0.0	(-0.7292368276100265+0j)
-0.8281000000000001	-0.6857496100000001	-0.028118267742334557	-0.7139541664116831	0.0	(-0.7139541664116831+0j)
-0.819025	-0.670801950625	-0.028035683868161635	-0.6989187568888449	0.0	(-0.6989187568888449+0j)
-0.81	-0.6561000000000001	-0.0279508170536773	-0.6841276658845229	0.0	(-0.6841276658845229+0j)
-0.801025	-0.641641050625	-0.02786359566053856	-0.6695779894908082	0.0	(-0.6695779894908082+0j)
-0.7921	-0.6274224100000001	-0.027773946086838835	-0.6552668515708431	0.0	(-0.6552668515708431+0j)
-0.7832250000000001	-0.6134414006250001	-0.027681792792424133	-0.6411914024357248	0.0	(-0.6411914024357248+0j)
-0.7744	-0.59969536	-0.027587058336498108	-0.6273488176306669	0.0	(-0.6273488176306669+0j)
-0.765625	-0.586181640625	-0.02748966342867316	-0.6137362968074652	0.0	(-0.6137362968074652+0j)
-0.7569	-0.5728976100000001	-0.027389526994629054	-0.6003510626742249	0.0	(-0.6003510626742249+0j)
-0.748225	-0.559840650625	-0.027286566257531276	-0.587190360021289	0.0	(-0.587190360021289+0j)
-0.7395999999999999	-0.5470081599999999	-0.027180696836336636	-0.5742514548266392	0.0	(-0.5742514548266392+0j)
-0.7310249999999999	-0.5343975506249999	-0.02707183286207332	-0.5615316334453864	0.0	(-0.5615316334453864+0j)
-0.7224999999999999	-0.5220062499999999	-0.02695988711312425	-0.5490282018877782	0.0	(-0.5490282018877782+0j)
-0.7140249999999999	-0.5098317006249998	-0.02684477117046676	-0.5367384851892643	0.0	(-0.5367384851892643+0j)
-0.7055999999999999	-0.4978713599999999	-0.026726395593726495	-0.5246598268743602	0.0	(-0.5246598268743602+0j)
-0.697225	-0.48612270062499996	-0.026604670118789246	-0.5127895885145726	0.0	(-0.5127895885145726+0j)
-0.6889000000000001	-0.4745832100000001	-0.026479503877581207	-0.5011251493789323	0.0	(-0.5011251493789323+0j)
-0.6806250000000001	-0.4632503906250002	-0.02635080564047546	-0.48966390617439487	0.0	(-0.48966390617439487+0j)
-0.6724000000000001	-0.45212176000000015	-0.02621848408161157	-0.4784032728721471	0.0	(-0.4784032728721471+0j)
-0.6642250000000001	-0.4411948506250001	-0.026082448067226656	-0.4673406806151176	0.0	(-0.4673406806151176+0j)
-0.6561000000000001	-0.43046721000000016	-0.025942606966891088	-0.456473577701294	0.0	(-0.456473577701294+0j)
-0.6480250000000001	-0.4199364006250001	-0.02579887098732235	-0.4457994296371808	0.0	(-0.4457994296371808+0j)
-0.6400000000000001	-0.4096000000000002	-0.025651151528217946	-0.4353157192554702	0.0	(-0.4353157192554702+0j)
-0.6320250000000001	-0.3994556006250001	-0.025499361559304802	-0.4250199468909675	0.0	(-0.4250199468909675+0j)
-0.6241000000000001	-0.38950081000000014	-0.02534341601755165	-0.4149096306089579	0.0	(-0.4149096306089579+0j)
-0.616225	-0.379733250625	-0.025183232223234105	-0.4049823064801489	0.0	(-0.4049823064801489+0j)
-0.6084	-0.3701505600000001	-0.025018730313283898	-0.39523552889666563	0.0	(-0.39523552889666563+0j)
-0.6006250000000001	-0.3607503906250001	-0.024849833690096173	-0.38566687092360746	0.0	(-0.38566687092360746+0j)
-0.5929	-0.35153040999999996	-0.024676469483716174	-0.37627392468094517	0.0	(-0.37627392468094517+0j)
-0.585225	-0.342488300625	-0.024498569025082077	-0.36705430175061343	0.0	(-0.36705430175061343+0j)
-0.5776	-0.33362176	-0.024316068327767757	-0.3580056336038864	0.0	(-0.3580056336038864+0j)
-0.570025	-0.324928500625	-0.024128908575451948	-0.3491255720441752	0.0	(-0.3491255720441752+0j)
-0.5625	-0.31640625	-0.023937036612141242	-0.34041178966053065	0.0	(-0.34041178966053065+0j)
-0.555025	-0.308052750625	-0.023740405431997808	-0.3318619802872619	0.0	(-0.3318619802872619+0j)
-0.5476	-0.29986576	-0.023538974665470794	-0.3234738594650679	0.0	(-0.3234738594650679+0j)
-0.540225	-0.29184305062499993	-0.02333271105830727	-0.31524516489928356	0.0	(-0.31524516489928356+0j)
-0.5328999999999999	-0.2839824099999999	-0.023121588939925136	-0.30717365691084314	0.0	(-0.30717365691084314+0j)
-0.525625	-0.276281640625	-0.02290559067757037	-0.29925711887566053	0.0	(-0.29925711887566053+0j)
-0.5184	-0.26873855999999996	-0.02268470711265514	-0.2914933576482696	0.0	(-0.2914933576482696+0j)
-0.5112249999999999	-0.26135100062499994	-0.022458937975683275	-0.2838802039656444	0.0	(-0.2838802039656444+0j)
-0.5041	-0.25411680999999997	-0.022228292276216158	-0.2764155128272282	0.0	(-0.2764155128272282+0j)
-0.49702499999999994	-0.24703385062499994	-0.021992788664415938	-0.2690971638474918	0.0	(-0.2690971638474918+0j)
-0.4900000000000001	-0.2401000000000001	-0.021752455760822974	-0.2619230615773053	0.0	(-0.2619230615773053+0j)
-0.4830250000000001	-0.23331315062500008	-0.021507332451181332	-0.25489113579087275	0.0	(-0.25489113579087275+0j)
-0.4761000000000001	-0.22667121000000007	-0.0212574681433175	-0.24799934173500837	0.0	(-0.24799934173500837+0j)
-0.46922500000000006	-0.22017210062500006	-0.021002922983302176	-0.24124566033793846	0.0	(-0.24124566033793846+0j)
-0.4624000000000001	-0.21381376000000007	-0.020743768028381165	-0.23462809837505336	0.0	(-0.23462809837505336+0j)
-0.45562500000000006	-0.20759414062500006	-0.020480085374445806	-0.22814468858938283	0.0	(-0.22814468858938283+0j)
-0.4489000000000001	-0.20151121000000008	-0.02021196823612364	-0.22179348976492644	0.0	(-0.22179348976492644+0j)
-0.44222500000000003	-0.19556295062500004	-0.019939520977902546	-0.21557258675134403	0.0	(-0.21557258675134403+0j)
-0.43560000000000004	-0.18974736000000003	-0.019662859095053043	-0.20948009043893456	0.0	(-0.20948009043893456+0j)
-0.42902500000000005	-0.18406245062500004	-0.019382109143479556	-0.20351413768324098	0.0	(-0.20351413768324098+0j)
-0.42250000000000004	-0.17850625000000003	-0.019097408618008696	-0.1976728911791028	0.0	(-0.1976728911791028+0j)
-0.41602500000000003	-0.17307680062500003	-0.018808905779006627	-0.19195453928439374	0.0	(-0.19195453928439374+0j)
-0.4096	-0.16777216	-0.018516759427603995	-0.18635729579419028	0.0	(-0.18635729579419028+0j)
-0.403225	-0.162590400625	-0.018221138630191945	-0.1808793996666074	0.0	(-0.1808793996666074+0j)
-0.39690000000000003	-0.15752961000000001	-0.017922222393231862	-0.17551911470196077	0.0	(-0.17551911470196077+0j)
-0.390625	-0.152587890625	-0.017620199289790958	-0.1702747291774621	0.0	(-0.1702747291774621+0j)
-0.3844	-0.14776336	-0.017315267039571758	-0.16514455544003812	0.0	(-0.16514455544003812+0j)
-0.378225	-0.143054150625	-0.017007632044541993	-0.16012692946034243	0.0	(-0.16012692946034243+0j)
-0.3721	-0.13845840999999998	-0.016697508882589966	-0.15522021035138384	0.0	(-0.15522021035138384+0j)
-0.366025	-0.133974300625	-0.01638511976192462	-0.15042277985555413	0.0	(-0.15042277985555413+0j)
-0.36	-0.1296	-0.01607069393920838	-0.14573304180406207	0.0	(-0.14573304180406207+0j)
-0.354025	-0.125333700625	-0.015754467104650328	-0.1411494215530303	0.0	(-0.1411494215530303+0j)
-0.34809999999999997	-0.12117360999999997	-0.015436680737496957	-0.13667036540052685	0.0	(-0.13667036540052685+0j)
-0.34222499999999995	-0.11711795062499997	-0.015117581435535122	-0.13229433998880144	0.0	(-0.13229433998880144+0j)
-0.3364	-0.11316495999999998	-0.014797420222366079	-0.1280198316958522	0.0	(-0.1280198316958522+0j)
-0.33062500000000006	-0.10931289062500003	-0.014476451836320459	-0.12384534602013697	0.0	(-0.12384534602013697+0j)
-0.3249000000000001	-0.10556001000000005	-0.014154934004960259	-0.1197694069617858	0.0	(-0.1197694069617858+0j)
-0.3192250000000001	-0.10190460062500006	-0.013833126709157085	-0.11579055640318558	0.0	(-0.11579055640318558+0j)
-0.31360000000000005	-0.09834496000000002	-0.013511291440744888	-0.11190735349099687	0.0	(-0.11190735349099687+0j)
-0.30802500000000005	-0.09487940062500003	-0.013189690457722367	-0.10811837402097249	0.0	(-0.10811837402097249+0j)
-0.30250000000000005	-0.09150625000000003	-0.012868586040925658	-0.10442220982602146	0.0	(-0.10442220982602146+0j)
-0.29702500000000004	-0.08822385062500002	-0.012548239756007403	-0.10081746816708047	0.0	(-0.10081746816708047+0j)
-0.2916	-0.08503056000000002	-0.012228911724445846	-0.09730277112548752	0.0	(-0.09730277112548752+0j)
-0.286225	-0.081924750625	-0.011910859907168921	-0.09387675499476028	0.0	(-0.09387675499476028+0j)
-0.28090000000000004	-0.07890481000000002	-0.011594339404215757	-0.09053806966901665	0.0	(-0.09053806966901665+0j)
-0.275625	-0.075969140625	-0.011279601773673941	-0.08728537802486992	0.0	(-0.08728537802486992+0j)
-0.27040000000000003	-0.07311616000000001	-0.01096689437292783	-0.08411735529344029	0.0	(-0.08411735529344029+0j)
-0.265225	-0.070344300625	-0.010656459725033459	-0.08103268841927679	0.0	(-0.08103268841927679+0j)
-0.2601	-0.06765201	-0.010348534912802389	-0.07803007540352849	0.0	(-0.07803007540352849+0j)
-0.255025	-0.065037750625	-0.010043351002932015	-0.07510822462956694	0.0	(-0.07510822462956694+0j)
-0.25	-0.0625	-0.009741132502266955	-0.07226585417054064	0.0	(-0.07226585417054064+0j)
-0.245025	-0.060037250625	-0.009442096848016886	-0.06950169107995846	0.0	(-0.06950169107995846+0j)
-0.24009999999999998	-0.05764800999999999	-0.009146453933493856	-0.0668144706682868	0.0	(-0.0668144706682868+0j)
-0.235225	-0.055330800624999996	-0.008854405670668695	-0.0642029357706107	0.0	(-0.0642029357706107+0j)
-0.2304	-0.05308416	-0.00856614559058385	-0.061665836012611136	0.0	(-0.061665836012611136+0j)
-0.22562500000000002	-0.050906640625000006	-0.008281858482401686	-0.05920192708417912	0.0	(-0.05920192708417912+0j)
-0.22090000000000004	-0.04879681000000002	-0.00800172007161402	-0.056809970031931806	0.0	(-0.056809970031931806+0j)
-0.21622500000000003	-0.04675325062500001	-0.007725896737693109	-0.054488730583433606	0.0	(-0.054488730583433606+0j)
-0.2116	-0.044774560000000005	-0.007454545271227669	-0.05223697851699982	0.0	(-0.05223697851699982+0j)
-0.20702500000000001	-0.04285935062500001	-0.007187812670361483	-0.05005348709139967	0.0	(-0.05005348709139967+0j)
-0.2025	-0.04100625000000001	-0.006925835976137958	-0.047937032549502614	0.0	(-0.047937032549502614+0j)
-0.198025	-0.039213900625000006	-0.006668742146152761	-0.0458863937088591	0.0	(-0.0458863937088591+0j)
-0.1936	-0.03748096	-0.006416647965729202	-0.04390035165038069	0.0	(-0.04390035165038069+0j)
-0.189225	-0.035806100625000004	-0.006169659995658612	-0.041977689513724305	0.0	(-0.041977689513724305+0j)
-0.18489999999999998	-0.03418800999999999	-0.005927874555389711	-0.04011719240477557	0.0	(-0.04011719240477557+0j)
-0.18062499999999998	-0.03262539062499999	-0.005691377740409806	-0.038317647416980315	0.0	(-0.038317647416980315+0j)
-0.17639999999999997	-0.031116959999999992	-0.005460245472433435	-0.036577843764308574	0.0	(-0.036577843764308574+0j)
-0.17222500000000002	-0.029661450625000006	-0.005234543580904111	-0.03489657301967935	0.0	(-0.03489657301967935+0j)
-0.16810000000000003	-0.02825761000000001	-0.005014327914219848	-0.03327262944891654	0.0	(-0.03327262944891654+0j)
-0.16402500000000003	-0.02690420062500001	-0.004799644479013604	-0.03170481042703296	0.0	(-0.03170481042703296+0j)
-0.16000000000000003	-0.02560000000000001	-0.004590529605755659	-0.030191916921080024	0.0	(-0.030191916921080024+0j)
-0.15602500000000002	-0.02434380062500001	-0.00438701013889535	-0.028732754022153025	0.0	(-0.028732754022153025+0j)
-0.1521	-0.023134410000000005	-0.004189103649723785	-0.027326131508530832	0.0	(-0.027326131508530832+0j)
-0.148225	-0.021970650624999997	-0.003996818670117565	-0.025970864422430726	0.0	(-0.025970864422430726+0j)
-0.1444	-0.02085136	-0.003810154945313518	-0.024665773644438737	0.0	(-0.024665773644438737+0j)
-0.140625	-0.019775390625	-0.0036291037038678996	-0.023409686452218748	0.0	(-0.023409686452218748+0j)
-0.1369	-0.01874161	-0.003453647942966518	-0.02220143705341933	0.0	(-0.02220143705341933+0j)
-0.13322499999999998	-0.017748900624999994	-0.0032837627272766685	-0.021039867086494357	0.0	(-0.021039867086494357+0j)
-0.1296	-0.016796159999999997	-0.003119415499565903	-0.019923826087113586	0.0	(-0.019923826087113586+0j)
-0.126025	-0.015882300624999998	-0.0029605664013530354	-0.018852171921591745	0.0	(-0.018852171921591745+0j)
-0.12250000000000003	-0.015006250000000006	-0.0028071686019089104	-0.017823771191976947	0.0	(-0.017823771191976947+0j)
-0.11902500000000002	-0.014166950625000004	-0.0026591686339787896	-0.016837499619799832	0.0	(-0.016837499619799832+0j)
-0.11560000000000002	-0.013363360000000005	-0.0025165067346620204	-0.015892242416788764	0.0	(-0.015892242416788764+0j)
-0.11222500000000002	-0.012594450625000005	-0.0023791171899517627	-0.014986894651025973	0.0	(-0.014986894651025973+0j)
-0.10890000000000001	-0.011859210000000002	-0.0022469286815089695	-0.014120361616056233	0.0	(-0.014120361616056233+0j)
-0.10562500000000001	-0.011156640625000002	-0.002119864634320748	-0.01329155920858731	0.0	(-0.01329155920858731+0j)
-0.1024	-0.01048576	-0.00199784356397021	-0.012499414317865824	0.0	(-0.012499414317865824+0j)
-0.09922500000000001	-0.009845600625000001	-0.0018807794223254723	-0.011742865226958554	0.0	(-0.011742865226958554+0j)
-0.0961	-0.00923521	-0.0017685819405365358	-0.011020862023355038	0.0	(-0.011020862023355038+0j)
-0.093025	-0.008653650624999999	-0.0016611569683101443	-0.010332367013884182	0.0	(-0.010332367013884182+0j)
-0.09	-0.0081	-0.0015584068085147673	-0.009676355137152728	0.0	(-0.009676355137152728+0j)
-0.08702499999999999	-0.007573350624999998	-0.0014602305462502532	-0.00905181436572978	0.0	(-0.00905181436572978+0j)
-0.0841	-0.007072809999999999	-0.0013665243715954567	-0.008457746090152672	0.0	(-0.008457746090152672+0j)
-0.08122500000000002	-0.006597500625000003	-0.0012771818953277725	-0.007893165477463927	0.0	(-0.007893165477463927+0j)
-0.07840000000000001	-0.006146560000000001	-0.0011920944569856345	-0.007357101798255968	0.0	(-0.007357101798255968+0j)
-0.07562500000000001	-0.005719140625000002	-0.0011111514247190424	-0.006848598717908357	0.0	(-0.006848598717908357+0j)
-0.0729	-0.005314410000000001	-0.001034240486448637	-0.006366714549631167	0.0	(-0.006366714549631167+0j)
-0.07022500000000001	-0.004931550625000001	-0.0009612479319201506	-0.0059105224688876514	0.0	(-0.0059105224688876514+0j)
-0.06760000000000001	-0.004569760000000001	-0.000892058925312661	-0.005479110690569825	0.0	(-0.005479110690569825+0j)
-0.065025	-0.004228250625	-0.0008265577681198372	-0.0050715826118309815	0.0	(-0.0050715826118309815+0j)
-0.0625	-0.00390625	-0.0007646281520860138	-0.004687056924648904	0.0	(-0.004687056924648904+0j)
-0.060024999999999995	-0.0036030006249999995	-0.0007061534020358362	-0.0043246677029807785	0.0	(-0.0043246677029807785+0j)
-0.0576	-0.00331776	-0.0006510167084922136	-0.003983564469769433	0.0	(-0.003983564469769433+0j)
-0.05522500000000001	-0.003049800625000001	-0.0005991013500233899	-0.003662912249127015	0.0	(-0.003662912249127015+0j)
-0.0529	-0.0027984100000000003	-0.0005502909053149707	-0.003361891608787422	0.0	(-0.003361891608787422+0j)
-0.050625	-0.0025628906250000005	-0.0005044694549992401	-0.0030796986974693016	0.0	(-0.0030796986974693016+0j)
-0.0484	-0.00234256	-0.00046152177331781896	-0.0028155452811844048	0.0	(-0.0028155452811844048+0j)
-0.046224999999999995	-0.0021367506249999994	-0.0004213335097311144	-0.0025686587818261365	0.0	(-0.0025686587818261365+0j)
-0.04409999999999999	-0.0019448099999999995	-0.0003837913606227761	-0.0023382823206327926	0.0	(-0.0023382823206327926+0j)
-0.04202500000000001	-0.0017661006250000006	-0.0003487832312723538	-0.002123674768397952	0.0	(-0.002123674768397952+0j)
-0.04000000000000001	-0.0016000000000000007	-0.00031619838830515556	-0.0019241108036120351	0.0	(-0.0019241108036120351+0j)
-0.038025	-0.0014459006250000003	-0.00028592760284495977	-0.0017388809791093435	0.0	(-0.0017388809791093435+0j)
-0.0361	-0.00130321	-0.00025786328462340524	-0.0015672917972595064	0.0	(-0.0015672917972595064+0j)
-0.034225	-0.001171350625	-0.00023189960731029302	-0.0014086657933161525	0.0	(-0.0014086657933161525+0j)
-0.0324	-0.0010497599999999998	-0.00020793262535734325	-0.0012623416261797926	0.0	(-0.0012623416261797926+0j)
-0.030625000000000006	-0.0009378906250000004	-0.00018586038264656324	-0.001127674175589595	0.0	(-0.001127674175589595+0j)
-0.028900000000000006	-0.0008352100000000003	-0.00016558301325741986	-0.0010040346445863407	0.0	(-0.0010040346445863407+0j)
-0.027225000000000003	-0.0007412006250000001	-0.00014700283467228292	-0.0008908106659882366	0.0	(-0.0008908106659882366+0j)
-0.0256	-0.00065536	-0.00013002443374321437	-0.0007874064115905455	0.0	(-0.0007874064115905455+0j)
-0.024025	-0.000577200625	-0.00011455474575150504	-0.0006932427028149971	0.0	(-0.0006932427028149971+0j)
-0.0225	-0.00050625	-0.00010050312689302565	-0.0006077571215944373	0.0	(-0.0006077571215944373+0j)
-0.021025	-0.0004420506249999999	-8.778142052690008e-05	-0.0005304041203557574	0.0	(-0.0005304041203557574+0j)
-0.019600000000000003	-0.0003841600000000001	-7.630401751557159e-05	-0.0004606551300819426	0.0	(-0.0004606551300819426+0j)
-0.018225	-0.0003321506250000001	-6.59879109943251e-05	-0.00039799866554820525	0.0	(-0.00039799866554820525+0j)
-0.016900000000000002	-0.00028561000000000005	-5.6752745899446566e-05	-0.00034194042694643003	0.0	(-0.00034194042694643003+0j)
-0.015625	-0.000244140625	-4.852086357365337e-05	-0.0002920033972535122	0.0	(-0.0002920033972535122+0j)
-0.0144	-0.00020736	-4.121734177742198e-05	-0.00024772793480268084	0.0	(-0.00024772793480268084+0j)
-0.013225	-0.00017490062500000002	-3.4770030408193264e-05	-0.00020867186066834593	0.0	(-0.00020867186066834593+0j)
-0.0121	-0.00014641	-2.910958325719193e-05	-0.0001744105405171494	0.0	(-0.0001744105405171494+0j)
-0.011024999999999998	-0.00012155062499999997	-2.4169486056990763e-05	-0.0001445369607679442	0.0	(-0.0001445369607679442+0j)
-0.010000000000000002	-0.00010000000000000005	-1.988608115510715e-05	-0.00011866179893143595	0.0	(-0.00011866179893143595+0j)
-0.009025	-8.1450625e-05	-1.6198589074534198e-05	-9.641348808923006e-05	0.0	(-9.641348808923006e-05+0j)
-0.0081	-6.560999999999999e-05	-1.3049127218778267e-05	-7.743827556444241e-05	0.0	(-7.743827556444241e-05+0j)
-0.007225000000000001	-5.220062500000002e-05	-1.0382725985635943e-05	-6.140027590489358e-05	0.0	(-6.140027590489358e-05+0j)
-0.0064	-4.096e-05	-8.14734254284133e-06	-4.798151840953755e-05	0.0	(-4.798151840953755e-05+0j)
-0.005625	-3.1640625e-05	-6.293872552021185e-06	-3.688198928556814e-05	0.0	(-3.688198928556814e-05+0j)
-0.004900000000000001	-2.4010000000000006e-05	-4.77615991201219e-06	-2.7819668886233466e-05	0.0	(-2.7819668886233466e-05+0j)
-0.0042250000000000005	-1.7850625000000003e-05	-3.551004876811703e-06	-2.0530564513370692e-05	0.0	(-2.0530564513370692e-05+0j)
-0.0036	-1.296e-05	-2.5781708501426692e-06	-1.4768738795180745e-05	0.0	(-1.4768738795180745e-05+0j)
-0.003025	-9.150625e-06	-1.8203895990609453e-06	-1.0306334759248282e-05	0.0	(-1.0306334759248282e-05+0j)
-0.0025000000000000005	-6.250000000000003e-06	-1.2433655882659878e-06	-6.933598279756582e-06	0.0	(-6.933598279756582e-06+0j)
-0.002025	-4.100624999999999e-06	-8.157795150509628e-07	-4.458898156852568e-06	0.0	(-4.458898156852568e-06+0j)
-0.0016	-2.56e-06	-5.092904586945224e-07	-2.7087465221371672e-06	0.0	(-2.7087465221371672e-06+0j)
-0.0012250000000000002	-1.5006250000000003e-06	-2.9853794103473774e-07	-1.5278215863320432e-06	0.0	(-1.5278215863320432e-06+0j)
-0.0009	-8.1e-07	-1.6114370282593882e-07	-7.789962566813208e-07	0.0	(-7.789962566813208e-07+0j)
-0.0006250000000000001	-3.906250000000002e-07	-7.771291166136507e-08	-3.4337687462236046e-07	0.0	(-3.4337687462236046e-07+0j)
-0.0004	-1.6e-07	-3.183231456205249e-08	-1.2036907847912072e-07	0.0	(-1.2036907847912072e-07+0j)
-0.000225	-5.0625e-08	-1.0068106348626316e-08	-2.7853706106710863e-08	0.0	(-2.7853706106710863e-08+0j)
-0.0001	-1e-08	-2.000888343900442e-09	-2.1202782747550084e-09	0.0	(-2.1202782747550084e-09+0j)
-2.5e-05	-6.25e-10	-0.0	-2.1412992906588713e-18	-0.02194740400904347	(-2.1412992906588713e-18-0.02194740400904347j)
2.5e-05	6.25e-10	0.0	-2.1412992906588713e-18	0.02194740400904347	(-2.1412992906588713e-18+0.02194740400904347j)
0.0001	1e-08	2.000888343900442e-09	2.1202782771036038e-09	0.0	(2.1202782771036038e-09+0j)
0.000225	5.0625e-08	1.0068106348626316e-08	2.785370611443058e-08	0.0	(2.785370611443058e-08+0j)
0.0004	1.6e-07	3.183231456205249e-08	1.203690784940789e-07	0.0	(1.203690784940789e-07+0j)
0.0006250000000000001	3.906250000000002e-07	7.771291166136507e-08	3.4337687462183106e-07	0.0	(3.4337687462183106e-07+0j)
0.0009	8.1e-07	1.6114370282593882e-07	7.789962566708111e-07	0.0	(7.789962566708111e-07+0j)
0.0012250000000000002	1.5006250000000003e-06	2.9853794103473774e-07	1.527821586335848e-06	0.0	(1.527821586335848e-06+0j)
0.0016	2.56e-06	5.092904586945224e-07	2.7087465221362876e-06	0.0	(2.7087465221362876e-06+0j)
0.002025	4.100624999999999e-06	8.157795150509628e-07	4.458898156845288e-06	0.0	(4.458898156845288e-06+0j)
0.0025000000000000005	6.250000000000003e-06	1.2433655882659878e-06	6.933598279743995e-06	0.0	(6.933598279743995e-06+0j)
0.003025	9.150625e-06	1.8203895990609453e-06	1.0306334759261358e-05	0.0	(1.0306334759261358e-05+0j)
0.0036	1.296e-05	2.5781708501426692e-06	1.4768738795175315e-05	0.0	(1.4768738795175315e-05+0j)
0.0042250000000000005	1.7850625000000003e-05	3.551004876811703e-06	2.053056451338219e-05	0.0	(2.053056451338219e-05+0j)
0.004900000000000001	2.4010000000000006e-05	4.77615991201219e-06	2.7819668886249278e-05	0.0	(2.7819668886249278e-05+0j)
0.005625	3.1640625e-05	6.293872552021185e-06	3.688198928557609e-05	0.0	(3.688198928557609e-05+0j)
0.0064	4.096e-05	8.14734254284133e-06	4.798151840954266e-05	0.0	(4.798151840954266e-05+0j)
0.007225000000000001	5.220062500000002e-05	1.0382725985635943e-05	6.14002759048962e-05	0.0	(6.14002759048962e-05+0j)
0.0081	6.560999999999999e-05	1.3049127218778267e-05	7.743827556443608e-05	0.0	(7.743827556443608e-05+0j)
0.009025	8.1450625e-05	1.6198589074534198e-05	9.641348808923601e-05	0.0	(9.641348808923601e-05+0j)
0.010000000000000002	0.00010000000000000005	1.988608115510715e-05	0.00011866179893145387	0.0	(0.00011866179893145387+0j)
0.011024999999999998	0.00012155062499999997	2.4169486056990763e-05	0.000144536960767953	0.0	(0.000144536960767953+0j)
0.0121	0.00014641	2.910958325719193e-05	0.00017441054051716055	0.0	(0.00017441054051716055+0j)
0.013225	0.00017490062500000002	3.4770030408193264e-05	0.0002086718606683576	0.0	(0.0002086718606683576+0j)
0.0144	0.00020736	4.121734177742198e-05	0.00024772793480269266	0.0	(0.00024772793480269266+0j)
0.015625	0.000244140625	4.852086357365337e-05	0.0002920033972535275	0.0	(0.0002920033972535275+0j)
0.016900000000000002	0.00028561000000000005	5.6752745899446566e-05	0.0003419404269464323	0.0	(0.0003419404269464323+0j)
0.018225	0.0003321506250000001	6.59879109943251e-05	0.0003979986655481968	0.0	(0.0003979986655481968+0j)
0.019600000000000003	0.0003841600000000001	7.630401751557159e-05	0.0004606551300819525	0.0	(0.0004606551300819525+0j)
0.021025	0.0004420506249999999	8.778142052690008e-05	0.0005304041203557688	0.0	(0.0005304041203557688+0j)
0.0225	0.00050625	0.00010050312689302565	0.0006077571215944765	0.0	(0.0006077571215944765+0j)
0.024025	0.000577200625	0.00011455474575150504	0.0006932427028150209	0.0	(0.0006932427028150209+0j)
0.0256	0.00065536	0.00013002443374321437	0.0007874064115905478	0.0	(0.0007874064115905478+0j)
0.027225000000000003	0.0007412006250000001	0.00014700283467228292	0.0008908106659882489	0.0	(0.0008908106659882489+0j)
0.028900000000000006	0.0008352100000000003	0.00016558301325741986	0.0010040346445863572	0.0	(0.0010040346445863572+0j)
0.030625000000000006	0.0009378906250000004	0.00018586038264656324	0.0011276741755895995	0.0	(0.0011276741755895995+0j)
0.0324	0.0010497599999999998	0.00020793262535734325	0.0012623416261797837	0.0	(0.0012623416261797837+0j)
0.034225	0.001171350625	0.00023189960731029302	0.001408665793316157	0.0	(0.001408665793316157+0j)
0.0361	0.00130321	0.00025786328462340524	0.0015672917972595068	0.0	(0.0015672917972595068+0j)
0.038025	0.0014459006250000003	0.00028592760284495977	0.00173888097910935	0.0	(0.00173888097910935+0j)
0.04000000000000001	0.0016000000000000007	0.00031619838830515556	0.0019241108036120568	0.0	(0.0019241108036120568+0j)
0.04202500000000001	0.0017661006250000006	0.0003487832312723538	0.0021236747683979575	0.0	(0.0021236747683979575+0j)
0.04409999999999999	0.0019448099999999995	0.0003837913606227761	0.0023382823206327904	0.0	(0.0023382823206327904+0j)
0.046224999999999995	0.0021367506249999994	0.0004213335097311144	0.0025686587818261547	0.0	(0.0025686587818261547+0j)
0.0484	0.00234256	0.00046152177331781896	0.0028155452811844204	0.0	(0.0028155452811844204+0j)
0.050625	0.0025628906250000005	0.0005044694549992401	0.0030796986974693154	0.0	(0.0030796986974693154+0j)
0.0529	0.0027984100000000003	0.0005502909053149707	0.0033618916087874303	0.0	(0.0033618916087874303+0j)
0.05522500000000001	0.003049800625000001	0.0005991013500233899	0.003662912249127038	0.0	(0.003662912249127038+0j)
0.0576	0.00331776	0.0006510167084922136	0.003983564469769459	0.0	(0.003983564469769459+0j)
0.060024999999999995	0.0036030006249999995	0.0007061534020358362	0.004324667702980763	0.0	(0.004324667702980763+0j)
0.0625	0.00390625	0.0007646281520860138	0.0046870569246488525	0.0	(0.0046870569246488525+0j)
0.065025	0.004228250625	0.0008265577681198372	0.005071582611830951	0.0	(0.005071582611830951+0j)
0.06760000000000001	0.004569760000000001	0.000892058925312661	0.005479110690569847	0.0	(0.005479110690569847+0j)
0.07022500000000001	0.004931550625000001	0.0009612479319201506	0.005910522468887676	0.0	(0.005910522468887676+0j)
0.0729	0.005314410000000001	0.001034240486448637	0.0063667145496312276	0.0	(0.0063667145496312276+0j)
0.07562500000000001	0.005719140625000002	0.0011111514247190424	0.006848598717908365	0.0	(0.006848598717908365+0j)
0.07840000000000001	0.006146560000000001	0.0011920944569856345	0.00735710179825595	0.0	(0.00735710179825595+0j)
0.08122500000000002	0.006597500625000003	0.0012771818953277725	0.007893165477463996	0.0	(0.007893165477463996+0j)
0.0841	0.007072809999999999	0.0013665243715954567	0.008457746090152717	0.0	(0.008457746090152717+0j)
0.08702499999999999	0.007573350624999998	0.0014602305462502532	0.009051814365729782	0.0	(0.009051814365729782+0j)
0.09	0.0081	0.0015584068085147673	0.009676355137152698	0.0	(0.009676355137152698+0j)
0.093025	0.008653650624999999	0.0016611569683101443	0.010332367013884198	0.0	(0.010332367013884198+0j)
0.0961	0.00923521	0.0017685819405365358	0.011020862023355145	0.0	(0.011020862023355145+0j)
0.09922500000000001	0.009845600625000001	0.0018807794223254723	0.011742865226958402	0.0	(0.011742865226958402+0j)
0.1024	0.01048576	0.00199784356397021	0.012499414317865715	0.0	(0.012499414317865715+0j)
0.10562500000000001	0.011156640625000002	0.002119864634320748	0.01329155920858724	0.0	(0.01329155920858724+0j)
0.10890000000000001	0.011859210000000002	0.0022469286815089695	0.01412036161605623	0.0	(0.01412036161605623+0j)
0.11222500000000002	0.012594450625000005	0.0023791171899517627	0.014986894651025973	0.0	(0.014986894651025973+0j)
0.11560000000000002	0.013363360000000005	0.0025165067346620204	0.015892242416788747	0.0	(0.015892242416788747+0j)
0.11902500000000002	0.014166950625000004	0.0026591686339787896	0.01683749961979988	0.0	(0.01683749961979988+0j)
0.12250000000000003	0.015006250000000006	0.0028071686019089104	0.017823771191977086	0.0	(0.017823771191977086+0j)
0.126025	0.015882300624999998	0.0029605664013530354	0.018852171921591734	0.0	(0.018852171921591734+0j)
0.1296	0.016796159999999997	0.003119415499565903	0.019923826087113537	0.0	(0.019923826087113537+0j)
0.13322499999999998	0.017748900624999994	0.0032837627272766685	0.021039867086494315	0.0	(0.021039867086494315+0j)
0.1369	0.01874161	0.003453647942966518	0.022201437053419332	0.0	(0.022201437053419332+0j)
0.140625	0.019775390625	0.0036291037038678996	0.023409686452218765	0.0	(0.023409686452218765+0j)
0.1444	0.02085136	0.003810154945313518	0.024665773644438903	0.0	(0.024665773644438903+0j)
0.148225	0.021970650624999997	0.003996818670117565	0.0259708644224306	0.0	(0.0259708644224306+0j)
0.1521	0.023134410000000005	0.004189103649723785	0.027326131508530964	0.0	(0.027326131508530964+0j)
0.15602500000000002	0.02434380062500001	0.00438701013889535	0.02873275402215305	0.0	(0.02873275402215305+0j)
0.16000000000000003	0.02560000000000001	0.004590529605755659	0.030191916921080073	0.0	(0.030191916921080073+0j)
0.16402500000000003	0.02690420062500001	0.004799644479013604	0.031704810427032964	0.0	(0.031704810427032964+0j)
0.16810000000000003	0.02825761000000001	0.005014327914219848	0.03327262944891647	0.0	(0.03327262944891647+0j)
0.17222500000000002	0.029661450625000006	0.005234543580904111	0.03489657301967938	0.0	(0.03489657301967938+0j)
0.17639999999999997	0.031116959999999992	0.005460245472433435	0.03657784376430871	0.0	(0.03657784376430871+0j)
0.18062499999999998	0.03262539062499999	0.005691377740409806	0.038317647416980315	0.0	(0.038317647416980315+0j)
0.18489999999999998	0.03418800999999999	0.005927874555389711	0.040117192404775535	0.0	(0.040117192404775535+0j)
0.189225	0.035806100625000004	0.006169659995658612	0.041977689513724145	0.0	(0.041977689513724145+0j)
0.1936	0.03748096	0.006416647965729202	0.043900351650380864	0.0	(0.043900351650380864+0j)
0.198025	0.039213900625000006	0.006668742146152761	0.045886393708859136	0.0	(0.045886393708859136+0j)
0.2025	0.04100625000000001	0.006925835976137958	0.047937032549502864	0.0	(0.047937032549502864+0j)
0.20702500000000001	0.04285935062500001	0.007187812670361483	0.05005348709139974	0.0	(0.05005348709139974+0j)
0.2116	0.044774560000000005	0.007454545271227669	0.05223697851699986	0.0	(0.05223697851699986+0j)
0.21622500000000003	0.04675325062500001	0.007725896737693109	0.05448873058343378	0.0	(0.05448873058343378+0j)
0.22090000000000004	0.04879681000000002	0.00800172007161402	0.05680997003193181	0.0	(0.05680997003193181+0j)
0.22562500000000002	0.050906640625000006	0.008281858482401686	0.059201927084179526	0.0	(0.059201927084179526+0j)
0.2304	0.05308416	0.00856614559058385	0.0616658360126111	0.0	(0.0616658360126111+0j)
0.235225	0.055330800624999996	0.008854405670668695	0.06420293577061092	0.0	(0.06420293577061092+0j)
0.24009999999999998	0.05764800999999999	0.009146453933493856	0.06681447066828698	0.0	(0.06681447066828698+0j)
0.245025	0.060037250625	0.009442096848016886	0.06950169107995936	0.0	(0.06950169107995936+0j)
0.25	0.0625	0.009741132502266955	0.07226585417054072	0.0	(0.07226585417054072+0j)
0.255025	0.065037750625	0.010043351002932015	0.07510822462956739	0.0	(0.07510822462956739+0j)
0.2601	0.06765201	0.010348534912802389	0.07803007540352924	0.0	(0.07803007540352924+0j)
0.265225	0.070344300625	0.010656459725033459	0.08103268841927659	0.0	(0.08103268841927659+0j)
0.27040000000000003	0.07311616000000001	0.01096689437292783	0.08411735529344083	0.0	(0.08411735529344083+0j)
0.275625	0.075969140625	0.011279601773673941	0.08728537802487034	0.0	(0.08728537802487034+0j)
0.28090000000000004	0.07890481000000002	0.011594339404215757	0.09053806966901683	0.0	(0.09053806966901683+0j)
0.286225	0.081924750625	0.011910859907168921	0.09387675499476132	0.0	(0.09387675499476132+0j)
0.2916	0.08503056000000002	0.012228911724445846	0.0973027711254887	0.0	(0.0973027711254887+0j)
0.29702500000000004	0.08822385062500002	0.012548239756007403	0.10081746816708041	0.0	(0.10081746816708041+0j)
0.30250000000000005	0.09150625000000003	0.012868586040925658	0.10442220982602192	0.0	(0.10442220982602192+0j)
0.30802500000000005	0.09487940062500003	0.013189690457722367	0.10811837402097235	0.0	(0.10811837402097235+0j)
0.31360000000000005	0.09834496000000002	0.013511291440744888	0.1119073534909965	0.0	(0.1119073534909965+0j)
0.3192250000000001	0.10190460062500006	0.013833126709157085	0.11579055640318564	0.0	(0.11579055640318564+0j)
0.3249000000000001	0.10556001000000005	0.014154934004960259	0.11976940696178526	0.0	(0.11976940696178526+0j)
0.33062500000000006	0.10931289062500003	0.014476451836320459	0.12384534602013593	0.0	(0.12384534602013593+0j)
0.3364	0.11316495999999998	0.014797420222366079	0.12801983169585243	0.0	(0.12801983169585243+0j)
0.34222499999999995	0.11711795062499997	0.015117581435535122	0.13229433998880158	0.0	(0.13229433998880158+0j)
0.34809999999999997	0.12117360999999997	0.015436680737496957	0.13667036540052666	0.0	(0.13667036540052666+0j)
0.354025	0.125333700625	0.015754467104650328	0.14114942155303062	0.0	(0.14114942155303062+0j)
0.36	0.1296	0.01607069393920838	0.14573304180406116	0.0	(0.14573304180406116+0j)
0.366025	0.133974300625	0.01638511976192462	0.15042277985555372	0.0	(0.15042277985555372+0j)
0.3721	0.13845840999999998	0.016697508882589966	0.15522021035138497	0.0	(0.15522021035138497+0j)
0.378225	0.143054150625	0.017007632044541993	0.16012692946034257	0.0	(0.16012692946034257+0j)
0.3844	0.14776336	0.017315267039571758	0.16514455544003825	0.0	(0.16514455544003825+0j)
0.390625	0.152587890625	0.017620199289790958	0.17027472917746211	0.0	(0.17027472917746211+0j)
0.39690000000000003	0.15752961000000001	0.017922222393231862	0.17551911470196113	0.0	(0.17551911470196113+0j)
0.403225	0.162590400625	0.018221138630191945	0.1808793996666064	0.0	(0.1808793996666064+0j)
0.4096	0.16777216	0.018516759427603995	0.18635729579419033	0.0	(0.18635729579419033+0j)
0.41602500000000003	0.17307680062500003	0.018808905779006627	0.19195453928439482	0.0	(0.19195453928439482+0j)
0.42250000000000004	0.17850625000000003	0.019097408618008696	0.1976728911791035	0.0	(0.1976728911791035+0j)
0.42902500000000005	0.18406245062500004	0.019382109143479556	0.2035141376832411	0.0	(0.2035141376832411+0j)
0.43560000000000004	0.18974736000000003	0.019662859095053043	0.20948009043893437	0.0	(0.20948009043893437+0j)
0.44222500000000003	0.19556295062500004	0.019939520977902546	0.2155725867513447	0.0	(0.2155725867513447+0j)
0.4489000000000001	0.20151121000000008	0.02021196823612364	0.22179348976492716	0.0	(0.22179348976492716+0j)
0.45562500000000006	0.20759414062500006	0.020480085374445806	0.228144688589384	0.0	(0.228144688589384+0j)
0.4624000000000001	0.21381376000000007	0.020743768028381165	0.23462809837505294	0.0	(0.23462809837505294+0j)
0.46922500000000006	0.22017210062500006	0.021002922983302176	0.24124566033793912	0.0	(0.24124566033793912+0j)
0.4761000000000001	0.22667121000000007	0.0212574681433175	0.24799934173500893	0.0	(0.24799934173500893+0j)
0.4830250000000001	0.23331315062500008	0.021507332451181332	0.25489113579087114	0.0	(0.25489113579087114+0j)
0.4900000000000001	0.2401000000000001	0.021752455760822974	0.261923061577304	0.0	(0.261923061577304+0j)
0.49702499999999994	0.24703385062499994	0.021992788664415938	0.26909716384749083	0.0	(0.26909716384749083+0j)
0.5041	0.25411680999999997	0.022228292276216158	0.27641551282723065	0.0	(0.27641551282723065+0j)
0.5112249999999999	0.26135100062499994	0.022458937975683275	0.2838802039656434	0.0	(0.2838802039656434+0j)
0.5184	0.26873855999999996	0.02268470711265514	0.29149335764826906	0.0	(0.29149335764826906+0j)
0.525625	0.276281640625	0.02290559067757037	0.29925711887565865	0.0	(0.29925711887565865+0j)
0.5328999999999999	0.2839824099999999	0.023121588939925136	0.3071736569108409	0.0	(0.3071736569108409+0j)
0.540225	0.29184305062499993	0.02333271105830727	0.31524516489928445	0.0	(0.31524516489928445+0j)
0.5476	0.29986576	0.023538974665470794	0.3234738594650686	0.0	(0.3234738594650686+0j)
0.555025	0.308052750625	0.023740405431997808	0.3318619802872629	0.0	(0.3318619802872629+0j)
0.5625	0.31640625	0.023937036612141242	0.34041178966053376	0.0	(0.34041178966053376+0j)
0.570025	0.324928500625	0.024128908575451948	0.34912557204417566	0.0	(0.34912557204417566+0j)
0.5776	0.33362176	0.024316068327767757	0.3580056336038887	0.0	(0.3580056336038887+0j)
0.585225	0.342488300625	0.024498569025082077	0.3670543017506137	0.0	(0.3670543017506137+0j)
0.5929	0.35153040999999996	0.024676469483716174	0.3762739246809437	0.0	(0.3762739246809437+0j)
0.6006250000000001	0.3607503906250001	0.024849833690096173	0.3856668709236066	0.0	(0.3856668709236066+0j)
0.6084	0.3701505600000001	0.025018730313283898	0.3952355288966638	0.0	(0.3952355288966638+0j)
0.616225	0.379733250625	0.025183232223234105	0.4049823064801487	0.0	(0.4049823064801487+0j)
0.6241000000000001	0.38950081000000014	0.02534341601755165	0.4149096306089563	0.0	(0.4149096306089563+0j)
0.6320250000000001	0.3994556006250001	0.025499361559304802	0.4250199468909683	0.0	(0.4250199468909683+0j)
0.6400000000000001	0.4096000000000002	0.025651151528217946	0.43531571925546986	0.0	(0.43531571925546986+0j)
0.6480250000000001	0.4199364006250001	0.02579887098732235	0.4457994296371838	0.0	(0.4457994296371838+0j)
0.6561000000000001	0.43046721000000016	0.025942606966891088	0.45647357770129215	0.0	(0.45647357770129215+0j)
0.6642250000000001	0.4411948506250001	0.026082448067226656	0.4673406806151171	0.0	(0.4673406806151171+0j)
0.6724000000000001	0.45212176000000015	0.02621848408161157	0.4784032728721477	0.0	(0.4784032728721477+0j)
0.6806250000000001	0.4632503906250002	0.02635080564047546	0.48966390617439703	0.0	(0.48966390617439703+0j)
0.6889000000000001	0.4745832100000001	0.026479503877581207	0.5011251493789308	0.0	(0.5011251493789308+0j)
0.697225	0.48612270062499996	0.026604670118789246	0.5127895885145736	0.0	(0.5127895885145736+0j)
0.7055999999999999	0.4978713599999999	0.026726395593726495	0.5246598268743613	0.0	(0.5246598268743613+0j)
0.7140249999999999	0.5098317006249998	0.02684477117046676	0.5367384851892631	0.0	(0.5367384851892631+0j)
0.7224999999999999	0.5220062499999999	0.02695988711312425	0.5490282018877763	0.0	(0.5490282018877763+0j)
0.7310249999999999	0.5343975506249999	0.02707183286207332	0.5615316334453854	0.0	(0.5615316334453854+0j)
0.7395999999999999	0.5470081599999999	0.027180696836336636	0.5742514548266395	0.0	(0.5742514548266395+0j)
0.748225	0.559840650625	0.027286566257531276	0.5871903600212851	0.0	(0.5871903600212851+0j)
0.7569	0.5728976100000001	0.027389526994629054	0.6003510626742273	0.0	(0.6003510626742273+0j)
0.765625	0.586181640625	0.02748966342867316	0.6137362968074659	0.0	(0.6137362968074659+0j)
0.7744	0.59969536	0.027587058336498108	0.6273488176306643	0.0	(0.6273488176306643+0j)
0.7832250000000001	0.6134414006250001	0.027681792792424133	0.6411914024357246	0.0	(0.6411914024357246+0j)
0.7921	0.6274224100000001	0.027773946086838835	0.6552668515708443	0.0	(0.6552668515708443+0j)
0.801025	0.641641050625	0.02786359566053856	0.669577989490807	0.0	(0.669577989490807+0j)
0.81	0.6561000000000001	0.0279508170536773	0.6841276658845287	0.0	(0.6841276658845287+0j)
0.819025	0.670801950625	0.028035683868161635	0.6989187568888447	0.0	(0.6989187568888447+0j)
0.8281000000000001	0.6857496100000001	0.028118267742334557	0.7139541664116836	0.0	(0.7139541664116836+0j)
0.8372250000000001	0.7009457006250002	0.028198638336807535	0.7292368276100277	0.0	(0.7292368276100277+0j)
0.8464	0.7163929600000001	0.02827686333032754	0.7447697046035106	0.0	(0.7447697046035106+0j)
0.8556250000000001	0.7320941406250001	0.028353008424602467	0.7605557945578946	0.0	(0.7605557945578946+0j)
0.8649000000000001	0.7480520100000002	0.028427137357052816	0.7765981303546396	0.0	(0.7765981303546396+0j)
0.8742250000000001	0.7642693506250002	0.02849931192050809	0.7928997841887377	0.0	(0.7928997841887377+0j)
0.8836000000000002	0.7807489600000003	0.02856959198892251	0.8094638726345468	0.0	(0.8094638726345468+0j)
0.8930250000000001	0.7974936506250001	0.0286380355482434	0.8262935640380968	0.0	(0.8262935640380968+0j)
0.9025000000000001	0.8145062500000001	0.02870469873162774	0.8433920896279234	0.0	(0.8433920896279234+0j)
0.9120250000000001	0.8317896006250002	0.028769635858265124	0.8607627606686934	0.0	(0.8607627606686934+0j)
0.9216	0.84934656	0.028832899475128505	0.8784089956950659	0.0	(0.8784089956950659+0j)
0.931225	0.8671800006249999	0.028894540401036735	0.8963343652003344	0.0	(0.8963343652003344+0j)
0.9409	0.8852928099999999	0.028954607772473922	0.9145426681156618	0.0	(0.9145426681156618+0j)
0.9506249999999999	0.9036878906249999	0.02901314909066971	0.9330380701898474	0.0	(0.9330380701898474+0j)
0.9603999999999999	0.9223681599999999	0.02907021026950095	0.9518253740255184	0.0	(0.9518253740255184+0j)
0.970225	0.941336550625	0.02912583568382874	0.9709106046308577	0.0	(0.9709106046308577+0j)
0.9801	0.96059601	0.02918006821793479	0.9903024906118879	0.0	(0.9903024906118879+0j)
0.990025	0.9801495006250001	0.029232949313767784	1.0100172517581034	0.0	(1.0100172517581034+0j)
1.0	1.0	0.02928451901875312	1.0301033190855364	0.0	(1.0301033190855364+0j)
