-1.0	-1.0	-0.01695488108410624	-1.0169960265281746	0.0	(-1.0169960265281746+0j)
-0.9950062500000001	-0.9900374375390627	-0.016811626859849174	-1.0068826881082853	0.0	(-1.0068826881082853+0j)
-0.990025	-0.9801495006250001	-0.01666899460347604	-0.9968480949552566	0.0	(-0.9968480949552566+0j)
-0.9850562500000001	-0.9703358156640627	-0.01652698746725567	-0.9868896142697906	0.0	(-0.9868896142697906+0j)
-0.9801	-0.96059601	-0.016385608539517482	-0.9770062795129729	0.0	(-0.9770062795129729+0j)
-0.9751562500000001	-0.9509297119140626	-0.016244860844609632	-0.9671974761173785	0.0	(-0.9671974761173785+0j)
-0.970225	-0.941336550625	-0.016104747342867848	-0.9574627107448304	0.0	(-0.9574627107448304+0j)
-0.96530625	-0.9318161562890626	-0.015965270930595493	-0.9478015435289825	0.0	(-0.9478015435289825+0j)
-0.9603999999999999	-0.9223681599999999	-0.01582643444005437	-0.9382135621800834	0.0	(-0.9382135621800834+0j)
-0.9555062500000001	-0.9129921937890627	-0.015688240639466167	-0.9286983703057218	0.0	(-0.9286983703057218+0j)
-0.9506249999999999	-0.9036878906249999	-0.01555069223302459	-0.9192555815001623	0.0	(-0.9192555815001623+0j)
-0.9457562500000001	-0.8944548844140626	-0.015413791860918194	-0.9098848160867116	0.0	(-0.9098848160867116+0j)
-0.9409	-0.8852928099999999	-0.015277542099363287	-0.900585699200112	0.0	(-0.900585699200112+0j)
-0.93605625	-0.8762013031640625	-0.015141945460647802	-0.8913578595967019	0.0	(-0.8913578595967019+0j)
-0.931225	-0.8671800006249999	-0.015007004393184684	-0.8822009288839002	0.0	(-0.8822009288839002+0j)
-0.9264062500000001	-0.8582285400390627	-0.01487272128157599	-0.8731145410029686	0.0	(-0.8731145410029686+0j)
-0.9216	-0.84934656	-0.014739098446686874	-0.8640983318711967	0.0	(-0.8640983318711967+0j)
-0.91680625	-0.8405337000390626	-0.014606138145729378	-0.8551519391278068	0.0	(-0.8551519391278068+0j)
-0.9120250000000001	-0.8317896006250002	-0.014473842572356274	-0.8462750019494644	0.0	(-0.8462750019494644+0j)
-0.90725625	-0.8231139031640625	-0.014342213856764388	-0.8374671609136467	0.0	(-0.8374671609136467+0j)
-0.9025000000000001	-0.8145062500000001	-0.014211254065807796	-0.8287280578956613	0.0	(-0.8287280578956613+0j)
-0.89775625	-0.8059662844140626	-0.014080965203120452	-0.8200573359898711	0.0	(-0.8200573359898711+0j)
-0.8930250000000001	-0.7974936506250001	-0.01395134920924794	-0.8114546394485235	0.0	(-0.8114546394485235+0j)
-0.88830625	-0.7890879937890625	-0.013822407961788949	-0.8029196136337932	0.0	(-0.8029196136337932+0j)
-0.8836000000000002	-0.7807489600000003	-0.013694143275545675	-0.7944519049795803	0.0	(-0.7944519049795803+0j)
-0.87890625	-0.7724761962890625	-0.013566556902683075	-0.7860511609609616	0.0	(-0.7860511609609616+0j)
-0.8742250000000001	-0.7642693506250002	-0.013439650532897612	-0.7777170300693859	0.0	(-0.7777170300693859+0j)
-0.86955625	-0.7561280719140625	-0.013313425793594208	-0.7694491617924819	0.0	(-0.7694491617924819+0j)
-0.8649000000000001	-0.7480520100000002	-0.013187884250072168	-0.7612472065974024	0.0	(-0.7612472065974024+0j)
-0.86025625	-0.7400408156640624	-0.013063027405719685	-0.7531108159170474	0.0	(-0.7531108159170474+0j)
-0.8556250000000001	-0.7320941406250001	-0.012938856702216978	-0.7450396421386218	0.0	(-0.7450396421386218+0j)
-0.85100625	-0.7242116375390625	-0.012815373519747236	-0.7370333385939914	0.0	(-0.7370333385939914+0j)
-0.8464	-0.7163929600000001	-0.012692579177216251	-0.7290915595515801	0.0	(-0.7290915595515801+0j)
-0.84180625	-0.7086377625390624	-0.012570474932479953	-0.7212139602095363	0.0	(-0.7212139602095363+0j)
-0.8372250000000001	-0.7009457006250002	-0.012449061982579807	-0.7134001966898971	0.0	(-0.7134001966898971+0j)
-0.83265625	-0.6933164306640625	-0.01232834146398637	-0.7056499260336327	0.0	(-0.7056499260336327+0j)
-0.8281000000000001	-0.6857496100000001	-0.012208314452850116	-0.6979628061964209	0.0	(-0.6979628061964209+0j)
-0.82355625	-0.6782448969140625	-0.012088981965260204	-0.6903384960449613	0.0	(-0.6903384960449613+0j)
-0.819025	-0.670801950625	-0.011970344957510481	-0.6827766553539003	0.0	(-0.6827766553539003+0j)
-0.81450625	-0.6634204312890625	-0.011852404326372828	-0.6752769448031057	0.0	(-0.6752769448031057+0j)
-0.81	-0.6561000000000001	-0.011735160909378095	-0.6678390259753703	0.0	(-0.6678390259753703+0j)
-0.80550625	-0.6488403187890625	-0.011618615485103345	-0.6604625613543912	0.0	(-0.6604625613543912+0j)
-0.801025	-0.641641050625	-0.01150276877346662	-0.6531472143230513	0.0	(-0.6531472143230513+0j)
-0.7965562500000001	-0.6345018594140627	-0.011387621436028589	-0.6458926491619575	0.0	(-0.6458926491619575+0j)
-0.7921	-0.6274224100000001	-0.011273174076300352	-0.6386985310481184	0.0	(-0.6386985310481184+0j)
-0.7876562500000002	-0.6204023681640628	-0.011159427240058306	-0.6315645260538849	0.0	(-0.6315645260538849+0j)
-0.7832250000000001	-0.6134414006250001	-0.01104638141566519	-0.6244903011459925	0.0	(-0.6244903011459925+0j)
-0.7788062500000001	-0.6065391750390627	-0.01093403703439752	-0.6174755241847545	0.0	(-0.6174755241847545+0j)
-0.7744	-0.59969536	-0.010822394470779012	-0.6105198639233916	0.0	(-0.6105198639233916+0j)
-0.7700062500000001	-0.5929096250390626	-0.010711454042920399	-0.60362299000747	0.0	(-0.60362299000747+0j)
-0.765625	-0.586181640625	-0.01060121601286479	-0.5967845729744151	0.0	(-0.5967845729744151+0j)
-0.7612562500000001	-0.5795110781640627	-0.010491680586938945	-0.5900042842531207	0.0	(-0.5900042842531207+0j)
-0.7569	-0.5728976100000001	-0.0103828479161103	-0.5832817961636553	0.0	(-0.5832817961636553+0j)
-0.75255625	-0.5663409094140626	-0.010274718096349417	-0.5766167819169861	0.0	(-0.5766167819169861+0j)
-0.748225	-0.559840650625	-0.010167291168997755	-0.5700089156148321	0.0	(-0.5700089156148321+0j)
-0.7439062500000001	-0.5533965087890627	-0.01006056712114095	-0.5634578722495157	0.0	(-0.5634578722495157+0j)
-0.7395999999999999	-0.5470081599999999	-0.00995454588598671	-0.5569633277038775	0.0	(-0.5569633277038775+0j)
-0.73530625	-0.5406752812890626	-0.009849227343248557	-0.5505249587512844	0.0	(-0.5505249587512844+0j)
-0.7310249999999999	-0.5343975506249999	-0.009744611319533553	-0.5441424430555931	0.0	(-0.5441424430555931+0j)
-0.7267562500000001	-0.5281746469140627	-0.00964069758873537	-0.5378154591711976	0.0	(-0.5378154591711976+0j)
-0.7224999999999999	-0.5220062499999999	-0.00953748587243175	-0.5315436865431522	0.0	(-0.5315436865431522+0j)
-0.71825625	-0.5158920406640626	-0.00943497584028652	-0.5253268055072216	0.0	(-0.5253268055072216+0j)
-0.7140249999999999	-0.5098317006249998	-0.009333167110455926	-0.5191644972900715	0.0	(-0.5191644972900715+0j)
-0.7098062500000001	-0.5038249125390626	-0.009232059249999258	-0.5130564440094003	0.0	(-0.5130564440094003+0j)
-0.7055999999999999	-0.4978713599999999	-0.009131651775293625	-0.5070023286741246	0.0	(-0.5070023286741246+0j)
-0.70140625	-0.4919707275390625	-0.009031944152452676	-0.5010018351846073	0.0	(-0.5010018351846073+0j)
-0.697225	-0.48612270062499996	-0.00893293579774912	-0.49505464833287843	0.0	(-0.49505464833287843+0j)
-0.69305625	-0.4803269656640626	-0.008834626078041086	-0.4891604538028807	0.0	(-0.4891604538028807+0j)
-0.6889000000000001	-0.4745832100000001	-0.008737014311202218	-0.48331893817071936	0.0	(-0.48331893817071936+0j)
-0.6847562500000001	-0.46889112191406257	-0.008640099766554943	-0.47752978890496833	0.0	(-0.47752978890496833+0j)
-0.6806250000000001	-0.4632503906250002	-0.008543881665307618	-0.4717926943669438	0.0	(-0.4717926943669438+0j)
-0.67650625	-0.45766070628906247	-0.00844835918099407	-0.4661073438110257	0.0	(-0.4661073438110257+0j)
-0.6724000000000001	-0.45212176000000015	-0.008353531439917683	-0.46047342738495867	0.0	(-0.46047342738495867+0j)
-0.66830625	-0.4466332437890625	-0.008259397521596767	-0.4548906361302023	0.0	(-0.4548906361302023+0j)
-0.6642250000000001	-0.4411948506250001	-0.008165956459214474	-0.44935866198226604	0.0	(-0.44935866198226604+0j)
-0.66015625	-0.4358062744140625	-0.008073207240070213	-0.4438771977710574	0.0	(-0.4438771977710574+0j)
-0.6561000000000001	-0.43046721000000016	-0.00798114880603451	-0.4384459372212469	0.0	(-0.4384459372212469+0j)
-0.65205625	-0.4251773531640625	-0.007889780054006312	-0.43306457495263506	0.0	(-0.43306457495263506+0j)
-0.6480250000000001	-0.4199364006250001	-0.00779909983637217	-0.42773280648053486	0.0	(-0.42773280648053486+0j)
-0.64400625	-0.4147440500390625	-0.007709106961468648	-0.42245032821614803	0.0	(-0.42245032821614803+0j)
-0.6400000000000001	-0.4096000000000002	-0.007619800194046122	-0.4172168374669656	0.0	(-0.4172168374669656+0j)
-0.63600625	-0.4045039500390625	-0.007531178255735016	-0.41203203243716213	0.0	(-0.41203203243716213+0j)
-0.6320250000000001	-0.3994556006250001	-0.007443239825514425	-0.40689561222800097	0.0	(-0.40689561222800097+0j)
-0.62805625	-0.3944546531640625	-0.0073559835401814655	-0.40180727683823736	0.0	(-0.40180727683823736+0j)
-0.6241000000000001	-0.38950081000000014	-0.0072694079948240065	-0.39676672716454253	0.0	(-0.39676672716454253+0j)
-0.62015625	-0.38459377441406245	-0.007183511743293514	-0.3917736650019214	0.0	(-0.3917736650019214+0j)
-0.616225	-0.379733250625	-0.007098293298680336	-0.3868277930441317	0.0	(-0.3868277930441317+0j)
-0.6123062499999999	-0.37491894378906243	-0.00701375113379038	-0.38192881488411135	0.0	(-0.38192881488411135+0j)
-0.6084	-0.3701505600000001	-0.006929883681622728	-0.3770764350144215	0.0	(-0.3770764350144215+0j)
-0.6045062499999999	-0.3654278062890624	-0.00684668933584881	-0.3722703588276535	0.0	(-0.3722703588276535+0j)
-0.6006250000000001	-0.3607503906250001	-0.006764166451292686	-0.3675102926169065	0.0	(-0.3675102926169065+0j)
-0.59675625	-0.3561180219140625	-0.006682313344412161	-0.3627959435762003	0.0	(-0.3627959435762003+0j)
-0.5929	-0.35153040999999996	-0.006601128293781122	-0.3581270198009236	0.0	(-0.3581270198009236+0j)
-0.5890562500000001	-0.34698726566406257	-0.006520609540572486	-0.3535032302882827	0.0	(-0.3535032302882827+0j)
-0.585225	-0.342488300625	-0.006440755289041811	-0.3489242849377488	0.0	(-0.3489242849377488+0j)
-0.5814062500000001	-0.3380332275390626	-0.00636156370701213	-0.3443898945515117	0.0	(-0.3443898945515117+0j)
-0.5776	-0.33362176	-0.006283032926358234	-0.3398997708349297	0.0	(-0.3398997708349297+0j)
-0.5738062500000001	-0.3292536125390626	-0.006205161043492613	-0.33545362639696863	0.0	(-0.33545362639696863+0j)
-0.570025	-0.324928500625	-0.006127946119850847	-0.33105117475068163	0.0	(-0.33105117475068163+0j)
-0.5662562500000001	-0.32064614066406266	-0.006051386182377605	-0.3266921303136461	0.0	(-0.3266921303136461+0j)
-0.5625	-0.31640625	-0.005975479224013203	-0.3223762084084236	0.0	(-0.3223762084084236+0j)
-0.5587562500000001	-0.3122085469140626	-0.005900223204179267	-0.31810312526302215	0.0	(-0.31810312526302215+0j)
-0.555025	-0.308052750625	-0.0058256160492653475	-0.3138725980113457	0.0	(-0.3138725980113457+0j)
-0.5513062500000001	-0.3039385812890626	-0.005751655653114918	-0.30968434469366524	0.0	(-0.30968434469366524+0j)
-0.5476	-0.29986576	-0.005678339877511263	-0.3055380842570591	0.0	(-0.3055380842570591+0j)
-0.54390625	-0.2958340087890625	-0.005605666552663369	-0.30143353655589106	0.0	(-0.30143353655589106+0j)
-0.540225	-0.29184305062499993	-0.005533633477691202	-0.29737042235225203	0.0	(-0.29737042235225203+0j)
-0.5365562500000001	-0.2878926094140626	-0.005462238421110377	-0.2933484633164287	0.0	(-0.2933484633164287+0j)
-0.5328999999999999	-0.2839824099999999	-0.005391479121316878	-0.2893673820273652	0.0	(-0.2893673820273652+0j)
-0.5292562500000001	-0.2801121781640626	-0.005321353287070563	-0.2854269019731069	0.0	(-0.2854269019731069+0j)
-0.525625	-0.276281640625	-0.005251858597978665	-0.2815267475512689	0.0	(-0.2815267475512689+0j)
-0.52200625	-0.2724905250390625	-0.005182992704977574	-0.27766664406949365	0.0	(-0.27766664406949365+0j)
-0.5184	-0.26873855999999996	-0.005114753230815228	-0.2738463177458992	0.0	(-0.2738463177458992+0j)
-0.51480625	-0.26502547503906254	-0.005047137770530896	-0.27006549570954	0.0	(-0.27006549570954+0j)
-0.5112249999999999	-0.26135100062499994	-0.004980143891935462	-0.26632390600085654	0.0	(-0.26632390600085654+0j)
-0.50765625	-0.2577148681640625	-0.004913769136089985	-0.2626212775721409	0.0	(-0.2626212775721409+0j)
-0.5041	-0.25411680999999997	-0.004848011017782761	-0.25895734028797324	0.0	(-0.25895734028797324+0j)
-0.50055625	-0.2505565594140625	-0.004782867026006499	-0.25533182492568	0.0	(-0.25533182492568+0j)
-0.49702499999999994	-0.24703385062499994	-0.004718334624432385	-0.25174446317578847	0.0	(-0.25174446317578847+0j)
-0.49350625000000004	-0.24354841878906253	-0.004654411251884927	-0.24819498764246453	0.0	(-0.24819498764246453+0j)
-0.4900000000000001	-0.2401000000000001	-0.004591094322813349	-0.24468313184396814	0.0	(-0.24468313184396814+0j)
-0.48650625000000003	-0.23668833128906253	-0.004528381227763334	-0.2412086302130929	0.0	(-0.2412086302130929+0j)
-0.4830250000000001	-0.23331315062500008	-0.004466269333845974	-0.23777121809761564	0.0	(-0.23777121809761564+0j)
-0.47955625	-0.2299741969140625	-0.004404755985205844	-0.23437063176073397	0.0	(-0.23437063176073397+0j)
-0.4761000000000001	-0.22667121000000007	-0.004343838503486852	-0.23100660838151216	0.0	(-0.23100660838151216+0j)
-0.47265625	-0.2234039306640625	-0.0042835141882973105	-0.22767888605530823	0.0	(-0.22767888605530823+0j)
-0.46922500000000006	-0.22017210062500006	-0.004223780317672454	-0.22438720379422133	0.0	(-0.22438720379422133+0j)
-0.46580625	-0.21697546253906247	-0.0041646341485352956	-0.22113130152752467	0.0	(-0.22113130152752467+0j)
-0.4624000000000001	-0.21381376000000007	-0.00410607291715559	-0.21791092010209573	0.0	(-0.21791092010209573+0j)
-0.45900625	-0.2106867375390625	-0.0040480938396076915	-0.2147258012828489	0.0	(-0.2147258012828489+0j)
-0.45562500000000006	-0.20759414062500006	-0.003990694112224857	-0.21157568775316274	0.0	(-0.21157568775316274+0j)
-0.45225624999999997	-0.20453571566406248	-0.003933870912053328	-0.20846032311530371	0.0	(-0.20846032311530371+0j)
-0.4489000000000001	-0.20151121000000008	-0.003877621397302744	-0.2053794518908616	0.0	(-0.2053794518908616+0j)
-0.44555625	-0.1985203719140625	-0.003821942707795234	-0.20233281952115667	0.0	(-0.20233281952115667+0j)
-0.44222500000000003	-0.19556295062500004	-0.0037668319654128313	-0.19932017236766852	0.0	(-0.19932017236766852+0j)
-0.43890625	-0.1926386962890625	-0.003712286274541232	-0.19634125771245628	0.0	(-0.19634125771245628+0j)
-0.43560000000000004	-0.18974736000000003	-0.003658302722512885	-0.19339582375856718	0.0	(-0.19339582375856718+0j)
-0.43230624999999995	-0.18688869378906245	-0.003604878380046417	-0.1904836196304501	0.0	(-0.1904836196304501+0j)
-0.42902500000000005	-0.18406245062500004	-0.003552010301684838	-0.1876043953743688	0.0	(-0.1876043953743688+0j)
-0.42575624999999995	-0.18126838441406246	-0.0034996955262303064	-0.1847579019588093	0.0	(-0.1847579019588093+0j)
-0.42250000000000004	-0.17850625000000003	-0.0034479310771775573	-0.18194389127488847	0.0	(-0.18194389127488847+0j)
-0.41925624999999994	-0.17577580316406244	-0.0033967139631437826	-0.17916211613674649	0.0	(-0.17916211613674649+0j)
-0.41602500000000003	-0.17307680062500003	-0.0033460411782968436	-0.1764123302819629	0.0	(-0.1764123302819629+0j)
-0.41280624999999993	-0.17040900003906245	-0.003295909702780264	-0.17369428837194173	0.0	(-0.17369428837194173+0j)
-0.4096	-0.16777216	-0.0032463165031365593	-0.17100774599231527	0.0	(-0.17100774599231527+0j)
-0.4064062500000001	-0.16516604003906257	-0.0031972585327264547	-0.1683524596533305	0.0	(-0.1683524596533305+0j)
-0.403225	-0.162590400625	-0.003148732732147441	-0.16572818679024703	0.0	(-0.16572818679024703+0j)
-0.40005625000000006	-0.16004500316406253	-0.003100736029647444	-0.16313468576371856	0.0	(-0.16313468576371856+0j)
-0.39690000000000003	-0.15752961000000001	-0.003053265341537603	-0.16057171586017982	0.0	(-0.16057171586017982+0j)
-0.3937562500000001	-0.15504398441406256	-0.0030063175726015023	-0.15803903729223495	0.0	(-0.15803903729223495+0j)
-0.390625	-0.152587890625	-0.002959889616501732	-0.15553641119902256	0.0	(-0.15553641119902256+0j)
-0.38750625000000005	-0.15016109378906253	-0.0029139783561827892	-0.15306359964660654	0.0	(-0.15306359964660654+0j)
-0.3844	-0.14776336	-0.0028685806642734235	-0.15062036562835565	0.0	(-0.15062036562835565+0j)
-0.38130625000000007	-0.14539445628906256	-0.0028236934034833183	-0.14820647306529305	0.0	(-0.14820647306529305+0j)
-0.378225	-0.143054150625	-0.002779313426999108	-0.145821686806486	0.0	(-0.145821686806486+0j)
-0.3751562500000001	-0.14074221191406255	-0.0027354375788763985	-0.14346577262940505	0.0	(-0.14346577262940505+0j)
-0.3721	-0.13845840999999998	-0.002692062694428232	-0.14113849724028749	0.0	(-0.14113849724028749+0j)
-0.36905625000000003	-0.13620251566406252	-0.002649185600613224	-0.1388396282745006	0.0	(-0.1388396282745006+0j)
-0.366025	-0.133974300625	-0.0026068031164170336	-0.13656893429689684	0.0	(-0.13656893429689684+0j)
-0.36300625000000003	-0.1317735375390625	-0.0025649120532336145	-0.1343261848021752	0.0	(-0.1343261848021752+0j)
-0.36	-0.1296	-0.002523509215243136	-0.13211115021522596	0.0	(-0.13211115021522596+0j)
-0.35700625	-0.1274534625390625	-0.0024825913997845728	-0.1299236018914915	0.0	(-0.1299236018914915+0j)
-0.354025	-0.125333700625	-0.0024421553977289623	-0.12776331211730302	0.0	(-0.12776331211730302+0j)
-0.35105625	-0.12324049066406251	-0.0024021979938464444	-0.12563005411023512	0.0	(-0.12563005411023512+0j)
-0.34809999999999997	-0.12117360999999997	-0.0023627159671710807	-0.12352360201944174	0.0	(-0.12352360201944174+0j)
-0.34515625000000005	-0.11913283691406254	-0.0023237060913638974	-0.12144373092599696	0.0	(-0.12144373092599696+0j)
-0.34222499999999995	-0.11711795062499997	-0.0022851651350712654	-0.1193902168432352	0.0	(-0.1193902168432352+0j)
-0.33930625000000003	-0.11512873128906252	-0.0022470898622803936	-0.11736283671707966	0.0	(-0.11736283671707966+0j)
-0.3364	-0.11316495999999998	-0.00220947703267238	-0.11536136842638019	0.0	(-0.11536136842638019+0j)
-0.33350625	-0.1112264187890625	-0.0021723234019714877	-0.11338559078323414	0.0	(-0.11338559078323414+0j)
-0.33062500000000006	-0.10931289062500003	-0.00213562572229109	-0.11143528353332147	0.0	(-0.11143528353332147+0j)
-0.32775625	-0.10742415941406251	-0.002099380742478063	-0.10951022735622046	0.0	(-0.10951022735622046+0j)
-0.3249000000000001	-0.10556001000000005	-0.0020635852084516237	-0.10761020386573052	0.0	(-0.10761020386573052+0j)
-0.32205625	-0.1037202281640625	-0.002028235863539729	-0.10573499561019208	0.0	(-0.10573499561019208+0j)
-0.3192250000000001	-0.10190460062500006	-0.001993329448815029	-0.10388438607280344	0.0	(-0.10388438607280344+0j)
-0.31640625	-0.1001129150390625	-0.0019588627034217154	-0.10205815967192525	0.0	(-0.10205815967192525+0j)
-0.31360000000000005	-0.09834496000000002	-0.0019248323649065924	-0.10025610176139796	0.0	(-0.10025610176139796+0j)
-0.31080625	-0.09660052503906251	-0.0018912351695401508	-0.09847799863084766	0.0	(-0.09847799863084766+0j)
-0.30802500000000005	-0.09487940062500003	-0.001858067852637646	-0.0967236375059856	0.0	(-0.0967236375059856+0j)
-0.30525625	-0.09318137816406251	-0.0018253271488795075	-0.0949928065489185	0.0	(-0.0949928065489185+0j)
-0.30250000000000005	-0.09150625000000003	-0.0017930097926219801	-0.09328529485844156	0.0	(-0.09328529485844156+0j)
-0.29975625	-0.0898538094140625	-0.0017611125182104281	-0.09160089247033477	0.0	(-0.09160089247033477+0j)
-0.29702500000000004	-0.08822385062500002	-0.0017296320602866455	-0.08993939035765985	0.0	(-0.08993939035765985+0j)
-0.29430625	-0.08661616878906249	-0.0016985651540943891	-0.0883005804310511	0.0	(-0.0883005804310511+0j)
-0.2916	-0.08503056000000002	-0.001667908535779139	-0.08668425553900085	0.0	(-0.08668425553900085+0j)
-0.28890625	-0.08346682128906249	-0.0016376589426887467	-0.08509020946815003	0.0	(-0.08509020946815003+0j)
-0.286225	-0.081924750625	-0.001607813113666312	-0.08351823694356572	0.0	(-0.08351823694356572+0j)
-0.28355624999999995	-0.08040414691406247	-0.0015783677893437265	-0.08196813362902891	0.0	(-0.08196813362902891+0j)
-0.28090000000000004	-0.07890481000000002	-0.0015493197124289981	-0.08043969612730474	0.0	(-0.08043969612730474+0j)
-0.27825625	-0.07742654066406249	-0.001520665627992912	-0.0789327219804256	0.0	(-0.0789327219804256+0j)
-0.275625	-0.075969140625	-0.0014924022837501383	-0.07744700966995625	0.0	(-0.07744700966995625+0j)
-0.27300624999999995	-0.07453241253906247	-0.0014645264303396743	-0.07598235861727048	0.0	(-0.07598235861727048+0j)
-0.27040000000000003	-0.07311616000000001	-0.0014370348216004025	-0.07453856918381553	0.0	(-0.07453856918381553+0j)
-0.26780624999999997	-0.07172018753906248	-0.0014099242148413182	-0.07311544267137607	0.0	(-0.07311544267137607+0j)
-0.265225	-0.070344300625	-0.001383191371115533	-0.07171278132233912	0.0	(-0.07171278132233912+0j)
-0.26265625	-0.06898830566406249	-0.0013568330554836194	-0.07033038831995357	0.0	(-0.07033038831995357+0j)
-0.2601	-0.06765201	-0.0013308460372774	-0.06896806778858527	0.0	(-0.06896806778858527+0j)
-0.25755625000000004	-0.06633522191406252	-0.0013052270903601837	-0.06762562479397208	0.0	(-0.06762562479397208+0j)
-0.255025	-0.065037750625	-0.0012799729933834492	-0.06630286534347755	0.0	(-0.06630286534347755+0j)
-0.25250625000000004	-0.06375940628906253	-0.0012550805300413082	-0.06499959638633823	0.0	(-0.06499959638633823+0j)
-0.25	-0.0625	-0.0012305464893214157	-0.06371562581391371	0.0	(-0.06371562581391371+0j)
-0.24750625	-0.061259343789062504	-0.0012063676657509959	-0.062450762459926416	0.0	(-0.062450762459926416+0j)
-0.245025	-0.060037250625	-0.0011825408596424225	-0.061204816100705904	0.0	(-0.061204816100705904+0j)
-0.24255625	-0.0588335344140625	-0.0011590628773352485	-0.059977597455428994	0.0	(-0.059977597455428994+0j)
-0.24009999999999998	-0.05764800999999999	-0.0011359305314342372	-0.058768918186354414	0.0	(-0.058768918186354414+0j)
-0.23765624999999999	-0.05648049316406249	-0.0011131406410425093	-0.05757859089905631	0.0	(-0.05757859089905631+0j)
-0.235225	-0.055330800624999996	-0.0010906900319973545	-0.05640642914265916	0.0	(-0.05640642914265916+0j)
-0.23280625	-0.05419875003906249	-0.0010685755370967165	-0.05525224741006186	0.0	(-0.05525224741006186+0j)
-0.2304	-0.05308416	-0.0010467939963265671	-0.05411586113816843	0.0	(-0.05411586113816843+0j)
-0.22800625000000002	-0.05198685003906251	-0.001025342257084283	-0.052997086708109695	0.0	(-0.052997086708109695+0j)
-0.22562500000000002	-0.050906640625000006	-0.0010042171743975814	-0.05189574144546438	0.0	(-0.05189574144546438+0j)
-0.22325625000000002	-0.04984335316406251	-0.0009834156111430126	-0.05081164362047921	0.0	(-0.05081164362047921+0j)
-0.22090000000000004	-0.04879681000000002	-0.0009629344382604543	-0.04974461244828487	0.0	(-0.04974461244828487+0j)
-0.21855625000000004	-0.047766834414062515	-0.0009427705349622784	-0.04869446808910779	0.0	(-0.04869446808910779+0j)
-0.21622500000000003	-0.04675325062500001	-0.0009229207889451807	-0.047661031648485355	0.0	(-0.047661031648485355+0j)
-0.21390625000000002	-0.04575588378906251	-0.0009033820965922423	-0.046644125177470616	0.0	(-0.046644125177470616+0j)
-0.2116	-0.044774560000000005	-0.0008841513631772102	-0.04564357167284095	0.0	(-0.04564357167284095+0j)
-0.20930625000000003	-0.04380910628906251	-0.0008652255030647815	-0.0446591950773017	0.0	(-0.0446591950773017+0j)
-0.20702500000000001	-0.04285935062500001	-0.000846601439906447	-0.043690820279686064	0.0	(-0.043690820279686064+0j)
-0.20475625	-0.0419251219140625	-0.000828276106835002	-0.04273827311515581	0.0	(-0.04273827311515581+0j)
-0.2025	-0.04100625000000001	-0.0008102464466550607	-0.04180138036539531	0.0	(-0.04180138036539531+0j)
-0.20025625	-0.0401025656640625	-0.0007925094120322385	-0.040879969758808185	0.0	(-0.040879969758808185+0j)
-0.198025	-0.039213900625000006	-0.0007750619656783364	-0.039973869970705435	0.0	(-0.039973869970705435+0j)
-0.19580625000000002	-0.038340087539062505	-0.0007579010805347508	-0.03908291062349756	0.0	(-0.03908291062349756+0j)
-0.1936	-0.03748096	-0.0007410237399518849	-0.03820692228687957	0.0	(-0.03820692228687957+0j)
-0.19140625	-0.0366363525390625	-0.0007244269378672286	-0.03734573647801498	0.0	(-0.03734573647801498+0j)
-0.189225	-0.035806100625000004	-0.0007081076789789975	-0.03649918566171654	0.0	(-0.03649918566171654+0j)
-0.18705625	-0.0349900406640625	-0.0006920629789197719	-0.03566710325062845	0.0	(-0.03566710325062845+0j)
-0.18489999999999998	-0.03418800999999999	-0.0006762898644234738	-0.03484932360539877	0.0	(-0.03484932360539877+0j)
-0.18275624999999998	-0.033399846914062496	-0.0006607853734941216	-0.03404568203485796	0.0	(-0.03404568203485796+0j)
-0.18062499999999998	-0.03262539062499999	-0.0006455465555692541	-0.03325601479618851	0.0	(-0.03325601479618851+0j)
-0.17850624999999998	-0.03186448128906249	-0.0006305704716824678	-0.03248015909509586	0.0	(-0.03248015909509586+0j)
-0.17639999999999997	-0.031116959999999992	-0.0006158541946170715	-0.031717953085971785	0.0	(-0.031717953085971785+0j)
-0.17430625	-0.030382668789062497	-0.0006013948090712873	-0.030969235872066046	0.0	(-0.030969235872066046+0j)
-0.17222500000000002	-0.029661450625000006	-0.0005871894118030241	-0.03023384750564118	0.0	(-0.03023384750564118+0j)
-0.17015625000000004	-0.02895314941406251	-0.0005732351117897494	-0.029511628988140665	0.0	(-0.029511628988140665+0j)
-0.16810000000000003	-0.02825761000000001	-0.0005595290303679334	-0.02880242227033799	0.0	(-0.02880242227033799+0j)
-0.16605625000000002	-0.027574678164062505	-0.000546068301386704	-0.028106070252498373	0.0	(-0.028106070252498373+0j)
-0.16402500000000003	-0.02690420062500001	-0.0005328500713481787	-0.02742241678452889	0.0	(-0.02742241678452889+0j)
-0.16200625000000002	-0.026246025039062506	-0.0005198714995513498	-0.026751306666132003	0.0	(-0.026751306666132003+0j)
-0.16000000000000003	-0.02560000000000001	-0.0005071297582261991	-0.026092585646948302	0.0	(-0.026092585646948302+0j)
-0.15800625000000001	-0.024965975039062505	-0.0004946220326784712	-0.025446100426712064	0.0	(-0.025446100426712064+0j)
-0.15602500000000002	-0.02434380062500001	-0.00048234552141224185	-0.024811698655381277	0.0	(-0.024811698655381277+0j)
-0.15405625	-0.0237333281640625	-0.00047029743627469145	-0.02418922893329508	0.0	(-0.02418922893329508+0j)
-0.1521	-0.023134410000000005	-0.0004584750025760087	-0.023578540811300727	0.0	(-0.023578540811300727+0j)
-0.15015625000000002	-0.022546899414062505	-0.0004468754592226176	-0.022979484790897	0.0	(-0.022979484790897+0j)
-0.148225	-0.021970650624999997	-0.0004354960588353052	-0.02239191232436415	0.0	(-0.02239191232436415+0j)
-0.14630625	-0.0214055187890625	-0.0004243340678815599	-0.0218156758149036	0.0	(-0.0218156758149036+0j)
-0.1444	-0.02085136	-0.00041338676678748243	-0.021250628616761066	0.0	(-0.021250628616761066+0j)
-0.14250625	-0.0203080312890625	-0.00040265145006124214	-0.020696625035358865	0.0	(-0.020696625035358865+0j)
-0.140625	-0.019775390625	-0.000392125426405876	-0.02015352032741958	0.0	(-0.02015352032741958+0j)
-0.13875625	-0.0192532969140625	-0.000381806018836528	-0.019621170701092545	0.0	(-0.019621170701092545+0j)
-0.1369	-0.01874161	-0.0003716905647888069	-0.019099433316071397	0.0	(-0.019099433316071397+0j)
-0.13505625	-0.018240190664062496	-0.00036177641623247325	-0.01858816628371836	0.0	(-0.01858816628371836+0j)
-0.13322499999999998	-0.017748900624999994	-0.00035206093977357966	-0.01808722866717606	0.0	(-0.01808722866717606+0j)
-0.13140625	-0.0172676025390625	-0.000342541516769046	-0.017596480481490456	0.0	(-0.017596480481490456+0j)
-0.1296	-0.016796159999999997	-0.0003332155434190298	-0.017115782693714488	0.0	(-0.017115782693714488+0j)
-0.12780624999999998	-0.016334437539062496	-0.00032408043087528426	-0.016644997223024247	0.0	(-0.016644997223024247+0j)
-0.126025	-0.015882300624999998	-0.0003151336053424103	-0.016183986940830588	0.0	(-0.016183986940830588+0j)
-0.12425624999999998	-0.015439615664062496	-0.0003063725081666746	-0.015732615670876998	0.0	(-0.015732615670876998+0j)
-0.12250000000000003	-0.015006250000000006	-0.0002977945959443673	-0.0152907481893567	0.0	(-0.0152907481893567+0j)
-0.12075625000000002	-0.014582071914062505	-0.0002893973406035144	-0.014858250225003602	0.0	(-0.014858250225003602+0j)
-0.11902500000000002	-0.014166950625000004	-0.0002811782295033538	-0.014434988459201194	0.0	(-0.014434988459201194+0j)
-0.11730625000000001	-0.013760756289062504	-0.00027313476551604765	-0.01402083052607199	0.0	(-0.01402083052607199+0j)
-0.11560000000000002	-0.013363360000000005	-0.00026526446712615837	-0.013615645012586821	0.0	(-0.013615645012586821+0j)
-0.11390625000000001	-0.012974633789062504	-0.00025756486851236104	-0.01321930145865319	0.0	(-0.01321930145865319+0j)
-0.11222500000000002	-0.012594450625000005	-0.00025003351962205045	-0.012831670357200592	0.0	(-0.012831670357200592+0j)
-0.11055625000000001	-0.012222684414062502	-0.00024266798626904063	-0.01245262315428443	0.0	(-0.01245262315428443+0j)
-0.10890000000000001	-0.011859210000000002	-0.00023546585020639554	-0.012082032249167306	0.0	(-0.012082032249167306+0j)
-0.10725625000000001	-0.011503903164062503	-0.00022842470920636515	-0.011719770994407113	0.0	(-0.011719770994407113+0j)
-0.10562500000000001	-0.011156640625000002	-0.00022154217713676871	-0.01136571369594068	0.0	(-0.01136571369594068+0j)
-0.10400625000000001	-0.010817300039062502	-0.00021481588404093088	-0.011019735613170937	0.0	(-0.011019735613170937+0j)
-0.1024	-0.01048576	-0.00020824347620873596	-0.010681712959045348	0.0	(-0.010681712959045348+0j)
-0.10080625	-0.0101619000390625	-0.0002018226162459058	-0.01035152290013194	0.0	(-0.01035152290013194+0j)
-0.09922500000000001	-0.009845600625000001	-0.00019555098315748864	-0.010029043556709227	0.0	(-0.010029043556709227+0j)
-0.09765625	-0.0095367431640625	-0.00018942627239226795	-0.009714154002818018	0.0	(-0.009714154002818018+0j)
-0.0961	-0.00923521	-0.00018344619594046208	-0.009406734266363964	0.0	(-0.009406734266363964+0j)
-0.09455625	-0.0089408844140625	-0.0001776084823781332	-0.00910666532916899	0.0	(-0.00910666532916899+0j)
-0.093025	-0.008653650624999999	-0.00017191087694357066	-0.008813829127052562	0.0	(-0.008813829127052562+0j)
-0.09150625	-0.0083733937890625	-0.00016635114159058162	-0.00852810854989071	0.0	(-0.00852810854989071+0j)
-0.09	-0.0081	-0.0001609270550559927	-0.008249387441688653	0.0	(-0.008249387441688653+0j)
-0.08850625	-0.0078333562890625	-0.00015563641292004604	-0.00797755060064579	0.0	(-0.00797755060064579+0j)
-0.08702499999999999	-0.007573350624999998	-0.0001504770276667955	-0.007712483779220186	0.0	(-0.007712483779220186+0j)
-0.08555624999999999	-0.007319871914062498	-0.00014544672873029185	-0.007454073684179934	0.0	(-0.007454073684179934+0j)
-0.0841	-0.007072809999999999	-0.00014054336256918987	-0.007202207976680059	0.0	(-0.007202207976680059+0j)
-0.08265625000000001	-0.006832055664062502	-0.00013576479270227537	-0.006956775272302658	0.0	(-0.006956775272302658+0j)
-0.08122500000000002	-0.006597500625000003	-0.00013110889976886142	-0.0067176651411198765	0.0	(-0.0067176651411198765+0j)
-0.07980625000000002	-0.006369037539062504	-0.00012657358158918441	-0.006484768107756441	0.0	(-0.006484768107756441+0j)
-0.07840000000000001	-0.006146560000000001	-0.00012215675319993125	-0.006257975651428449	0.0	(-0.006257975651428449+0j)
-0.07700625000000001	-0.005929962539062502	-0.00011785634691108271	-0.0060371802060012894	0.0	(-0.0060371802060012894+0j)
-0.07562500000000001	-0.005719140625000002	-0.00011367031235920422	-0.0058222751600441325	0.0	(-0.0058222751600441325+0j)
-0.07425625000000001	-0.005513990664062501	-0.00010959661653942021	-0.005613154856863682	0.0	(-0.005613154856863682+0j)
-0.0729	-0.005314410000000001	-0.0001056332438658103	-0.005409714594564154	0.0	(-0.005409714594564154+0j)
-0.07155625	-0.0051202969140625	-0.0001017781962069364	-0.005211850626083118	0.0	(-0.005211850626083118+0j)
-0.07022500000000001	-0.004931550625000001	-9.802949292492258e-05	-0.005019460159230426	0.0	(-0.005019460159230426+0j)
-0.06890625	-0.0047480712890625	-9.438517094650933e-05	-0.004832441356756273	0.0	(-0.004832441356756273+0j)
-0.06760000000000001	-0.004569760000000001	-9.084328475239545e-05	-0.004650693336341779	0.0	(-0.004650693336341779+0j)
-0.06630625	-0.0043965187890625	-8.740190645539769e-05	-0.004474116170672822	0.0	(-0.004474116170672822+0j)
-0.065025	-0.004228250625	-8.405912583953068e-05	-0.004302610887475976	0.0	(-0.004302610887475976+0j)
-0.06375625	-0.0040648594140625	-8.081305036711228e-05	-0.004136079469524043	0.0	(-0.004136079469524043+0j)
-0.0625	-0.00390625	-7.766180525692334e-05	-0.003974424854707287	0.0	(-0.003974424854707287+0j)
-0.06125625	-0.0037523281640625	-7.460353347710225e-05	-0.0038175509360239652	0.0	(-0.0038175509360239652+0j)
-0.060024999999999995	-0.0036030006249999995	-7.163639580198833e-05	-0.0036653625616305417	0.0	(-0.0036653625616305417+0j)
-0.05880625	-0.0034581750390624997	-6.875857086896531e-05	-0.0035177655348899795	0.0	(-0.0035177655348899795+0j)
-0.0576	-0.00331776	-6.596825514293414e-05	-0.0033746666143340044	0.0	(-0.0033746666143340044+0j)
-0.056406250000000005	-0.0031816650390625004	-6.326366303710529e-05	-0.0032359735137691584	0.0	(-0.0032359735137691584+0j)
-0.05522500000000001	-0.003049800625000001	-6.064302684194445e-05	-0.0031015949022043035	0.0	(-0.0031015949022043035+0j)
-0.05405625000000001	-0.002922078164062501	-5.8104596845964807e-05	-0.002971440403955387	0.0	(-0.002971440403955387+0j)
-0.0529	-0.0027984100000000003	-5.5646641328621627e-05	-0.0028454205986297395	0.0	(-0.0028454205986297395+0j)
-0.051756250000000004	-0.0026787094140625005	-5.326744655320681e-05	-0.002723447021110238	0.0	(-0.002723447021110238+0j)
-0.050625	-0.0025628906250000005	-5.0965316859219456e-05	-0.0026054321616305162	0.0	(-0.0026054321616305162+0j)
-0.04950625	-0.0024508687890625004	-4.873857466236586e-05	-0.0024912894657625295	0.0	(-0.0024912894657625295+0j)
-0.0484	-0.00234256	-4.658556041192696e-05	-0.002380933334365822	0.0	(-0.002380933334365822+0j)
-0.04730625	-0.0022378812890625002	-4.450463275418315e-05	-0.0022742791237243135	0.0	(-0.0022742791237243135+0j)
-0.046224999999999995	-0.0021367506249999994	-4.249416842583287e-05	-0.002171243145433975	0.0	(-0.002171243145433975+0j)
-0.045156249999999995	-0.0020390869140624996	-4.055256233925775e-05	-0.0020717426664666667	0.0	(-0.0020717426664666667+0j)
-0.04409999999999999	-0.0019448099999999995	-3.867822762515516e-05	-0.0019756959091926938	0.0	(-0.0019756959091926938+0j)
-0.043056250000000004	-0.0018538406640625003	-3.68695955756948e-05	-0.0018830220513124316	0.0	(-0.0018830220513124316+0j)
-0.04202500000000001	-0.0017661006250000006	-3.5125115715572974e-05	-0.0017936412259058222	0.0	(-0.0017936412259058222+0j)
-0.04100625000000001	-0.0016815125390625006	-3.344325585885599e-05	-0.0017074745214668017	0.0	(-0.0017074745214668017+0j)
-0.04000000000000001	-0.0016000000000000007	-3.182250205213677e-05	-0.0016244439818351893	0.0	(-0.0016244439818351893+0j)
-0.039006250000000006	-0.0015214875390625006	-3.0261358631378243e-05	-0.0015444726062330578	0.0	(-0.0015444726062330578+0j)
-0.038025	-0.0014459006250000003	-2.8758348250335075e-05	-0.0014674843492763364	0.0	(-0.0014674843492763364+0j)
-0.03705625	-0.0013731656640624998	-2.7312011880553655e-05	-0.0013934041209620605	0.0	(-0.0013934041209620605+0j)
-0.0361	-0.00130321	-2.5920908797161246e-05	-0.001322157786648589	0.0	(-0.001322157786648589+0j)
-0.03515625	-0.0012359619140625	-2.4583616692552823e-05	-0.001253672167151312	0.0	(-0.001253672167151312+0j)
-0.034225	-0.001171350625	-2.329873154849338e-05	-0.0011878750386319305	0.0	(-0.0011878750386319305+0j)
-0.033306249999999996	-0.0011093062890624996	-2.206486777822647e-05	-0.001124695132735318	0.0	(-0.001124695132735318+0j)
-0.0324	-0.0010497599999999998	-2.088065818384166e-05	-0.001064062136573295	0.0	(-0.001064062136573295+0j)
-0.03150625	-0.0009926437890624999	-1.9744753984696217e-05	-0.0010059066927847824	0.0	(-0.0010059066927847824+0j)
-0.030625000000000006	-0.0009378906250000004	-1.8655824817415123e-05	-0.0009501603995895828	0.0	(-0.0009501603995895828+0j)
-0.029756250000000005	-0.0008854344140625003	-1.761255873589107e-05	-0.0008967558108677274	0.0	(-0.0008967558108677274+0j)
-0.028900000000000006	-0.0008352100000000003	-1.6613662268127882e-05	-0.0008456264363169382	0.0	(-0.0008456264363169382+0j)
-0.028056250000000005	-0.0007871531640625003	-1.565786035939709e-05	-0.0007967067415542908	0.0	(-0.0007967067415542908+0j)
-0.027225000000000003	-0.0007412006250000001	-1.4743896485924779e-05	-0.0007499321484103322	0.0	(-0.0007499321484103322+0j)
-0.026406250000000003	-0.0006972900390625001	-1.3870532541204739e-05	-0.0007052390350962214	0.0	(-0.0007052390350962214+0j)
-0.0256	-0.00065536	-1.3036548949685312e-05	-0.0006625647366458332	0.0	(-0.0006625647366458332+0j)
-0.024806250000000002	-0.0006153500390625001	-1.2240744695191097e-05	-0.0006218475453739714	0.0	(-0.0006218475453739714+0j)
-0.024025	-0.000577200625	-1.1481937008284149e-05	-0.0005830267112094939	0.0	(-0.0005830267112094939+0j)
-0.02325625	-0.0005408531640624999	-1.0758961991541582e-05	-0.0005460424429422671	0.0	(-0.0005460424429422671+0j)
-0.0225	-0.00050625	-1.0070674022699677e-05	-0.0005108359086834567	0.0	(-0.0005108359086834567+0j)
-0.021756249999999998	-0.0004733344140624999	-9.415946180979518e-06	-0.0004773492374079734	0.0	(-0.0004773492374079734+0j)
-0.021025	-0.0004420506249999999	-8.79366990602648e-06	-0.0004455255202167545	0.0	(-0.0004455255202167545+0j)
-0.020306250000000005	-0.0004123437890625002	-8.202755282127328e-06	-0.00041530881250781003	0.0	(-0.00041530881250781003+0j)
-0.019600000000000003	-0.0003841600000000001	-7.642131095053628e-06	-0.0003866441364314546	0.0	(-0.0003866441364314546+0j)
-0.018906250000000003	-0.0003574462890625001	-7.110744377314404e-06	-0.0003594774836141421	0.0	(-0.0003594774836141421+0j)
-0.018225	-0.0003321506250000001	-6.607560976590321e-06	-0.00033375581939973397	0.0	(-0.00033375581939973397+0j)
-0.017556250000000002	-0.0003082219140625001	-6.131565100986336e-06	-0.0003094270872748425	0.0	(-0.0003094270872748425+0j)
-0.016900000000000002	-0.00028561000000000005	-5.681759944309306e-06	-0.0002864402151053439	0.0	(-0.0002864402151053439+0j)
-0.01625625	-0.0002642656640625	-5.2571667765732855e-06	-0.00026474512161286554	0.0	(-0.00026474512161286554+0j)
-0.015625	-0.000244140625	-4.856825739807391e-06	-0.0002442927254994489	0.0	(-0.0002442927254994489+0j)
-0.015006249999999999	-0.00022518753906249997	-4.4797956206821254e-06	-0.000225034955355756	0.0	(-0.000225034955355756+0j)
-0.0144	-0.00020736	-4.125153623135702e-06	-0.00020692476116639374	0.0	(-0.00020692476116639374+0j)
-0.013806250000000003	-0.00019061253906250007	-3.7919954820608837e-06	-0.0001899161274766632	0.0	(-0.0001899161274766632+0j)
-0.013225	-0.00017490062500000002	-3.4794359180523315e-06	-0.00017396408746520557	0.0	(-0.00017396408746520557+0j)
-0.01265625	-0.00016018066406250003	-3.186607955285581e-06	-0.00015902473619731748	0.0	(-0.00015902473619731748+0j)
-0.0121	-0.00014641	-2.9126633762643905e-06	-0.0001450552425674401	0.0	(-0.0001450552425674401+0j)
-0.011556249999999999	-0.00013354691406249996	-2.656772267073393e-06	-0.00013201385635918246	0.0	(-0.00013201385635918246+0j)
-0.011024999999999998	-0.00012155062499999997	-2.4181238131859573e-06	-0.00011985990765992391	0.0	(-0.00011985990765992391+0j)
-0.010506250000000002	-0.00011038128906250004	-2.195925617343164e-06	-0.00010855379298348025	0.0	(-0.00010855379298348025+0j)
-0.010000000000000002	-0.00010000000000000005	-1.989403472180129e-06	-9.805694500795288e-05	0.0	(-9.805694500795288e-05+0j)
-0.00950625	-9.036878906250002e-05	-1.7978029518417316e-06	-8.833178116785271e-05	0.0	(-8.833178116785271e-05+0j)
-0.009025	-8.1450625e-05	-1.6203866834985092e-06	-7.934162967973617e-05	0.0	(-7.934162967973617e-05+0j)
-0.00855625	-7.32094140625e-05	-1.456437530578114e-06	-7.105063728283713e-05	0.0	(-7.105063728283713e-05+0j)
-0.0081	-6.560999999999999e-05	-1.3052554095338564e-06	-6.342366606856523e-05	0.0	(-6.342366606856523e-05+0j)
-0.007656250000000002	-5.861816406250002e-05	-1.1661600183288101e-06	-5.6426195279055253e-05	0.0	(-5.6426195279055253e-05+0j)
-0.007225000000000001	-5.220062500000002e-05	-1.0384896995674353e-06	-5.002424276088699e-05	0.0	(-5.002424276088699e-05+0j)
-0.006806250000000001	-4.632503906250001e-05	-9.216005310008768e-07	-4.4184324723825434e-05	0.0	(-4.4184324723825434e-05+0j)
-0.0064	-4.096e-05	-8.148681445163675e-07	-3.8873460664210606e-05	0.0	(-3.8873460664210606e-05+0j)
-0.00600625	-3.60750390625e-05	-7.176859071478248e-07	-3.4059225848445726e-05	0.0	(-3.4059225848445726e-05+0j)
-0.005625	-3.1640625e-05	-6.29467649559956e-07	-2.970983668058779e-05	0.0	(-2.970983668058779e-05+0j)
-0.00525625	-2.7628164062499995e-05	-5.496422090800479e-07	-2.5794264531408535e-05	0.0	(-2.5794264531408535e-05+0j)
-0.004900000000000001	-2.4010000000000006e-05	-4.77662069897633e-07	-2.2282344661586067e-05	0.0	(-2.2282344661586067e-05+0j)
-0.00455625	-2.0759414062500005e-05	-4.1299426811747253e-07	-1.914488291865849e-05	0.0	(-1.914488291865849e-05+0j)
-0.0042250000000000005	-1.7850625000000003e-05	-3.551267582224682e-07	-1.6353737839599705e-05	0.0	(-1.6353737839599705e-05+0j)
-0.00390625	-1.52587890625e-05	-3.035638656001538e-07	-1.3881885374709128e-05	0.0	(-1.3881885374709128e-05+0j)
-0.0036	-1.296e-05	-2.578308340162039e-07	-1.1703455072551016e-05	0.0	(-1.1703455072551016e-05+0j)
-0.00330625	-1.0931289062500001e-05	-2.1746927814092487e-07	-9.793755633260418e-06	0.0	(-9.793755633260418e-06+0j)
-0.003025	-9.150625e-06	-1.8204445950686932e-07	-8.129269661475073e-06	0.0	(-8.129269661475073e-06+0j)
-0.0027562499999999996	-7.596914062499998e-06	-1.5113255358301103e-07	-6.687662646225483e-06	0.0	(-6.687662646225483e-06+0j)
-0.0025000000000000005	-6.250000000000003e-06	-1.2433883966878057e-07	-5.447750514281051e-06	0.0	(-5.447750514281051e-06+0j)
-0.00225625	-5.0906640625e-06	-1.012740540318191e-07	-4.389502899429606e-06	0.0	(-4.389502899429606e-06+0j)
-0.002025	-4.100624999999999e-06	-8.157803677022457e-08	-3.4940094425211295e-06	0.0	(-3.4940094425211295e-06+0j)
-0.0018062500000000003	-3.262539062500001e-06	-6.490154191851616e-08	-2.7434838362879818e-06	0.0	(-2.7434838362879818e-06+0j)
-0.0016	-2.56e-06	-5.093170329928398e-08	-2.1212062159962873e-06	0.0	(-2.1212062159962873e-06+0j)
-0.00140625	-1.9775390625e-06	-3.934837877750397e-08	-1.611539410411016e-06	0.0	(-1.611539410411016e-06+0j)
-0.0012250000000000002	-1.5006250000000003e-06	-2.986053004860878e-08	-1.1998877777726526e-06	0.0	(-1.1998877777726526e-06+0j)
-0.0010562500000000001	-1.1156640625000002e-06	-2.2177118808031082e-08	-8.727940077079433e-07	0.0	(-8.727940077079433e-07+0j)
-0.0009	-8.1e-07	-1.6123522073030472e-08	-6.177058022539241e-07	0.0	(-6.177058022539241e-07+0j)
-0.00075625	-5.719140625e-07	-1.1408701539039612e-08	-4.230747277746198e-07	0.0	(-4.230747277746198e-07+0j)
-0.0006250000000000001	-3.906250000000002e-07	-7.741618901491165e-09	-2.78631188375952e-07	0.0	(-2.78631188375952e-07+0j)
-0.00050625	-2.5628906249999996e-07	-5.122274160385132e-09	-1.746995397410308e-07	0.0	(-1.746995397410308e-07+0j)
-0.0004	-1.6e-07	-3.14321368932724e-09	-1.030389857836266e-07	0.0	(-1.030389857836266e-07+0j)
-0.00030625000000000004	-9.378906250000002e-08	-1.862645149230957e-09	-5.5986924491261136e-08	0.0	(-5.5986924491261136e-08+0j)
-0.000225	-5.0625e-08	-9.313225746154785e-10	-2.685214730027945e-08	0.0	(-2.685214730027945e-08+0j)
-0.00015625000000000003	-2.441406250000001e-08	-0.0	-1.3028418159748837e-08	0.0	(-1.3028418159748837e-08+0j)
-0.0001	-1e-08	-1.862645149230957e-09	-3.747685294770413e-09	0.0	(-3.747685294770413e-09+0j)
-5.625e-05	-3.1640625e-09	7.450580596923828e-09	-7.694133424716598e-10	0.0	(-7.694133424716598e-10+0j)
-2.5e-05	-6.25e-10	-0.0	-5.434015293278261e-11	0.0	(-5.434015293278261e-11+0j)
-6.25e-06	-3.90625e-11	-0.0	4.6959827128265775e-18	-7.70712249169413e-05	(4.6959827128265775e-18-7.70712249169413e-05j)
6.25e-06	3.90625e-11	0.0	4.6959827128265775e-18	7.70712249169413e-05	(4.6959827128265775e-18+7.70712249169413e-05j)
2.5e-05	6.25e-10	0.0	5.4340153010392045e-11	0.0	(5.4340153010392045e-11+0j)
5.625e-05	3.1640625e-09	-7.450580596923828e-09	7.69413337924626e-10	0.0	(7.69413337924626e-10+0j)
0.0001	1e-08	1.862645149230957e-09	3.747685306631048e-09	0.0	(3.747685306631048e-09+0j)
0.00015625000000000003	2.441406250000001e-08	0.0	1.302841816838538e-08	0.0	(1.302841816838538e-08+0j)
0.000225	5.0625e-08	9.313225746154785e-10	2.6852147304649675e-08	0.0	(2.6852147304649675e-08+0j)
0.00030625000000000004	9.378906250000002e-08	1.862645149230957e-09	5.598692449124642e-08	0.0	(5.598692449124642e-08+0j)
0.0004	1.6e-07	3.14321368932724e-09	1.0303898579332022e-07	0.0	(1.0303898579332022e-07+0j)
0.00050625	2.5628906249999996e-07	5.122274160385132e-09	1.7469953975010942e-07	0.0	(1.7469953975010942e-07+0j)
0.0006250000000000001	3.906250000000002e-07	7.741618901491165e-09	2.7863118838830825e-07	0.0	(2.7863118838830825e-07+0j)
0.00075625	5.719140625e-07	1.1408701539039612e-08	4.23074727788118e-07	0.0	(4.23074727788118e-07+0j)
0.0009	8.1e-07	1.6123522073030472e-08	6.177058022523961e-07	0.0	(6.177058022523961e-07+0j)
0.0010562500000000001	1.1156640625000002e-06	2.2177118808031082e-08	8.727940077106334e-07	0.0	(8.727940077106334e-07+0j)
0.0012250000000000002	1.5006250000000003e-06	2.986053004860878e-08	1.1998877777684393e-06	0.0	(1.1998877777684393e-06+0j)
0.00140625	1.9775390625e-06	3.934837877750397e-08	1.611539410402458e-06	0.0	(1.611539410402458e-06+0j)
0.0016	2.56e-06	5.093170329928398e-08	2.1212062159939554e-06	0.0	(2.1212062159939554e-06+0j)
0.0018062500000000003	3.262539062500001e-06	6.490154191851616e-08	2.7434838363019485e-06	0.0	(2.7434838363019485e-06+0j)
0.002025	4.100624999999999e-06	8.157803677022457e-08	3.4940094425195832e-06	0.0	(3.4940094425195832e-06+0j)
0.00225625	5.0906640625e-06	1.012740540318191e-07	4.389502899424603e-06	0.0	(4.389502899424603e-06+0j)
0.0025000000000000005	6.250000000000003e-06	1.2433883966878057e-07	5.4477505142703175e-06	0.0	(5.4477505142703175e-06+0j)
0.0027562499999999996	7.596914062499998e-06	1.5113255358301103e-07	6.687662646226964e-06	0.0	(6.687662646226964e-06+0j)
0.003025	9.150625e-06	1.8204445950686932e-07	8.129269661471934e-06	0.0	(8.129269661471934e-06+0j)
0.00330625	1.0931289062500001e-05	2.1746927814092487e-07	9.793755633269146e-06	0.0	(9.793755633269146e-06+0j)
0.0036	1.296e-05	2.578308340162039e-07	1.1703455072548971e-05	0.0	(1.1703455072548971e-05+0j)
0.00390625	1.52587890625e-05	3.035638656001538e-07	1.3881885374714442e-05	0.0	(1.3881885374714442e-05+0j)
0.0042250000000000005	1.7850625000000003e-05	3.551267582224682e-07	1.635373783959641e-05	0.0	(1.635373783959641e-05+0j)
0.00455625	2.0759414062500005e-05	4.1299426811747253e-07	1.9144882918678065e-05	0.0	(1.9144882918678065e-05+0j)
0.004900000000000001	2.4010000000000006e-05	4.77662069897633e-07	2.2282344661571847e-05	0.0	(2.2282344661571847e-05+0j)
0.00525625	2.7628164062499995e-05	5.496422090800479e-07	2.5794264531408664e-05	0.0	(2.5794264531408664e-05+0j)
0.005625	3.1640625e-05	6.29467649559956e-07	2.9709836680589333e-05	0.0	(2.9709836680589333e-05+0j)
0.00600625	3.60750390625e-05	7.176859071478248e-07	3.4059225848453024e-05	0.0	(3.4059225848453024e-05+0j)
0.0064	4.096e-05	8.148681445163675e-07	3.88734606642273e-05	0.0	(3.88734606642273e-05+0j)
0.006806250000000001	4.632503906250001e-05	9.216005310008768e-07	4.4184324723818536e-05	0.0	(4.4184324723818536e-05+0j)
0.007225000000000001	5.220062500000002e-05	1.0384896995674353e-06	5.0024242760872643e-05	0.0	(5.0024242760872643e-05+0j)
0.007656250000000002	5.861816406250002e-05	1.1661600183288101e-06	5.642619527906098e-05	0.0	(5.642619527906098e-05+0j)
0.0081	6.560999999999999e-05	1.3052554095338564e-06	6.342366606857073e-05	0.0	(6.342366606857073e-05+0j)
0.00855625	7.32094140625e-05	1.456437530578114e-06	7.105063728281551e-05	0.0	(7.105063728281551e-05+0j)
0.009025	8.1450625e-05	1.6203866834985092e-06	7.934162967973583e-05	0.0	(7.934162967973583e-05+0j)
0.00950625	9.036878906250002e-05	1.7978029518417316e-06	8.83317811678567e-05	0.0	(8.83317811678567e-05+0j)
0.010000000000000002	0.00010000000000000005	1.989403472180129e-06	9.805694500794772e-05	0.0	(9.805694500794772e-05+0j)
0.010506250000000002	0.00011038128906250004	2.195925617343164e-06	0.00010855379298349629	0.0	(0.00010855379298349629+0j)
0.011024999999999998	0.00012155062499999997	2.4181238131859573e-06	0.00011985990765990253	0.0	(0.00011985990765990253+0j)
0.011556249999999999	0.00013354691406249996	2.656772267073393e-06	0.00013201385635918858	0.0	(0.00013201385635918858+0j)
0.0121	0.00014641	2.9126633762643905e-06	0.00014505524256742798	0.0	(0.00014505524256742798+0j)
0.01265625	0.00016018066406250003	3.186607955285581e-06	0.00015902473619730436	0.0	(0.00015902473619730436+0j)
0.013225	0.00017490062500000002	3.4794359180523315e-06	0.00017396408746521197	0.0	(0.00017396408746521197+0j)
0.013806250000000003	0.00019061253906250007	3.7919954820608837e-06	0.00018991612747666506	0.0	(0.00018991612747666506+0j)
0.0144	0.00020736	4.125153623135702e-06	0.000206924761166396	0.0	(0.000206924761166396+0j)
0.015006249999999999	0.00022518753906249997	4.4797956206821254e-06	0.00022503495535574472	0.0	(0.00022503495535574472+0j)
0.015625	0.000244140625	4.856825739807391e-06	0.0002442927254994395	0.0	(0.0002442927254994395+0j)
0.01625625	0.0002642656640625	5.2571667765732855e-06	0.0002647451216128757	0.0	(0.0002647451216128757+0j)
0.016900000000000002	0.00028561000000000005	5.681759944309306e-06	0.00028644021510532114	0.0	(0.00028644021510532114+0j)
0.017556250000000002	0.0003082219140625001	6.131565100986336e-06	0.00030942708727483854	0.0	(0.00030942708727483854+0j)
0.018225	0.0003321506250000001	6.607560976590321e-06	0.000333755819399721	0.0	(0.000333755819399721+0j)
0.018906250000000003	0.0003574462890625001	7.110744377314404e-06	0.00035947748361412463	0.0	(0.00035947748361412463+0j)
0.019600000000000003	0.0003841600000000001	7.642131095053628e-06	0.0003866441364314351	0.0	(0.0003866441364314351+0j)
0.020306250000000005	0.0004123437890625002	8.202755282127328e-06	0.00041530881250780033	0.0	(0.00041530881250780033+0j)
0.021025	0.0004420506249999999	8.79366990602648e-06	0.0004455255202167498	0.0	(0.0004455255202167498+0j)
0.021756249999999998	0.0004733344140624999	9.415946180979518e-06	0.0004773492374079617	0.0	(0.0004773492374079617+0j)
0.0225	0.00050625	1.0070674022699677e-05	0.0005108359086834617	0.0	(0.0005108359086834617+0j)
0.02325625	0.0005408531640624999	1.0758961991541582e-05	0.0005460424429422612	0.0	(0.0005460424429422612+0j)
0.024025	0.000577200625	1.1481937008284149e-05	0.0005830267112094842	0.0	(0.0005830267112094842+0j)
0.024806250000000002	0.0006153500390625001	1.2240744695191097e-05	0.0006218475453739691	0.0	(0.0006218475453739691+0j)
0.0256	0.00065536	1.3036548949685312e-05	0.0006625647366458346	0.0	(0.0006625647366458346+0j)
0.026406250000000003	0.0006972900390625001	1.3870532541204739e-05	0.0007052390350962141	0.0	(0.0007052390350962141+0j)
0.027225000000000003	0.0007412006250000001	1.4743896485924779e-05	0.0007499321484103303	0.0	(0.0007499321484103303+0j)
0.028056250000000005	0.0007871531640625003	1.565786035939709e-05	0.000796706741554271	0.0	(0.000796706741554271+0j)
0.028900000000000006	0.0008352100000000003	1.6613662268127882e-05	0.000845626436316919	0.0	(0.000845626436316919+0j)
0.029756250000000005	0.0008854344140625003	1.761255873589107e-05	0.0008967558108677104	0.0	(0.0008967558108677104+0j)
0.030625000000000006	0.0009378906250000004	1.8655824817415123e-05	0.0009501603995895764	0.0	(0.0009501603995895764+0j)
0.03150625	0.0009926437890624999	1.9744753984696217e-05	0.0010059066927847876	0.0	(0.0010059066927847876+0j)
0.0324	0.0010497599999999998	2.088065818384166e-05	0.001064062136573301	0.0	(0.001064062136573301+0j)
0.033306249999999996	0.0011093062890624996	2.206486777822647e-05	0.001124695132735306	0.0	(0.001124695132735306+0j)
0.034225	0.001171350625	2.329873154849338e-05	0.0011878750386319185	0.0	(0.0011878750386319185+0j)
0.03515625	0.0012359619140625	2.4583616692552823e-05	0.0012536721671512997	0.0	(0.0012536721671512997+0j)
0.0361	0.00130321	2.5920908797161246e-05	0.0013221577866485811	0.0	(0.0013221577866485811+0j)
0.03705625	0.0013731656640624998	2.7312011880553655e-05	0.001393404120962065	0.0	(0.001393404120962065+0j)
0.038025	0.0014459006250000003	2.8758348250335075e-05	0.0014674843492763182	0.0	(0.0014674843492763182+0j)
0.039006250000000006	0.0015214875390625006	3.0261358631378243e-05	0.0015444726062330558	0.0	(0.0015444726062330558+0j)
0.04000000000000001	0.0016000000000000007	3.182250205213677e-05	0.0016244439818351817	0.0	(0.0016244439818351817+0j)
0.04100625000000001	0.0016815125390625006	3.344325585885599e-05	0.0017074745214668014	0.0	(0.0017074745214668014+0j)
0.04202500000000001	0.0017661006250000006	3.5125115715572974e-05	0.0017936412259058217	0.0	(0.0017936412259058217+0j)
0.043056250000000004	0.0018538406640625003	3.68695955756948e-05	0.001883022051312438	0.0	(0.001883022051312438+0j)
0.04409999999999999	0.0019448099999999995	3.867822762515516e-05	0.001975695909192675	0.0	(0.001975695909192675+0j)
0.045156249999999995	0.0020390869140624996	4.055256233925775e-05	0.0020717426664666615	0.0	(0.0020717426664666615+0j)
0.046224999999999995	0.0021367506249999994	4.249416842583287e-05	0.00217124314543396	0.0	(0.00217124314543396+0j)
0.04730625	0.0022378812890625002	4.450463275418315e-05	0.0022742791237243066	0.0	(0.0022742791237243066+0j)
0.0484	0.00234256	4.658556041192696e-05	0.0023809333343658397	0.0	(0.0023809333343658397+0j)
0.04950625	0.0024508687890625004	4.873857466236586e-05	0.00249128946576253	0.0	(0.00249128946576253+0j)
0.050625	0.0025628906250000005	5.0965316859219456e-05	0.0026054321616305093	0.0	(0.0026054321616305093+0j)
0.051756250000000004	0.0026787094140625005	5.326744655320681e-05	0.0027234470211102285	0.0	(0.0027234470211102285+0j)
0.0529	0.0027984100000000003	5.5646641328621627e-05	0.0028454205986297365	0.0	(0.0028454205986297365+0j)
0.05405625000000001	0.002922078164062501	5.8104596845964807e-05	0.0029714404039553957	0.0	(0.0029714404039553957+0j)
0.05522500000000001	0.003049800625000001	6.064302684194445e-05	0.003101594902204302	0.0	(0.003101594902204302+0j)
0.056406250000000005	0.0031816650390625004	6.326366303710529e-05	0.0032359735137691558	0.0	(0.0032359735137691558+0j)
0.0576	0.00331776	6.596825514293414e-05	0.0033746666143339822	0.0	(0.0033746666143339822+0j)
0.05880625	0.0034581750390624997	6.875857086896531e-05	0.003517765534889993	0.0	(0.003517765534889993+0j)
0.060024999999999995	0.0036030006249999995	7.163639580198833e-05	0.003665362561630516	0.0	(0.003665362561630516+0j)
0.06125625	0.0037523281640625	7.460353347710225e-05	0.003817550936023953	0.0	(0.003817550936023953+0j)
0.0625	0.00390625	7.766180525692334e-05	0.003974424854707279	0.0	(0.003974424854707279+0j)
0.06375625	0.0040648594140625	8.081305036711228e-05	0.004136079469524046	0.0	(0.004136079469524046+0j)
0.065025	0.004228250625	8.405912583953068e-05	0.004302610887475987	0.0	(0.004302610887475987+0j)
0.06630625	0.0043965187890625	8.740190645539769e-05	0.0044741161706728485	0.0	(0.0044741161706728485+0j)
0.06760000000000001	0.004569760000000001	9.084328475239545e-05	0.004650693336341784	0.0	(0.004650693336341784+0j)
0.06890625	0.0047480712890625	9.438517094650933e-05	0.004832441356756271	0.0	(0.004832441356756271+0j)
0.07022500000000001	0.004931550625000001	9.802949292492258e-05	0.005019460159230393	0.0	(0.005019460159230393+0j)
0.07155625	0.0051202969140625	0.0001017781962069364	0.005211850626083116	0.0	(0.005211850626083116+0j)
0.0729	0.005314410000000001	0.0001056332438658103	0.005409714594564156	0.0	(0.005409714594564156+0j)
0.07425625000000001	0.005513990664062501	0.00010959661653942021	0.005613154856863701	0.0	(0.005613154856863701+0j)
0.07562500000000001	0.005719140625000002	0.00011367031235920422	0.005822275160044123	0.0	(0.005822275160044123+0j)
0.07700625000000001	0.005929962539062502	0.00011785634691108271	0.006037180206001286	0.0	(0.006037180206001286+0j)
0.07840000000000001	0.006146560000000001	0.00012215675319993125	0.006257975651428482	0.0	(0.006257975651428482+0j)
0.07980625000000002	0.006369037539062504	0.00012657358158918441	0.0064847681077564575	0.0	(0.0064847681077564575+0j)
0.08122500000000002	0.006597500625000003	0.00013110889976886142	0.0067176651411198765	0.0	(0.0067176651411198765+0j)
0.08265625000000001	0.006832055664062502	0.00013576479270227537	0.006956775272302626	0.0	(0.006956775272302626+0j)
0.0841	0.007072809999999999	0.00014054336256918987	0.007202207976680087	0.0	(0.007202207976680087+0j)
0.08555624999999999	0.007319871914062498	0.00014544672873029185	0.007454073684179938	0.0	(0.007454073684179938+0j)
0.08702499999999999	0.007573350624999998	0.0001504770276667955	0.0077124837792201945	0.0	(0.0077124837792201945+0j)
0.08850625	0.0078333562890625	0.00015563641292004604	0.007977550600645764	0.0	(0.007977550600645764+0j)
0.09	0.0081	0.0001609270550559927	0.008249387441688707	0.0	(0.008249387441688707+0j)
0.09150625	0.0083733937890625	0.00016635114159058162	0.008528108549890678	0.0	(0.008528108549890678+0j)
0.093025	0.008653650624999999	0.00017191087694357066	0.008813829127052577	0.0	(0.008813829127052577+0j)
0.09455625	0.0089408844140625	0.0001776084823781332	0.009106665329169025	0.0	(0.009106665329169025+0j)
0.0961	0.00923521	0.00018344619594046208	0.009406734266363915	0.0	(0.009406734266363915+0j)
0.09765625	0.0095367431640625	0.00018942627239226795	0.009714154002817936	0.0	(0.009714154002817936+0j)
0.09922500000000001	0.009845600625000001	0.00019555098315748864	0.010029043556709156	0.0	(0.010029043556709156+0j)
0.10080625	0.0101619000390625	0.0002018226162459058	0.010351522900131898	0.0	(0.010351522900131898+0j)
0.1024	0.01048576	0.00020824347620873596	0.010681712959045344	0.0	(0.010681712959045344+0j)
0.10400625000000001	0.010817300039062502	0.00021481588404093088	0.011019735613170977	0.0	(0.011019735613170977+0j)
0.10562500000000001	0.011156640625000002	0.00022154217713676871	0.011365713695940591	0.0	(0.011365713695940591+0j)
0.10725625000000001	0.011503903164062503	0.00022842470920636515	0.011719770994407158	0.0	(0.011719770994407158+0j)
0.10890000000000001	0.011859210000000002	0.00023546585020639554	0.012082032249167332	0.0	(0.012082032249167332+0j)
0.11055625000000001	0.012222684414062502	0.00024266798626904063	0.012452623154284312	0.0	(0.012452623154284312+0j)
0.11222500000000002	0.012594450625000005	0.00025003351962205045	0.012831670357200673	0.0	(0.012831670357200673+0j)
0.11390625000000001	0.012974633789062504	0.00025756486851236104	0.013219301458653208	0.0	(0.013219301458653208+0j)
0.11560000000000002	0.013363360000000005	0.00026526446712615837	0.013615645012586724	0.0	(0.013615645012586724+0j)
0.11730625000000001	0.013760756289062504	0.00027313476551604765	0.014020830526072113	0.0	(0.014020830526072113+0j)
0.11902500000000002	0.014166950625000004	0.0002811782295033538	0.014434988459201105	0.0	(0.014434988459201105+0j)
0.12075625000000002	0.014582071914062505	0.0002893973406035144	0.014858250225003637	0.0	(0.014858250225003637+0j)
0.12250000000000003	0.015006250000000006	0.0002977945959443673	0.015290748189356535	0.0	(0.015290748189356535+0j)
0.12425624999999998	0.015439615664062496	0.0003063725081666746	0.015732615670876793	0.0	(0.015732615670876793+0j)
0.126025	0.015882300624999998	0.0003151336053424103	0.016183986940830706	0.0	(0.016183986940830706+0j)
0.12780624999999998	0.016334437539062496	0.00032408043087528426	0.016644997223024184	0.0	(0.016644997223024184+0j)
0.1296	0.016796159999999997	0.0003332155434190298	0.01711578269371449	0.0	(0.01711578269371449+0j)
0.13140625	0.0172676025390625	0.000342541516769046	0.017596480481490585	0.0	(0.017596480481490585+0j)
0.13322499999999998	0.017748900624999994	0.00035206093977357966	0.018087228667176037	0.0	(0.018087228667176037+0j)
0.13505625	0.018240190664062496	0.00036177641623247325	0.018588166283718587	0.0	(0.018588166283718587+0j)
0.1369	0.01874161	0.0003716905647888069	0.019099433316071328	0.0	(0.019099433316071328+0j)
0.13875625	0.0192532969140625	0.000381806018836528	0.019621170701092382	0.0	(0.019621170701092382+0j)
0.140625	0.019775390625	0.000392125426405876	0.020153520327419606	0.0	(0.020153520327419606+0j)
0.14250625	0.0203080312890625	0.00040265145006124214	0.02069662503535894	0.0	(0.02069662503535894+0j)
0.1444	0.02085136	0.00041338676678748243	0.021250628616761122	0.0	(0.021250628616761122+0j)
0.14630625	0.0214055187890625	0.0004243340678815599	0.021815675814903727	0.0	(0.021815675814903727+0j)
0.148225	0.021970650624999997	0.0004354960588353052	0.02239191232436406	0.0	(0.02239191232436406+0j)
0.15015625000000002	0.022546899414062505	0.0004468754592226176	0.022979484790896988	0.0	(0.022979484790896988+0j)
0.1521	0.023134410000000005	0.0004584750025760087	0.02357854081130049	0.0	(0.02357854081130049+0j)
0.15405625	0.0237333281640625	0.00047029743627469145	0.024189228933295115	0.0	(0.024189228933295115+0j)
0.15602500000000002	0.02434380062500001	0.00048234552141224185	0.024811698655381433	0.0	(0.024811698655381433+0j)
0.15800625000000001	0.024965975039062505	0.0004946220326784712	0.025446100426711988	0.0	(0.025446100426711988+0j)
0.16000000000000003	0.02560000000000001	0.0005071297582261991	0.026092585646948486	0.0	(0.026092585646948486+0j)
0.16200625000000002	0.026246025039062506	0.0005198714995513498	0.026751306666132058	0.0	(0.026751306666132058+0j)
0.16402500000000003	0.02690420062500001	0.0005328500713481787	0.02742241678452914	0.0	(0.02742241678452914+0j)
0.16605625000000002	0.027574678164062505	0.000546068301386704	0.028106070252498505	0.0	(0.028106070252498505+0j)
0.16810000000000003	0.02825761000000001	0.0005595290303679334	0.02880242227033806	0.0	(0.02880242227033806+0j)
0.17015625000000004	0.02895314941406251	0.0005732351117897494	0.029511628988140807	0.0	(0.029511628988140807+0j)
0.17222500000000002	0.029661450625000006	0.0005871894118030241	0.03023384750564114	0.0	(0.03023384750564114+0j)
0.17430625	0.030382668789062497	0.0006013948090712873	0.030969235872065962	0.0	(0.030969235872065962+0j)
0.17639999999999997	0.031116959999999992	0.0006158541946170715	0.0317179530859717	0.0	(0.0317179530859717+0j)
0.17850624999999998	0.03186448128906249	0.0006305704716824678	0.03248015909509597	0.0	(0.03248015909509597+0j)
0.18062499999999998	0.03262539062499999	0.0006455465555692541	0.033256014796188296	0.0	(0.033256014796188296+0j)
0.18275624999999998	0.033399846914062496	0.0006607853734941216	0.03404568203485776	0.0	(0.03404568203485776+0j)
0.18489999999999998	0.03418800999999999	0.0006762898644234738	0.034849323605398545	0.0	(0.034849323605398545+0j)
0.18705625	0.0349900406640625	0.0006920629789197719	0.035667103250628274	0.0	(0.035667103250628274+0j)
0.189225	0.035806100625000004	0.0007081076789789975	0.036499185661716435	0.0	(0.036499185661716435+0j)
0.19140625	0.0366363525390625	0.0007244269378672286	0.037345736478014736	0.0	(0.037345736478014736+0j)
0.1936	0.03748096	0.0007410237399518849	0.038206922286879684	0.0	(0.038206922286879684+0j)
0.19580625000000002	0.038340087539062505	0.0007579010805347508	0.03908291062349765	0.0	(0.03908291062349765+0j)
0.198025	0.039213900625000006	0.0007750619656783364	0.039973869970705296	0.0	(0.039973869970705296+0j)
0.20025625	0.0401025656640625	0.0007925094120322385	0.04087996975880806	0.0	(0.04087996975880806+0j)
0.2025	0.04100625000000001	0.0008102464466550607	0.04180138036539546	0.0	(0.04180138036539546+0j)
0.20475625	0.0419251219140625	0.000828276106835002	0.04273827311515596	0.0	(0.04273827311515596+0j)
0.20702500000000001	0.04285935062500001	0.000846601439906447	0.043690820279686286	0.0	(0.043690820279686286+0j)
0.20930625000000003	0.04380910628906251	0.0008652255030647815	0.04465919507730178	0.0	(0.04465919507730178+0j)
0.2116	0.044774560000000005	0.0008841513631772102	0.04564357167284106	0.0	(0.04564357167284106+0j)
0.21390625000000002	0.04575588378906251	0.0009033820965922423	0.0466441251774709	0.0	(0.0466441251774709+0j)
0.21622500000000003	0.04675325062500001	0.0009229207889451807	0.04766103164848511	0.0	(0.04766103164848511+0j)
0.21855625000000004	0.047766834414062515	0.0009427705349622784	0.04869446808910784	0.0	(0.04869446808910784+0j)
0.22090000000000004	0.04879681000000002	0.0009629344382604543	0.049744612448284826	0.0	(0.049744612448284826+0j)
0.22325625000000002	0.04984335316406251	0.0009834156111430126	0.050811643620479276	0.0	(0.050811643620479276+0j)
0.22562500000000002	0.050906640625000006	0.0010042171743975814	0.05189574144546468	0.0	(0.05189574144546468+0j)
0.22800625000000002	0.05198685003906251	0.001025342257084283	0.05299708670810988	0.0	(0.05299708670810988+0j)
0.2304	0.05308416	0.0010467939963265671	0.05411586113816833	0.0	(0.05411586113816833+0j)
0.23280625	0.05419875003906249	0.0010685755370967165	0.05525224741006182	0.0	(0.05525224741006182+0j)
0.235225	0.055330800624999996	0.0010906900319973545	0.05640642914265918	0.0	(0.05640642914265918+0j)
0.23765624999999999	0.05648049316406249	0.0011131406410425093	0.05757859089905658	0.0	(0.05757859089905658+0j)
0.24009999999999998	0.05764800999999999	0.0011359305314342372	0.05876891818635434	0.0	(0.05876891818635434+0j)
0.24255625	0.0588335344140625	0.0011590628773352485	0.05997759745542891	0.0	(0.05997759745542891+0j)
0.245025	0.060037250625	0.0011825408596424225	0.06120481610070594	0.0	(0.06120481610070594+0j)
0.24750625	0.061259343789062504	0.0012063676657509959	0.06245076245992617	0.0	(0.06245076245992617+0j)
0.25	0.0625	0.0012305464893214157	0.0637156258139139	0.0	(0.0637156258139139+0j)
0.25250625000000004	0.06375940628906253	0.0012550805300413082	0.0649995963863388	0.0	(0.0649995963863388+0j)
0.255025	0.065037750625	0.0012799729933834492	0.06630286534347751	0.0	(0.06630286534347751+0j)
0.25755625000000004	0.06633522191406252	0.0013052270903601837	0.06762562479397244	0.0	(0.06762562479397244+0j)
0.2601	0.06765201	0.0013308460372774	0.06896806778858507	0.0	(0.06896806778858507+0j)
0.26265625	0.06898830566406249	0.0013568330554836194	0.07033038831995386	0.0	(0.07033038831995386+0j)
0.265225	0.070344300625	0.001383191371115533	0.07171278132233923	0.0	(0.07171278132233923+0j)
0.26780624999999997	0.07172018753906248	0.0014099242148413182	0.0731154426713758	0.0	(0.0731154426713758+0j)
0.27040000000000003	0.07311616000000001	0.0014370348216004025	0.07453856918381577	0.0	(0.07453856918381577+0j)
0.27300624999999995	0.07453241253906247	0.0014645264303396743	0.07598235861727053	0.0	(0.07598235861727053+0j)
0.275625	0.075969140625	0.0014924022837501383	0.07744700966995609	0.0	(0.07744700966995609+0j)
0.27825625	0.07742654066406249	0.001520665627992912	0.07893272198042525	0.0	(0.07893272198042525+0j)
0.28090000000000004	0.07890481000000002	0.0015493197124289981	0.08043969612730514	0.0	(0.08043969612730514+0j)
0.28355624999999995	0.08040414691406247	0.0015783677893437265	0.08196813362902874	0.0	(0.08196813362902874+0j)
0.286225	0.081924750625	0.001607813113666312	0.08351823694356533	0.0	(0.08351823694356533+0j)
0.28890625	0.08346682128906249	0.0016376589426887467	0.08509020946814945	0.0	(0.08509020946814945+0j)
0.2916	0.08503056000000002	0.001667908535779139	0.08668425553900079	0.0	(0.08668425553900079+0j)
0.29430625	0.08661616878906249	0.0016985651540943891	0.08830058043105139	0.0	(0.08830058043105139+0j)
0.29702500000000004	0.08822385062500002	0.0017296320602866455	0.08993939035765988	0.0	(0.08993939035765988+0j)
0.29975625	0.0898538094140625	0.0017611125182104281	0.0916008924703346	0.0	(0.0916008924703346+0j)
0.30250000000000005	0.09150625000000003	0.0017930097926219801	0.09328529485844178	0.0	(0.09328529485844178+0j)
0.30525625	0.09318137816406251	0.0018253271488795075	0.09499280654891919	0.0	(0.09499280654891919+0j)
0.30802500000000005	0.09487940062500003	0.001858067852637646	0.09672363750598571	0.0	(0.09672363750598571+0j)
0.31080625	0.09660052503906251	0.0018912351695401508	0.09847799863084795	0.0	(0.09847799863084795+0j)
0.31360000000000005	0.09834496000000002	0.0019248323649065924	0.10025610176139894	0.0	(0.10025610176139894+0j)
0.31640625	0.1001129150390625	0.0019588627034217154	0.1020581596719253	0.0	(0.1020581596719253+0j)
0.3192250000000001	0.10190460062500006	0.001993329448815029	0.10388438607280344	0.0	(0.10388438607280344+0j)
0.32205625	0.1037202281640625	0.002028235863539729	0.10573499561019288	0.0	(0.10573499561019288+0j)
0.3249000000000001	0.10556001000000005	0.0020635852084516237	0.10761020386573021	0.0	(0.10761020386573021+0j)
0.32775625	0.10742415941406251	0.002099380742478063	0.10951022735621935	0.0	(0.10951022735621935+0j)
0.33062500000000006	0.10931289062500003	0.00213562572229109	0.11143528353332205	0.0	(0.11143528353332205+0j)
0.33350625	0.1112264187890625	0.0021723234019714877	0.11338559078323465	0.0	(0.11338559078323465+0j)
0.3364	0.11316495999999998	0.00220947703267238	0.11536136842638044	0.0	(0.11536136842638044+0j)
0.33930625000000003	0.11512873128906252	0.0022470898622803936	0.11736283671708041	0.0	(0.11736283671708041+0j)
0.34222499999999995	0.11711795062499997	0.0022851651350712654	0.11939021684323566	0.0	(0.11939021684323566+0j)
0.34515625000000005	0.11913283691406254	0.0023237060913638974	0.12144373092599745	0.0	(0.12144373092599745+0j)
0.34809999999999997	0.12117360999999997	0.0023627159671710807	0.12352360201944192	0.0	(0.12352360201944192+0j)
0.35105625	0.12324049066406251	0.0024021979938464444	0.12563005411023564	0.0	(0.12563005411023564+0j)
0.354025	0.125333700625	0.0024421553977289623	0.12776331211730346	0.0	(0.12776331211730346+0j)
0.35700625	0.1274534625390625	0.0024825913997845728	0.12992360189149157	0.0	(0.12992360189149157+0j)
0.36	0.1296	0.002523509215243136	0.13211115021522615	0.0	(0.13211115021522615+0j)
0.36300625000000003	0.1317735375390625	0.0025649120532336145	0.13432618480217312	0.0	(0.13432618480217312+0j)
0.366025	0.133974300625	0.0026068031164170336	0.13656893429689573	0.0	(0.13656893429689573+0j)
0.36905625000000003	0.13620251566406252	0.002649185600613224	0.13883962827449892	0.0	(0.13883962827449892+0j)
0.3721	0.13845840999999998	0.002692062694428232	0.14113849724028577	0.0	(0.14113849724028577+0j)
0.3751562500000001	0.14074221191406255	0.0027354375788763985	0.1434657726294053	0.0	(0.1434657726294053+0j)
0.378225	0.143054150625	0.002779313426999108	0.14582168680648463	0.0	(0.14582168680648463+0j)
0.38130625000000007	0.14539445628906256	0.0028236934034833183	0.14820647306529147	0.0	(0.14820647306529147+0j)
0.3844	0.14776336	0.0028685806642734235	0.15062036562835585	0.0	(0.15062036562835585+0j)
0.38750625000000005	0.15016109378906253	0.0029139783561827892	0.15306359964660698	0.0	(0.15306359964660698+0j)
0.390625	0.152587890625	0.002959889616501732	0.15553641119902153	0.0	(0.15553641119902153+0j)
0.3937562500000001	0.15504398441406256	0.0030063175726015023	0.15803903729223437	0.0	(0.15803903729223437+0j)
0.39690000000000003	0.15752961000000001	0.003053265341537603	0.1605717158601822	0.0	(0.1605717158601822+0j)
0.40005625000000006	0.16004500316406253	0.003100736029647444	0.1631346857637208	0.0	(0.1631346857637208+0j)
0.403225	0.162590400625	0.003148732732147441	0.1657281867902493	0.0	(0.1657281867902493+0j)
0.4064062500000001	0.16516604003906257	0.0031972585327264547	0.16835245965333076	0.0	(0.16835245965333076+0j)
0.4096	0.16777216	0.0032463165031365593	0.17100774599231575	0.0	(0.17100774599231575+0j)
0.41280624999999993	0.17040900003906245	0.003295909702780264	0.17369428837194115	0.0	(0.17369428837194115+0j)
0.41602500000000003	0.17307680062500003	0.0033460411782968436	0.17641233028196127	0.0	(0.17641233028196127+0j)
0.41925624999999994	0.17577580316406244	0.0033967139631437826	0.17916211613674543	0.0	(0.17916211613674543+0j)
0.42250000000000004	0.17850625000000003	0.0034479310771775573	0.18194389127488683	0.0	(0.18194389127488683+0j)
0.42575624999999995	0.18126838441406246	0.0034996955262303064	0.18475790195880953	0.0	(0.18475790195880953+0j)
0.42902500000000005	0.18406245062500004	0.003552010301684838	0.1876043953743697	0.0	(0.1876043953743697+0j)
0.43230624999999995	0.18688869378906245	0.003604878380046417	0.19048361963045185	0.0	(0.19048361963045185+0j)
0.43560000000000004	0.18974736000000003	0.003658302722512885	0.1933958237585688	0.0	(0.1933958237585688+0j)
0.43890625	0.1926386962890625	0.003712286274541232	0.1963412577124563	0.0	(0.1963412577124563+0j)
0.44222500000000003	0.19556295062500004	0.0037668319654128313	0.19932017236766755	0.0	(0.19932017236766755+0j)
0.44555625	0.1985203719140625	0.003821942707795234	0.20233281952115525	0.0	(0.20233281952115525+0j)
0.4489000000000001	0.20151121000000008	0.003877621397302744	0.20537945189086207	0.0	(0.20537945189086207+0j)
0.45225624999999997	0.20453571566406248	0.003933870912053328	0.2084603231153034	0.0	(0.2084603231153034+0j)
0.45562500000000006	0.20759414062500006	0.003990694112224857	0.21157568775316227	0.0	(0.21157568775316227+0j)
0.45900625	0.2106867375390625	0.0040480938396076915	0.2147258012828475	0.0	(0.2147258012828475+0j)
0.4624000000000001	0.21381376000000007	0.00410607291715559	0.21791092010209534	0.0	(0.21791092010209534+0j)
0.46580625	0.21697546253906247	0.0041646341485352956	0.2211313015275253	0.0	(0.2211313015275253+0j)
0.46922500000000006	0.22017210062500006	0.004223780317672454	0.22438720379422047	0.0	(0.22438720379422047+0j)
0.47265625	0.2234039306640625	0.0042835141882973105	0.227678886055308	0.0	(0.227678886055308+0j)
0.4761000000000001	0.22667121000000007	0.004343838503486852	0.2310066083815115	0.0	(0.2310066083815115+0j)
0.47955625	0.2299741969140625	0.004404755985205844	0.2343706317607354	0.0	(0.2343706317607354+0j)
0.4830250000000001	0.23331315062500008	0.004466269333845974	0.23777121809761614	0.0	(0.23777121809761614+0j)
0.48650625000000003	0.23668833128906253	0.004528381227763334	0.24120863021309247	0.0	(0.24120863021309247+0j)
0.4900000000000001	0.2401000000000001	0.004591094322813349	0.2446831318439676	0.0	(0.2446831318439676+0j)
0.49350625000000004	0.24354841878906253	0.004654411251884927	0.2481949876424641	0.0	(0.2481949876424641+0j)
0.49702499999999994	0.24703385062499994	0.004718334624432385	0.25174446317578814	0.0	(0.25174446317578814+0j)
0.50055625	0.2505565594140625	0.004782867026006499	0.2553318249256804	0.0	(0.2553318249256804+0j)
0.5041	0.25411680999999997	0.004848011017782761	0.2589573402879724	0.0	(0.2589573402879724+0j)
0.50765625	0.2577148681640625	0.004913769136089985	0.2626212775721414	0.0	(0.2626212775721414+0j)
0.5112249999999999	0.26135100062499994	0.004980143891935462	0.26632390600085754	0.0	(0.26632390600085754+0j)
0.51480625	0.26502547503906254	0.005047137770530896	0.2700654957095382	0.0	(0.2700654957095382+0j)
0.5184	0.26873855999999996	0.005114753230815228	0.27384631774589985	0.0	(0.27384631774589985+0j)
0.52200625	0.2724905250390625	0.005182992704977574	0.277666644069495	0.0	(0.277666644069495+0j)
0.525625	0.276281640625	0.005251858597978665	0.28152674755126955	0.0	(0.28152674755126955+0j)
0.5292562500000001	0.2801121781640626	0.005321353287070563	0.2854269019731064	0.0	(0.2854269019731064+0j)
0.5328999999999999	0.2839824099999999	0.005391479121316878	0.2893673820273664	0.0	(0.2893673820273664+0j)
0.5365562500000001	0.2878926094140626	0.005462238421110377	0.29334846331642933	0.0	(0.29334846331642933+0j)
0.540225	0.29184305062499993	0.005533633477691202	0.29737042235225064	0.0	(0.29737042235225064+0j)
0.54390625	0.2958340087890625	0.005605666552663369	0.30143353655588956	0.0	(0.30143353655588956+0j)
0.5476	0.29986576	0.005678339877511263	0.30553808425705814	0.0	(0.30553808425705814+0j)
0.5513062500000001	0.3039385812890626	0.005751655653114918	0.3096843446936652	0.0	(0.3096843446936652+0j)
0.555025	0.308052750625	0.0058256160492653475	0.31387259801134626	0.0	(0.31387259801134626+0j)
0.5587562500000001	0.3122085469140626	0.005900223204179267	0.31810312526302126	0.0	(0.31810312526302126+0j)
0.5625	0.31640625	0.005975479224013203	0.32237620840842296	0.0	(0.32237620840842296+0j)
0.5662562500000001	0.32064614066406266	0.006051386182377605	0.32669213031364597	0.0	(0.32669213031364597+0j)
0.570025	0.324928500625	0.006127946119850847	0.3310511747506817	0.0	(0.3310511747506817+0j)
0.5738062500000001	0.3292536125390626	0.006205161043492613	0.3354536263969679	0.0	(0.3354536263969679+0j)
0.5776	0.33362176	0.006283032926358234	0.33989977083492723	0.0	(0.33989977083492723+0j)
0.5814062500000001	0.3380332275390626	0.00636156370701213	0.3443898945515135	0.0	(0.3443898945515135+0j)
0.585225	0.342488300625	0.006440755289041811	0.3489242849377492	0.0	(0.3489242849377492+0j)
0.5890562500000001	0.34698726566406257	0.006520609540572486	0.353503230288282	0.0	(0.353503230288282+0j)
0.5929	0.35153040999999996	0.006601128293781122	0.35812701980092365	0.0	(0.35812701980092365+0j)
0.59675625	0.3561180219140625	0.006682313344412161	0.3627959435762017	0.0	(0.3627959435762017+0j)
0.6006250000000001	0.3607503906250001	0.006764166451292686	0.36751029261690704	0.0	(0.36751029261690704+0j)
0.6045062499999999	0.3654278062890624	0.00684668933584881	0.3722703588276528	0.0	(0.3722703588276528+0j)
0.6084	0.3701505600000001	0.006929883681622728	0.37707643501441757	0.0	(0.37707643501441757+0j)
0.6123062499999999	0.37491894378906243	0.00701375113379038	0.381928814884112	0.0	(0.381928814884112+0j)
0.616225	0.379733250625	0.007098293298680336	0.3868277930441318	0.0	(0.3868277930441318+0j)
0.62015625	0.38459377441406245	0.007183511743293514	0.3917736650019227	0.0	(0.3917736650019227+0j)
0.6241000000000001	0.38950081000000014	0.0072694079948240065	0.3967667271645431	0.0	(0.3967667271645431+0j)
0.62805625	0.3944546531640625	0.0073559835401814655	0.40180727683823686	0.0	(0.40180727683823686+0j)
0.6320250000000001	0.3994556006250001	0.007443239825514425	0.4068956122279991	0.0	(0.4068956122279991+0j)
0.63600625	0.4045039500390625	0.007531178255735016	0.4120320324371615	0.0	(0.4120320324371615+0j)
0.6400000000000001	0.4096000000000002	0.007619800194046122	0.41721683746696503	0.0	(0.41721683746696503+0j)
0.64400625	0.4147440500390625	0.007709106961468648	0.4224503282161495	0.0	(0.4224503282161495+0j)
0.6480250000000001	0.4199364006250001	0.00779909983637217	0.42773280648053624	0.0	(0.42773280648053624+0j)
0.65205625	0.4251773531640625	0.007889780054006312	0.4330645749526368	0.0	(0.4330645749526368+0j)
0.6561000000000001	0.43046721000000016	0.00798114880603451	0.4384459372212493	0.0	(0.4384459372212493+0j)
0.66015625	0.4358062744140625	0.008073207240070213	0.4438771977710588	0.0	(0.4438771977710588+0j)
0.6642250000000001	0.4411948506250001	0.008165956459214474	0.44935866198226615	0.0	(0.44935866198226615+0j)
0.66830625	0.4466332437890625	0.008259397521596767	0.45489063613020275	0.0	(0.45489063613020275+0j)
0.6724000000000001	0.45212176000000015	0.008353531439917683	0.4604734273849589	0.0	(0.4604734273849589+0j)
0.67650625	0.45766070628906247	0.00844835918099407	0.46610734381102475	0.0	(0.46610734381102475+0j)
0.6806250000000001	0.4632503906250002	0.008543881665307618	0.47179269436694427	0.0	(0.47179269436694427+0j)
0.6847562500000001	0.46889112191406257	0.008640099766554943	0.4775297889049674	0.0	(0.4775297889049674+0j)
0.6889000000000001	0.4745832100000001	0.008737014311202218	0.4833189381707206	0.0	(0.4833189381707206+0j)
0.69305625	0.4803269656640626	0.008834626078041086	0.4891604538028804	0.0	(0.4891604538028804+0j)
0.697225	0.48612270062499996	0.00893293579774912	0.4950546483328822	0.0	(0.4950546483328822+0j)
0.70140625	0.4919707275390625	0.009031944152452676	0.50100183518461	0.0	(0.50100183518461+0j)
0.7055999999999999	0.4978713599999999	0.009131651775293625	0.5070023286741235	0.0	(0.5070023286741235+0j)
0.7098062500000001	0.5038249125390626	0.009232059249999258	0.513056444009397	0.0	(0.513056444009397+0j)
0.7140249999999999	0.5098317006249998	0.009333167110455926	0.5191644972900734	0.0	(0.5191644972900734+0j)
0.71825625	0.5158920406640626	0.00943497584028652	0.5253268055072223	0.0	(0.5253268055072223+0j)
0.7224999999999999	0.5220062499999999	0.00953748587243175	0.5315436865431516	0.0	(0.5315436865431516+0j)
0.7267562500000001	0.5281746469140627	0.00964069758873537	0.5378154591712027	0.0	(0.5378154591712027+0j)
0.7310249999999999	0.5343975506249999	0.009744611319533553	0.5441424430555911	0.0	(0.5441424430555911+0j)
0.73530625	0.5406752812890626	0.009849227343248557	0.5505249587512889	0.0	(0.5505249587512889+0j)
0.7395999999999999	0.5470081599999999	0.00995454588598671	0.5569633277038786	0.0	(0.5569633277038786+0j)
0.7439062500000001	0.5533965087890627	0.01006056712114095	0.563457872249512	0.0	(0.563457872249512+0j)
0.748225	0.559840650625	0.010167291168997755	0.5700089156148308	0.0	(0.5700089156148308+0j)
0.75255625	0.5663409094140626	0.010274718096349417	0.5766167819169874	0.0	(0.5766167819169874+0j)
0.7569	0.5728976100000001	0.0103828479161103	0.5832817961636546	0.0	(0.5832817961636546+0j)
0.7612562500000001	0.5795110781640627	0.010491680586938945	0.5900042842531268	0.0	(0.5900042842531268+0j)
0.765625	0.586181640625	0.01060121601286479	0.5967845729744177	0.0	(0.5967845729744177+0j)
0.7700062500000001	0.5929096250390626	0.010711454042920399	0.6036229900074725	0.0	(0.6036229900074725+0j)
0.7744	0.59969536	0.010822394470779012	0.6105198639233914	0.0	(0.6105198639233914+0j)
0.7788062500000001	0.6065391750390627	0.01093403703439752	0.6174755241847518	0.0	(0.6174755241847518+0j)
0.7832250000000001	0.6134414006250001	0.01104638141566519	0.6244903011459934	0.0	(0.6244903011459934+0j)
0.7876562500000002	0.6204023681640628	0.011159427240058306	0.6315645260538849	0.0	(0.6315645260538849+0j)
0.7921	0.6274224100000001	0.011273174076300352	0.63869853104812	0.0	(0.63869853104812+0j)
0.7965562500000001	0.6345018594140627	0.011387621436028589	0.6458926491619594	0.0	(0.6458926491619594+0j)
0.801025	0.641641050625	0.01150276877346662	0.653147214323051	0.0	(0.653147214323051+0j)
0.80550625	0.6488403187890625	0.011618615485103345	0.6604625613543883	0.0	(0.6604625613543883+0j)
0.81	0.6561000000000001	0.011735160909378095	0.6678390259753724	0.0	(0.6678390259753724+0j)
0.81450625	0.6634204312890625	0.011852404326372828	0.6752769448031082	0.0	(0.6752769448031082+0j)
0.819025	0.670801950625	0.011970344957510481	0.6827766553539008	0.0	(0.6827766553539008+0j)
0.82355625	0.6782448969140625	0.012088981965260204	0.6903384960449629	0.0	(0.6903384960449629+0j)
0.8281000000000001	0.6857496100000001	0.012208314452850116	0.6979628061964188	0.0	(0.6979628061964188+0j)
0.83265625	0.6933164306640625	0.01232834146398637	0.7056499260336337	0.0	(0.7056499260336337+0j)
0.8372250000000001	0.7009457006250002	0.012449061982579807	0.7134001966898937	0.0	(0.7134001966898937+0j)
0.84180625	0.7086377625390624	0.012570474932479953	0.7212139602095364	0.0	(0.7212139602095364+0j)
0.8464	0.7163929600000001	0.012692579177216251	0.7290915595515796	0.0	(0.7290915595515796+0j)
0.85100625	0.7242116375390625	0.012815373519747236	0.7370333385939922	0.0	(0.7370333385939922+0j)
0.8556250000000001	0.7320941406250001	0.012938856702216978	0.7450396421386235	0.0	(0.7450396421386235+0j)
0.86025625	0.7400408156640624	0.013063027405719685	0.7531108159170493	0.0	(0.7531108159170493+0j)
0.8649000000000001	0.7480520100000002	0.013187884250072168	0.7612472065974003	0.0	(0.7612472065974003+0j)
0.86955625	0.7561280719140625	0.013313425793594208	0.7694491617924863	0.0	(0.7694491617924863+0j)
0.8742250000000001	0.7642693506250002	0.013439650532897612	0.7777170300693877	0.0	(0.7777170300693877+0j)
0.87890625	0.7724761962890625	0.013566556902683075	0.7860511609609633	0.0	(0.7860511609609633+0j)
0.8836000000000002	0.7807489600000003	0.013694143275545675	0.7944519049795838	0.0	(0.7944519049795838+0j)
0.88830625	0.7890879937890625	0.013822407961788949	0.8029196136337959	0.0	(0.8029196136337959+0j)
0.8930250000000001	0.7974936506250001	0.01395134920924794	0.8114546394485302	0.0	(0.8114546394485302+0j)
0.89775625	0.8059662844140626	0.014080965203120452	0.8200573359898724	0.0	(0.8200573359898724+0j)
0.9025000000000001	0.8145062500000001	0.014211254065807796	0.8287280578956615	0.0	(0.8287280578956615+0j)
0.90725625	0.8231139031640625	0.014342213856764388	0.8374671609136517	0.0	(0.8374671609136517+0j)
0.9120250000000001	0.8317896006250002	0.014473842572356274	0.8462750019494659	0.0	(0.8462750019494659+0j)
0.91680625	0.8405337000390626	0.014606138145729378	0.8551519391278055	0.0	(0.8551519391278055+0j)
0.9216	0.84934656	0.014739098446686874	0.8640983318711976	0.0	(0.8640983318711976+0j)
0.9264062500000001	0.8582285400390627	0.01487272128157599	0.8731145410029711	0.0	(0.8731145410029711+0j)
0.931225	0.8671800006249999	0.015007004393184684	0.8822009288839008	0.0	(0.8822009288839008+0j)
0.93605625	0.8762013031640625	0.015141945460647802	0.8913578595967029	0.0	(0.8913578595967029+0j)
0.9409	0.8852928099999999	0.015277542099363287	0.90058569920011	0.0	(0.90058569920011+0j)
0.9457562500000001	0.8944548844140626	0.015413791860918194	0.9098848160867163	0.0	(0.9098848160867163+0j)
0.9506249999999999	0.9036878906249999	0.01555069223302459	0.9192555815001588	0.0	(0.9192555815001588+0j)
0.9555062500000001	0.9129921937890627	0.015688240639466167	0.9286983703057208	0.0	(0.9286983703057208+0j)
0.9603999999999999	0.9223681599999999	0.01582643444005437	0.9382135621800837	0.0	(0.9382135621800837+0j)
0.96530625	0.9318161562890626	0.015965270930595493	0.9478015435289844	0.0	(0.9478015435289844+0j)
0.970225	0.941336550625	0.016104747342867848	0.9574627107448315	0.0	(0.9574627107448315+0j)
0.9751562500000001	0.9509297119140626	0.016244860844609632	0.9671974761173817	0.0	(0.9671974761173817+0j)
0.9801	0.96059601	0.016385608539517482	0.9770062795129743	0.0	(0.9770062795129743+0j)
0.9850562500000001	0.9703358156640627	0.01652698746725567	0.9868896142697885	0.0	(0.9868896142697885+0j)
0.990025	0.9801495006250001	0.01666899460347604	0.996848094955254	0.0	(0.996848094955254+0j)
0.9950062500000001	0.9900374375390627	0.016811626859849174	1.0068826881082862	0.0	(1.0068826881082862+0j)
1.0	1.0	0.01695488108410624	1.0169960265281734	0.0	(1.0169960265281734+0j)
