-1209598.9185262648	-1463129543699.9094	-0.0039788735772960234	-1463129543699.9133	0.0	(-1463129543699.9133+0j)
-151172.1627947616	-22853022804.045902	-0.003978873577210331	-22853022804.04988	0.0	(-22853022804.04988+0j)
-44778.073711307276	-2005075885.2952678	-0.003978873576305184	-2005075885.2992468	0.0	(-2005075885.2992468+0j)
-18882.672722805288	-356555329.15657485	-0.003978873571717782	-356555329.1605537	0.0	(-356555329.1605537+0j)
-9662.612764718197	-93366085.44089504	-0.003978873555989467	-93366085.44487391	0.0	(-93366085.44487391+0j)
-5588.031222884966	-31226092.94793725	-0.003978873513586666	-31226092.951916125	0.0	(-31226092.951916125+0j)
-3516.197255818686	-12363643.141826857	-0.0039788734163871435	-12363643.14580573	0.0	(-12363643.14580573+0j)
-2353.417045125024	-5538571.788284998	-0.003978873218100669	-5538571.792263872	0.0	(-5538571.792263872+0j)
-1651.1612699663262	-2726333.539436811	-0.0039788728475859386	-2726333.543415684	0.0	(-2726333.543415684+0j)
-1202.2970203207008	-1445518.1250720355	-0.003978872201018004	-1445518.1290509077	0.0	(-1445518.1290509077+0j)
-902.1421224679432	-813860.4091309654	-0.0039788711328526535	-813860.4131098365	0.0	(-813860.4131098365+0j)
-693.9000596638814	-481497.29280153813	-0.00397886944552589	-481497.2967804076	0.0	(-481497.2967804076+0j)
-544.9348050674845	-296953.9417739373	-0.003978866877818075	-296953.94575280417	0.0	(-296953.94575280417+0j)
-435.5826956730059	-189732.28476976248	-0.003978863091803094	-189732.28874862558	0.0	(-189732.28874862558+0j)
-353.51441291600565	-124972.44013934814	-0.00397885765829327	-124972.44411820579	0.0	(-124972.44411820579+0j)
-290.732144905761	-84525.18008150441	-0.003978850040680405	-84525.18406035446	0.0	(-84525.18406035446+0j)
-241.89345215900826	-58512.44219740242	-0.003978839577062324	-58512.446176242	0.0	(-58512.446176242+0j)
-203.33721107049217	-41346.02140592589	-0.003978825460532554	-41346.025384751345	0.0	(-41346.025384751345+0j)
-172.49739387007384	-29755.350891967388	-0.003978806717498087	-29755.354870774107	0.0	(-29755.354870774107+0j)
-147.53926170486494	-21767.833744416628	-0.003978782183876615	-21767.837723198812	0.0	(-21767.837723198812+0j)
-127.12737129116371	-16161.368531401395	-0.003978750479009959	-16161.372510151874	0.0	(-16161.372510151874+0j)
-110.27401318935443	-12160.357984885915	-0.003978709977114633	-12160.361963595893	0.0	(-12160.361963595893+0j)
-96.23802379441496	-9261.75722385438	-0.003978658776073322	-9261.761202513175	0.0	(-9261.761202513175+0j)
-84.4558929953336	-7132.797861639239	-0.00397859466335264	-7132.801840233901	0.0	(-7132.801840233901+0j)
-74.494019787306	-5549.358984071538	-0.003978515078812359	-5549.362962586613	0.0	(-5549.362962586613+0j)
-66.01508458138542	-4357.991392287471	-0.003978417074149587	-4357.995370704537	0.0	(-4357.995370704537+0j)
-58.754011270063216	-3452.0338403227156	-0.00397829726869768	-3452.037818619984	0.0	(-3452.037818619984+0j)
-52.50054922355529	-2756.3076687749517	-0.003978151801273907	-2756.3116469267525	0.0	(-2756.3116469267525+0j)
-47.08649306653929	-2217.1378293052526	-0.003977976277741915	-2217.1418072815286	0.0	(-2217.1418072815286+0j)
-42.376196144271574	-1795.7419996577771	-0.003977765713924456	-1795.745977423488	0.0	(-1795.745977423488+0j)
-38.25945280426815	-1463.785728882022	-0.003977514473468596	-1463.7897063964947	0.0	(-1463.7897063964947+0j)
-34.64610438705312	-1200.3525491985815	-0.0039772162002293075	-1200.3565264147815	0.0	(-1200.3565264147815+0j)
-31.461913247165306	-989.8519851721558	-0.003976863744697712	-989.8559620358985	0.0	(-989.8559620358985+0j)
-28.64537912446167	-820.5577451841444	-0.00397644908395694	-820.5617216332279	0.0	(-820.5617216332279+0j)
-26.14526252799216	-683.5747526576309	-0.0039759632346012645	-683.5787286208637	0.0	(-683.5787286208637+0j)
-23.918643319342358	-572.1014982379209	-0.003975396158002423	-572.1054736340792	0.0	(-572.1054736340792+0j)
-21.929387844185747	-480.89805122072164	-0.003974736657250404	-480.90202595737844	0.0	(-480.90202595737844+0j)
-20.14693040131219	-405.89880459531736	-0.003973972265034017	-405.9027785675819	0.0	(-405.9027785675819+0j)
-18.545298368552277	-343.92809157862774	-0.003973089121658657	-343.932064667749	0.0	(-343.932064667749+0j)
-17.102327529253973	-292.4896069178783	-0.00397207184232426	-292.4935789897296	0.0	(-292.4935789897296+0j)
-15.799026860736173	-249.60924974626312	-0.003970903372704922	-249.6132206497379	0.0	(-249.6132206497379+0j)
-14.619061513616193	-213.7169595388942	-0.0039695648317820955	-213.72092910439906	0.0	(-213.72092910439906+0j)
-13.548329813570865	-183.55724073729314	-0.003968035340785123	-183.56120877560986	0.0	(-183.56120877560986+0j)
-12.57461548493147	-158.12095459387834	-0.003966291836984985	-158.12492089530812	0.0	(-158.12492089530812+0j)
-11.687300380670402	-136.59299018801852	-0.0039643088709686745	-136.5969545209012	0.0	(-136.5969545209012+0j)
-10.877126133024653	-118.31187291372784	-0.003962058385891367	-118.31583502119493	0.0	(-118.31583502119493+0j)
-10.135995551894553	-102.73840582802616	-0.003959509477060333	-102.74236542276282	0.0	(-102.74236542276282+0j)
-9.456806469667123	-89.43118860473795	-0.003956628130046968	-89.43514536279937	0.0	(-89.43514536279937+0j)
-8.833312191087042	-78.02740426520697	-0.003953376935349809	-78.03135782035537	0.0	(-78.03135782035537+0j)
-8.260003852004482	-68.22766363512889	-0.0039497147774403656	-68.2316135746082	0.0	(-68.2316135746082+0j)
-7.732010893868104	-59.783992462895036	-0.003945596495813014	-59.78793832460831	0.0	(-59.78793832460831+0j)
-7.245016576502953	-52.490265193802564	-0.003940972515428037	-52.49420646414372	0.0	(-52.49420646414372+0j)
-6.795186021636264	-46.17455306864087	-0.003935788443680794	-46.178489179949935	0.0	(-46.178489179949935+0j)
-6.379104735595156	-40.692977227692545	-0.003929984630747294	-40.696907554503696	0.0	(-40.696907554503696+0j)
-5.993725926010504	-35.92475047613048	-0.003923495689844261	-35.92867432988484	0.0	(-35.92867432988484+0j)
-5.636325223067443	-31.76816202018626	-0.003916249973596781	-31.772078642603528	0.0	(-31.772078642603528+0j)
-5.30446165546979	-28.137313454349307	-0.003908169002325206	-28.141222009890363	0.0	(-28.141222009890363+0j)
-4.995943926236034	-24.95945571409472	-0.0038991668396410315	-24.963355281874993	0.0	(-24.963355281874993+0j)
-4.708801192652311	-22.17280867192383	-0.003889149410274385	-22.176698237188965	0.0	(-22.176698237188965+0j)
-4.441257685203385	-19.72476982637813	-0.0038780137545384786	-19.728648271451732	0.0	(-19.728648271451732+0j)
-4.191710607642078	-17.570437818219116	-0.003865647213263028	-17.57430391275413	0.0	(-17.57430391275413+0j)
-3.958710848952246	-15.671391585612211	-0.0038519265363929156	-15.675243975989952	0.0	(-15.675243975989952+0j)
-3.7409461113238116	-13.994677807828747	-0.0038367169077430196	-13.998515005590402	0.0	(-13.998515005590402+0j)
-3.537226119203227	-12.51196861837352	-0.0038198708776182723	-12.515788987580445	0.0	(-12.515788987580445+0j)
-3.3464696252667663	-11.198858952833092	-0.003801227194156487	-11.202660696258528	0.0	(-11.202660696258528+0j)
-3.1676929716073188	-10.034278762370406	-0.003780609523454226	-10.038059906407847	0.0	(-10.038059906407847+0j)
-2.9999999999999973	-8.999999999999984	-0.003757825048591871	-9.003758378171572	0.0	(-9.003758378171572+0j)
-2.842573135012568	-8.080222027895179	-0.0037326629421086514	-8.083955262829424	0.0	(-8.083955262829424+0j)
-2.6946654889263955	-7.26122209721093	-0.0037048927265651097	-7.264927580979423	0.0	(-7.264927580979423+0j)
-2.5555938587270473	-6.531059970763399	-0.003674262599659377	-6.534734843540601	0.0	(-6.534734843540601+0j)
-2.4247325034618408	-5.879327713344326	-0.003640497945661193	-5.8829688405770355	0.0	(-5.8829688405770355+0j)
-2.3015076055802877	-5.296937258543909	-0.0036033005209904407	-5.300541207303206	0.0	(-5.300541207303206+0j)
-2.1853923329131555	-4.775939648755604	-0.00356234917571535	-4.779502664807253	0.0	(-4.779502664807253+0j)
-2.075902429071858	-4.309370895026441	-0.0035173033456250232	-4.312888883390582	0.0	(-4.312888883390582+0j)
-1.9725922695643299	-3.8911202619449536	-0.0034678107195254045	-3.894588775118412	0.0	(-3.894588775118412+0j)
-1.8750513290776138	-3.515817486675726	-0.003413520240161265	-3.519231725854179	0.0	(-3.519231725854179+0j)
-1.7829010123805906	-3.178736019947735	-0.0033541008367912444	-3.1820908549715123	0.0	(-3.1820908549715123+0j)
-1.695791807327491	-2.875709853799038	-0.0032892651218584985	-2.878999866795778	0.0	(-2.878999866795778+0j)
-1.6134007236404333	-2.603061895043474	-0.0032187960168818955	-2.606281450687833	0.0	(-2.606281450687833+0j)
-1.5354289856404248	-2.357542169944784	-0.0031425732854461694	-2.3606855122462465	0.0	(-2.3606855122462465+0j)
-1.4615999509842248	-2.136274416717088	-0.0030605965491806875	-2.1393357888177444	0.0	(-2.1393357888177444+0j)
-1.39165723083669	-1.936709848140044	-0.0029730016622119652	-1.939683628478354	0.0	(-1.939683628478354+0j)
-1.3253629898383261	-1.756587054833187	-0.002880068224980843	-1.7594679008165386	0.0	(-1.7594679008165386+0j)
-1.2624964067782076	-1.5938971771278856	-0.0027822172809830507	-1.596680166495593	0.0	(-1.596680166495593+0j)
-1.202852279106299	-1.4468536053512178	-0.002679999558520643	-1.449534365779266	0.0	(-1.449534365779266+0j)
-1.146239756361531	-1.313865579063742	-0.002574075733101256	-1.3164403980394206	0.0	(-1.3164403980394206+0j)
-1.0924811892911694	-1.193515148955048	-0.0024651909313518094	-1.1959810581771526	0.0	(-1.1959810581771526+0j)
-1.0414110829259533	-1.084537043641007	-0.0023541460220974763	-1.086891874754377	0.0	(-1.086891874754377+0j)
-0.9928751431821456	-0.9858010499489662	-0.0022417681844349997	-0.9880434609153778	0.0	(-0.9880434609153778+0j)
-0.946729407710138	-0.8962965714231887	-0.002128882902658796	-0.8984260449793229	0.0	(-0.8984260449793229+0j)
-0.9028394527202239	-0.8151190773881535	-0.0020162890305081616	-0.817135894686668	0.0	(-0.817135894686668+0j)
-0.8610796684073763	-0.741458195344557	-0.001904738001382921	-0.7433633889192166	0.0	(-0.7433633889192166+0j)
-0.821332596383606	-0.6745872338822354	-0.0017949177217803877	-0.6763825246184897	0.0	(-0.6763825246184897+0j)
-0.783488323222002	-0.6138539526252244	-0.0016874412272089138	-0.6155416754419998	0.0	(-0.6155416754419998+0j)
-0.7474439248322069	-0.5586724207685737	-0.0015828398301180346	-0.5602554434377492	0.0	(-0.5602554434377492+0j)
-0.7131029569328535	-0.5085158271863791	-0.0014815602526805866	-0.5099974661901934	0.0	(-0.5099974661901934+0j)
-0.6803749873708325	-0.46291012343986043	-0.001383965103383934	-0.464294060114759	0.0	(-0.464294060114759+0j)
-0.6491751664677271	-0.4214283967584012	-0.0012903360069701037	-0.42271859632399933	0.0	(-0.42271859632399933+0j)
-0.6194238319567661	-0.383685883596004	-0.001200878711055443	-0.3848865190138533	0.0	(-0.3848865190138533+0j)
-0.591046145414866	-0.3493355460097709	-0.0011157295492321133	-0.3504509280582562	0.0	(-0.3504509280582562+0j)
-0.5639717573986723	-0.3180641431433469	-0.0010349627218907836	-0.3190986576029396	0.0	(-0.3190986576029396+0j)
-0.5381344987652963	-0.2895887387613767	-0.0009585979484032858	-0.290546791161339	0.0	(-0.290546791161339+0j)
-0.5134720959014145	-0.2636535932693914	-0.0008866081374665589	-0.264539561353534	0.0	(-0.264539561353534+0j)
-0.4899259078018587	-0.24002739513547533	-0.0008189268095524602	-0.24084558886496235	0.0	(-0.24084558886496235+0j)
-0.4674406831336701	-0.2185007922484722	-0.0007554550825513832	-0.21925542099011755	0.0	(-0.21925542099011755+0j)
-0.44596433559636334	-0.19888418862390578	-0.0006960680969935788	-0.1995793349965468	0.0	(-0.1995793349965468+0j)
-0.4254477360460714	-0.18100577610672763	-0.0006406208103418077	-0.18164537584851775	0.0	(-0.18164537584851775+0j)
-0.4058445199922993	-0.16470977440777984	-0.0005889531314174413	-0.16529760158519044	0.0	(-0.16529760158519044+0j)
-0.38711090920292607	-0.14985485602391607	-0.0005408943972655997	-0.15039451288021558	0.0	(-0.15039451288021558+0j)
-0.3692055462674028	-0.13631273539461133	-0.000496267217168156	-0.13680764616122795	0.0	(-0.13680764616122795+0j)
-0.35208934107114	-0.12396690409590955	-0.0004548907236211153	-0.12442031210818985	0.0	(-0.12442031210818985+0j)
-0.3357253282270783	-0.11271149601317945	-0.00041658327937753873	-0.1131264635542538	0.0	(-0.1131264635542538+0j)
-0.3200785345944261	-0.10245026830811522	-0.0003811646944420738	-0.10282967862258686	0.0	(-0.10282967862258686+0j)
-0.30511585609049147	-0.09309568563783349	-0.0003484580083286115	-0.09344224666034256	0.0	(-0.09344224666034256+0j)
-0.29080594307025415	-0.0845680965249799	-0.0003182908919061839	-0.08488434590660282	0.0	(-0.08488434590660282+0j)
-0.27711909361055953	-0.07679499204353805	-0.0002904967205252185	-0.07708330313063354	0.0	(-0.07708330313063354+0j)
-0.26402715409224337	-0.06971033809804922	-0.00026491536643679926	-0.0699729265762551	0.0	(-0.0699729265762551+0j)
-0.25150342652467966	-0.06325397355365495	-0.00024139375424954147	-0.06349290452009272	0.0	(-0.06349290452009272+0j)
-0.2395225821037321	-0.05737106733763908	-0.0002197862186516686	-0.0575882626149131	0.0	(-0.0575882626149131+0j)
-0.22806058053632985	-0.05201162839456779	-0.00019995469910288335	-0.052208873939641645	0.0	(-0.052208873939641645+0j)
-0.2170945947033171	-0.04713006304939752	-0.00018176880183818912	-0.04730901634493944	0.0	(-0.04730901634493944+0j)
-0.20660294026719475	-0.04268477492705004	-0.0001651057554323876	-0.04284697227366378	0.0	(-0.04284697227366378+0j)
-0.19656500986324205	-0.03863780310253644	-0.0001498502824118897	-0.038784666747357165	0.0	(-0.038784666747357165+0j)
-0.1869612115415512	-0.03495449462108466	-0.0001358944060016576	-0.035087339681888374	0.0	(-0.035087339681888374+0j)
-0.1777729111540156	-0.03160320794017353	-0.00012313720806549357	-0.03172324909256632	0.0	(-0.03172324909256632+0j)
-0.16898237840451125	-0.02855504421124543	-0.00011148455162970362	-0.028663402119294204	0.0	(-0.028663402119294204+0j)
-0.16057273630262453	-0.025783603643712193	-0.00010084877905374157	-0.0258813111208565	0.0	(-0.0258813111208565+0j)
-0.152527913781502	-0.023264764482537306	-9.114839490109716e-05	-0.023352772374632028	0.0	(-0.023352772374632028+0j)
-0.14483260125889905	-0.020976482387419247	-8.230774084104775e-05	-0.02105566517462781	0.0	(-0.02105566517462781+0j)
-0.13747220893745052	-0.01889860823014205	-7.425666844644852e-05	-0.018969769346877063	0.0	(-0.018969769346877063+0j)
-0.13043282765570904	-0.017012722530263896	-6.693021451584791e-05	-0.01707659940496661	0.0	(-0.01707659940496661+0j)
-0.12370119211573812	-0.01530198493085475	-6.026828251013417e-05	-0.015359253749152918	0.0	(-0.015359253749152918+0j)
-0.117264646326104	-0.013750997277986258	-5.421533283089808e-05	-0.013802277474488011	0.0	(-0.013802277474488011+0j)
-0.1111111111111111	-0.012345679012345678	-4.8720083952757955e-05	-0.01239153749732978	0.0	(-0.01239153749732978+0j)
-0.10522905354813994	-0.011073153710637303	-4.3735225836538666e-05	-0.011114108839155335	0.0	(-0.011114108839155335+0j)
-0.09960745820508124	-0.009921645730077006	-3.921714657288966e-05	-0.009958171021948186	0.0	(-0.009958171021948186+0j)
-0.09423580005917682	-0.00888038601279315	-3.512567282122348e-05	-0.008912913632456568	0.0	(-0.008912913632456568+0j)
-0.08910401898715839	-0.007939526199663883	-3.142382430176838e-05	-0.007968450205653359	0.0	(-0.007968450205653359+0j)
-0.08420249572447475	-0.007090060286230188	-2.80775823560564e-05	-0.007115739660382619	0.0	(-0.007115739660382619+0j)
-0.0795220291986808	-0.006323753127875842	-2.5055672402363172e-05	-0.006346514594713202	0.0	(-0.006346514594713202+0j)
-0.07505381514877553	-0.005633075168386567	-2.232935996961949e-05	-0.00565321581526215	0.0	(-0.00565321581526215+0j)
-0.07078942594847114	-0.005011142826114079	-1.987225988453467e-05	-0.005028932534807832	0.0	(-0.005028932534807832+0j)
-0.06672079155709584	-0.004451664026005432	-1.7660158111176828e-05	-0.004467347726378182	0.0	(-0.004467347726378182+0j)
-0.06284018152711322	-0.003948888414360542	-1.5670845686699408e-05	-0.003962688170542003	0.0	(-0.003962688170542003+0j)
-0.059140188002125955	-0.0034975618369268028	-1.3883964166616637e-05	-0.003509678776308897	0.0	(-0.003509678776308897+0j)
-0.05561370964374471	-0.003092884700338743	-1.2280861970648261e-05	-0.003103500795322886	0.0	(-0.003103500795322886+0j)
-0.05225393642987957	-0.0027304738724178955	-1.084446101931036e-05	-0.002739753584575324	0.0	(-0.002739753584575324+0j)
-0.049054335270878616	-0.002406327808867766	-9.559133050451862e-06	-0.0024144196047411527	0.0	(-0.0024144196047411527+0j)
-0.046008636393517745	-0.0021167946227909256	-8.410585019547057e-06	-0.002123832370191462	0.0	(-0.002123832370191462+0j)
-0.043110820446164204	-0.0018585428395414096	-7.385753003852358e-06	-0.0018646470927575576	0.0	(-0.0018646470927575576+0j)
-0.04035510628151127	-0.0016285346029920702	-6.472704046345257e-06	-0.0016338137848590437	0.0	(-0.0016338137848590437+0j)
-0.03773593937613485	-0.0014240011205993246	-5.660545408936457e-06	-0.0014285526089738666	0.0	(-0.0014285526089738666+0j)
-0.03524798084876816	-0.001242420153915127	-4.939340717768914e-06	-0.0012463312796186631	0.0	(-0.0012463312796186631+0j)
-0.03288609704164967	-0.0010814953786327994	-4.3000325170794445e-06	-0.0010848443415027362	0.0	(-0.0010848443415027362+0j)
-0.030645349631579707	-0.0009391374540417626	-3.7343707770531864e-06	-0.0009419941633130345	0.0	(-0.0009419941633130345+0j)
-0.02852098623944262	-0.0008134466560704753	-3.2348469179765974e-06	-0.0008158735008766967	0.0	(-0.0008158735008766967+0j)
-0.026508431508921782	-0.0007026969410631971	-2.7946329517192225e-06	-0.000704749496470174	0.0	(-0.000704749496470174+0j)
-0.024603278626967397	-0.0006053213191961908	-2.4075253534761034e-06	-0.000607048992779487	0.0	(-0.000607048992779487+0j)
-0.022801281260282438	-0.0005198984271105071	-2.067893322532655e-06	-0.0005213450507590067	0.0	(-0.0005213450507590067+0j)
-0.02109834588367813	-0.00044514019902731797	-1.7706310842413588e-06	-0.00044634457028119894	0.0	(-0.00044634457028119894+0j)
-0.019490524477627863	-0.0003798805444130109	-1.5111139411772002e-06	-0.00038087692134821917	0.0	(-0.00038087692134821917+0j)
-0.01797400757372418	-0.00032306494826029415	-1.2851577785966129e-06	-0.00032388350162509396	0.0	(-0.00032388350162509396+0j)
-0.01654511762802453	-0.00027374091732516805	-1.088981761654395e-06	-0.0002744081433440366	0.0	(-0.0002744081433440366+0j)
-0.015200302703466109	-0.0002310492022769991	-9.191739778202646e-07	-0.00023158829928584507	0.0	(-0.00023158829928584507+0j)
-0.013936130443643347	-0.0001942157317422429	-7.726597985424633e-07	-0.0001946469435693355	0.0	(-0.0001946469435693355+0j)
-0.012749282321279155	-0.0001625441997076812	-6.466727441534204e-07	-0.00016288512848372915	0.0	(-0.00016288512848372915+0j)
-0.011636548145689705	-0.00013540925274695451	-5.38727664434191e-07	-0.00013567514362419506	0.0	(-0.00013567514362419506+0j)
-0.010594820814445106	-0.00011225022809019927	-4.465960472543884e-07	-0.00011245422814785798	0.0	(-0.00011245422814785798+0j)
-0.009621091295271172	-9.256539771194272e-05	-3.6828328688898185e-07	-9.271879114272681e-05	0.0	(-9.271879114272681e-05+0j)
-0.008712443825023735	-7.590667740419422e-05	-3.0200778837752297e-07	-7.60190989369376e-05	0.0	(-7.60190989369376e-05+0j)
-0.00786605131330065	-6.187476326347888e-05	-2.461817018684087e-07	-6.195439156253058e-05	0.0	(-6.195439156253058e-05+0j)
-0.007079170938941881	-5.0114661182759274e-05	-1.9939323578910264e-07	-5.0168393897952306e-05	0.0	(-5.0168393897952306e-05+0j)
-0.0063491399283072195	-4.031157782922501e-05	-1.6039035699577653e-07	-4.034518976926757e-05	0.0	(-4.034518976926757e-05+0j)
-0.005673371504818021	-3.218714423168109e-05	-1.2806582390112455e-07	-3.220543007087387e-05	0.0	(-3.220543007087387e-05+0j)
-0.005049350999806567	-2.5495945519247576e-05	-1.01443413313973e-07	-2.5502848297785255e-05	0.0	(-2.5502848297785255e-05+0j)
-0.004474632115236381	-2.0022332566704812e-05	-7.966526709424216e-08	-2.0021059163451824e-05	0.0	(-2.0021059163451824e-05+0j)
-0.0039468333293421	-1.5577493329605645e-05	-6.198024493642151e-08	-1.5570617965555784e-05	0.0	(-1.5570617965555784e-05+0j)
-0.0034636344366900593	-1.1996763511025264e-05	-4.7733237806824036e-08	-1.1986320288979997e-05	0.0	(-1.1986320288979997e-05+0j)
-0.0030227732145828184	-9.137157906799345e-06	-3.635541361290962e-08	-9.12472335834822e-06	0.0	(-9.12472335834822e-06+0j)
-0.0026220422081243964	-6.8751053411858605e-06	-2.7355054044164718e-08	-6.861871608083599e-06	0.0	(-6.861871608083599e-06+0j)
-0.0022592856266295245	-5.104371542694764e-06	-2.030960786214564e-08	-5.091211434117125e-06	0.0	(-5.091211434117125e-06+0j)
-0.0019323963444015978	-3.7341556318566585e-06	-1.4857687347102911e-08	-3.7216795323517857e-06	0.0	(-3.7216795323517857e-06+0j)
-0.0016393129992216462	-2.687347109417069e-06	-1.0692565410863608e-08	-2.67595325213022e-06	0.0	(-2.67595325213022e-06+0j)
-0.0013780171821857227	-1.8989313543990793e-06	-7.555536285508424e-09	-1.888849347657e-06	0.0	(-1.888849347657e-06+0j)
-0.001146530712802266	-1.3145326753988722e-06	-5.2301402320154015e-09	-1.305861160474967e-06	0.0	(-1.305861160474967e-06+0j)
-0.000942912993515015	-8.890849133394468e-07	-3.537570592015982e-09	-8.818245390931497e-07	0.0	(-8.818245390931497e-07+0j)
-0.000765258438052294	-5.856204770102366e-07	-2.3304892238229514e-09	-5.797006313878611e-07	0.0	(-5.797006313878611e-07+0j)
-0.0006116939682207532	-3.7416951075765185e-07	-1.4886609278619291e-09	-3.6947063317513704e-07	0.0	(-3.6947063317513704e-07+0j)
-0.00048037657396195644	-2.30761652811427e-07	-9.182258509099484e-10	-2.271367228561904e-07	0.0	(-2.271367228561904e-07+0j)
-0.0003694909316743242	-1.3652354858956012e-07	-5.442416295409202e-10	-1.3381210458077422e-07	0.0	(-1.3381210458077422e-07+0j)
-0.00027724707597164255	-7.686594113482573e-08	-3.055902197957039e-10	-7.490302307753889e-08	0.0	(-7.490302307753889e-08+0j)
-0.00020187812020332262	-4.075477541682718e-08	-1.6298145055770876e-10	-3.9387619392665545e-08	0.0	(-3.9387619392665545e-08+0j)
-0.00014163802120147604	-2.0061329049869775e-08	-8.149072527885438e-11	-1.9148641764598992e-08	0.0	(-1.9148641764598992e-08+0j)
-9.47993838462065e-05	-8.986923177620399e-09	-0.0	-8.369599102011527e-09	0.0	(-8.369599102011527e-09+0j)
-5.965130115383321e-05	-3.5582777293453034e-09	-0.0	-3.195507146161748e-09	0.0	(-3.195507146161748e-09+0j)
-3.449722569349556e-05	-1.1900585805479704e-09	-1.8626451492309571e-10	-1.1597893644518393e-09	0.0	(-1.1597893644518393e-09+0j)
-1.7652868226157262e-05	-3.1162375661007266e-10	-0.0	-1.9587934571350126e-10	0.0	(-1.9587934571350126e-10+0j)
-7.444119536771307e-06	-5.5414915677740256e-11	-0.0	-9.26180429268669e-12	0.0	(-9.26180429268669e-12+0j)
-2.2049914955961543e-06	-4.8619874956513654e-12	-0.0	-1.289423722896293e-13	0.0	(-1.289423722896293e-13+0j)
-2.7557343862331254e-07	-7.59407200746766e-14	-0.0	1.1143410334104955e-16	-7.239765796571549e-11	(1.1143410334104955e-16-7.239765796571549e-11j)
2.7557343862331254e-07	7.59407200746766e-14	0.0	1.1143410334104955e-16	7.239765796571549e-11	(1.1143410334104955e-16+7.239765796571549e-11j)
2.2049914955961543e-06	4.8619874956513654e-12	0.0	1.2666909728046934e-13	0.0	(1.2666909728046934e-13+0j)
7.444119536771307e-06	5.5414915677740256e-11	0.0	9.26196214150213e-12	0.0	(9.26196214150213e-12+0j)
1.7652868226157262e-05	3.1162375661007266e-10	0.0	1.958794934854952e-10	0.0	(1.958794934854952e-10+0j)
3.449722569349556e-05	1.1900585805479704e-09	1.8626451492309571e-10	1.1597898291211266e-09	0.0	(1.1597898291211266e-09+0j)
5.965130115383321e-05	3.5582777293453034e-09	0.0	3.1955072963183186e-09	0.0	(3.1955072963183186e-09+0j)
9.47993838462065e-05	8.986923177620399e-09	0.0	8.36959906794147e-09	0.0	(8.36959906794147e-09+0j)
0.00014163802120147604	2.0061329049869775e-08	8.149072527885438e-11	1.9148642446437503e-08	0.0	(1.9148642446437503e-08+0j)
0.00020187812020332262	4.075477541682718e-08	1.6298145055770876e-10	3.938761957581543e-08	0.0	(3.938761957581543e-08+0j)
0.00027724707597164255	7.686594113482573e-08	3.055902197957039e-10	7.4903022908427e-08	0.0	(7.4903022908427e-08+0j)
0.0003694909316743242	1.3652354858956012e-07	5.442416295409202e-10	1.3381210466313096e-07	0.0	(1.3381210466313096e-07+0j)
0.00048037657396195644	2.30761652811427e-07	9.182258509099484e-10	2.2713672274229764e-07	0.0	(2.2713672274229764e-07+0j)
0.0006116939682207532	3.7416951075765185e-07	1.4886609278619291e-09	3.6947063309529857e-07	0.0	(3.6947063309529857e-07+0j)
0.000765258438052294	5.856204770102366e-07	2.3304892238229514e-09	5.797006315490982e-07	0.0	(5.797006315490982e-07+0j)
0.000942912993515015	8.890849133394468e-07	3.537570592015982e-09	8.81824539097301e-07	0.0	(8.81824539097301e-07+0j)
0.001146530712802266	1.3145326753988722e-06	5.2301402320154015e-09	1.3058611607927631e-06	0.0	(1.3058611607927631e-06+0j)
0.0013780171821857227	1.8989313543990793e-06	7.555536285508424e-09	1.8888493480179837e-06	0.0	(1.8888493480179837e-06+0j)
0.0016393129992216462	2.687347109417069e-06	1.0692565410863608e-08	2.675953252681621e-06	0.0	(2.675953252681621e-06+0j)
0.0019323963444015978	3.7341556318566585e-06	1.4857687347102911e-08	3.721679532226215e-06	0.0	(3.721679532226215e-06+0j)
0.0022592856266295245	5.104371542694764e-06	2.030960786214564e-08	5.091211433722891e-06	0.0	(5.091211433722891e-06+0j)
0.0026220422081243964	6.8751053411858605e-06	2.7355054044164718e-08	6.861871607561905e-06	0.0	(6.861871607561905e-06+0j)
0.0030227732145828184	9.137157906799345e-06	3.635541361290962e-08	9.124723357895714e-06	0.0	(9.124723357895714e-06+0j)
0.0034636344366900593	1.1996763511025264e-05	4.7733237806824036e-08	1.1986320288587551e-05	0.0	(1.1986320288587551e-05+0j)
0.0039468333293421	1.5577493329605645e-05	6.198024493642151e-08	1.557061796533468e-05	0.0	(1.557061796533468e-05+0j)
0.004474632115236381	2.0022332566704812e-05	7.966526709424216e-08	2.002105916359982e-05	0.0	(2.002105916359982e-05+0j)
0.005049350999806567	2.5495945519247576e-05	1.01443413313973e-07	2.550284829753553e-05	0.0	(2.550284829753553e-05+0j)
0.005673371504818021	3.218714423168109e-05	1.2806582390112455e-07	3.2205430070552075e-05	0.0	(3.2205430070552075e-05+0j)
0.0063491399283072195	4.031157782922501e-05	1.6039035699577653e-07	4.034518976876254e-05	0.0	(4.034518976876254e-05+0j)
0.007079170938941881	5.0114661182759274e-05	1.9939323578910264e-07	5.016839389667459e-05	0.0	(5.016839389667459e-05+0j)
0.00786605131330065	6.187476326347888e-05	2.461817018684087e-07	6.195439156177596e-05	0.0	(6.195439156177596e-05+0j)
0.008712443825023735	7.590667740419422e-05	3.0200778837752297e-07	7.601909893557148e-05	0.0	(7.601909893557148e-05+0j)
0.009621091295271172	9.256539771194272e-05	3.6828328688898185e-07	9.271879114256187e-05	0.0	(9.271879114256187e-05+0j)
0.010594820814445106	0.00011225022809019927	4.465960472543884e-07	0.00011245422814837093	0.0	(0.00011245422814837093+0j)
0.011636548145689705	0.00013540925274695451	5.38727664434191e-07	0.00013567514362395247	0.0	(0.00013567514362395247+0j)
0.012749282321279155	0.0001625441997076812	6.466727441534204e-07	0.00016288512848335344	0.0	(0.00016288512848335344+0j)
0.013936130443643347	0.0001942157317422429	7.726597985424633e-07	0.0001946469435684782	0.0	(0.0001946469435684782+0j)
0.015200302703466109	0.0002310492022769991	9.191739778202646e-07	0.0002315882992847257	0.0	(0.0002315882992847257+0j)
0.01654511762802453	0.00027374091732516805	1.088981761654395e-06	0.00027440814334333576	0.0	(0.00027440814334333576+0j)
0.01797400757372418	0.00032306494826029415	1.2851577785966129e-06	0.0003238835016239194	0.0	(0.0003238835016239194+0j)
0.019490524477627863	0.0003798805444130109	1.5111139411772002e-06	0.0003808769213482178	0.0	(0.0003808769213482178+0j)
0.02109834588367813	0.00044514019902731797	1.7706310842413588e-06	0.0004463445702806507	0.0	(0.0004463445702806507+0j)
0.022801281260282438	0.0005198984271105071	2.067893322532655e-06	0.0005213450507579392	0.0	(0.0005213450507579392+0j)
0.024603278626967397	0.0006053213191961908	2.4075253534761034e-06	0.0006070489927780262	0.0	(0.0006070489927780262+0j)
0.026508431508921782	0.0007026969410631971	2.7946329517192225e-06	0.000704749496467862	0.0	(0.000704749496467862+0j)
0.02852098623944262	0.0008134466560704753	3.2348469179765974e-06	0.000815873500874487	0.0	(0.000815873500874487+0j)
0.030645349631579707	0.0009391374540417626	3.7343707770531864e-06	0.0009419941633110974	0.0	(0.0009419941633110974+0j)
0.03288609704164967	0.0010814953786327994	4.3000325170794445e-06	0.0010848443414994936	0.0	(0.0010848443414994936+0j)
0.03524798084876816	0.001242420153915127	4.939340717768914e-06	0.0012463312796179304	0.0	(0.0012463312796179304+0j)
0.03773593937613485	0.0014240011205993246	5.660545408936457e-06	0.0014285526089707575	0.0	(0.0014285526089707575+0j)
0.04035510628151127	0.0016285346029920702	6.472704046345257e-06	0.0016338137848602567	0.0	(0.0016338137848602567+0j)
0.043110820446164204	0.0018585428395414096	7.385753003852358e-06	0.001864647092755746	0.0	(0.001864647092755746+0j)
0.046008636393517745	0.0021167946227909256	8.410585019547057e-06	0.002123832370193462	0.0	(0.002123832370193462+0j)
0.049054335270878616	0.002406327808867766	9.559133050451862e-06	0.00241441960474308	0.0	(0.00241441960474308+0j)
0.05225393642987957	0.0027304738724178955	1.084446101931036e-05	0.0027397535845719886	0.0	(0.0027397535845719886+0j)
0.05561370964374471	0.003092884700338743	1.2280861970648261e-05	0.003103500795320801	0.0	(0.003103500795320801+0j)
0.059140188002125955	0.0034975618369268028	1.3883964166616637e-05	0.0035096787763049557	0.0	(0.0035096787763049557+0j)
0.06284018152711322	0.003948888414360542	1.5670845686699408e-05	0.003962688170539286	0.0	(0.003962688170539286+0j)
0.06672079155709584	0.004451664026005432	1.7660158111176828e-05	0.004467347726379951	0.0	(0.004467347726379951+0j)
0.07078942594847114	0.005011142826114079	1.987225988453467e-05	0.0050289325348121215	0.0	(0.0050289325348121215+0j)
0.07505381514877553	0.005633075168386567	2.232935996961949e-05	0.005653215815274467	0.0	(0.005653215815274467+0j)
0.0795220291986808	0.006323753127875842	2.5055672402363172e-05	0.0063465145947298055	0.0	(0.0063465145947298055+0j)
0.08420249572447475	0.007090060286230188	2.80775823560564e-05	0.007115739660402047	0.0	(0.007115739660402047+0j)
0.08910401898715839	0.007939526199663883	3.142382430176838e-05	0.007968450205680915	0.0	(0.007968450205680915+0j)
0.09423580005917682	0.00888038601279315	3.512567282122348e-05	0.008912913632487246	0.0	(0.008912913632487246+0j)
0.09960745820508124	0.009921645730077006	3.921714657288966e-05	0.009958171021986664	0.0	(0.009958171021986664+0j)
0.10522905354813994	0.011073153710637303	4.3735225836538666e-05	0.01111410883919689	0.0	(0.01111410883919689+0j)
0.1111111111111111	0.012345679012345678	4.8720083952757955e-05	0.012391537497362186	0.0	(0.012391537497362186+0j)
0.117264646326104	0.013750997277986258	5.421533283089808e-05	0.013802277474499415	0.0	(0.013802277474499415+0j)
0.12370119211573812	0.01530198493085475	6.026828251013417e-05	0.015359253749139299	0.0	(0.015359253749139299+0j)
0.13043282765570904	0.017012722530263896	6.693021451584791e-05	0.01707659940493516	0.0	(0.01707659940493516+0j)
0.13747220893745052	0.01889860823014205	7.425666844644852e-05	0.018969769346881715	0.0	(0.018969769346881715+0j)
0.14483260125889905	0.020976482387419247	8.230774084104775e-05	0.021055665174679838	0.0	(0.021055665174679838+0j)
0.152527913781502	0.023264764482537306	9.114839490109716e-05	0.02335277237471709	0.0	(0.02335277237471709+0j)
0.16057273630262453	0.025783603643712193	0.00010084877905374157	0.025881311120907167	0.0	(0.025881311120907167+0j)
0.16898237840451125	0.02855504421124543	0.00011148455162970362	0.028663402119344053	0.0	(0.028663402119344053+0j)
0.1777729111540156	0.03160320794017353	0.00012313720806549357	0.031723249092632834	0.0	(0.031723249092632834+0j)
0.1869612115415512	0.03495449462108466	0.0001358944060016576	0.03508733968193256	0.0	(0.03508733968193256+0j)
0.19656500986324205	0.03863780310253644	0.0001498502824118897	0.03878466674744375	0.0	(0.03878466674744375+0j)
0.20660294026719475	0.04268477492705004	0.0001651057554323876	0.04284697227368403	0.0	(0.04284697227368403+0j)
0.2170945947033171	0.04713006304939752	0.00018176880183818912	0.04730901634501223	0.0	(0.04730901634501223+0j)
0.22806058053632985	0.05201162839456779	0.00019995469910288335	0.052208873939642124	0.0	(0.052208873939642124+0j)
0.2395225821037321	0.05737106733763908	0.0002197862186516686	0.05758826261515755	0.0	(0.05758826261515755+0j)
0.25150342652467966	0.06325397355365495	0.00024139375424954147	0.06349290452027725	0.0	(0.06349290452027725+0j)
0.26402715409224337	0.06971033809804922	0.00026491536643679926	0.06997292657624034	0.0	(0.06997292657624034+0j)
0.27711909361055953	0.07679499204353805	0.0002904967205252185	0.0770833031305734	0.0	(0.0770833031305734+0j)
0.29080594307025415	0.0845680965249799	0.0003182908919061839	0.08488434590665865	0.0	(0.08488434590665865+0j)
0.30511585609049147	0.09309568563783349	0.0003484580083286115	0.0934422466600478	0.0	(0.0934422466600478+0j)
0.3200785345944261	0.10245026830811522	0.0003811646944420738	0.10282967862253957	0.0	(0.10282967862253957+0j)
0.3357253282270783	0.11271149601317945	0.00041658327937753873	0.113126463554287	0.0	(0.113126463554287+0j)
0.35208934107114	0.12396690409590955	0.0004548907236211153	0.12442031210809229	0.0	(0.12442031210809229+0j)
0.3692055462674028	0.13631273539461133	0.000496267217168156	0.13680764616033825	0.0	(0.13680764616033825+0j)
0.38711090920292607	0.14985485602391607	0.0005408943972655997	0.15039451287986771	0.0	(0.15039451287986771+0j)
0.4058445199922993	0.16470977440777984	0.0005889531314174413	0.16529760158489876	0.0	(0.16529760158489876+0j)
0.4254477360460714	0.18100577610672763	0.0006406208103418077	0.1816453758485577	0.0	(0.1816453758485577+0j)
0.44596433559636334	0.19888418862390578	0.0006960680969935788	0.199579334996559	0.0	(0.199579334996559+0j)
0.4674406831336701	0.2185007922484722	0.0007554550825513832	0.21925542098902503	0.0	(0.21925542098902503+0j)
0.4899259078018587	0.24002739513547533	0.0008189268095524602	0.2408455888636824	0.0	(0.2408455888636824+0j)
0.5134720959014145	0.2636535932693914	0.0008866081374665589	0.26453956135373474	0.0	(0.26453956135373474+0j)
0.5381344987652963	0.2895887387613767	0.0009585979484032858	0.2905467911620189	0.0	(0.2905467911620189+0j)
0.5639717573986723	0.3180641431433469	0.0010349627218907836	0.3190986576017359	0.0	(0.3190986576017359+0j)
0.591046145414866	0.3493355460097709	0.0011157295492321133	0.35045092805865924	0.0	(0.35045092805865924+0j)
0.6194238319567661	0.383685883596004	0.001200878711055443	0.3848865190129431	0.0	(0.3848865190129431+0j)
0.6491751664677271	0.4214283967584012	0.0012903360069701037	0.42271859632393755	0.0	(0.42271859632393755+0j)
0.6803749873708325	0.46291012343986043	0.001383965103383934	0.46429406011517316	0.0	(0.46429406011517316+0j)
0.7131029569328535	0.5085158271863791	0.0014815602526805866	0.5099974661903144	0.0	(0.5099974661903144+0j)
0.7474439248322069	0.5586724207685737	0.0015828398301180346	0.5602554434374667	0.0	(0.5602554434374667+0j)
0.783488323222002	0.6138539526252244	0.0016874412272089138	0.6155416754415138	0.0	(0.6155416754415138+0j)
0.821332596383606	0.6745872338822354	0.0017949177217803877	0.6763825246181657	0.0	(0.6763825246181657+0j)
0.8610796684073763	0.741458195344557	0.001904738001382921	0.7433633889192933	0.0	(0.7433633889192933+0j)
0.9028394527202239	0.8151190773881535	0.0020162890305081616	0.8171358946869189	0.0	(0.8171358946869189+0j)
0.946729407710138	0.8962965714231887	0.002128882902658796	0.8984260449798279	0.0	(0.8984260449798279+0j)
0.9928751431821456	0.9858010499489662	0.0022417681844349997	0.9880434609153543	0.0	(0.9880434609153543+0j)
1.0414110829259533	1.084537043641007	0.0023541460220974763	1.086891874754367	0.0	(1.086891874754367+0j)
1.0924811892911694	1.193515148955048	0.0024651909313518094	1.1959810581771566	0.0	(1.1959810581771566+0j)
1.146239756361531	1.313865579063742	0.002574075733101256	1.3164403980393966	0.0	(1.3164403980393966+0j)
1.202852279106299	1.4468536053512178	0.002679999558520643	1.4495343657792676	0.0	(1.4495343657792676+0j)
1.2624964067782076	1.5938971771278856	0.0027822172809830507	1.5966801664956332	0.0	(1.5966801664956332+0j)
1.3253629898383261	1.756587054833187	0.002880068224980843	1.759467900816522	0.0	(1.759467900816522+0j)
1.39165723083669	1.936709848140044	0.0029730016622119652	1.9396836284783978	0.0	(1.9396836284783978+0j)
1.4615999509842248	2.136274416717088	0.0030605965491806875	2.1393357888176943	0.0	(2.1393357888176943+0j)
1.5354289856404248	2.357542169944784	0.0031425732854461694	2.3606855122461017	0.0	(2.3606855122461017+0j)
1.6134007236404333	2.603061895043474	0.0032187960168818955	2.606281450687838	0.0	(2.606281450687838+0j)
1.695791807327491	2.875709853799038	0.0032892651218584985	2.878999866795727	0.0	(2.878999866795727+0j)
1.7829010123805906	3.178736019947735	0.0033541008367912444	3.182090854971679	0.0	(3.182090854971679+0j)
1.8750513290776138	3.515817486675726	0.003413520240161265	3.519231725854052	0.0	(3.519231725854052+0j)
1.9725922695643299	3.8911202619449536	0.0034678107195254045	3.8945887751183945	0.0	(3.8945887751183945+0j)
2.075902429071858	4.309370895026441	0.0035173033456250232	4.312888883390599	0.0	(4.312888883390599+0j)
2.1853923329131555	4.775939648755604	0.00356234917571535	4.779502664807222	0.0	(4.779502664807222+0j)
2.3015076055802877	5.296937258543909	0.0036033005209904407	5.300541207303219	0.0	(5.300541207303219+0j)
2.4247325034618408	5.879327713344326	0.003640497945661193	5.882968840577052	0.0	(5.882968840577052+0j)
2.5555938587270473	6.531059970763399	0.003674262599659377	6.534734843540825	0.0	(6.534734843540825+0j)
2.6946654889263955	7.26122209721093	0.0037048927265651097	7.264927580979255	0.0	(7.264927580979255+0j)
2.842573135012568	8.080222027895179	0.0037326629421086514	8.08395526282931	0.0	(8.08395526282931+0j)
2.9999999999999973	8.999999999999984	0.003757825048591871	9.003758378171675	0.0	(9.003758378171675+0j)
3.1676929716073188	10.034278762370406	0.003780609523454226	10.038059906407872	0.0	(10.038059906407872+0j)
3.3464696252667663	11.198858952833092	0.003801227194156487	11.20266069625851	0.0	(11.20266069625851+0j)
3.537226119203227	12.51196861837352	0.0038198708776182723	12.515788987580475	0.0	(12.515788987580475+0j)
3.7409461113238116	13.994677807828747	0.0038367169077430196	13.998515005590429	0.0	(13.998515005590429+0j)
3.958710848952246	15.671391585612211	0.0038519265363929156	15.675243975990002	0.0	(15.675243975990002+0j)
4.191710607642078	17.570437818219116	0.003865647213263028	17.574303912754072	0.0	(17.574303912754072+0j)
4.441257685203385	19.72476982637813	0.0038780137545384786	19.72864827145185	0.0	(19.72864827145185+0j)
4.708801192652311	22.17280867192383	0.003889149410274385	22.176698237189058	0.0	(22.176698237189058+0j)
4.995943926236034	24.95945571409472	0.0038991668396410315	24.96335528187501	0.0	(24.96335528187501+0j)
5.30446165546979	28.137313454349307	0.003908169002325206	28.141222009890317	0.0	(28.141222009890317+0j)
5.636325223067443	31.76816202018626	0.003916249973596781	31.77207864260357	0.0	(31.77207864260357+0j)
5.993725926010504	35.92475047613048	0.003923495689844261	35.928674329884885	0.0	(35.928674329884885+0j)
6.379104735595156	40.692977227692545	0.003929984630747294	40.696907554503724	0.0	(40.696907554503724+0j)
6.795186021636264	46.17455306864087	0.003935788443680794	46.1784891799499	0.0	(46.1784891799499+0j)
7.245016576502953	52.490265193802564	0.003940972515428037	52.494206464143616	0.0	(52.494206464143616+0j)
7.732010893868104	59.783992462895036	0.003945596495813014	59.7879383246083	0.0	(59.7879383246083+0j)
8.260003852004482	68.22766363512889	0.0039497147774403656	68.23161357460783	0.0	(68.23161357460783+0j)
8.833312191087042	78.02740426520697	0.003953376935349809	78.03135782035517	0.0	(78.03135782035517+0j)
9.456806469667123	89.43118860473795	0.003956628130046968	89.43514536279925	0.0	(89.43514536279925+0j)
10.135995551894553	102.73840582802616	0.003959509477060333	102.74236542276282	0.0	(102.74236542276282+0j)
10.877126133024653	118.31187291372784	0.003962058385891367	118.3158350211948	0.0	(118.3158350211948+0j)
11.687300380670402	136.59299018801852	0.0039643088709686745	136.596954520901	0.0	(136.596954520901+0j)
12.57461548493147	158.12095459387834	0.003966291836984985	158.12492089530835	0.0	(158.12492089530835+0j)
13.548329813570865	183.55724073729314	0.003968035340785123	183.56120877560997	0.0	(183.56120877560997+0j)
14.619061513616193	213.7169595388942	0.0039695648317820955	213.72092910439858	0.0	(213.72092910439858+0j)
15.799026860736173	249.60924974626312	0.003970903372704922	249.6132206497381	0.0	(249.6132206497381+0j)
17.102327529253973	292.4896069178783	0.00397207184232426	292.49357898972863	0.0	(292.49357898972863+0j)
18.545298368552277	343.92809157862774	0.003973089121658657	343.9320646677503	0.0	(343.9320646677503+0j)
20.14693040131219	405.89880459531736	0.003973972265034017	405.90277856758183	0.0	(405.90277856758183+0j)
21.929387844185747	480.89805122072164	0.003974736657250404	480.9020259573769	0.0	(480.9020259573769+0j)
23.918643319342358	572.1014982379209	0.003975396158002423	572.1054736340777	0.0	(572.1054736340777+0j)
26.14526252799216	683.5747526576309	0.0039759632346012645	683.5787286208646	0.0	(683.5787286208646+0j)
28.64537912446167	820.5577451841444	0.00397644908395694	820.5617216332283	0.0	(820.5617216332283+0j)
31.461913247165306	989.8519851721558	0.003976863744697712	989.8559620358983	0.0	(989.8559620358983+0j)
34.64610438705312	1200.3525491985815	0.0039772162002293075	1200.3565264147817	0.0	(1200.3565264147817+0j)
38.25945280426815	1463.785728882022	0.003977514473468596	1463.789706396497	0.0	(1463.789706396497+0j)
42.376196144271574	1795.7419996577771	0.003977765713924456	1795.7459774234899	0.0	(1795.7459774234899+0j)
47.08649306653929	2217.1378293052526	0.003977976277741915	2217.1418072815304	0.0	(2217.1418072815304+0j)
52.50054922355529	2756.3076687749517	0.003978151801273907	2756.311646926753	0.0	(2756.311646926753+0j)
58.754011270063216	3452.0338403227156	0.00397829726869768	3452.037818619987	0.0	(3452.037818619987+0j)
66.01508458138542	4357.991392287471	0.003978417074149587	4357.995370704553	0.0	(4357.995370704553+0j)
74.494019787306	5549.358984071538	0.003978515078812359	5549.362962586636	0.0	(5549.362962586636+0j)
84.4558929953336	7132.797861639239	0.00397859466335264	7132.8018402339	0.0	(7132.8018402339+0j)
96.23802379441496	9261.75722385438	0.003978658776073322	9261.761202513142	0.0	(9261.761202513142+0j)
110.27401318935443	12160.357984885915	0.003978709977114633	12160.361963595893	0.0	(12160.361963595893+0j)
127.12737129116371	16161.368531401395	0.003978750479009959	16161.372510151874	0.0	(16161.372510151874+0j)
147.53926170486494	21767.833744416628	0.003978782183876615	21767.837723198812	0.0	(21767.837723198812+0j)
172.49739387007384	29755.350891967388	0.003978806717498087	29755.354870774107	0.0	(29755.354870774107+0j)
203.33721107049217	41346.02140592589	0.003978825460532554	41346.025384751345	0.0	(41346.025384751345+0j)
241.89345215900826	58512.44219740242	0.003978839577062324	58512.446176242	0.0	(58512.446176242+0j)
290.732144905761	84525.18008150441	0.003978850040680405	84525.18406035446	0.0	(84525.18406035446+0j)
353.51441291600565	124972.44013934814	0.00397885765829327	124972.44411820579	0.0	(124972.44411820579+0j)
435.5826956730059	189732.28476976248	0.003978863091803094	189732.28874862558	0.0	(189732.28874862558+0j)
544.9348050674845	296953.9417739373	0.003978866877818075	296953.94575280417	0.0	(296953.94575280417+0j)
693.9000596638814	481497.29280153813	0.00397886944552589	481497.2967804076	0.0	(481497.2967804076+0j)
902.1421224679432	813860.4091309654	0.0039788711328526535	813860.4131098365	0.0	(813860.4131098365+0j)
1202.2970203207008	1445518.1250720355	0.003978872201018004	1445518.1290509077	0.0	(1445518.1290509077+0j)
1651.1612699663262	2726333.539436811	0.0039788728475859386	2726333.543415684	0.0	(2726333.543415684+0j)
2353.417045125024	5538571.788284998	0.003978873218100669	5538571.792263872	0.0	(5538571.792263872+0j)
3516.197255818686	12363643.141826857	0.0039788734163871435	12363643.14580573	0.0	(12363643.14580573+0j)
5588.031222884966	31226092.94793725	0.003978873513586666	31226092.951916125	0.0	(31226092.951916125+0j)
9662.612764718197	93366085.44089504	0.003978873555989467	93366085.44487391	0.0	(93366085.44487391+0j)
18882.672722805288	356555329.15657485	0.003978873571717782	356555329.1605537	0.0	(356555329.1605537+0j)
44778.073711307276	2005075885.2952678	0.003978873576305184	2005075885.2992468	0.0	(2005075885.2992468+0j)
151172.1627947616	22853022804.045902	0.003978873577210331	22853022804.04988	0.0	(22853022804.04988+0j)
1209598.9185262648	1463129543699.9094	0.0039788735772960234	1463129543699.9133	0.0	(1463129543699.9133+0j)
