-1.0	-1.0	-0.022586777799217996	-1.0226562741234955	0.0	(-1.0226562741234955+0j)
-0.9966666666666667	-0.9933444444444445	-0.022507842411032278	-1.0159105534606698	0.0	(-1.0159105534606698+0j)
-0.9933333333333334	-0.9867111111111112	-0.022428598547622	-1.0091918844901762	0.0	(-1.0091918844901762+0j)
-0.9900000000000001	-0.9801000000000002	-0.022349046922263586	-1.0024969793750917	0.0	(-1.0024969793750917+0j)
-0.9866666666666667	-0.9735111111111112	-0.022269188281160986	-0.9958249522980199	0.0	(-0.9958249522980199+0j)
-0.9833333333333334	-0.9669444444444446	-0.022189023403733583	-0.9891754351899773	0.0	(-0.9891754351899773+0j)
-0.9800000000000001	-0.9604000000000001	-0.02210855310290212	-0.9825482394411671	0.0	(-0.9825482394411671+0j)
-0.9766666666666667	-0.9538777777777778	-0.02202777822537269	-0.9759432554355072	0.0	(-0.9759432554355072+0j)
-0.9733333333333334	-0.9473777777777779	-0.021946699651918575	-0.9693604138731517	0.0	(-0.9693604138731517+0j)
-0.9700000000000001	-0.9409000000000002	-0.02186531829765992	-0.9627996682341818	0.0	(-0.9627996682341818+0j)
-0.9666666666666667	-0.9344444444444444	-0.021783635112341167	-0.9562609858680735	0.0	(-0.9562609858680735+0j)
-0.9633333333333334	-0.9280111111111112	-0.021701651080606146	-0.9497443430672708	0.0	(-0.9497443430672708+0j)
-0.9600000000000001	-0.9216000000000002	-0.021619367222270713	-0.9432497221598539	0.0	(-0.9432497221598539+0j)
-0.9566666666666668	-0.9152111111111113	-0.021536784592592905	-0.9367771097019535	0.0	(-0.9367771097019535+0j)
-0.9533333333333334	-0.9088444444444445	-0.02145390428254049	-0.93032649530517	0.0	(-0.93032649530517+0j)
-0.9500000000000001	-0.9025000000000001	-0.021370727419055855	-0.9238978708484061	0.0	(-0.9238978708484061+0j)
-0.9466666666666668	-0.896177777777778	-0.021287255165318066	-0.9174912299319521	0.0	(-0.9174912299319521+0j)
-0.9433333333333334	-0.8898777777777778	-0.02120348872100216	-0.9111065674895222	0.0	(-0.9111065674895222+0j)
-0.9400000000000001	-0.8836000000000002	-0.021119429322535455	-0.9047438795063616	0.0	(-0.9047438795063616+0j)
-0.9366666666666668	-0.8773444444444446	-0.02103507824335081	-0.8984031628102531	0.0	(-0.8984031628102531+0j)
-0.9333333333333333	-0.8711111111111112	-0.02095043679413684	-0.892084414914039	0.0	(-0.892084414914039+0j)
-0.93	-0.8649000000000001	-0.020865506323084863	-0.8857876338950312	0.0	(-0.8857876338950312+0j)
-0.9266666666666667	-0.8587111111111113	-0.020780288216132613	-0.8795128183013912	0.0	(-0.8795128183013912+0j)
-0.9233333333333333	-0.8525444444444444	-0.020694783897204548	-0.8732599670785877	0.0	(-0.8732599670785877+0j)
-0.92	-0.8464	-0.020608994828448707	-0.8670290795109974	0.0	(-0.8670290795109974+0j)
-0.9166666666666667	-0.8402777777777779	-0.02052292251047002	-0.8608201551749404	0.0	(-0.8608201551749404+0j)
-0.9133333333333334	-0.834177777777778	-0.020436568482559963	-0.8546331939007343	0.0	(-0.8546331939007343+0j)
-0.91	-0.8281000000000001	-0.020349934322922522	-0.8484681957416278	0.0	(-0.8484681957416278+0j)
-0.9066666666666667	-0.8220444444444446	-0.020263021648896304	-0.8423251609482513	0.0	(-0.8423251609482513+0j)
-0.9033333333333334	-0.8160111111111112	-0.02017583211717278	-0.8362040899474287	0.0	(-0.8362040899474287+0j)
-0.9	-0.81	-0.020088367424010486	-0.8301049833244931	0.0	(-0.8301049833244931+0j)
-0.8966666666666667	-0.8040111111111112	-0.020000629305445206	-0.8240278418084255	0.0	(-0.8240278418084255+0j)
-0.8933333333333334	-0.7980444444444446	-0.01991261953749595	-0.8179726662593405	0.0	(-0.8179726662593405+0j)
-0.89	-0.7921	-0.01982433993636667	-0.8119394576577921	0.0	(-0.8119394576577921+0j)
-0.8866666666666667	-0.7861777777777779	-0.019735792358643665	-0.8059282170957599	0.0	(-0.8059282170957599+0j)
-0.8833333333333334	-0.780277777777778	-0.019646978701488495	-0.7999389457687993	0.0	(-0.7999389457687993+0j)
-0.88	-0.7744	-0.019557900902826438	-0.7939716449693981	0.0	(-0.7939716449693981+0j)
-0.8766666666666667	-0.7685444444444445	-0.019468560941530298	-0.7880263160811727	0.0	(-0.7880263160811727+0j)
-0.8733333333333334	-0.7627111111111112	-0.019378960837599508	-0.7821029605738214	0.0	(-0.7821029605738214+0j)
-0.8700000000000001	-0.7569000000000002	-0.01928910265233448	-0.7762015799988292	0.0	(-0.7762015799988292+0j)
-0.8666666666666667	-0.7511111111111112	-0.019198988488506045	-0.7703221759855872	0.0	(-0.7703221759855872+0j)
-0.8633333333333334	-0.7453444444444446	-0.019108620490519958	-0.7644647502380961	0.0	(-0.7644647502380961+0j)
-0.8600000000000001	-0.7396000000000001	-0.019018000844576343	-0.7586293045320159	0.0	(-0.7586293045320159+0j)
-0.8566666666666667	-0.7338777777777779	-0.018927131778824005	-0.7528158407120751	0.0	(-0.7528158407120751+0j)
-0.8533333333333334	-0.7281777777777779	-0.01883601556350953	-0.747024360689831	0.0	(-0.747024360689831+0j)
-0.8500000000000001	-0.7225000000000001	-0.018744654511121023	-0.7412548664416121	0.0	(-0.7412548664416121+0j)
-0.8466666666666667	-0.7168444444444445	-0.01865305097652656	-0.735507360006722	0.0	(-0.735507360006722+0j)
-0.8433333333333334	-0.7112111111111112	-0.018561207357107055	-0.729781843485882	0.0	(-0.729781843485882+0j)
-0.8400000000000001	-0.7056000000000001	-0.018469126092883606	-0.7240783190397639	0.0	(-0.7240783190397639+0j)
-0.8366666666666667	-0.7000111111111111	-0.018376809666639203	-0.7183967888877534	0.0	(-0.7183967888877534+0j)
-0.8333333333333334	-0.6944444444444445	-0.018284260604034694	-0.7127372553067961	0.0	(-0.7127372553067961+0j)
-0.8300000000000001	-0.6889000000000001	-0.018191481473718903	-0.7070997206303803	0.0	(-0.7070997206303803+0j)
-0.8266666666666668	-0.683377777777778	-0.018098474887432915	-0.7014841872475979	0.0	(-0.7014841872475979+0j)
-0.8233333333333334	-0.6778777777777778	-0.0180052435001083	-0.6958906576023566	0.0	(-0.6958906576023566+0j)
-0.8200000000000001	-0.6724000000000001	-0.01791179000995937	-0.6903191341925781	0.0	(-0.6903191341925781+0j)
-0.8166666666666668	-0.6669444444444446	-0.01781811715856918	-0.6847696195695581	0.0	(-0.6847696195695581+0j)
-0.8133333333333334	-0.6615111111111112	-0.01772422773096939	-0.6792421163373231	0.0	(-0.6792421163373231+0j)
-0.81	-0.6561000000000001	-0.017630124555713788	-0.6737366271520812	0.0	(-0.6737366271520812+0j)
-0.8066666666666668	-0.6507111111111112	-0.017535810504945445	-0.6682531547217139	0.0	(-0.6682531547217139+0j)
-0.8033333333333333	-0.6453444444444445	-0.017441288494457374	-0.6627917018052828	0.0	(-0.6627917018052828+0j)
-0.8	-0.6400000000000001	-0.017346561483746685	-0.6573522712126119	0.0	(-0.6573522712126119+0j)
-0.7966666666666667	-0.6346777777777779	-0.01725163247606213	-0.6519348658038818	0.0	(-0.6519348658038818+0j)
-0.7933333333333333	-0.6293777777777778	-0.017156504518444908	-0.6465394884892728	0.0	(-0.6465394884892728+0j)
-0.79	-0.6241000000000001	-0.01706118070176276	-0.6411661422286123	0.0	(-0.6411661422286123+0j)
-0.7866666666666667	-0.6188444444444445	-0.016965664160737172	-0.6358148300310442	0.0	(-0.6358148300310442+0j)
-0.7833333333333334	-0.6136111111111112	-0.016869958073963718	-0.630485554954742	0.0	(-0.630485554954742+0j)
-0.78	-0.6084	-0.01677406566392538	-0.6251783201066388	0.0	(-0.6251783201066388+0j)
-0.7766666666666667	-0.6032111111111113	-0.016677990196998803	-0.6198931286421233	0.0	(-0.6198931286421233+0j)
-0.7733333333333334	-0.5980444444444446	-0.016581734983453465	-0.6146299837648265	0.0	(-0.6146299837648265+0j)
-0.77	-0.5929	-0.016485303377443618	-0.6093888887263669	0.0	(-0.6093888887263669+0j)
-0.7666666666666667	-0.5877777777777778	-0.016388698776992987	-0.6041698468260972	0.0	(-0.6041698468260972+0j)
-0.7633333333333334	-0.582677777777778	-0.01629192462397211	-0.5989728614109215	0.0	(-0.5989728614109215+0j)
-0.76	-0.5776	-0.01619498440406829	-0.5937979358750368	0.0	(-0.5937979358750368+0j)
-0.7566666666666667	-0.5725444444444445	-0.01609788164674816	-0.5886450736597594	0.0	(-0.5886450736597594+0j)
-0.7533333333333334	-0.5675111111111112	-0.016000619925212588	-0.5835142782532948	0.0	(-0.5835142782532948+0j)
-0.75	-0.5625	-0.015903202856344105	-0.5784055531905528	0.0	(-0.5784055531905528+0j)
-0.7466666666666667	-0.5575111111111112	-0.01580563410064668	-0.5733189020529261	0.0	(-0.5733189020529261+0j)
-0.7433333333333334	-0.5525444444444445	-0.015707917362177703	-0.5682543284681139	0.0	(-0.5682543284681139+0j)
-0.7400000000000001	-0.5476000000000002	-0.015610056388472337	-0.5632118361099188	0.0	(-0.5632118361099188+0j)
-0.7366666666666667	-0.5426777777777778	-0.015512054970459918	-0.5581914286980351	0.0	(-0.5581914286980351+0j)
-0.7333333333333334	-0.5377777777777779	-0.015413916942372614	-0.5531931099978767	0.0	(-0.5531931099978767+0j)
-0.7300000000000001	-0.5329000000000002	-0.015315646181646008	-0.5482168838203605	0.0	(-0.5482168838203605+0j)
-0.7266666666666667	-0.5280444444444444	-0.015217246608811854	-0.5432627540217009	0.0	(-0.5432627540217009+0j)
-0.7233333333333334	-0.5232111111111112	-0.015118722187382676	-0.5383307245032269	0.0	(-0.5383307245032269+0j)
-0.7200000000000001	-0.5184000000000001	-0.015020076923728375	-0.5334207992111629	0.0	(-0.5334207992111629+0j)
-0.7166666666666667	-0.5136111111111111	-0.014921314866944632	-0.5285329821364215	0.0	(-0.5285329821364215+0j)
-0.7133333333333334	-0.5088444444444445	-0.014822440108713232	-0.523667277314379	0.0	(-0.523667277314379+0j)
-0.7100000000000001	-0.5041000000000001	-0.01472345678315406	-0.5188236888246827	0.0	(-0.5188236888246827+0j)
-0.7066666666666667	-0.49937777777777775	-0.01462436906666892	-0.5140022207910087	0.0	(-0.5140022207910087+0j)
-0.7033333333333334	-0.4946777777777778	-0.014525181177777036	-0.5092028773808359	0.0	(-0.5092028773808359+0j)
-0.7000000000000001	-0.4900000000000001	-0.014425897376942172	-0.5044256628052253	0.0	(-0.5044256628052253+0j)
-0.6966666666666667	-0.4853444444444444	-0.014326521966391384	-0.49967058131856834	0.0	(-0.49967058131856834+0j)
-0.6933333333333334	-0.48071111111111114	-0.01422705928992542	-0.49493763721834316	0.0	(-0.49493763721834316+0j)
-0.6900000000000001	-0.4761000000000001	-0.014127513732720597	-0.49022683484488105	0.0	(-0.49022683484488105+0j)
-0.6866666666666668	-0.4715111111111112	-0.01402788972112217	-0.48553817858107856	0.0	(-0.48553817858107856+0j)
-0.6833333333333333	-0.46694444444444444	-0.013928191722429328	-0.48087167285216553	0.0	(-0.48087167285216553+0j)
-0.68	-0.4624000000000001	-0.013828424244671483	-0.4762273221254011	0.0	(-0.4762273221254011+0j)
-0.6766666666666667	-0.4578777777777779	-0.013728591836376074	-0.47160513090982364	0.0	(-0.47160513090982364+0j)
-0.6733333333333333	-0.45337777777777777	-0.01362869908632779	-0.46700510375593995	0.0	(-0.46700510375593995+0j)
-0.67	-0.4489000000000001	-0.013528750623319149	-0.4624272452554545	0.0	(-0.4624272452554545+0j)
-0.6666666666666667	-0.44444444444444453	-0.013428751115892382	-0.45787156004094043	0.0	(-0.45787156004094043+0j)
-0.6633333333333333	-0.44001111111111113	-0.013328705272072788	-0.4533380527855537	0.0	(-0.4533380527855537+0j)
-0.66	-0.43560000000000004	-0.01322861783909331	-0.4488267282026939	0.0	(-0.4488267282026939+0j)
-0.6566666666666667	-0.4312111111111112	-0.013128493603110428	-0.44433759104568127	0.0	(-0.44433759104568127+0j)
-0.6533333333333333	-0.4268444444444444	-0.013028337388911421	-0.43987064610743615	0.0	(-0.43987064610743615+0j)
-0.65	-0.42250000000000004	-0.012928154059612812	-0.4354258982201033	0.0	(-0.4354258982201033+0j)
-0.6466666666666667	-0.41817777777777787	-0.012827948516350187	-0.4310033522547169	0.0	(-0.4310033522547169+0j)
-0.6433333333333334	-0.4138777777777779	-0.012727725697959179	-0.42660301312084387	0.0	(-0.42660301312084387+0j)
-0.64	-0.4096	-0.012627490580647806	-0.4222248857661903	0.0	(-0.4222248857661903+0j)
-0.6366666666666667	-0.4053444444444445	-0.012527248177660062	-0.4178689751762273	0.0	(-0.4178689751762273+0j)
-0.6333333333333334	-0.4011111111111112	-0.012427003538930656	-0.4135352863737977	0.0	(-0.4135352863737977+0j)
-0.63	-0.39690000000000003	-0.01232676175073118	-0.4092238244187161	0.0	(-0.4092238244187161+0j)
-0.6266666666666667	-0.3927111111111112	-0.012226527935307412	-0.4049345944073592	0.0	(-0.4049345944073592+0j)
-0.6233333333333334	-0.3885444444444445	-0.012126307250507933	-0.4006676014722295	0.0	(-0.4006676014722295+0j)
-0.62	-0.3844	-0.012026104889404032	-0.3964228507815449	0.0	(-0.3964228507815449+0j)
-0.6166666666666667	-0.3802777777777778	-0.011925926079900912	-0.3922003475387795	0.0	(-0.3922003475387795+0j)
-0.6133333333333334	-0.37617777777777783	-0.011825776084340135	-0.3880000969822187	0.0	(-0.3880000969822187+0j)
-0.61	-0.3721	-0.011725660199093456	-0.38382210438448566	0.0	(-0.38382210438448566+0j)
-0.6066666666666667	-0.36804444444444445	-0.011625583754147937	-0.37966637505209194	0.0	(-0.37966637505209194+0j)
-0.6033333333333334	-0.3640111111111112	-0.011525552112682445	-0.3755329143249369	0.0	(-0.3755329143249369+0j)
-0.6000000000000001	-0.3600000000000001	-0.011425570670635512	-0.3714217275758056	0.0	(-0.3714217275758056+0j)
-0.5966666666666667	-0.3560111111111111	-0.01132564485626459	-0.36733282020990105	0.0	(-0.36733282020990105+0j)
-0.5933333333333334	-0.3520444444444445	-0.011225780129696723	-0.3632661976642849	0.0	(-0.3632661976642849+0j)
-0.5900000000000001	-0.3481000000000001	-0.011125981982470699	-0.35922186540738626	0.0	(-0.35922186540738626+0j)
-0.5866666666666667	-0.3441777777777778	-0.011026255937070656	-0.3551998289384526	0.0	(-0.3551998289384526+0j)
-0.5833333333333334	-0.34027777777777785	-0.010926607546451209	-0.35120009378701206	0.0	(-0.35120009378701206+0j)
-0.5800000000000001	-0.3364000000000001	-0.01082704239355415	-0.3472226655123078	0.0	(-0.3472226655123078+0j)
-0.5766666666666667	-0.3325444444444444	-0.010727566090816702	-0.3432675497027475	0.0	(-0.3432675497027475+0j)
-0.5733333333333334	-0.3287111111111111	-0.010628184279671458	-0.3393347519753167	0.0	(-0.3393347519753167+0j)
-0.5700000000000001	-0.3249000000000001	-0.010528902630037903	-0.3354242779749922	0.0	(-0.3354242779749922+0j)
-0.5666666666666667	-0.32111111111111107	-0.010429726839805774	-0.3315361333741572	0.0	(-0.3315361333741572+0j)
-0.5633333333333334	-0.3173444444444445	-0.010330662634310067	-0.32767032387198214	0.0	(-0.32767032387198214+0j)
-0.56	-0.31360000000000005	-0.010231715765797934	-0.3238268551938265	0.0	(-0.3238268551938265+0j)
-0.5566666666666668	-0.30987777777777786	-0.01013289201288746	-0.3200057330905791	0.0	(-0.3200057330905791+0j)
-0.5533333333333333	-0.30617777777777777	-0.010034197180018224	-0.3162069633380752	0.0	(-0.3162069633380752+0j)
-0.55	-0.30250000000000005	-0.009935637096894087	-0.31243055173640727	0.0	(-0.31243055173640727+0j)
-0.5466666666666667	-0.2988444444444445	-0.009837217617917726	-0.3086765041092924	0.0	(-0.3086765041092924+0j)
-0.5433333333333333	-0.2952111111111111	-0.009738944621617542	-0.3049448263034025	0.0	(-0.3049448263034025+0j)
-0.54	-0.2916	-0.00964082401006651	-0.3012355241876951	0.0	(-0.3012355241876951+0j)
-0.5366666666666667	-0.28801111111111116	-0.009542861708293424	-0.2975486036527344	0.0	(-0.2975486036527344+0j)
-0.5333333333333333	-0.28444444444444444	-0.009445063663686325	-0.2938840706099937	0.0	(-0.2938840706099937+0j)
-0.53	-0.28090000000000004	-0.009347435845388372	-0.2902419309911667	0.0	(-0.2902419309911667+0j)
-0.5266666666666667	-0.27737777777777783	-0.009249984243686109	-0.286622190747451	0.0	(-0.286622190747451+0j)
-0.5233333333333333	-0.2738777777777778	-0.009152714869390323	-0.2830248558488465	0.0	(-0.2830248558488465+0j)
-0.52	-0.27040000000000003	-0.009055633753209412	-0.27944993228342	0.0	(-0.27944993228342+0j)
-0.5166666666666667	-0.2669444444444445	-0.008958746945115482	-0.2758974260565833	0.0	(-0.2758974260565833+0j)
-0.5133333333333334	-0.2635111111111112	-0.008862060513703245	-0.2723673431903506	0.0	(-0.2723673431903506+0j)
-0.51	-0.2601	-0.008765580545541635	-0.26885968972259866	0.0	(-0.26885968972259866+0j)
-0.5066666666666667	-0.25671111111111117	-0.008669313144518548	-0.26537447170630757	0.0	(-0.26537447170630757+0j)
-0.5033333333333334	-0.25334444444444454	-0.00857326443117843	-0.26191169520881313	0.0	(-0.26191169520881313+0j)
-0.5	-0.25	-0.00847744054205312	-0.25847136631103285	0.0	(-0.25847136631103285+0j)
-0.4966666666666667	-0.2466777777777778	-0.008381847628985813	-0.2550534911066954	0.0	(-0.2550534911066954+0j)
-0.49333333333333335	-0.2433777777777778	-0.008286491858448382	-0.25165807570156884	0.0	(-0.25165807570156884+0j)
-0.49000000000000005	-0.24010000000000004	-0.008191379410852094	-0.2482851262126739	0.0	(-0.2482851262126739+0j)
-0.4866666666666667	-0.23684444444444447	-0.008096516479851879	-0.244934648767494	0.0	(-0.244934648767494+0j)
-0.48333333333333334	-0.2336111111111111	-0.008001909271644111	-0.2416066495031881	0.0	(-0.2416066495031881+0j)
-0.48000000000000004	-0.23040000000000005	-0.007907564004258273	-0.2383011345657872	0.0	(-0.2383011345657872+0j)
-0.4766666666666667	-0.2272111111111111	-0.007813486906842242	-0.23501811010938983	0.0	(-0.23501811010938983+0j)
-0.4733333333333334	-0.2240444444444445	-0.007719684218941786	-0.23175758229536444	0.0	(-0.23175758229536444+0j)
-0.47000000000000003	-0.22090000000000004	-0.007626162189773807	-0.22851955729151968	0.0	(-0.22851955729151968+0j)
-0.4666666666666667	-0.2177777777777778	-0.007532927077493992	-0.22530404127131065	0.0	(-0.22530404127131065+0j)
-0.4633333333333334	-0.21467777777777783	-0.0074399851484587	-0.22211104041300775	0.0	(-0.22211104041300775+0j)
-0.46	-0.2116	-0.007347342676481107	-0.2189405608988736	0.0	(-0.2189405608988736+0j)
-0.4566666666666667	-0.2085444444444445	-0.007255005942082095	-0.21579260891434163	0.0	(-0.21579260891434163+0j)
-0.45333333333333337	-0.20551111111111114	-0.0071629812317356364	-0.21266719064718545	0.0	(-0.21266719064718545+0j)
-0.45	-0.2025	-0.0070712748371090164	-0.20956431228668998	0.0	(-0.20956431228668998+0j)
-0.4466666666666667	-0.19951111111111114	-0.006979893054297935	-0.2064839800228193	0.0	(-0.2064839800228193+0j)
-0.44333333333333336	-0.19654444444444447	-0.0068888421830566385	-0.20342620004537454	0.0	(-0.20342620004537454+0j)
-0.44	-0.1936	-0.006798128526023281	-0.2003909785431669	0.0	(-0.2003909785431669+0j)
-0.4366666666666667	-0.1906777777777778	-0.006707758387940424	-0.19737832170316721	0.0	(-0.19737832170316721+0j)
-0.43333333333333335	-0.1877777777777778	-0.006617738074871191	-0.194388235709676	0.0	(-0.194388235709676+0j)
-0.43000000000000005	-0.18490000000000004	-0.006528073893410785	-0.191420726743477	0.0	(-0.191420726743477+0j)
-0.4266666666666667	-0.18204444444444448	-0.006438772149893829	-0.1884758009809912	0.0	(-0.1884758009809912+0j)
-0.42333333333333334	-0.17921111111111113	-0.006349839149597469	-0.18555346459344157	0.0	(-0.18555346459344157+0j)
-0.42000000000000004	-0.17640000000000003	-0.006261281195940646	-0.1826537237460013	0.0	(-0.1826537237460013+0j)
-0.4166666666666667	-0.17361111111111113	-0.00617310458967929	-0.17977658459695783	0.0	(-0.17977658459695783+0j)
-0.4133333333333334	-0.1708444444444445	-0.006085315628097845	-0.17692205329685495	0.0	(-0.17692205329685495+0j)
-0.41000000000000003	-0.16810000000000003	-0.005997920604197418	-0.1740901359876651	0.0	(-0.1740901359876651+0j)
-0.4066666666666667	-0.1653777777777778	-0.005910925805880166	-0.17128083880193595	0.0	(-0.17128083880193595+0j)
-0.4033333333333334	-0.1626777777777778	-0.005824337515130798	-0.168494167861948	0.0	(-0.168494167861948+0j)
-0.4	-0.16000000000000003	-0.005738162007194569	-0.16573012927887465	0.0	(-0.16573012927887465+0j)
-0.39666666666666667	-0.15734444444444445	-0.005652405549752673	-0.16298872915193982	0.0	(-0.16298872915193982+0j)
-0.39333333333333337	-0.15471111111111113	-0.005567074402094543	-0.1602699735675797	0.0	(-0.1602699735675797+0j)
-0.39	-0.1521	-0.005482174814287671	-0.1575738685985993	0.0	(-0.1575738685985993+0j)
-0.3866666666666667	-0.14951111111111115	-0.005397713026344925	-0.1549004203033479	0.0	(-0.1549004203033479+0j)
-0.38333333333333336	-0.14694444444444446	-0.005313695267389396	-0.15224963472487538	0.0	(-0.15224963472487538+0j)
-0.38	-0.1444	-0.005230127754817307	-0.149621517890102	0.0	(-0.149621517890102+0j)
-0.3766666666666667	-0.1418777777777778	-0.00514701669345867	-0.14701607580899986	0.0	(-0.14701607580899986+0j)
-0.37333333333333335	-0.1393777777777778	-0.005064368274736289	-0.14443331447375565	0.0	(-0.14443331447375565+0j)
-0.37000000000000005	-0.13690000000000005	-0.0049821886758229655	-0.14187323985796213	0.0	(-0.14187323985796213+0j)
-0.3666666666666667	-0.13444444444444448	-0.004900484058797325	-0.13933585791579478	0.0	(-0.13933585791579478+0j)
-0.36333333333333334	-0.1320111111111111	-0.004819260569798131	-0.1368211745812017	0.0	(-0.1368211745812017+0j)
-0.36000000000000004	-0.12960000000000002	-0.004738524338177563	-0.13432919576709942	0.0	(-0.13432919576709942+0j)
-0.3566666666666667	-0.12721111111111114	-0.004658281475653461	-0.1318599273645679	0.0	(-0.1318599273645679+0j)
-0.35333333333333333	-0.12484444444444444	-0.004578538075460645	-0.1294133752420627	0.0	(-0.1294133752420627+0j)
-0.35000000000000003	-0.12250000000000003	-0.004499300211501828	-0.1269895452446202	0.0	(-0.1269895452446202+0j)
-0.3466666666666667	-0.12017777777777779	-0.0044205739374975905	-0.12458844319308254	0.0	(-0.12458844319308254+0j)
-0.3433333333333334	-0.1178777777777778	-0.004342365286136629	-0.12221007488332056	0.0	(-0.12221007488332056+0j)
-0.34	-0.11560000000000002	-0.004264680268225296	-0.119854446085474	0.0	(-0.119854446085474+0j)
-0.33666666666666667	-0.11334444444444444	-0.004187524871837656	-0.11752156254319196	0.0	(-0.11752156254319196+0j)
-0.33333333333333337	-0.11111111111111113	-0.004110905061465331	-0.11521142997289081	0.0	(-0.11521142997289081+0j)
-0.33	-0.10890000000000001	-0.004034826777168099	-0.11292405406301577	0.0	(-0.11292405406301577+0j)
-0.32666666666666666	-0.1067111111111111	-0.003959295933724849	-0.11065944047331897	0.0	(-0.11065944047331897+0j)
-0.32333333333333336	-0.10454444444444447	-0.0038843184197853986	-0.10841759483414631	0.0	(-0.10841759483414631+0j)
-0.32	-0.1024	-0.003809900097023061	-0.10619852274573441	0.0	(-0.10619852274573441+0j)
-0.3166666666666667	-0.1002777777777778	-0.003736046799288517	-0.10400222977752488	0.0	(-0.10400222977752488+0j)
-0.31333333333333335	-0.0981777777777778	-0.003662764331764906	-0.10182872146748818	0.0	(-0.10182872146748818+0j)
-0.31	-0.0961	-0.003590058470124363	-0.09967800332146554	0.0	(-0.09967800332146554+0j)
-0.3066666666666667	-0.09404444444444446	-0.003517934959686164	-0.09755008081251838	0.0	(-0.09755008081251838+0j)
-0.30333333333333334	-0.09201111111111111	-0.0034463995145768145	-0.0954449593803002	0.0	(-0.0954449593803002+0j)
-0.30000000000000004	-0.09000000000000002	-0.003375457816891969	-0.09336264443044033	0.0	(-0.09336264443044033+0j)
-0.2966666666666667	-0.08801111111111112	-0.003305115515860768	-0.09130314133394182	0.0	(-0.09130314133394182+0j)
-0.29333333333333333	-0.08604444444444445	-0.0032353782270123366	-0.08926645542659906	0.0	(-0.08926645542659906+0j)
-0.29000000000000004	-0.08410000000000002	-0.0031662515313450046	-0.08725259200843068	0.0	(-0.08725259200843068+0j)
-0.2866666666666667	-0.08217777777777778	-0.003097740974498081	-0.08526155634312513	0.0	(-0.08526155634312513+0j)
-0.2833333333333333	-0.08027777777777777	-0.0030298520659267636	-0.08329335365750941	0.0	(-0.08329335365750941+0j)
-0.28	-0.07840000000000001	-0.0029625902780798796	-0.0813479891410294	0.0	(-0.0813479891410294+0j)
-0.27666666666666667	-0.07654444444444444	-0.0028959610455812357	-0.07942546794524702	0.0	(-0.07942546794524702+0j)
-0.2733333333333334	-0.07471111111111113	-0.002829969764414131	-0.07752579518335481	0.0	(-0.07752579518335481+0j)
-0.27	-0.0729	-0.002764621791109645	-0.07564897592970386	0.0	(-0.07564897592970386+0j)
-0.26666666666666666	-0.07111111111111111	-0.0026999224419387846	-0.07379501521935009	0.0	(-0.07379501521935009+0j)
-0.26333333333333336	-0.06934444444444446	-0.002635876992108571	-0.07196391804760821	0.0	(-0.07196391804760821+0j)
-0.26	-0.06760000000000001	-0.00257249067496218	-0.0701556893696244	0.0	(-0.0701556893696244+0j)
-0.2566666666666667	-0.0658777777777778	-0.0025097686811840214	-0.06837033409995623	0.0	(-0.06837033409995623+0j)
-0.25333333333333335	-0.06417777777777779	-0.0024477161580083173	-0.06660785711216191	0.0	(-0.06660785711216191+0j)
-0.25	-0.0625	-0.002386338208433536	-0.06486826323840336	0.0	(-0.06486826323840336+0j)
-0.24666666666666667	-0.06084444444444445	-0.0023256398904409337	-0.0631515572690466	0.0	(-0.0631515572690466+0j)
-0.24333333333333335	-0.05921111111111112	-0.0022656262162186747	-0.06145774395226753	0.0	(-0.06145774395226753+0j)
-0.24000000000000002	-0.05760000000000001	-0.0022063021513907266	-0.05978682799366174	0.0	(-0.05978682799366174+0j)
-0.2366666666666667	-0.05601111111111112	-0.0021476726142515834	-0.05813881405584635	0.0	(-0.05813881405584635+0j)
-0.23333333333333334	-0.05444444444444445	-0.002089742475006484	-0.056513706758056864	0.0	(-0.056513706758056864+0j)
-0.23	-0.0529	-0.002032516555017294	-0.054911510675731516	0.0	(-0.054911510675731516+0j)
-0.22666666666666668	-0.051377777777777786	-0.001975999626054492	-0.05333223034008003	0.0	(-0.05333223034008003+0j)
-0.22333333333333336	-0.049877777777777785	-0.0019201964095553747	-0.0517758702376316	0.0	(-0.0517758702376316+0j)
-0.22	-0.0484	-0.0018651115758879233	-0.05024243480975155	0.0	(-0.05024243480975155+0j)
-0.21666666666666667	-0.04694444444444445	-0.0018107497436222753	-0.04873192845212978	0.0	(-0.04873192845212978+0j)
-0.21333333333333335	-0.04551111111111112	-0.0017571154788076915	-0.04724435551422114	0.0	(-0.04724435551422114+0j)
-0.21000000000000002	-0.04410000000000001	-0.001704213294256962	-0.04577972029863696	0.0	(-0.04577972029863696+0j)
-0.2066666666666667	-0.04271111111111112	-0.0016520476488377511	-0.04433802706048027	0.0	(-0.04433802706048027+0j)
-0.20333333333333334	-0.04134444444444445	-0.001600622946770991	-0.042919280006605505	0.0	(-0.042919280006605505+0j)
-0.2	-0.04000000000000001	-0.0015499435369363823	-0.04152348329479719	0.0	(-0.04152348329479719+0j)
-0.19666666666666668	-0.03867777777777778	-0.001500013712185666	-0.04015064103285449	0.0	(-0.04015064103285449+0j)
-0.19333333333333336	-0.03737777777777779	-0.0014508377086633328	-0.03880075727756297	0.0	(-0.03880075727756297+0j)
-0.19	-0.0361	-0.0014024197051354381	-0.03747383603354008	0.0	(-0.03747383603354008+0j)
-0.18666666666666668	-0.03484444444444445	-0.0013547638223256886	-0.03616988125193054	0.0	(-0.03616988125193054+0j)
-0.18333333333333335	-0.03361111111111112	-0.0013078741222604107	-0.034888896828939114	0.0	(-0.034888896828939114+0j)
-0.18000000000000002	-0.032400000000000005	-0.001261754607621457	-0.03363088660416575	0.0	(-0.03363088660416575+0j)
-0.17666666666666667	-0.03121111111111111	-0.0012164092211073285	-0.03239585435872292	0.0	(-0.03239585435872292+0j)
-0.17333333333333334	-0.030044444444444447	-0.00117184184480279	-0.031183803813099962	0.0	(-0.031183803813099962+0j)
-0.17	-0.028900000000000006	-0.0011280562995580334	-0.02999473862474045	0.0	(-0.02999473862474045+0j)
-0.16666666666666669	-0.027777777777777783	-0.0010850563443758343	-0.028828662385290325	0.0	(-0.028828662385290325+0j)
-0.16333333333333333	-0.026677777777777776	-0.001042845675807813	-0.02768557861746956	0.0	(-0.02768557861746956+0j)
-0.16	-0.0256	-0.0010014279273602433	-0.02656549077151349	0.0	(-0.02656549077151349+0j)
-0.15666666666666668	-0.02454444444444445	-0.0009608066689088535	-0.0254684022211203	0.0	(-0.0254684022211203+0j)
-0.15333333333333335	-0.023511111111111115	-0.000920985406123398	-0.024394316258833947	0.0	(-0.024394316258833947+0j)
-0.15000000000000002	-0.022500000000000006	-0.0008819675799011106	-0.023343236090774433	0.0	(-0.023343236090774433+0j)
-0.14666666666666667	-0.021511111111111113	-0.000843756565811038	-0.022315164830624217	0.0	(-0.022315164830624217+0j)
-0.14333333333333334	-0.020544444444444445	-0.0008063556735465882	-0.021310105492749552	0.0	(-0.021310105492749552+0j)
-0.14	-0.019600000000000003	-0.0007697681463896267	-0.020328060984329828	0.0	(-0.020328060984329828+0j)
-0.1366666666666667	-0.018677777777777783	-0.0007339971606838969	-0.019369034096340543	0.0	(-0.019369034096340543+0j)
-0.13333333333333333	-0.017777777777777778	-0.0006990458253191001	-0.018433027493206734	0.0	(-0.018433027493206734+0j)
-0.13	-0.016900000000000002	-0.0006649171812240784	-0.017520043700919356	0.0	(-0.017520043700919356+0j)
-0.12666666666666668	-0.016044444444444448	-0.0006316142008724324	-0.016630085093373166	0.0	(-0.016630085093373166+0j)
-0.12333333333333334	-0.015211111111111113	-0.0005991397877975757	-0.015763153876640196	0.0	(-0.015763153876640196+0j)
-0.12000000000000001	-0.014400000000000003	-0.000567496776118448	-0.014919252070857085	0.0	(-0.014919252070857085+0j)
-0.11666666666666667	-0.013611111111111112	-0.0005366879300761074	-0.014098381489351832	0.0	(-0.014098381489351832+0j)
-0.11333333333333334	-0.012844444444444447	-0.0005067159435820923	-0.01330054371459491	0.0	(-0.01330054371459491+0j)
-0.11	-0.0121	-0.00047758343977699624	-0.012525740070510917	0.0	(-0.012525740070510917+0j)
-0.10666666666666667	-0.01137777777777778	-0.0004492929705999238	-0.011773971590657304	0.0	(-0.011773971590657304+0j)
-0.10333333333333335	-0.01067777777777778	-0.0004218470163706023	-0.011045238981778649	0.0	(-0.011045238981778649+0j)
-0.1	-0.010000000000000002	-0.00039524798538126404	-0.010339542582285808	0.0	(-0.010339542582285808+0j)
-0.09666666666666668	-0.009344444444444447	-0.0003694982135016289	-0.009656882315372239	0.0	(-0.009656882315372239+0j)
-0.09333333333333334	-0.008711111111111112	-0.00034459996379299085	-0.008997257636792991	0.0	(-0.008997257636792991+0j)
-0.09000000000000001	-0.008100000000000001	-0.0003205554261378474	-0.00836066747797686	0.0	(-0.00836066747797686+0j)
-0.08666666666666667	-0.007511111111111112	-0.00029736671687663474	-0.007747110186279389	0.0	(-0.007747110186279389+0j)
-0.08333333333333334	-0.006944444444444446	-0.00027503587846089417	-0.007156583466243755	0.0	(-0.007156583466243755+0j)
-0.08	-0.0064	-0.00025356487911309955	-0.006589084329270677	0.0	(-0.006589084329270677+0j)
-0.07666666666666667	-0.005877777777777779	-0.00023295561250646912	-0.006044609065232159	0.0	(-0.006044609065232159+0j)
-0.07333333333333333	-0.005377777777777778	-0.00021320989744566532	-0.005523153259995611	0.0	(-0.005523153259995611+0j)
-0.07	-0.004900000000000001	-0.00019432947757191954	-0.005024711900684342	0.0	(-0.005024711900684342+0j)
-0.06666666666666667	-0.0044444444444444444	-0.00017631602107126554	-0.004549279640749765	0.0	(-0.004549279640749765+0j)
-0.06333333333333334	-0.004011111111111112	-0.00015917112039698367	-0.004096851348161001	0.0	(-0.004096851348161001+0j)
-0.060000000000000005	-0.0036000000000000008	-0.00014289629201069687	-0.003667423145787818	0.0	(-0.003667423145787818+0j)
-0.05666666666666667	-0.0032111111111111116	-0.00012749297612479893	-0.0032609942941996496	0.0	(-0.0032609942941996496+0j)
-0.05333333333333334	-0.002844444444444445	-0.00011296253646886356	-0.0028775704915323754	0.0	(-0.0028775704915323754+0j)
-0.05	-0.0025000000000000005	-9.930626005960619e-05	-0.00251716949828409	0.0	(-0.00251716949828409+0j)
-0.04666666666666667	-0.002177777777777778	-8.652535699127384e-05	-0.0021798304215934557	0.0	(-0.0021798304215934557+0j)
-0.043333333333333335	-0.001877777777777778	-7.462096022514686e-05	-0.0018656283433485079	0.0	(-0.0018656283433485079+0j)
-0.04	-0.0016	-6.359412541812048e-05	-0.0015746956641780625	0.0	(-0.0015746956641780625+0j)
-0.03666666666666667	-0.0013444444444444445	-5.344583072997011e-05	-0.0013072491684642542	0.0	(-0.0013072491684642542+0j)
-0.03333333333333333	-0.0011111111111111111	-4.4176976668808265e-05	-0.001063615245333314	0.0	(-0.001063615245333314+0j)
-0.030000000000000002	-0.0009000000000000002	-3.578838594364697e-05	-0.0008442344884401808	0.0	(-0.0008442344884401808+0j)
-0.02666666666666667	-0.0007111111111111113	-2.828080332051286e-05	-0.0006496191312854037	0.0	(-0.0006496191312854037+0j)
-0.023333333333333334	-0.0005444444444444445	-2.1654895505207605e-05	-0.0004802522514544585	0.0	(-0.0004802522514544585+0j)
-0.02	-0.0004	-1.5911251026068385e-05	-0.0003364642787649772	0.0	(-0.0003364642787649772+0j)
-0.016666666666666666	-0.0002777777777777778	-1.1050380138044602e-05	-0.00021835854589047972	0.0	(-0.00021835854589047972+0j)
-0.013333333333333334	-0.0001777777777777778	-7.072714751643616e-06	-0.00012582948967178992	0.0	(-0.00012582948967178992+0j)
-0.01	-0.0001	-3.978608361876468e-06	-5.8652421113677214e-05	0.0	(-5.8652421113677214e-05+0j)
-0.006666666666666667	-4.444444444444445e-05	-1.7683358350950584e-06	-1.661041581825015e-05	0.0	(-1.661041581825015e-05+0j)
-0.0033333333333333335	-1.1111111111111113e-05	-4.4209400584804825e-07	-7.670730370334944e-18	-0.0011709466731392028	(-7.670730370334944e-18-0.0011709466731392028j)
0.0033333333333333335	1.1111111111111113e-05	4.4209400584804825e-07	-7.670730370334944e-18	0.0011709466731392028	(-7.670730370334944e-18+0.0011709466731392028j)
0.006666666666666667	4.444444444444445e-05	1.7683358350950584e-06	1.6610415818237246e-05	0.0	(1.6610415818237246e-05+0j)
0.01	0.0001	3.978608361876468e-06	5.865242111366636e-05	0.0	(5.865242111366636e-05+0j)
0.013333333333333334	0.0001777777777777778	7.072714751643616e-06	0.00012582948967178396	0.0	(0.00012582948967178396+0j)
0.016666666666666666	0.0002777777777777778	1.1050380138044602e-05	0.00021835854589048845	0.0	(0.00021835854589048845+0j)
0.02	0.0004	1.5911251026068385e-05	0.0003364642787649419	0.0	(0.0003364642787649419+0j)
0.023333333333333334	0.0005444444444444445	2.1654895505207605e-05	0.00048025225145447933	0.0	(0.00048025225145447933+0j)
0.02666666666666667	0.0007111111111111113	2.828080332051286e-05	0.0006496191312853863	0.0	(0.0006496191312853863+0j)
0.030000000000000002	0.0009000000000000002	3.578838594364697e-05	0.0008442344884401691	0.0	(0.0008442344884401691+0j)
0.03333333333333333	0.0011111111111111111	4.4176976668808265e-05	0.0010636152453332888	0.0	(0.0010636152453332888+0j)
0.03666666666666667	0.0013444444444444445	5.344583072997011e-05	0.0013072491684642563	0.0	(0.0013072491684642563+0j)
0.04	0.0016	6.359412541812048e-05	0.001574695664178066	0.0	(0.001574695664178066+0j)
0.043333333333333335	0.001877777777777778	7.462096022514686e-05	0.0018656283433484972	0.0	(0.0018656283433484972+0j)
0.04666666666666667	0.002177777777777778	8.652535699127384e-05	0.0021798304215934344	0.0	(0.0021798304215934344+0j)
0.05	0.0025000000000000005	9.930626005960619e-05	0.002517169498284072	0.0	(0.002517169498284072+0j)
0.05333333333333334	0.002844444444444445	0.00011296253646886356	0.0028775704915323477	0.0	(0.0028775704915323477+0j)
0.05666666666666667	0.0032111111111111116	0.00012749297612479893	0.0032609942941996613	0.0	(0.0032609942941996613+0j)
0.060000000000000005	0.0036000000000000008	0.00014289629201069687	0.00366742314578779	0.0	(0.00366742314578779+0j)
0.06333333333333334	0.004011111111111112	0.00015917112039698367	0.004096851348161002	0.0	(0.004096851348161002+0j)
0.06666666666666667	0.0044444444444444444	0.00017631602107126554	0.0045492796407497855	0.0	(0.0045492796407497855+0j)
0.07	0.004900000000000001	0.00019432947757191954	0.005024711900684343	0.0	(0.005024711900684343+0j)
0.07333333333333333	0.005377777777777778	0.00021320989744566532	0.005523153259995612	0.0	(0.005523153259995612+0j)
0.07666666666666667	0.005877777777777779	0.00023295561250646912	0.0060446090652321585	0.0	(0.0060446090652321585+0j)
0.08	0.0064	0.00025356487911309955	0.0065890843292707064	0.0	(0.0065890843292707064+0j)
0.08333333333333334	0.006944444444444446	0.00027503587846089417	0.007156583466243729	0.0	(0.007156583466243729+0j)
0.08666666666666667	0.007511111111111112	0.00029736671687663474	0.007747110186279414	0.0	(0.007747110186279414+0j)
0.09000000000000001	0.008100000000000001	0.0003205554261378474	0.008360667477976862	0.0	(0.008360667477976862+0j)
0.09333333333333334	0.008711111111111112	0.00034459996379299085	0.008997257636792981	0.0	(0.008997257636792981+0j)
0.09666666666666668	0.009344444444444447	0.0003694982135016289	0.009656882315372225	0.0	(0.009656882315372225+0j)
0.1	0.010000000000000002	0.00039524798538126404	0.010339542582285751	0.0	(0.010339542582285751+0j)
0.10333333333333335	0.01067777777777778	0.0004218470163706023	0.011045238981778628	0.0	(0.011045238981778628+0j)
0.10666666666666667	0.01137777777777778	0.0004492929705999238	0.011773971590657266	0.0	(0.011773971590657266+0j)
0.11	0.0121	0.00047758343977699624	0.01252574007051087	0.0	(0.01252574007051087+0j)
0.11333333333333334	0.012844444444444447	0.0005067159435820923	0.013300543714595001	0.0	(0.013300543714595001+0j)
0.11666666666666667	0.013611111111111112	0.0005366879300761074	0.014098381489351842	0.0	(0.014098381489351842+0j)
0.12000000000000001	0.014400000000000003	0.000567496776118448	0.014919252070857118	0.0	(0.014919252070857118+0j)
0.12333333333333334	0.015211111111111113	0.0005991397877975757	0.015763153876640193	0.0	(0.015763153876640193+0j)
0.12666666666666668	0.016044444444444448	0.0006316142008724324	0.016630085093373135	0.0	(0.016630085093373135+0j)
0.13	0.016900000000000002	0.0006649171812240784	0.017520043700919353	0.0	(0.017520043700919353+0j)
0.13333333333333333	0.017777777777777778	0.0006990458253191001	0.018433027493206834	0.0	(0.018433027493206834+0j)
0.1366666666666667	0.018677777777777783	0.0007339971606838969	0.019369034096340637	0.0	(0.019369034096340637+0j)
0.14	0.019600000000000003	0.0007697681463896267	0.020328060984329953	0.0	(0.020328060984329953+0j)
0.14333333333333334	0.020544444444444445	0.0008063556735465882	0.021310105492749448	0.0	(0.021310105492749448+0j)
0.14666666666666667	0.021511111111111113	0.000843756565811038	0.022315164830624373	0.0	(0.022315164830624373+0j)
0.15000000000000002	0.022500000000000006	0.0008819675799011106	0.02334323609077433	0.0	(0.02334323609077433+0j)
0.15333333333333335	0.023511111111111115	0.000920985406123398	0.02439431625883381	0.0	(0.02439431625883381+0j)
0.15666666666666668	0.02454444444444445	0.0009608066689088535	0.025468402221120255	0.0	(0.025468402221120255+0j)
0.16	0.0256	0.0010014279273602433	0.02656549077151351	0.0	(0.02656549077151351+0j)
0.16333333333333333	0.026677777777777776	0.001042845675807813	0.027685578617469668	0.0	(0.027685578617469668+0j)
0.16666666666666669	0.027777777777777783	0.0010850563443758343	0.028828662385290433	0.0	(0.028828662385290433+0j)
0.17	0.028900000000000006	0.0011280562995580334	0.029994738624740492	0.0	(0.029994738624740492+0j)
0.17333333333333334	0.030044444444444447	0.00117184184480279	0.03118380381309998	0.0	(0.03118380381309998+0j)
0.17666666666666667	0.03121111111111111	0.0012164092211073285	0.03239585435872306	0.0	(0.03239585435872306+0j)
0.18000000000000002	0.032400000000000005	0.001261754607621457	0.03363088660416591	0.0	(0.03363088660416591+0j)
0.18333333333333335	0.03361111111111112	0.0013078741222604107	0.034888896828939066	0.0	(0.034888896828939066+0j)
0.18666666666666668	0.03484444444444445	0.0013547638223256886	0.036169881251930505	0.0	(0.036169881251930505+0j)
0.19	0.0361	0.0014024197051354381	0.03747383603354009	0.0	(0.03747383603354009+0j)
0.19333333333333336	0.03737777777777779	0.0014508377086633328	0.038800757277563366	0.0	(0.038800757277563366+0j)
0.19666666666666668	0.03867777777777778	0.001500013712185666	0.040150641032854664	0.0	(0.040150641032854664+0j)
0.2	0.04000000000000001	0.0015499435369363823	0.04152348329479698	0.0	(0.04152348329479698+0j)
0.20333333333333334	0.04134444444444445	0.001600622946770991	0.0429192800066054	0.0	(0.0429192800066054+0j)
0.2066666666666667	0.04271111111111112	0.0016520476488377511	0.04433802706048002	0.0	(0.04433802706048002+0j)
0.21000000000000002	0.04410000000000001	0.001704213294256962	0.04577972029863678	0.0	(0.04577972029863678+0j)
0.21333333333333335	0.04551111111111112	0.0017571154788076915	0.047244355514221105	0.0	(0.047244355514221105+0j)
0.21666666666666667	0.04694444444444445	0.0018107497436222753	0.04873192845213006	0.0	(0.04873192845213006+0j)
0.22	0.0484	0.0018651115758879233	0.05024243480975178	0.0	(0.05024243480975178+0j)
0.22333333333333336	0.049877777777777785	0.0019201964095553747	0.05177587023763166	0.0	(0.05177587023763166+0j)
0.22666666666666668	0.051377777777777786	0.001975999626054492	0.053332230340080194	0.0	(0.053332230340080194+0j)
0.23	0.0529	0.002032516555017294	0.05491151067573121	0.0	(0.05491151067573121+0j)
0.23333333333333334	0.05444444444444445	0.002089742475006484	0.05651370675805668	0.0	(0.05651370675805668+0j)
0.2366666666666667	0.05601111111111112	0.0021476726142515834	0.058138814055846276	0.0	(0.058138814055846276+0j)
0.24000000000000002	0.05760000000000001	0.0022063021513907266	0.05978682799366162	0.0	(0.05978682799366162+0j)
0.24333333333333335	0.05921111111111112	0.0022656262162186747	0.06145774395226763	0.0	(0.06145774395226763+0j)
0.24666666666666667	0.06084444444444445	0.0023256398904409337	0.0631515572690466	0.0	(0.0631515572690466+0j)
0.25	0.0625	0.002386338208433536	0.06486826323840374	0.0	(0.06486826323840374+0j)
0.25333333333333335	0.06417777777777779	0.0024477161580083173	0.06660785711216187	0.0	(0.06660785711216187+0j)
0.2566666666666667	0.0658777777777778	0.0025097686811840214	0.06837033409995559	0.0	(0.06837033409995559+0j)
0.26	0.06760000000000001	0.00257249067496218	0.07015568936962453	0.0	(0.07015568936962453+0j)
0.26333333333333336	0.06934444444444446	0.002635876992108571	0.07196391804760825	0.0	(0.07196391804760825+0j)
0.26666666666666666	0.07111111111111111	0.0026999224419387846	0.07379501521934968	0.0	(0.07379501521934968+0j)
0.27	0.0729	0.002764621791109645	0.07564897592970378	0.0	(0.07564897592970378+0j)
0.2733333333333334	0.07471111111111113	0.002829969764414131	0.07752579518335465	0.0	(0.07752579518335465+0j)
0.27666666666666667	0.07654444444444444	0.0028959610455812357	0.07942546794524694	0.0	(0.07942546794524694+0j)
0.28	0.07840000000000001	0.0029625902780798796	0.0813479891410297	0.0	(0.0813479891410297+0j)
0.2833333333333333	0.08027777777777777	0.0030298520659267636	0.08329335365750934	0.0	(0.08329335365750934+0j)
0.2866666666666667	0.08217777777777778	0.003097740974498081	0.08526155634312466	0.0	(0.08526155634312466+0j)
0.29000000000000004	0.08410000000000002	0.0031662515313450046	0.08725259200843079	0.0	(0.08725259200843079+0j)
0.29333333333333333	0.08604444444444445	0.0032353782270123366	0.08926645542659963	0.0	(0.08926645542659963+0j)
0.2966666666666667	0.08801111111111112	0.003305115515860768	0.09130314133394152	0.0	(0.09130314133394152+0j)
0.30000000000000004	0.09000000000000002	0.003375457816891969	0.09336264443043957	0.0	(0.09336264443043957+0j)
0.30333333333333334	0.09201111111111111	0.0034463995145768145	0.09544495938030019	0.0	(0.09544495938030019+0j)
0.3066666666666667	0.09404444444444446	0.003517934959686164	0.09755008081251851	0.0	(0.09755008081251851+0j)
0.31	0.0961	0.003590058470124363	0.09967800332146548	0.0	(0.09967800332146548+0j)
0.31333333333333335	0.0981777777777778	0.003662764331764906	0.10182872146748861	0.0	(0.10182872146748861+0j)
0.3166666666666667	0.1002777777777778	0.003736046799288517	0.10400222977752492	0.0	(0.10400222977752492+0j)
0.32	0.1024	0.003809900097023061	0.10619852274573449	0.0	(0.10619852274573449+0j)
0.32333333333333336	0.10454444444444447	0.0038843184197853986	0.10841759483414619	0.0	(0.10841759483414619+0j)
0.32666666666666666	0.1067111111111111	0.003959295933724849	0.11065944047331906	0.0	(0.11065944047331906+0j)
0.33	0.10890000000000001	0.004034826777168099	0.11292405406301538	0.0	(0.11292405406301538+0j)
0.33333333333333337	0.11111111111111113	0.004110905061465331	0.11521142997289079	0.0	(0.11521142997289079+0j)
0.33666666666666667	0.11334444444444444	0.004187524871837656	0.1175215625431911	0.0	(0.1175215625431911+0j)
0.34	0.11560000000000002	0.004264680268225296	0.11985444608547373	0.0	(0.11985444608547373+0j)
0.3433333333333334	0.1178777777777778	0.004342365286136629	0.12221007488332089	0.0	(0.12221007488332089+0j)
0.3466666666666667	0.12017777777777779	0.0044205739374975905	0.1245884431930823	0.0	(0.1245884431930823+0j)
0.35000000000000003	0.12250000000000003	0.004499300211501828	0.12698954524462056	0.0	(0.12698954524462056+0j)
0.35333333333333333	0.12484444444444444	0.004578538075460645	0.12941337524206295	0.0	(0.12941337524206295+0j)
0.3566666666666667	0.12721111111111114	0.004658281475653461	0.1318599273645682	0.0	(0.1318599273645682+0j)
0.36000000000000004	0.12960000000000002	0.004738524338177563	0.13432919576709787	0.0	(0.13432919576709787+0j)
0.36333333333333334	0.1320111111111111	0.004819260569798131	0.13682117458120138	0.0	(0.13682117458120138+0j)
0.3666666666666667	0.13444444444444448	0.004900484058797325	0.13933585791579464	0.0	(0.13933585791579464+0j)
0.37000000000000005	0.13690000000000005	0.0049821886758229655	0.14187323985796213	0.0	(0.14187323985796213+0j)
0.37333333333333335	0.1393777777777778	0.005064368274736289	0.14443331447375485	0.0	(0.14443331447375485+0j)
0.3766666666666667	0.1418777777777778	0.00514701669345867	0.14701607580899922	0.0	(0.14701607580899922+0j)
0.38	0.1444	0.005230127754817307	0.1496215178901025	0.0	(0.1496215178901025+0j)
0.38333333333333336	0.14694444444444446	0.005313695267389396	0.15224963472487393	0.0	(0.15224963472487393+0j)
0.3866666666666667	0.14951111111111115	0.005397713026344925	0.15490042030334852	0.0	(0.15490042030334852+0j)
0.39	0.1521	0.005482174814287671	0.15757386859859998	0.0	(0.15757386859859998+0j)
0.39333333333333337	0.15471111111111113	0.005567074402094543	0.16026997356757924	0.0	(0.16026997356757924+0j)
0.39666666666666667	0.15734444444444445	0.005652405549752673	0.16298872915194	0.0	(0.16298872915194+0j)
0.4	0.16000000000000003	0.005738162007194569	0.16573012927887495	0.0	(0.16573012927887495+0j)
0.4033333333333334	0.1626777777777778	0.005824337515130798	0.16849416786194799	0.0	(0.16849416786194799+0j)
0.4066666666666667	0.1653777777777778	0.005910925805880166	0.17128083880193556	0.0	(0.17128083880193556+0j)
0.41000000000000003	0.16810000000000003	0.005997920604197418	0.1740901359876656	0.0	(0.1740901359876656+0j)
0.4133333333333334	0.1708444444444445	0.006085315628097845	0.1769220532968547	0.0	(0.1769220532968547+0j)
0.4166666666666667	0.17361111111111113	0.00617310458967929	0.1797765845969563	0.0	(0.1797765845969563+0j)
0.42000000000000004	0.17640000000000003	0.006261281195940646	0.18265372374600347	0.0	(0.18265372374600347+0j)
0.42333333333333334	0.17921111111111113	0.006349839149597469	0.18555346459344335	0.0	(0.18555346459344335+0j)
0.4266666666666667	0.18204444444444448	0.006438772149893829	0.1884758009809917	0.0	(0.1884758009809917+0j)
0.43000000000000005	0.18490000000000004	0.006528073893410785	0.1914207267434777	0.0	(0.1914207267434777+0j)
0.43333333333333335	0.1877777777777778	0.006617738074871191	0.19438823570967806	0.0	(0.19438823570967806+0j)
0.4366666666666667	0.1906777777777778	0.006707758387940424	0.19737832170316802	0.0	(0.19737832170316802+0j)
0.44	0.1936	0.006798128526023281	0.2003909785431659	0.0	(0.2003909785431659+0j)
0.44333333333333336	0.19654444444444447	0.0068888421830566385	0.20342620004537532	0.0	(0.20342620004537532+0j)
0.4466666666666667	0.19951111111111114	0.006979893054297935	0.20648398002281945	0.0	(0.20648398002281945+0j)
0.45	0.2025	0.0070712748371090164	0.2095643122866907	0.0	(0.2095643122866907+0j)
0.45333333333333337	0.20551111111111114	0.0071629812317356364	0.21266719064718495	0.0	(0.21266719064718495+0j)
0.4566666666666667	0.2085444444444445	0.007255005942082095	0.2157926089143402	0.0	(0.2157926089143402+0j)
0.46	0.2116	0.007347342676481107	0.21894056089887415	0.0	(0.21894056089887415+0j)
0.4633333333333334	0.21467777777777783	0.0074399851484587	0.22211104041300778	0.0	(0.22211104041300778+0j)
0.4666666666666667	0.2177777777777778	0.007532927077493992	0.2253040412713117	0.0	(0.2253040412713117+0j)
0.47000000000000003	0.22090000000000004	0.007626162189773807	0.2285195572915189	0.0	(0.2285195572915189+0j)
0.4733333333333334	0.2240444444444445	0.007719684218941786	0.23175758229536456	0.0	(0.23175758229536456+0j)
0.4766666666666667	0.2272111111111111	0.007813486906842242	0.23501811010938906	0.0	(0.23501811010938906+0j)
0.48000000000000004	0.23040000000000005	0.007907564004258273	0.23830113456578514	0.0	(0.23830113456578514+0j)
0.48333333333333334	0.2336111111111111	0.008001909271644111	0.24160664950318733	0.0	(0.24160664950318733+0j)
0.4866666666666667	0.23684444444444447	0.008096516479851879	0.24493464876749324	0.0	(0.24493464876749324+0j)
0.49000000000000005	0.24010000000000004	0.008191379410852094	0.2482851262126727	0.0	(0.2482851262126727+0j)
0.49333333333333335	0.2433777777777778	0.008286491858448382	0.2516580757015704	0.0	(0.2516580757015704+0j)
0.4966666666666667	0.2466777777777778	0.008381847628985813	0.2550534911066957	0.0	(0.2550534911066957+0j)
0.5	0.25	0.00847744054205312	0.2584713663110316	0.0	(0.2584713663110316+0j)
0.5033333333333334	0.25334444444444454	0.00857326443117843	0.2619116952088121	0.0	(0.2619116952088121+0j)
0.5066666666666667	0.25671111111111117	0.008669313144518548	0.26537447170630907	0.0	(0.26537447170630907+0j)
0.51	0.2601	0.008765580545541635	0.2688596897225996	0.0	(0.2688596897225996+0j)
0.5133333333333334	0.2635111111111112	0.008862060513703245	0.2723673431903506	0.0	(0.2723673431903506+0j)
0.5166666666666667	0.2669444444444445	0.008958746945115482	0.2758974260565831	0.0	(0.2758974260565831+0j)
0.52	0.27040000000000003	0.009055633753209412	0.27944993228342185	0.0	(0.27944993228342185+0j)
0.5233333333333333	0.2738777777777778	0.009152714869390323	0.28302485584884707	0.0	(0.28302485584884707+0j)
0.5266666666666667	0.27737777777777783	0.009249984243686109	0.28662219074745127	0.0	(0.28662219074745127+0j)
0.53	0.28090000000000004	0.009347435845388372	0.2902419309911667	0.0	(0.2902419309911667+0j)
0.5333333333333333	0.28444444444444444	0.009445063663686325	0.29388407060999444	0.0	(0.29388407060999444+0j)
0.5366666666666667	0.28801111111111116	0.009542861708293424	0.2975486036527356	0.0	(0.2975486036527356+0j)
0.54	0.2916	0.00964082401006651	0.30123552418769795	0.0	(0.30123552418769795+0j)
0.5433333333333333	0.2952111111111111	0.009738944621617542	0.30494482630340386	0.0	(0.30494482630340386+0j)
0.5466666666666667	0.2988444444444445	0.009837217617917726	0.3086765041092931	0.0	(0.3086765041092931+0j)
0.55	0.30250000000000005	0.009935637096894087	0.31243055173640527	0.0	(0.31243055173640527+0j)
0.5533333333333333	0.30617777777777777	0.010034197180018224	0.3162069633380732	0.0	(0.3162069633380732+0j)
0.5566666666666668	0.30987777777777786	0.01013289201288746	0.32000573309057784	0.0	(0.32000573309057784+0j)
0.56	0.31360000000000005	0.010231715765797934	0.3238268551938252	0.0	(0.3238268551938252+0j)
0.5633333333333334	0.3173444444444445	0.010330662634310067	0.32767032387198447	0.0	(0.32767032387198447+0j)
0.5666666666666667	0.32111111111111107	0.010429726839805774	0.3315361333741585	0.0	(0.3315361333741585+0j)
0.5700000000000001	0.3249000000000001	0.010528902630037903	0.33542427797499336	0.0	(0.33542427797499336+0j)
0.5733333333333334	0.3287111111111111	0.010628184279671458	0.33933475197531354	0.0	(0.33933475197531354+0j)
0.5766666666666667	0.3325444444444444	0.010727566090816702	0.3432675497027494	0.0	(0.3432675497027494+0j)
0.5800000000000001	0.3364000000000001	0.01082704239355415	0.3472226655123081	0.0	(0.3472226655123081+0j)
0.5833333333333334	0.34027777777777785	0.010926607546451209	0.35120009378701106	0.0	(0.35120009378701106+0j)
0.5866666666666667	0.3441777777777778	0.011026255937070656	0.35519982893844926	0.0	(0.35519982893844926+0j)
0.5900000000000001	0.3481000000000001	0.011125981982470699	0.3592218654073855	0.0	(0.3592218654073855+0j)
0.5933333333333334	0.3520444444444445	0.011225780129696723	0.3632661976642849	0.0	(0.3632661976642849+0j)
0.5966666666666667	0.3560111111111111	0.01132564485626459	0.36733282020990254	0.0	(0.36733282020990254+0j)
0.6000000000000001	0.3600000000000001	0.011425570670635512	0.3714217275758074	0.0	(0.3714217275758074+0j)
0.6033333333333334	0.3640111111111112	0.011525552112682445	0.3755329143249355	0.0	(0.3755329143249355+0j)
0.6066666666666667	0.36804444444444445	0.011625583754147937	0.3796663750520941	0.0	(0.3796663750520941+0j)
0.61	0.3721	0.011725660199093456	0.38382210438448683	0.0	(0.38382210438448683+0j)
0.6133333333333334	0.37617777777777783	0.011825776084340135	0.38800009698221993	0.0	(0.38800009698221993+0j)
0.6166666666666667	0.3802777777777778	0.011925926079900912	0.3922003475387813	0.0	(0.3922003475387813+0j)
0.62	0.3844	0.012026104889404032	0.39642285078154654	0.0	(0.39642285078154654+0j)
0.6233333333333334	0.3885444444444445	0.012126307250507933	0.40066760147223074	0.0	(0.40066760147223074+0j)
0.6266666666666667	0.3927111111111112	0.012226527935307412	0.4049345944073599	0.0	(0.4049345944073599+0j)
0.63	0.39690000000000003	0.01232676175073118	0.409223824418715	0.0	(0.409223824418715+0j)
0.6333333333333334	0.4011111111111112	0.012427003538930656	0.4135352863737966	0.0	(0.4135352863737966+0j)
0.6366666666666667	0.4053444444444445	0.012527248177660062	0.4178689751762266	0.0	(0.4178689751762266+0j)
0.64	0.4096	0.012627490580647806	0.42222488576619227	0.0	(0.42222488576619227+0j)
0.6433333333333334	0.4138777777777779	0.012727725697959179	0.42660301312084653	0.0	(0.42660301312084653+0j)
0.6466666666666667	0.41817777777777787	0.012827948516350187	0.43100335225471864	0.0	(0.43100335225471864+0j)
0.65	0.42250000000000004	0.012928154059612812	0.43542589822010075	0.0	(0.43542589822010075+0j)
0.6533333333333333	0.4268444444444444	0.013028337388911421	0.4398706461074359	0.0	(0.4398706461074359+0j)
0.6566666666666667	0.4312111111111112	0.013128493603110428	0.44433759104568493	0.0	(0.44433759104568493+0j)
0.66	0.43560000000000004	0.01322861783909331	0.4488267282026934	0.0	(0.4488267282026934+0j)
0.6633333333333333	0.44001111111111113	0.013328705272072788	0.4533380527855557	0.0	(0.4533380527855557+0j)
0.6666666666666667	0.44444444444444453	0.013428751115892382	0.4578715600409434	0.0	(0.4578715600409434+0j)
0.67	0.4489000000000001	0.013528750623319149	0.4624272452554533	0.0	(0.4624272452554533+0j)
0.6733333333333333	0.45337777777777777	0.01362869908632779	0.46700510375594256	0.0	(0.46700510375594256+0j)
0.6766666666666667	0.4578777777777779	0.013728591836376074	0.47160513090982176	0.0	(0.47160513090982176+0j)
0.68	0.4624000000000001	0.013828424244671483	0.4762273221254023	0.0	(0.4762273221254023+0j)
0.6833333333333333	0.46694444444444444	0.013928191722429328	0.48087167285216764	0.0	(0.48087167285216764+0j)
0.6866666666666668	0.4715111111111112	0.01402788972112217	0.48553817858107984	0.0	(0.48553817858107984+0j)
0.6900000000000001	0.4761000000000001	0.014127513732720597	0.4902268348448791	0.0	(0.4902268348448791+0j)
0.6933333333333334	0.48071111111111114	0.01422705928992542	0.4949376372183445	0.0	(0.4949376372183445+0j)
0.6966666666666667	0.4853444444444444	0.014326521966391384	0.4996705813185647	0.0	(0.4996705813185647+0j)
0.7000000000000001	0.4900000000000001	0.014425897376942172	0.5044256628052232	0.0	(0.5044256628052232+0j)
0.7033333333333334	0.4946777777777778	0.014525181177777036	0.5092028773808396	0.0	(0.5092028773808396+0j)
0.7066666666666667	0.49937777777777775	0.01462436906666892	0.5140022207910122	0.0	(0.5140022207910122+0j)
0.7100000000000001	0.5041000000000001	0.01472345678315406	0.5188236888246833	0.0	(0.5188236888246833+0j)
0.7133333333333334	0.5088444444444445	0.014822440108713232	0.5236672773143773	0.0	(0.5236672773143773+0j)
0.7166666666666667	0.5136111111111111	0.014921314866944632	0.5285329821364237	0.0	(0.5285329821364237+0j)
0.7200000000000001	0.5184000000000001	0.015020076923728375	0.5334207992111646	0.0	(0.5334207992111646+0j)
0.7233333333333334	0.5232111111111112	0.015118722187382676	0.5383307245032289	0.0	(0.5383307245032289+0j)
0.7266666666666667	0.5280444444444444	0.015217246608811854	0.5432627540217048	0.0	(0.5432627540217048+0j)
0.7300000000000001	0.5329000000000002	0.015315646181646008	0.5482168838203614	0.0	(0.5482168838203614+0j)
0.7333333333333334	0.5377777777777779	0.015413916942372614	0.553193109997877	0.0	(0.553193109997877+0j)
0.7366666666666667	0.5426777777777778	0.015512054970459918	0.5581914286980362	0.0	(0.5581914286980362+0j)
0.7400000000000001	0.5476000000000002	0.015610056388472337	0.5632118361099193	0.0	(0.5632118361099193+0j)
0.7433333333333334	0.5525444444444445	0.015707917362177703	0.5682543284681157	0.0	(0.5682543284681157+0j)
0.7466666666666667	0.5575111111111112	0.01580563410064668	0.5733189020529236	0.0	(0.5733189020529236+0j)
0.75	0.5625	0.015903202856344105	0.5784055531905526	0.0	(0.5784055531905526+0j)
0.7533333333333334	0.5675111111111112	0.016000619925212588	0.5835142782532955	0.0	(0.5835142782532955+0j)
0.7566666666666667	0.5725444444444445	0.01609788164674816	0.588645073659757	0.0	(0.588645073659757+0j)
0.76	0.5776	0.01619498440406829	0.5937979358750355	0.0	(0.5937979358750355+0j)
0.7633333333333334	0.582677777777778	0.01629192462397211	0.5989728614109172	0.0	(0.5989728614109172+0j)
0.7666666666666667	0.5877777777777778	0.016388698776992987	0.6041698468260955	0.0	(0.6041698468260955+0j)
0.77	0.5929	0.016485303377443618	0.6093888887263678	0.0	(0.6093888887263678+0j)
0.7733333333333334	0.5980444444444446	0.016581734983453465	0.6146299837648329	0.0	(0.6146299837648329+0j)
0.7766666666666667	0.6032111111111113	0.016677990196998803	0.6198931286421223	0.0	(0.6198931286421223+0j)
0.78	0.6084	0.01677406566392538	0.6251783201066362	0.0	(0.6251783201066362+0j)
0.7833333333333334	0.6136111111111112	0.016869958073963718	0.6304855549547409	0.0	(0.6304855549547409+0j)
0.7866666666666667	0.6188444444444445	0.016965664160737172	0.6358148300310451	0.0	(0.6358148300310451+0j)
0.79	0.6241000000000001	0.01706118070176276	0.6411661422286122	0.0	(0.6411661422286122+0j)
0.7933333333333333	0.6293777777777778	0.017156504518444908	0.6465394884892761	0.0	(0.6465394884892761+0j)
0.7966666666666667	0.6346777777777779	0.01725163247606213	0.6519348658038817	0.0	(0.6519348658038817+0j)
0.8	0.6400000000000001	0.017346561483746685	0.6573522712126083	0.0	(0.6573522712126083+0j)
0.8033333333333333	0.6453444444444445	0.017441288494457374	0.6627917018052804	0.0	(0.6627917018052804+0j)
0.8066666666666668	0.6507111111111112	0.017535810504945445	0.668253154721716	0.0	(0.668253154721716+0j)
0.81	0.6561000000000001	0.017630124555713788	0.6737366271520842	0.0	(0.6737366271520842+0j)
0.8133333333333334	0.6615111111111112	0.01772422773096939	0.6792421163373167	0.0	(0.6792421163373167+0j)
0.8166666666666668	0.6669444444444446	0.01781811715856918	0.6847696195695562	0.0	(0.6847696195695562+0j)
0.8200000000000001	0.6724000000000001	0.01791179000995937	0.690319134192574	0.0	(0.690319134192574+0j)
0.8233333333333334	0.6778777777777778	0.0180052435001083	0.6958906576023502	0.0	(0.6958906576023502+0j)
0.8266666666666668	0.683377777777778	0.018098474887432915	0.7014841872475981	0.0	(0.7014841872475981+0j)
0.8300000000000001	0.6889000000000001	0.018191481473718903	0.7070997206303791	0.0	(0.7070997206303791+0j)
0.8333333333333334	0.6944444444444445	0.018284260604034694	0.7127372553067983	0.0	(0.7127372553067983+0j)
0.8366666666666667	0.7000111111111111	0.018376809666639203	0.7183967888877533	0.0	(0.7183967888877533+0j)
0.8400000000000001	0.7056000000000001	0.018469126092883606	0.724078319039765	0.0	(0.724078319039765+0j)
0.8433333333333334	0.7112111111111112	0.018561207357107055	0.7297818434858803	0.0	(0.7297818434858803+0j)
0.8466666666666667	0.7168444444444445	0.01865305097652656	0.7355073600067206	0.0	(0.7355073600067206+0j)
0.8500000000000001	0.7225000000000001	0.018744654511121023	0.7412548664416138	0.0	(0.7412548664416138+0j)
0.8533333333333334	0.7281777777777779	0.01883601556350953	0.7470243606898341	0.0	(0.7470243606898341+0j)
0.8566666666666667	0.7338777777777779	0.018927131778824005	0.752815840712074	0.0	(0.752815840712074+0j)
0.8600000000000001	0.7396000000000001	0.019018000844576343	0.7586293045320136	0.0	(0.7586293045320136+0j)
0.8633333333333334	0.7453444444444446	0.019108620490519958	0.7644647502380977	0.0	(0.7644647502380977+0j)
0.8666666666666667	0.7511111111111112	0.019198988488506045	0.7703221759855875	0.0	(0.7703221759855875+0j)
0.8700000000000001	0.7569000000000002	0.01928910265233448	0.7762015799988329	0.0	(0.7762015799988329+0j)
0.8733333333333334	0.7627111111111112	0.019378960837599508	0.782102960573824	0.0	(0.782102960573824+0j)
0.8766666666666667	0.7685444444444445	0.019468560941530298	0.7880263160811667	0.0	(0.7880263160811667+0j)
0.88	0.7744	0.019557900902826438	0.7939716449694015	0.0	(0.7939716449694015+0j)
0.8833333333333334	0.780277777777778	0.019646978701488495	0.7999389457687994	0.0	(0.7999389457687994+0j)
0.8866666666666667	0.7861777777777779	0.019735792358643665	0.8059282170957541	0.0	(0.8059282170957541+0j)
0.89	0.7921	0.01982433993636667	0.8119394576577901	0.0	(0.8119394576577901+0j)
0.8933333333333334	0.7980444444444446	0.01991261953749595	0.8179726662593396	0.0	(0.8179726662593396+0j)
0.8966666666666667	0.8040111111111112	0.020000629305445206	0.8240278418084273	0.0	(0.8240278418084273+0j)
0.9	0.81	0.020088367424010486	0.8301049833244933	0.0	(0.8301049833244933+0j)
0.9033333333333334	0.8160111111111112	0.02017583211717278	0.8362040899474299	0.0	(0.8362040899474299+0j)
0.9066666666666667	0.8220444444444446	0.020263021648896304	0.8423251609482528	0.0	(0.8423251609482528+0j)
0.91	0.8281000000000001	0.020349934322922522	0.8484681957416271	0.0	(0.8484681957416271+0j)
0.9133333333333334	0.834177777777778	0.020436568482559963	0.8546331939007333	0.0	(0.8546331939007333+0j)
0.9166666666666667	0.8402777777777779	0.02052292251047002	0.8608201551749374	0.0	(0.8608201551749374+0j)
0.92	0.8464	0.020608994828448707	0.8670290795109984	0.0	(0.8670290795109984+0j)
0.9233333333333333	0.8525444444444444	0.020694783897204548	0.8732599670785908	0.0	(0.8732599670785908+0j)
0.9266666666666667	0.8587111111111113	0.020780288216132613	0.8795128183013903	0.0	(0.8795128183013903+0j)
0.93	0.8649000000000001	0.020865506323084863	0.8857876338950307	0.0	(0.8857876338950307+0j)
0.9333333333333333	0.8711111111111112	0.02095043679413684	0.892084414914043	0.0	(0.892084414914043+0j)
0.9366666666666668	0.8773444444444446	0.02103507824335081	0.8984031628102537	0.0	(0.8984031628102537+0j)
0.9400000000000001	0.8836000000000002	0.021119429322535455	0.9047438795063651	0.0	(0.9047438795063651+0j)
0.9433333333333334	0.8898777777777778	0.02120348872100216	0.9111065674895293	0.0	(0.9111065674895293+0j)
0.9466666666666668	0.896177777777778	0.021287255165318066	0.9174912299319471	0.0	(0.9174912299319471+0j)
0.9500000000000001	0.9025000000000001	0.021370727419055855	0.9238978708484058	0.0	(0.9238978708484058+0j)
0.9533333333333334	0.9088444444444445	0.02145390428254049	0.9303264953051729	0.0	(0.9303264953051729+0j)
0.9566666666666668	0.9152111111111113	0.021536784592592905	0.9367771097019535	0.0	(0.9367771097019535+0j)
0.9600000000000001	0.9216000000000002	0.021619367222270713	0.9432497221598544	0.0	(0.9432497221598544+0j)
0.9633333333333334	0.9280111111111112	0.021701651080606146	0.9497443430672721	0.0	(0.9497443430672721+0j)
0.9666666666666667	0.9344444444444444	0.021783635112341167	0.9562609858680715	0.0	(0.9562609858680715+0j)
0.9700000000000001	0.9409000000000002	0.02186531829765992	0.9627996682341824	0.0	(0.9627996682341824+0j)
0.9733333333333334	0.9473777777777779	0.021946699651918575	0.9693604138731527	0.0	(0.9693604138731527+0j)
0.9766666666666667	0.9538777777777778	0.02202777822537269	0.9759432554355068	0.0	(0.9759432554355068+0j)
0.9800000000000001	0.9604000000000001	0.02210855310290212	0.9825482394411666	0.0	(0.9825482394411666+0j)
0.9833333333333334	0.9669444444444446	0.022189023403733583	0.9891754351899802	0.0	(0.9891754351899802+0j)
0.9866666666666667	0.9735111111111112	0.022269188281160986	0.995824952298019	0.0	(0.995824952298019+0j)
0.9900000000000001	0.9801000000000002	0.022349046922263586	1.0024969793750909	0.0	(1.0024969793750909+0j)
0.9933333333333334	0.9867111111111112	0.022428598547622	1.00919188449018	0.0	(1.00919188449018+0j)
0.9966666666666667	0.9933444444444445	0.022507842411032278	1.015910553460668	0.0	(1.015910553460668+0j)
1.0	1.0	0.022586777799217996	1.022656274123496	0.0	(1.022656274123496+0j)
