-9605195.204771383	-92259774921763.17	-0.00039788735772973823	-92259774921763.17	0.0	(-92259774921763.17+0j)
-1200594.1310054827	-1441426267404.8103	-0.0003978873577297328	-1441426267404.8108	0.0	(-1441426267404.8108+0j)
-355704.3016402785	-126525550205.39822	-0.00039788735772967545	-126525550205.39862	0.0	(-126525550205.39862+0j)
-150046.63327639527	-22513992157.581047	-0.0003978873577293849	-22513992157.581444	0.0	(-22513992157.581444+0j)
-76813.26603926464	-5900277839.618846	-0.00039788735772838964	-5900277839.619244	0.0	(-5900277839.619244+0j)
-44444.61752351378	-1975324026.811428	-0.00039788735772570977	-1975324026.811826	0.0	(-1975324026.811826+0j)
-27982.86297320777	-783040620.1773225	-0.00039788735771957573	-783040620.1777204	0.0	(-783040620.1777204+0j)
-18742.01600231651	-351263163.8310882	-0.00039788735770708366	-351263163.83148605	0.0	(-351263163.83148605+0j)
-13159.681857015545	-173177226.57786408	-0.00039788735768378687	-173177226.57826197	0.0	(-173177226.57826197+0j)
-9590.609764578987	-91979795.65643781	-0.0003978873576432221	-91979795.6568357	0.0	(-91979795.6568357+0j)
-7203.243728879368	-51886720.217639945	-0.0003978873575763706	-51886720.218037836	0.0	(-51886720.218037836+0j)
-5546.372188325968	-30762244.451435786	-0.0003978873574710528	-30762244.451833673	0.0	(-30762244.451833673+0j)
-4360.696925764805	-19015677.678374622	-0.00039788735731125484	-19015677.67877251	0.0	(-19015677.67877251+0j)
-3489.969969937625	-12179890.391066428	-0.00039788735707638705	-12179890.391464315	0.0	(-12179890.391464315+0j)
-2836.2105753037786	-8044090.427464991	-0.0003978873567404721	-8044090.427862878	0.0	(-8044090.427862878+0j)
-2335.8522065964303	-5456205.531061413	-0.00039788735627126193	-5456205.5314593	0.0	(-5456205.5314593+0j)
-1946.4273685286264	-3788579.5009572734	-0.00039788735562928165	-3788579.501355161	0.0	(-3788579.501355161+0j)
-1638.829218206556	-2685761.206447512	-0.00039788735476679914	-2685761.2068453995	0.0	(-2685761.2068453995+0j)
-1392.6540178654614	-1939485.2134768127	-0.00039788735362671806	-1939485.2138747	0.0	(-1939485.2138747+0j)
-1193.310456657072	-1423989.84596711	-0.0003978873521413929	-1423989.8463649973	0.0	(-1423989.8463649973+0j)
-1030.1761707171554	-1061262.9427134618	-0.0003978873502313637	-1061262.9431113491	0.0	(-1061262.9431113491+0j)
-895.3932941925091	-801729.1512849131	-0.00039788734780400823	-801729.1516828004	0.0	(-801729.1516828004+0j)
-783.0642560322963	-613189.6290754137	-0.0003978873447521099	-613189.629473301	0.0	(-613189.629473301+0j)
-688.7042001214068	-474313.47526486666	-0.0003978873409523378	-474313.475662754	0.0	(-474313.475662754+0j)
-608.861460144658	-370712.27764948504	-0.00039788733626363747	-370712.27804737235	0.0	(-370712.27804737235+0j)
-540.8502227281518	-292518.96342509147	-0.00039788733052552886	-292518.9638229788	0.0	(-292518.9638229788+0j)
-482.5594081882106	-232863.58243095607	-0.0003978873235563091	-232863.58282884338	0.0	(-232863.58282884338+0j)
-432.3141694833717	-186895.54113609742	-0.0003978873151511562	-186895.54153398474	0.0	(-186895.54153398474+0j)
-388.77425741880654	-151145.42323154447	-0.00039788730508013117	-151145.42362943178	0.0	(-151145.42362943178+0j)
-350.858570038611	-123101.7361695389	-0.0003978872930860753	-123101.7365674262	0.0	(-123101.7365674262+0j)
-317.6885353347575	-100926.00548314345	-0.0003978872788823975	-100926.00588103074	0.0	(-100926.00588103074+0j)
-288.5451996188469	-83258.3322230802	-0.00039788726215075014	-83258.33262096746	0.0	(-83258.33262096746+0j)
-262.836399308869	-69082.97280165122	-0.0003978872425385873	-69082.97319953846	0.0	(-69082.97319953846+0j)
-240.07142706246006	-57634.290091806084	-0.0003978872196566027	-57634.2904896933	0.0	(-57634.2904896933+0j)
-219.84132123719695	-48330.206523316425	-0.0003978871930760419	-48330.206921203615	0.0	(-48330.206921203615+0j)
-201.80341259064414	-40724.61733322975	-0.000397887162325885	-40724.61773111691	0.0	(-40724.61773111691+0j)
-185.66912113051106	-34473.02254137639	-0.0003978871268898941	-34473.022939263516	0.0	(-34473.022939263516+0j)
-171.19425391683407	-29307.47257414146	-0.00039788708620352146	-29307.472972028543	0.0	(-29307.472972028543+0j)
-158.1712416884214	-25018.14169725701	-0.00039788703965067194	-25018.142095144052	0.0	(-25018.142095144052+0j)
-146.42288913233602	-21439.662461860367	-0.0003978869865603149	-21439.662859747354	0.0	(-21439.662859747354+0j)
-135.79731473932583	-18440.910690411518	-0.00039788692620293967	-18440.911088298442	0.0	(-18440.911088298442+0j)
-126.1638314734695	-15917.312372066013	-0.0003978868577868479	-15917.31276995287	0.0	(-15917.31276995287+0j)
-117.40957596921426	-13785.008529270695	-0.0003978867804542773	-13785.008927157476	0.0	(-13785.008927157476+0j)
-109.43673666083288	-11976.399330972483	-0.0003978866932773487	-11976.399728859176	0.0	(-11976.399728859176+0j)
-102.16026374241683	-10436.719487920167	-0.00039788659525383165	-10436.719885806762	0.0	(-10436.719885806762+0j)
-95.50596875190209	-9121.390067239297	-0.00039788648530271833	-9121.390465125784	0.0	(-9121.390465125784+0j)
-89.40894076792034	-7993.958689241488	-0.00039788636225960097	-7993.959087127851	0.0	(-7993.959087127851+0j)
-83.81222109797599	-7024.488405376012	-0.00039788622487184247	-7024.4888032622375	0.0	(-7024.4888032622375+0j)
-78.66568995306919	-6188.290775792411	-0.0003978860717935335	-6188.291173678483	0.0	(-6188.291173678483+0j)
-73.92512771679691	-5464.924507944735	-0.0003978859015802265	-5464.924905830636	0.0	(-5464.924905830636+0j)
-69.5514206035539	-4837.400107972461	-0.0003978857126834372	-4837.400505858174	0.0	(-4837.400505858174+0j)
-65.5098861964565	-4291.545189472683	-0.00039788550344490545	-4291.545587358187	0.0	(-4291.545587358187+0j)
-61.76969889208737	-3815.4957012191394	-0.00039788527209060314	-3815.4960991044113	0.0	(-3815.4960991044113+0j)
-58.30339890885323	-3399.2863243248685	-0.00039788501672448156	-3399.2867222098853	0.0	(-3399.2867222098853+0j)
-55.08647143290039	-3034.5193349277506	-0.00039788473532194443	-3034.519732812486	0.0	(-3034.519732812486+0j)
-52.09698483000059	-2714.095828377312	-0.00039788442572303786	-2714.0962262617377	0.0	(-2714.0962262617377+0j)
-49.31527876000004	-2431.9967191765113	-0.00039788408562534285	-2431.9971170605945	0.0	(-2431.9971170605945+0j)
-46.7236945829899	-2183.1036354845196	-0.00039788371257656045	-2183.1040333682377	0.0	(-2183.1040333682377+0j)
-44.3063417144323	-1963.0519161160437	-0.00039788330396677403	-1963.052313999348	0.0	(-1963.052313999348+0j)
-42.0488946259587	-1768.1095392649786	-0.00039788285702037736	-1768.1099371478438	0.0	(-1768.1099371478438+0j)
-39.93841604370705	-1595.0770760802368	-0.00039788236878765277	-1595.077473962608	0.0	(-1595.077473962608+0j)
-37.963202601939585	-1441.2047517959124	-0.00039788183613598515	-1441.205149677749	0.0	(-1441.205149677749+0j)
-36.1126497942929	-1304.123475165243	-0.00039788125574069657	-1304.1238730465004	0.0	(-1304.1238730465004+0j)
-34.37713355070611	-1181.7873111630838	-0.0003978806240754848	-1181.7877090437091	0.0	(-1181.7877090437091+0j)
-32.747906172853575	-1072.4253587060214	-0.00039787993740244935	-1072.425756585962	0.0	(-1072.425756585962+0j)
-31.217004699239933	-974.5013823923681	-0.000397879191761687	-974.5017802715611	0.0	(-974.5017802715611+0j)
-29.777170054741106	-886.6798564689705	-0.00039787838296043854	-886.6802543473535	0.0	(-886.6802543473535+0j)
-28.421775577784274	-807.7973269939346	-0.0003978775065617675	-807.7977248714427	0.0	(-807.7977248714427+0j)
-27.14476371932338	-736.8381973778947	-0.00039787655787275084	-736.838595254455	0.0	(-736.838595254455+0j)
-25.940589877590973	-672.9142031973753	-0.00039787553193216	-672.9146010729053	0.0	(-672.9146010729053+0j)
-24.804172476499513	-615.2469722439359	-0.0003978744234976111	-615.2473701183573	0.0	(-615.2473701183573+0j)
-23.73084851776959	-563.1531713733272	-0.0003978732270321606	-563.1535692465554	0.0	(-563.1535692465554+0j)
-22.716333940912474	-516.031827715052	-0.00039787193669032334	-516.0322255869896	0.0	(-516.0322255869896+0j)
-21.756688213976226	-473.353482040172	-0.00039787054630348605	-473.35387991071786	0.0	(-473.35387991071786+0j)
-20.84828265390689	-434.6508896171949	-0.00039786904936469253	-434.6512874862445	0.0	(-434.6512874862445+0j)
-19.987772040461227	-399.51103114144354	-0.0003978674390127711	-399.51142900888317	0.0	(-399.51142900888317+0j)
-19.172069143522997	-367.5682352440266	-0.00039786570801577623	-367.5686331097336	0.0	(-367.5686331097336+0j)
-18.398321831796846	-338.49824622637243	-0.00039786384875371464	-338.4986440902214	0.0	(-338.4986440902214+0j)
-17.663892472366342	-312.0130972753203	-0.0003978618532005244	-312.01349513717355	0.0	(-312.01349513717355+0j)
-16.966339366471665	-287.8566714982861	-0.0003978597129052735	-287.85706935799897	0.0	(-287.85706935799897+0j)
-16.30339999792458	-265.8008514923272	-0.0003978574189725451	-265.80124934974685	0.0	(-265.80124934974685+0j)
-15.672975897519757	-245.64217348423523	-0.00039785496204197137	-245.64257133919716	0.0	(-245.64257133919716+0j)
-15.073118950217209	-227.19891488739714	-0.0003978523322668811	-227.19931273972895	0.0	(-227.19931273972895+0j)
-14.502018992255339	-210.30855485173456	-0.00039784951929201903	-210.30895270125404	0.0	(-210.30895270125404+0j)
-13.95799256312947	-194.82555639237756	-0.000397846512230298	-194.82595423888964	0.0	(-194.82595423888964+0j)
-13.4394726929019	-180.61942626325583	-0.00039784329963853945	-180.6198241065555	0.0	(-180.6198241065555+0j)
-12.944999618894892	-167.5730151331889	-0.0003978398694921586	-167.57341297305874	0.0	(-167.57341297305874+0j)
-12.473212337728176	-155.5810260220544	-0.0003978362091587457	-155.58142385826372	0.0	(-155.58142385826372+0j)
-12.022840909112986	-144.54870352584078	-0.0003978323053704955	-144.549101358146	0.0	(-144.549101358146+0j)
-11.592699437005214	-134.390680236741	-0.0003978281441954324	-134.39107806488542	0.0	(-134.39107806488542+0j)
-11.181679661808277	-125.02996005929685	-0.0003978237110073782	-125.03035788300785	0.0	(-125.03035788300785+0j)
-10.788745104450985	-116.3970209288151	-0.00039781899045460454	-116.39741874780547	0.0	(-116.39741874780547+0j)
-10.412925709461692	-108.42902183076829	-0.0003978139664271126	-108.42941964473464	0.0	(-108.42941964473464+0j)
-10.053312939730441	-101.06910106415152	-0.0003978086220224766	-101.0694988727735	0.0	(-101.0694988727735+0j)
-9.70905528057937	-94.26575444134616	-0.0003978029395101871	-94.26615224428585	0.0	(-94.26615224428585+0j)
-9.379354115134207	-87.97228361708498	-0.0003977969002944257	-87.97268141398514	0.0	(-87.97268141398514+0j)
-9.0634599368687	-82.14630602722397	-0.0003977904848752005	-82.14670381770885	0.0	(-82.14670381770885+0j)
-8.760668868643995	-76.74931902602805	-0.00039778367280776666	-76.74971680970086	0.0	(-76.74971680970086+0j)
-8.470319460633334	-71.74631176518378	-0.0003977764426602552	-71.74670954162664	0.0	(-71.74670954162664+0j)
-8.191789742258713	-67.10541918137507	-0.00039776877196942757	-67.10581695014729	0.0	(-67.10581695014729+0j)
-7.92449450570503	-62.797613170949205	-0.00039776063719447	-62.79801093158747	0.0	(-62.79801093158747+0j)
-7.667882800757656	-58.796426646155076	-0.0003977520136687381	-58.79682439817139	0.0	(-58.79682439817139+0j)
-7.421435622657183	-55.07770670124501	-0.0003977428755493571	-55.07810444412729	0.0	(-55.07810444412729+0j)
-7.1846637764105	-51.619393580065186	-0.0003977331957645798	-51.61979131327534	0.0	(-51.61979131327534+0j)
-6.957105902559871	-48.401322539433394	-0.00039772294595879733	-48.40172026240951	0.0	(-48.40172026240951+0j)
-6.738326650815264	-45.40504605308725	-0.0003977120964350952	-45.40544376524118	0.0	(-45.40544376524118+0j)
-6.5279149892138815	-42.61367410640327	-0.0003977006160952403	-42.614071807122826	0.0	(-42.614071807122826+0j)
-6.325482637604348	-40.01173059863406	-0.00039768847237697965	-40.01212828728321	0.0	(-40.01212828728321+0j)
-6.130662615271313	-37.585024102285296	-0.00039767563118852506	-37.58542177820352	0.0	(-37.58542177820352+0j)
-5.943107893435154	-35.32053143301123	-0.00039766205684009325	-35.32092909551375	0.0	(-35.32092909551375+0j)
-5.762490144188762	-33.20629266187262	-0.0003976477119723626	-33.20669031024804	0.0	(-33.20669031024804+0j)
-5.588498578181307	-31.23131635833449	-0.0003976325574817023	-31.231713991842394	0.0	(-31.231713991842394+0j)
-5.420838864033355	-29.385493989814435	-0.00039761655244202214	-29.385891607682186	0.0	(-29.385891607682186+0j)
-5.259232123078992	-27.659522524425963	-0.000397599654023083	-27.659920125843577	0.0	(-27.659920125843577+0j)
-5.103413993582461	-26.04483438989329	-0.0003975818174051017	-26.045231974008097	0.0	(-26.045231974008097+0j)
-4.953133759078175	-24.53353403531989	-0.00039756299568947386	-24.53393160123017	0.0	(-24.53393160123017+0j)
-4.808153535936197	-23.118340425135752	-0.00039754313980542997	-23.118737971884848	0.0	(-23.118737971884848+0j)
-4.6682475156679075	-21.79253486753959	-0.00039752219841243246	-21.792932394109847	0.0	(-21.792932394109847+0j)
-4.533201257860082	-20.549913644264226	-0.00039750011779810895	-20.550311149571698	0.0	(-20.550311149571698+0j)
-4.402811029966271	-19.384744965592656	-0.0003974768417715083	-19.385142448481943	0.0	(-19.385142448481943+0j)
-4.276883190493413	-18.291729825125113	-0.00039745231155145593	-18.292127284365648	0.0	(-18.292127284365648+0j)
-4.15523361240365	-17.26596637364909	-0.0003974264656497711	-17.266363807932105	0.0	(-17.266363807932105+0j)
-4.037687143807751	-16.30291747127039	-0.0003973992397490997	-16.303314879206557	0.0	(-16.303314879206557+0j)
-3.9240771032610224	-15.398381112337416	-0.0003973705665751007	-15.398778492455511	0.0	(-15.398778492455511+0j)
-3.814244807185861	-14.548463449144304	-0.000397340375762714	-14.548860799890408	0.0	(-14.548860799890408+0j)
-3.708039127140636	-13.74955416840589	-0.00039730859371622	-13.749951488142658	0.0	(-13.749951488142658+0j)
-3.6053160748326105	-12.998303999446422	-0.0003972751434627898	-12.998701286453006	0.0	(-12.998701286453006+0j)
-3.505938412936072	-12.291604155300703	-0.00039723994449920706	-12.292001407772137	0.0	(-12.292001407772137+0j)
-3.409775289925844	-11.626567527788874	-0.0003972029126314258	-11.626964743835599	0.0	(-11.626964743835599+0j)
-3.31670189727347	-11.000511475377435	-0.00039716395980661387	-11.000908653023899	0.0	(-11.000908653023899+0j)
-3.2265991474784026	-10.410942058508354	-0.00039712299393730987	-10.411339195691342	0.0	(-10.411339195691342+0j)
-3.139353371521828	-9.855539591285467	-0.00039707991871730405	-9.855936685851304	0.0	(-9.855936685851304+0j)
-3.0548560344360047	-9.332145391130073	-0.00039703463342883336	-9.33254244083116	0.0	(-9.33254244083116+0j)
-2.9730034677792423	-8.8387496194274	-0.000396987032740658	-8.839146621918218	0.0	(-8.839146621918218+0j)
-2.8936966178954187	-8.373480116419385	-0.0003969370064965646	-8.373877069251295	0.0	(-8.373877069251295+0j)
-2.8168408089191725	-7.934592142792418	-0.00039688443949381825	-7.9349890434082475	0.0	(-7.9349890434082475+0j)
-2.742345519563008	-7.520458948667304	-0.0003968292112510577	-7.520855794395438	0.0	(-7.520855794395438+0j)
-2.6701241727922507	-7.129563098129501	-0.0003967711957651037	-7.129959886177153	0.0	(-7.129959886177153+0j)
-2.600093937557491	-6.760488484123218	-0.0003967102612561206	-6.760885211569778	0.0	(-6.760885211569778+0j)
-2.53217554181336	-6.411912974557783	-0.0003966462699005412	-6.412309638348084	0.0	(-6.412309638348084+0j)
-2.4662930961066483	-6.082601635903317	-0.0003965790775511346	-6.082998232840186	0.0	(-6.082998232840186+0j)
-2.4023739270672144	-5.771400485452349	-0.00039650853344356146	-5.771797012189604	0.0	(-5.771797012189604+0j)
-2.340348420181257	-5.477230727844906	-0.00039643447988872655	-5.4776271808798755	0.0	(-5.4776271808798755+0j)
-2.280149871269615	-5.1990834354508415	-0.0003963567519502016	-5.199479811116663	0.0	(-5.199479811116663+0j)
-2.221714346133128	-4.936014635813752	-0.00039627517710594994	-4.936410930271539	0.0	(-4.936410930271539+0j)
-2.1649805478639736	-4.687140772629392	-0.0003961895748935444	-4.6875369818601955	0.0	(-4.6875369818601955+0j)
-2.109889691355602	-4.451634509688637	-0.0003960997565380243	-4.452030629485078	0.0	(-4.452030629485078+0j)
-2.056385384575469	-4.228720849895599	-0.0003960055245614905	-4.229116875852993	0.0	(-4.229116875852993+0j)
-2.004413516193774	-4.017673543900289	-0.0003959066723734887	-4.018069471407604	0.0	(-4.018069471407604+0j)
-1.9539221491884349	-3.8178117650891523	-0.0003958029838411768	-3.818207589319341	0.0	(-3.818207589319341+0j)
-1.9048614200715395	-3.628497029676962	-0.0003956942328382173	-3.6288927455771067	0.0	(-3.6288927455771067+0j)
-1.8571834434057672	-3.449130342460503	-0.00039558018277127677	-3.4495259447412185	0.0	(-3.4495259447412185+0j)
-1.8108422213008069	-3.2791495504456405	-0.00039546058608295163	-3.2795450335701823	0.0	(-3.2795450335701823+0j)
-1.7657935575998587	-3.1180268880611655	-0.0003953351837298717	-3.11842224623395	0.0	(-3.11842224623395+0j)
-1.7219949764848979	-2.965266699039224	-0.0003952037046346649	-2.965661926193833	0.0	(-2.965661926193833+0j)
-1.6794056452467305	-2.8204033212865873	-0.00039506586511039033	-2.820798411073037	0.0	(-2.820798411073037+0j)
-1.6379863009819313	-2.6829991222044702	-0.00039492136825596756	-2.6833940679760997	0.0	(-2.6833940679760997+0j)
-1.5976991809937733	-2.5526426729481737	-0.00039476990332104747	-2.55303746774781	0.0	(-2.55303746774781+0j)
-1.5585079566882198	-2.42894705106049	-0.0003946111450386793	-2.4293416876058695	0.0	(-2.4293416876058695+0j)
-1.5203776707690226	-2.3115482617730385	-0.0003944447529240351	-2.311942732441638	0.0	(-2.311942732441638+0j)
-1.4832746775481236	-2.20010376905549	-0.00039427037053735195	-2.200498065868558	0.0	(-2.200498065868558+0j)
-1.4471665861988359	-2.0942911282103926	-0.0003940876247091459	-2.0946852428162344	0.0	(-2.0946852428162344+0j)
-1.4120222067898245	-1.9938067124676058	-0.00039389612472563935	-1.9942006361240312	0.0	(-1.9942006361240312+0j)
-1.3778114989477563	-1.8983645266326632	-0.00039369546147222117	-1.8987582501885867	0.0	(-1.8987582501885867+0j)
-1.3445055230056484	-1.807695101392692	-0.00039348520653263437	-1.8080886152688684	0.0	(-1.8080886152688684+0j)
-1.3120763935025515	-1.7215444623866623	-0.00039326491124144807	-1.7219377565553855	0.0	(-1.7219377565553855+0j)
-1.2804972349081958	-1.6396731686075352	-0.0003930341056872275	-1.6400662325714253	0.0	(-1.6400662325714253+0j)
-1.249742139453741	-1.5618554151264137	-0.0003927922976636626	-1.5622482378961233	0.0	(-1.5622482378961233+0j)
-1.2197861269567585	-1.4878781955161693	-0.0003925389715657526	-1.4882707655869436	0.0	(-1.4882707655869436+0j)
-1.1906051065351553	-1.4175405197075885	-0.00039227358722797073	-1.4179328250348187	0.0	(-1.4179328250348187+0j)
-1.1621758401108537	-1.3506526833373687	-0.0003919955787011492	-1.3510447113107136	0.0	(-1.3510447113107136+0j)
-1.1344759076098252	-1.2870355849471367	-0.00039170435296462795	-1.2874273223634234	0.0	(-1.2874273223634234+0j)
-1.1074836737704155	-1.226520087668016	-0.000391399288570003	-1.2269115207029042	0.0	(-1.2269115207029042+0j)
-1.0811782564769803	-1.168946422278603	-0.00039107973421258614	-1.1693375364566747	0.0	(-1.1693375364566747+0j)
-1.0555394965405518	-1.1141636287570815	-0.00039074500722645355	-1.1145544089204755	0.0	(-1.1145544089204755+0j)
-1.0305479288526944	-1.0620290336625782	-0.0003903943919987063	-1.0624194639380764	0.0	(-1.0624194639380764+0j)
-1.0061847548428828	-1.0124077608782323	-0.0003900271382982993	-1.0127978246426053	0.0	(-1.0127978246426053+0j)
-0.9824318161736062	-0.9651722734301703	-0.00038964245951450744	-0.9655619532738025	0.0	(-0.9655619532738025+0j)
-0.9592715696111017	-0.9202019442641468	-0.00038923953079979387	-0.9205912219527937	0.0	(-0.9205912219527937+0j)
-0.9366870630130316	-0.877382654015979	-0.00038881748711151905	-0.8777715104505652	0.0	(-0.8777715104505652+0j)
-0.9146619123776685	-0.8366064139543736	-0.00038837542114658326	-0.8369948291287304	0.0	(-0.8369948291287304+0j)
-0.8931802799021815	-0.7977710124061393	-0.0003879123811627237	-0.7981589653625546	0.0	(-0.7981589653625546+0j)
-0.8722268530004768	-0.7607796830951152	-0.00038742736867979435	-0.761167151877579	0.0	(-0.761167151877579+0j)
-0.8517868242337273	-0.7255407939381787	-0.00038691933605393327	-0.7259277555432653	0.0	(-0.7259277555432653+0j)
-0.8318458721092578	-0.6919675549452116	-0.00038638718391707333	-0.6923539852702539	0.0	(-0.6923539852702539+0j)
-0.8123901427058198	-0.6599777439655822	-0.0003858297584737705	-0.6603636177542094	0.0	(-0.6603636177542094+0j)
-0.7934062320855423	-0.6294934491121774	-0.0003852458486468114	-0.6298787398971566	0.0	(-0.6298787398971566+0j)
-0.7748811694549418	-0.6004408267758582	-0.0003846341830625123	-0.6008255068187083	0.0	(-0.6008255068187083+0j)
-0.7568024010393578	-0.572749874218937	-0.00038399342686603645	-0.5731339144463239	0.0	(-0.5731339144463239+0j)
-0.7391577746370641	-0.5463542158064169	-0.00038332217835642963	-0.5467375857434412	0.0	(-0.5467375857434412+0j)
-0.721935524821055	-0.5211909019986521	-0.00038261896543040954	-0.521573569698384	0.0	(-0.521573569698384+0j)
-0.7051242587581799	-0.4972002202892726	-0.0003818822418232373	-0.4975821522584493	0.0	(-0.4975821522584493+0j)
-0.6887129426168537	-0.4743255173279656	-0.00038111038313426546	-0.47470667844897113	0.0	(-0.47470667844897113+0j)
-0.6726908885360721	-0.4525130315194501	-0.00038030168262401416	-0.45289338496783144	0.0	(-0.45289338496783144+0j)
-0.6570477421298259	-0.43171173543790214	-0.000379454346768933	-0.4320912425955682	0.0	(-0.4320912425955682+0j)
-0.6417734705023628	-0.4118731874406471	-0.0003785664905594699	-0.4122518078043927	0.0	(-0.4122518078043927+0j)
-0.6268583507509564	-0.3929513919062091	-0.00037763613252689754	-0.3933290829910966	0.0	(-0.3933290829910966+0j)
-0.6122929589340428	-0.3749026675602054	-0.00037666118948491396	-0.3752793847979579	0.0	(-0.3752793847979579+0j)
-0.598068159483679	-0.35768552338819526	-0.00037563947097393903	-0.3580612200197275	0.0	(-0.3580612200197275+0j)
-0.584175095042342	-0.3412605416677293	-0.00037456867340021426	-0.3416351686298985	0.0	(-0.3416351686298985+0j)
-0.5706051767050645	-0.3255902676826179	-0.00037344637386962454	-0.32596377348893185	0.0	(-0.32596377348893185+0j)
-0.5573500746488577	-0.3106391057110872	-0.00037227002372943493	-0.31101143632596434	0.0	(-0.31101143632596434+0j)
-0.5444017091322467	-0.29637322090611135	-0.0003710369418521424	-0.29674431961223435	0.0	(-0.29674431961223435+0j)
-0.5317522418485942	-0.28276044671100575	-0.0003697443077270142	-0.28313025396964225	0.0	(-0.28313025396964225+0j)
-0.5193940676176739	-0.2697701974764328	-0.0003683891544692878	-0.27013865078131427	0.0	(-0.27013865078131427+0j)
-0.5073198064007199	-0.257373385966464	-0.00036696836191677955	-0.2577404196898797	0.0	(-0.2577404196898797+0j)
-0.49552229562487815	-0.24554234546134915	-0.00036547865006016767	-0.24590789069511096	0.0	(-0.24590789069511096+0j)
-0.4839945828036719	-0.23425075618330043	-0.00036391657314630227	-0.23461474057176518	0.0	(-0.23461474057176518+0j)
-0.47272991844072854	-0.22347357578897786	-0.0003622785149011629	-0.2238359233587581	0.0	(-0.2238359233587581+0j)
-0.4617217492046207	-0.21318697368857467	-0.0003605606854354466	-0.2135476046750307	0.0	(-0.2135476046750307+0j)
-0.45096371136325314	-0.2033682689665195	-0.0003587591205132701	-0.20372709963901905	0.0	(-0.20372709963901905+0j)
-0.4404496244667679	-0.19399587169291685	-0.00035686968397244574	-0.19435281418299996	0.0	(-0.19435281418299996+0j)
-0.4301734852684612	-0.18504922742801502	-0.00035488807417052647	-0.1854041895629202	0.0	(-0.1854041895629202+0j)
-0.4201294618736933	-0.17650876473427912	-0.00035280983538063705	-0.17686164988356212	0.0	(-0.17686164988356212+0j)
-0.41031188810723823	-0.1683558455221268	-0.0003506303750618076	-0.16870655245972935	0.0	(-0.16870655245972935+0j)
-0.4007152580899652	-0.16057271806610743	-0.0003483449878689704	-0.16092114085803985	0.0	(-0.16092114085803985+0j)
-0.39133422101615867	-0.15314247253832372	-0.0003459488871405305	-0.15348850046053467	0.0	(-0.15348850046053467+0j)
-0.38216357612318463	-0.14604899891526113	-0.0003434372444040074	-0.1463925164119093	0.0	(-0.1463925164119093+0j)
-0.3731982678455901	-0.13927694712294883	-0.00034080523717608803	-0.13961783381172518	0.0	(-0.13961783381172518+0j)
-0.3644333811460802	-0.13281168929356416	-0.0003380481050120503	-0.13314982002732934	0.0	(-0.13314982002732934+0j)
-0.3558641370161595	-0.12663928401425592	-0.00033516121339614564	-0.12697452900660333	0.0	(-0.12697452900660333+0j)
-0.34748588813954967	-0.12074644245613163	-0.00033214012467905904	-0.12107866747847927	0.0	(-0.12107866747847927+0j)
-0.3392941147118041	-0.11512049627806688	-0.0003289806748839663	-0.11544956293194865	0.0	(-0.11544956293194865+0j)
-0.3312844204098322	-0.10974936720627844	-0.0003256790548431164	-0.1100751332777222	0.0	(-0.1100751332777222+0j)
-0.32345252850532874	-0.1046215381964905	-0.0003222318938155738	-0.10494385809465298	0.0	(-0.10494385809465298+0j)
-0.3157942781163639	-0.0997260260910354	-0.0003186363434942358	-0.10004475136909657	0.0	(-0.10004475136909657+0j)
-0.3083056205916502	-0.09505235568840255	-0.0003148901601525861	-0.09536733564833279	0.0	(-0.09536733564833279+0j)
-0.30098261602223375	-0.0905905351475874	-0.0003109917826193257	-0.09090161752136529	0.0	(-0.09090161752136529+0j)
-0.2938214298755963	-0.08633103265413994	-0.00030694040380631663	-0.0866380643577177	0.0	(-0.0866380643577177+0j)
-0.28681832974736315	-0.08226475427906714	-0.0003027360336501273	-0.08256758222797769	0.0	(-0.08256758222797769+0j)
-0.2799696822260281	-0.07838302296574315	-0.00029837955155201406	-0.07868149494416031	0.0	(-0.07868149494416031+0j)
-0.27327194986629844	-0.07467755858372872	-0.0002938727467025357	-0.07497152415278742	0.0	(-0.07497152415278742+0j)
-0.2667216882668555	-0.07114045899192165	-0.0002892183450385392	-0.07142977042594444	0.0	(-0.07142977042594444+0j)
-0.2603155432485035	-0.06776418205676349	-0.0002844200219829055	-0.06804869529194547	0.0	(-0.06804869529194547+0j)
-0.2540502481288529	-0.06454152857433174	-0.0002794824005411222	-0.06482110415454344	0.0	(-0.06482110415454344+0j)
-0.24792262108984528	-0.061465626048059	-0.00027441103475367705	-0.061740130055002854	0.0	(-0.061740130055002854+0j)
-0.24192956263458582	-0.058529913276561985	-0.00026921237891113956	-0.05879921822884731	0.0	(-0.05879921822884731+0j)
-0.2360680531300946	-0.05572812570863317	-0.0002638937433136874	-0.0559921114166145	0.0	(-0.0559921114166145+0j)
-0.23033515043273323	-0.053054281524869844	-0.0002584632376858484	-0.05331283588899531	0.0	(-0.05331283588899531+0j)
-0.22472798759319407	-0.05050266840768679	-0.0002529297036308689	-0.0507556881492494	0.0	(-0.0507556881492494+0j)
-0.21924377063807438	-0.048067830963600566	-0.0002473026377214115	-0.04831522227883299	0.0	(-0.04831522227883299+0j)
-0.21387977642517536	-0.045744558763682996	-0.00024159210697160256	-0.04598623789341725	0.0	(-0.04598623789341725+0j)
-0.20863335056978574	-0.043527874969975115	-0.0002358086585203043	-0.04376376867944831	0.0	(-0.04376376867944831+0j)
-0.2035019054393242	-0.04141302551743565	-0.000229963225379997	-0.041643071482190964	0.0	(-0.041643071482190964+0j)
-0.19848291821381936	-0.0393954688226737	-0.0002240670300750876	-0.039619615918569724	0.0	(-0.039619615918569724+0j)
-0.19357392900980788	-0.03747086599229414	-0.0002181314879146703	-0.03768907448952043	0.0	(-0.03768907448952043+0j)
-0.18877253906533345	-0.035635071505172845	-0.00021216811152564266	-0.03584731316719543	0.0	(-0.03584731316719543+0j)
-0.18407640898381836	-0.033884124344377965	-0.00020618841812102337	-0.034090382435526846	0.0	(-0.034090382435526846+0j)
-0.17948325703467147	-0.032214239555773946	-0.00020020384080383555	-0.032414508760460405	0.0	(-0.032414508760460405+0j)
-0.17499085750858182	-0.030621800211588786	-0.00019422564501718167	-0.030816086471155524	0.0	(-0.030816086471155524+0j)
-0.17059703912552715	-0.02910334975839664	-0.0001882648510537408	-0.02929167003131387	0.0	(-0.02929167003131387+0j)
-0.1662996834936075	-0.02765558473007403	-0.00018233216333963842	-0.027837966682188405	0.0	(-0.027837966682188405+0j)
-0.16209672361688598	-0.02627534780732912	-0.00017643790701428615	-0.026451829439314237	0.0	(-0.026451829439314237+0j)
-0.1579861424504933	-0.024959621206387565	-0.0001705919721441688	-0.025130250425929142	0.0	(-0.025130250425929142+0j)
-0.15396597150131844	-0.0237055203803448	-0.00016480376573841353	-0.02387035452638445	0.0	(-0.02387035452638445+0j)
-0.1500342894726754	-0.022510288017570552	-0.00015908217158007383	-0.022669393344341964	0.0	(-0.022669393344341964+0j)
-0.14618922095139725	-0.021371288322376444	-0.00015343551775121245	-0.021524739450238223	0.0	(-0.021524739450238223+0j)
-0.14242893513587063	-0.020286001563938044	-0.00014787155161306465	-0.020433880904331504	0.0	(-0.020433880904331504+0j)
-0.1387516446035787	-0.01925201888019781	-0.00014239742190505289	-0.019394416041197772	0.0	(-0.019394416041197772+0j)
-0.13515560411677824	-0.018267037324171283	-0.00013701966754787301	-0.018404048503110938	0.0	(-0.018404048503110938+0j)
-0.1316391094649878	-0.017328855140735042	-0.00013174421267543425	-0.017460582509836082	0.0	(-0.017460582509836082+0j)
-0.12820049634301459	-0.016435367262595296	-0.00012657636737690525	-0.016561918353148852	0.0	(-0.016561918353148852+0j)
-0.12483813926329666	-0.015584561014722251	-0.00012152083360202548	-0.015706048104864288	0.0	(-0.015706048104864288+0j)
-0.12155045050138329	-0.014774512017089228	-0.00011658171566853343	-0.01489105152784793	0.0	(-0.01489105152784793+0j)
-0.11833587907341994	-0.014003380276079067	-0.00011176253480830566	-0.01411509217982144	0.0	(-0.01411509217982144+0j)
-0.11519290974454892	-0.013269406455415793	-0.00010706624719683414	-0.013376413700778887	0.0	(-0.013376413700778887+0j)
-0.11212006206717451	-0.012570908317947065	-0.00010249526492727242	-0.012673336274437097	0.0	(-0.012673336274437097+0j)
-0.10911588944808466	-0.011906277330046634	-9.805147941380736e-05	-0.012004253255244013	0.0	(-0.012004253255244013+0j)
-0.10617897824345514	-0.011273975420824119	-9.373628673802538e-05	-0.011367627952798283	0.0	(-0.011367627952798283+0j)
-0.10330794688080004	-0.010672531888726203	-8.955061448484423e-05	-0.010761990565517361	0.0	(-0.010761990565517361+0j)
-0.10050144500696728	-0.010100540448488468	-8.549494965021147e-05	-0.010185935256537867	0.0	(-0.010185935256537867+0j)
-0.09775815266131012	-0.009556656411752015	-8.156936724003052e-05	-0.009638117364196478	0.0	(-0.009638117364196478+0j)
-0.09507677947319713	-0.00903959399499496	-7.777355921770535e-05	-0.00911725074075941	0.0	(-0.00911725074075941+0j)
-0.09245606388305627	-0.008548123748747782	-7.410686349551175e-05	-0.008622105212645639	0.0	(-0.008622105212645639+0j)
-0.08989477238617372	-0.008081070102361981	-7.056829270201954e-05	-0.00815150415629802	0.0	(-0.00815150415629802+0j)
-0.08739169879850106	-0.007637309018887932	-6.715656249349814e-05	-0.007704322183766387	0.0	(-0.007704322183766387+0j)
-0.08494566354374737	-0.007215765754887531	-6.387011921121419e-05	-0.007279482932642103	0.0	(-0.007279482932642103+0j)
-0.08255551296106181	-0.0068154127202640444	-6.070716671847454e-05	-0.00687595695504575	0.0	(-0.00687595695504575+0j)
-0.0802201186326351	-0.00643526743343405	-5.7665692280960135e-05	-0.006492759700942008	0.0	(-0.006492759700942008+0j)
-0.07793837673057366	-0.0060743905673968255	-5.474349138122141e-05	-0.006128949591107883	0.0	(-0.006128949591107883+0j)
-0.07570920738242252	-0.005731884082474661	-5.193819138307916e-05	-0.005783626175221116	0.0	(-0.005783626175221116+0j)
-0.0735315540547355	-0.00540688944170449	-4.92472739841111e-05	-0.005455928371327835	0.0	(-0.005455928371327835+0j)
-0.07140438295411211	-0.005098585905057496	-4.666809641442715e-05	-0.005145032782384684	0.0	(-0.005145032782384684+0j)
-0.06932668244514165	-0.004806188898849511	-4.419791135763188e-05	-0.004850152086459747	0.0	(-0.004850152086459747+0j)
-0.06729746248471398	-0.004528948456881485	-4.183388558534531e-05	-0.004570533496989263	0.0	(-0.004570533496989263+0j)
-0.06531575407217595	-0.004266147730016969	-3.957311731002107e-05	-0.004305457289893391	0.0	(-0.004305457289893391+0j)
-0.06338060871482991	-0.004017101561062373	-3.7412652272210325e-05	-0.004054235394316045	0.0	(-0.004054235394316045+0j)
-0.06149109790828906	-0.003781155121966791	-3.5349498588025524e-05	-0.003816210044138206	0.0	(-0.003816210044138206+0j)
-0.059646312631220576	-0.003557682610501303	-3.338064039048799e-05	-0.003590752487483611	0.0	(-0.003590752487483611+0j)
-0.05784536285402355	-0.0033460860037136477	-3.150305030489263e-05	-0.003377261751490761	0.0	(-0.003377261751490761+0j)
-0.05608737706100519	-0.003145793865583371	-2.97137008033908e-05	-0.003175163459982354	0.0	(-0.003175163459982354+0j)
-0.05437150178563229	-0.0029562602064250156	-2.8009574487878556e-05	-0.0029839087015737127	0.0	(-0.0029839087015737127+0j)
-0.052696901158450896	-0.002776963391703543	-2.638767335307263e-05	-0.0028029729460351815	0.0	(-0.0028029729460351815+0j)
-0.05106275646727974	-0.0026074050980367186	-2.4845027083540607e-05	-0.0026318550067876314	0.0	(-0.0026318550067876314+0j)
-0.049468265729297044	-0.0024471093142643444	-2.337870043948951e-05	-0.002470076047475699	0.0	(-0.002470076047475699+0j)
-0.04791264327465291	-0.0022956213855641425	-2.1985799786497853e-05	-0.002317178630762856	0.0	(-0.002317178630762856+0j)
-0.04639511934125177	-0.0021525070986889937	-2.0663478824119435e-05	-0.0021727258074761514	0.0	(-0.0021727258074761514+0j)
-0.04491493968036148	-0.0020173518064905104	-1.9408943567572872e-05	-0.002036300244388442	0.0	(-0.002036300244388442+0j)
-0.04347136517271722	-0.0018897595899797317	-1.821945663556387e-05	-0.001907503388965998	0.0	(-0.001907503388965998+0j)
-0.04206367145479865	-0.0017693524562572426	-1.709234089582786e-05	-0.0017859546695010858	0.0	(-0.0017859546695010858+0j)
-0.040691148554970594	-0.0016557695707226853	-1.602498251820298e-05	-0.0016712907291156968	0.0	(-0.0016712907291156968+0j)
-0.03935310053918671	-0.0015486665220473374	-1.5014833483127828e-05	-0.0015631646921805474	0.0	(-0.0015631646921805474+0j)
-0.038048845165965975	-0.0014477146184636524	-1.4059413591293451e-05	-0.0014612454617454066	0.0	(-0.0014612454617454066+0j)
-0.03677771355036136	-0.0013526002139924334	-1.3156312018024544e-05	-0.0013652170466773444	0.0	(-0.0013652170466773444+0j)
-0.035539049836649024	-0.001263024063291823	-1.2303188453632874e-05	-0.0012747779171942075	0.0	(-0.0012747779171942075+0j)
-0.03433221087947522	-0.0011787007038727565	-1.149777386869489e-05	-0.0011896403875888385	0.0	(-0.0011896403875888385+0j)
-0.033156565933206816	-0.0010993578644830908	-1.073787094087262e-05	-0.0011095300249795727	0.0	(-0.0011095300249795727+0j)
-0.032011496349239346	-0.001024735898517364	-1.0021354177596788e-05	-0.0010341850829247226	0.0	(-0.0010341850829247226+0j)
-0.030896395281024336	-0.0009545872413613028	-9.34616976667503e-06	-0.0009633559588680404	0.0	(-0.0009633559588680404+0j)
-0.029810667396585683	-0.0008886758906298567	-8.710335184663326e-06	-0.0008968046743552112	0.0	(-0.0008968046743552112+0j)
-0.028753728598301782	-0.0008267769083047978	-8.111938590718917e-06	-0.0008343043770412584	0.0	(-0.0008343043770412584+0j)
-0.02772500574973721	-0.0007686759438229613	-7.549138031559197e-06	-0.0007756388635572751	0.0	(-0.0007756388635572751+0j)
-0.02672393640931522	-0.0007141687772091237	-7.020160481235882e-06	-0.0007206021223114136	0.0	(-0.0007206021223114136+0j)
-0.025749968570627883	-0.0006630608813883238	-6.523300737457105e-06	-0.0006689978953868208	0.0	(-0.0006689978953868208+0j)
-0.024802560409188133	-0.0006151670028514266	-6.056920194487392e-06	-0.0006206392586935479	0.0	(-0.0006206392586935479+0j)
-0.023881180035433255	-0.0005703107598847759	-5.619445510895646e-06	-0.0005753482195971528	0.0	(-0.0005753482195971528+0j)
-0.022985305253795843	-0.0005283242576101748	-5.209367188872133e-06	-0.0005329553312780798	0.0	(-0.0005329553312780798+0j)
-0.02211442332766371	-0.0004890477191151169	-4.825238080281152e-06	-0.0004932993230796804	0.0	(-0.0004932993230796804+0j)
-0.021268030750055813	-0.0004523291319853196	-4.46567183326127e-06	-0.00045622674620251255	0.0	(-0.00045622674620251255+0j)
-0.020445633019846577	-0.00041802390958224064	-4.129341291833621e-06	-0.00042159163405083866	0.0	(-0.00042159163405083866+0j)
-0.0196467444233761	-0.00038599456643745983	-3.814976859754099e-06	-0.00038925517663005756	0.0	(-0.00038925517663005756+0j)
-0.01887088782128885	-0.0003561104071636678	-3.5213648387696916e-06	-0.0003590854083979429	0.0	(-0.0003590854083979429+0j)
-0.01811759444044789	-0.0003282472283085483	-3.247345750231889e-06	-0.00033095690899215746	0.0	(-0.00033095690899215746+0j)
-0.017386403670776745	-0.00030228703260319905	-2.991812648307085e-06	-0.00030475051630246975	0.0	(-0.00030475051630246975+0j)
-0.01667686286688518	-0.00027811775508089373	-2.7537094317818533e-06	-0.0002803530513626016	0.0	(-0.0002803530513626016+0j)
-0.01598852715433943	-0.00025563300056504927	-2.53202916098913e-06	-0.0002576570545689891	0.0	(-0.0002576570545689891+0j)
-0.015320959240441951	-0.00023473179204728362	-2.3258123853370227e-06	-0.00023656053275144878	0.0	(-0.00023656053275144878+0j)
-0.014673729229389235	-0.00021531832949743198	-2.134145486394623e-06	-0.00021696671664944445	0.0	(-0.00021696671664944445+0j)
-0.014046414441680602	-0.00019730175866745336	-1.956159040812644e-06	-0.00019878382835446625	0.0	(-0.00019878382835446625+0j)
-0.013438599237654378	-0.0001805959494702848	-1.791026206725277e-06	-0.00018192485831112365	0.0	(-0.00018192485831112365+0j)
-0.012849874845031441	-0.00016511928353297182	-1.6379611368563807e-06	-0.0001663073514804926	0.0	(-0.0001663073514804926+0j)
-0.012279839190349848	-0.00015079445054085202	-1.4962174209459667e-06	-0.00015185320228539858	0.0	(-0.00015185320228539858+0j)
-0.011728096734177362	-0.0001375482530062217	-1.3650865598319184e-06	-0.00013848845798018682	0.0	(-0.00013848845798018682+0j)
-0.011194258309992119	-0.0001253114191108276	-1.2438964729910573e-06	-0.00012614313009610007	0.0	(-0.00012614313009610007+0j)
-0.010677940966624817	-0.00011401842328672454	-1.132010041107745e-06	-0.00011475101363295909	0.0	(-0.00011475101363295909+0j)
-0.010178767814158789	-0.00010360731421455489	-1.0288236847039167e-06	-0.00010424951367883667	0.0	(-0.00010424951367883667+0j)
-0.00969636787318723	-9.401954993217744e-05	-9.337659801211817e-07	-9.457947915428156e-05	0.0	(-9.457947915428156e-05+0j)
-0.009230375927329837	-8.519983975983015e-05	-8.462963130145829e-07	-8.56850433929219e-05	0.0	(-8.56850433929219e-05+0j)
-0.008780432378913766	-7.709599276067726e-05	-7.659035702878292e-07	-7.751347127632612e-05	0.0	(-7.751347127632612e-05+0j)
-0.008346183107726328	-6.965877246769631e-05	-6.921048702340782e-07	-7.001501266040036e-05	0.0	(-7.001501266040036e-05+0j)
-0.00792727933274973	-6.2841757619441e-05	-6.244443314928905e-07	-6.314276183416676e-05	0.0	(-6.314276183416676e-05+0j)
-0.007523377476790291	-5.660120865827544e-05	-5.624918801572232e-07	-5.685252277041277e-05	0.0	(-5.685252277041277e-05+0j)
-0.007134139033917196	-5.089593975526098e-05	-5.058420952663845e-07	-5.1102679930543894e-05	0.0	(-5.1102679930543894e-05+0j)
-0.006759230439628037	-4.5687196135994224e-05	-4.541130921298375e-07	-4.585407440069593e-05	0.0	(-4.585407440069593e-05+0j)
-0.00639832294366065	-4.093853649137429e-05	-4.069454429822539e-07	-4.1069885145273825e-05	0.0	(-4.1069885145273825e-05+0j)
-0.006051092485372929	-3.661572026653673e-05	-3.6400113476164897e-07	-3.6715515168637076e-05	0.0	(-3.6715515168637076e-05+0j)
-0.005717219571614335	-3.268659963005e-05	-3.249625628864994e-07	-3.2758482390771493e-05	0.0	(-3.2758482390771493e-05+0j)
-0.005396389157014874	-2.91210159339477e-05	-2.895315608375526e-07	-2.9168315047588e-05	0.0	(-2.9168315047588e-05+0j)
-0.00508829052661923	-2.5890700483282996e-05	-2.5742846471166203e-07	-2.591645143403269e-05	0.0	(-2.591645143403269e-05+0j)
-0.004792617180795609	-2.2969179441657252e-05	-2.2839121188722444e-07	-2.2976143817822375e-05	0.0	(-2.2976143817822375e-05+0j)
-0.004509066722350688	-2.0331682706610376e-05	-2.0217447282977474e-07	-2.0322366358823655e-05	0.0	(-2.0322366358823655e-05+0j)
-0.004237340745783784	-1.7955056595879472e-05	-1.785488157879378e-07	-1.7931726877112616e-05	0.0	(-1.7931726877112616e-05+0j)
-0.003977144728615041	-1.5817680192350406e-05	-1.5729990299195862e-07	-1.5782382319271547e-05	0.0	(-1.5782382319271547e-05+0j)
-0.0037281879247241132	-1.389938520205869e-05	-1.3822771804949952e-07	-1.385395778247533e-05	0.0	(-1.385395778247533e-05+0j)
-0.003490183259637317	-1.2181379185852567e-05	-1.2114582281785857e-07	-1.2127468962166081e-05	0.0	(-1.2127468962166081e-05+0j)
-0.0032628472277028246	-1.0646172031328008e-05	-1.0588064358607596e-07	-1.0585247902418844e-05	0.0	(-1.0585247902418844e-05+0j)
-0.0030458997910948536	-9.277505537391672e-06	-9.22707861228389e-08	-9.210871936440911e-06	0.0	(-9.210871936440911e-06+0j)
-0.0028390642805893175	-8.060285989318138e-06	-8.016637764729495e-08	-7.98909572191442e-06	0.0	(-7.98909572191442e-06+0j)
-0.0026420672980546644	-6.9805196074498744e-06	-6.942843477908411e-08	-6.905786292365795e-06	0.0	(-6.905786292365795e-06+0j)
-0.0024546386206030298	-6.0252507577559444e-06	-5.992825946599112e-08	-5.947861079400277e-06	0.0	(-5.947861079400277e-06+0j)
-0.0022765111063480586	-5.182502817326061e-06	-5.15468563389021e-08	-5.10322888544817e-06	0.0	(-5.10322888544817e-06+0j)
-0.0021074206017169745	-4.441221592541135e-06	-4.4174378155403815e-08	-4.3607338506481735e-06	0.0	(-4.3607338506481735e-06+0j)
-0.001947105850265665	-3.791221192138778e-06	-3.770959189353107e-08	-3.7101025089359905e-06	0.0	(-3.7101025089359905e-06+0j)
-0.001795308402946694	-3.223132261691009e-06	-3.205936760508621e-08	-3.14189410000966e-06	0.0	(-3.14189410000966e-06+0j)
-0.001651772529781229	-2.728352490139881e-06	-2.713819036159748e-08	-2.6474543361145e-06	0.0	(-2.6474543361145e-06+0j)
-0.0015162451328869407	-2.2989993030033365e-06	-2.2867693072470274e-08	-2.218872715847906e-06	0.0	(-2.218872715847906e-06+0j)
-0.0013884756608149335	-1.9278646606754663e-06	-1.9176208176929777e-08	-1.8489430083396095e-06	0.0	(-1.8489430083396095e-06+0j)
-0.0012682160241497663	-1.6083718839102408e-06	-1.5998342206557936e-08	-1.5311253342105947e-06	0.0	(-1.5311253342105947e-06+0j)
-0.001155220512327529	-1.3345344321022784e-06	-1.3274563670506723e-08	-1.2595059788991721e-06	0.0	(-1.2595059788991721e-06+0j)
-0.001049245711627873	-1.1009165633694817e-06	-1.0950818918331606e-08	-1.0287482556218984e-06	0.0	(-1.0287482556218984e-06+0j)
-0.0009500504242967501	-9.025958087064349e-07	-8.978151555538716e-09	-8.340273201780471e-07	0.0	(-8.340273201780471e-07+0j)
-0.0008573955887574404	-7.351271956207178e-07	-7.3123569421795764e-09	-6.709492516678078e-07	0.0	(-6.709492516678078e-07+0j)
-0.0007710442008682636	-5.945091596925792e-07	-5.913634026910586e-09	-5.354708989914005e-07	0.0	(-5.354708989914005e-07+0j)
-0.0006907612361861271	-4.771510854173865e-07	-4.746269155475602e-09	-4.2384850199682425e-07	0.0	(-4.2384850199682425e-07+0j)
-0.0006163135731958032	-3.7984242050537864e-07	-3.778335866400084e-09	-3.3263103972776244e-07	0.0	(-3.3263103972776244e-07+0j)
-0.0005474699174655237	-2.997233105297073e-07	-2.981387581257877e-09	-2.586849783109188e-07	0.0	(-2.586849783109188e-07+0j)
-0.00048400072669017	-2.3425670343661265e-07	-2.330182269361103e-09	-1.992206485598955e-07	0.0	(-1.992206485598955e-07+0j)
-0.0004256781365839621	-1.812018759655943e-07	-1.8024408632300037e-09	-1.5179943369220322e-07	0.0	(-1.5179943369220322e-07+0j)
-0.00037227588758517846	-1.3858933647733242e-07	-1.378566594212316e-09	-1.1431913457075999e-07	0.0	(-1.1431913457075999e-07+0j)
-0.0003235692523360205	-1.0469706105729132e-07	-1.0414424878035788e-09	-8.498506926561704e-08	0.0	(-8.498506926561704e-08+0j)
-0.0002793349639012882	-7.802802205773399e-08	-7.76168462834903e-10	-6.227567689008313e-08	0.0	(-6.227567689008313e-08+0j)
-0.00023935114469007788	-5.728897046445059e-08	-5.698836957890308e-10	-4.490818595682229e-08	0.0	(-4.490818595682229e-08+0j)
-0.000203397236045202	-4.1370435630827624e-08	-4.115179308428196e-10	-3.180721810066958e-08	0.0	(-3.180721810066958e-08+0j)
-0.00017125392846552152	-2.932790801487396e-08	-2.9172042559366673e-10	-2.2076777731319252e-08	0.0	(-2.2076777731319252e-08+0j)
-0.00014270309242682625	-2.0364172588179316e-08	-2.0258994481991976e-10	-1.4975722884647032e-08	0.0	(-1.4975722884647032e-08+0j)
-0.00011752770976733008	-1.3812762563153774e-08	-1.3744738680543378e-10	-9.896380099944465e-09	0.0	(-9.896380099944465e-09+0j)
-9.551180560424546e-05	-9.122505009783175e-09	-9.072209650184959e-11	-6.345871972991631e-09	0.0	(-6.345871972991631e-09+0j)
-7.644038074828435e-05	-5.843131808942681e-09	-5.7980287238024175e-11	-3.930020852936184e-09	0.0	(-3.930020852936184e-09+0j)
-6.009934458328253e-05	-3.611931219340131e-09	-3.637978807091713e-11	-2.3354577677544266e-09	0.0	(-2.3354577677544266e-09+0j)
-4.627544837847556e-05	-2.141417122628957e-09	-2.1373125491663814e-11	-1.3215062360402861e-09	0.0	(-1.3215062360402861e-09+0j)
-3.475621900126083e-05	-1.2079947592636043e-09	-1.1823431123048067e-11	-7.058822323139556e-10	0.0	(-7.058822323139556e-10+0j)
-2.532989299856304e-05	-6.416034793186529e-10	-7.275957614183426e-12	-3.500114050893595e-10	0.0	(-3.500114050893595e-10+0j)
-1.778535101518103e-05	-3.163187107332009e-10	-3.637978807091713e-12	-1.5654884429100356e-10	0.0	(-1.5654884429100356e-10+0j)
-1.1912052517731514e-05	-1.418969951851937e-10	-0.0	-6.26810156016229e-11	0.0	(-6.26810156016229e-11+0j)
-7.499970793020954e-06	-5.6249561896167364e-11	-0.0	-2.1280478567516725e-11	0.0	(-2.1280478567516725e-11+0j)
-4.3395281898695236e-06	-1.8831504910672262e-11	-0.0	-5.692845525176017e-12	0.0	(-5.692845525176017e-12+0j)
-2.221531573583016e-06	-4.935202532426231e-12	-0.0	-1.0466354753304204e-12	0.0	(-1.0466354753304204e-12+0j)
-9.37107962417716e-07	-8.781713332266833e-13	-0.0	-9.747812386550013e-14	0.0	(-9.747812386550013e-14+0j)
-2.7764031551128097e-07	-7.708414479720364e-14	-0.0	-8.351717596054412e-15	-8.241093825240444e-07	(-8.351717596054412e-15-8.241093825240444e-07j)
-3.470344185902262e-08	-1.2043288768625633e-15	-0.0	-8.351717596054412e-15	8.241093825240444e-07	(-8.351717596054412e-15+8.241093825240444e-07j)
3.470344185902262e-08	1.2043288768625633e-15	0.0	-3.8857272538053576e-15	0.0	(-3.8857272538053576e-15+0j)
2.7764031551128097e-07	7.708414479720364e-14	0.0	-2.123724932860048e-15	0.0	(-2.123724932860048e-15+0j)
9.37107962417716e-07	8.781713332266833e-13	0.0	9.350891335604621e-14	0.0	(9.350891335604621e-14+0j)
2.221531573583016e-06	4.935202532426231e-12	0.0	1.048101972132979e-12	0.0	(1.048101972132979e-12+0j)
4.3395281898695236e-06	1.8831504910672262e-11	0.0	5.699040468735276e-12	0.0	(5.699040468735276e-12+0j)
7.499970793020954e-06	5.6249561896167364e-11	0.0	2.1281993585059047e-11	0.0	(2.1281993585059047e-11+0j)
1.1912052517731514e-05	1.418969951851937e-10	0.0	6.26767318969965e-11	0.0	(6.26767318969965e-11+0j)
1.778535101518103e-05	3.163187107332009e-10	3.637978807091713e-12	1.5654775187790066e-10	0.0	(1.5654775187790066e-10+0j)
2.532989299856304e-05	6.416034793186529e-10	7.275957614183426e-12	3.5002158611151803e-10	0.0	(3.5002158611151803e-10+0j)
3.475621900126083e-05	1.2079947592636043e-09	1.1823431123048067e-11	7.058549359412486e-10	0.0	(7.058549359412486e-10+0j)
4.627544837847556e-05	2.141417122628957e-09	2.1373125491663814e-11	1.321518029197522e-09	0.0	(1.321518029197522e-09+0j)
6.009934458328253e-05	3.611931219340131e-09	3.637978807091713e-11	2.335499079184848e-09	0.0	(2.335499079184848e-09+0j)
7.644038074828435e-05	5.843131808942681e-09	5.7980287238024175e-11	3.930013067204031e-09	0.0	(3.930013067204031e-09+0j)
9.551180560424546e-05	9.122505009783175e-09	9.072209650184959e-11	6.345885447145117e-09	0.0	(6.345885447145117e-09+0j)
0.00011752770976733008	1.3812762563153774e-08	1.3744738680543378e-10	9.896395159981609e-09	0.0	(9.896395159981609e-09+0j)
0.00014270309242682625	2.0364172588179316e-08	2.0258994481991976e-10	1.497570906428133e-08	0.0	(1.497570906428133e-08+0j)
0.00017125392846552152	2.932790801487396e-08	2.9172042559366673e-10	2.2076796492962013e-08	0.0	(2.2076796492962013e-08+0j)
0.000203397236045202	4.1370435630827624e-08	4.115179308428196e-10	3.1807228149407005e-08	0.0	(3.1807228149407005e-08+0j)
0.00023935114469007788	5.728897046445059e-08	5.698836957890308e-10	4.490818791059199e-08	0.0	(4.490818791059199e-08+0j)
0.0002793349639012882	7.802802205773399e-08	7.76168462834903e-10	6.227565836220931e-08	0.0	(6.227565836220931e-08+0j)
0.0003235692523360205	1.0469706105729132e-07	1.0414424878035788e-09	8.498508514008848e-08	0.0	(8.498508514008848e-08+0j)
0.00037227588758517846	1.3858933647733242e-07	1.378566594212316e-09	1.1431915567609175e-07	0.0	(1.1431915567609175e-07+0j)
0.0004256781365839621	1.812018759655943e-07	1.8024408632300037e-09	1.5179943494056845e-07	0.0	(1.5179943494056845e-07+0j)
0.00048400072669017	2.3425670343661265e-07	2.330182269361103e-09	1.9922065751879173e-07	0.0	(1.9922065751879173e-07+0j)
0.0005474699174655237	2.997233105297073e-07	2.981387581257877e-09	2.586849755558121e-07	0.0	(2.586849755558121e-07+0j)
0.0006163135731958032	3.7984242050537864e-07	3.778335866400084e-09	3.3263104437890813e-07	0.0	(3.3263104437890813e-07+0j)
0.0006907612361861271	4.771510854173865e-07	4.746269155475602e-09	4.2384849882600364e-07	0.0	(4.2384849882600364e-07+0j)
0.0007710442008682636	5.945091596925792e-07	5.913634026910586e-09	5.354709076276288e-07	0.0	(5.354709076276288e-07+0j)
0.0008573955887574404	7.351271956207178e-07	7.3123569421795764e-09	6.709492569175483e-07	0.0	(6.709492569175483e-07+0j)
0.0009500504242967501	9.025958087064349e-07	8.978151555538716e-09	8.340273179140352e-07	0.0	(8.340273179140352e-07+0j)
0.001049245711627873	1.1009165633694817e-06	1.0950818918331606e-08	1.0287482628424578e-06	0.0	(1.0287482628424578e-06+0j)
0.001155220512327529	1.3345344321022784e-06	1.3274563670506723e-08	1.2595059570032436e-06	0.0	(1.2595059570032436e-06+0j)
0.0012682160241497663	1.6083718839102408e-06	1.5998342206557936e-08	1.5311253379510617e-06	0.0	(1.5311253379510617e-06+0j)
0.0013884756608149335	1.9278646606754663e-06	1.9176208176929777e-08	1.848943017292731e-06	0.0	(1.848943017292731e-06+0j)
0.0015162451328869407	2.2989993030033365e-06	2.2867693072470274e-08	2.218872714903279e-06	0.0	(2.218872714903279e-06+0j)
0.001651772529781229	2.728352490139881e-06	2.713819036159748e-08	2.6474543486616e-06	0.0	(2.6474543486616e-06+0j)
0.001795308402946694	3.223132261691009e-06	3.205936760508621e-08	3.1418941060542507e-06	0.0	(3.1418941060542507e-06+0j)
0.001947105850265665	3.791221192138778e-06	3.770959189353107e-08	3.710102506181795e-06	0.0	(3.710102506181795e-06+0j)
0.0021074206017169745	4.441221592541135e-06	4.4174378155403815e-08	4.3607338503658464e-06	0.0	(4.3607338503658464e-06+0j)
0.0022765111063480586	5.182502817326061e-06	5.15468563389021e-08	5.1032288847626615e-06	0.0	(5.1032288847626615e-06+0j)
0.0024546386206030298	6.0252507577559444e-06	5.992825946599112e-08	5.947861084774994e-06	0.0	(5.947861084774994e-06+0j)
0.0026420672980546644	6.9805196074498744e-06	6.942843477908411e-08	6.905786286590812e-06	0.0	(6.905786286590812e-06+0j)
0.0028390642805893175	8.060285989318138e-06	8.016637764729495e-08	7.989095725442109e-06	0.0	(7.989095725442109e-06+0j)
0.0030458997910948536	9.277505537391672e-06	9.22707861228389e-08	9.210871949231317e-06	0.0	(9.210871949231317e-06+0j)
0.0032628472277028246	1.0646172031328008e-05	1.0588064358607596e-07	1.0585247896563848e-05	0.0	(1.0585247896563848e-05+0j)
0.003490183259637317	1.2181379185852567e-05	1.2114582281785857e-07	1.2127468972735323e-05	0.0	(1.2127468972735323e-05+0j)
0.0037281879247241132	1.389938520205869e-05	1.3822771804949952e-07	1.3853957779085984e-05	0.0	(1.3853957779085984e-05+0j)
0.003977144728615041	1.5817680192350406e-05	1.5729990299195862e-07	1.578238232133998e-05	0.0	(1.578238232133998e-05+0j)
0.004237340745783784	1.7955056595879472e-05	1.785488157879378e-07	1.7931726877514774e-05	0.0	(1.7931726877514774e-05+0j)
0.004509066722350688	2.0331682706610376e-05	2.0217447282977474e-07	2.0322366364219306e-05	0.0	(2.0322366364219306e-05+0j)
0.004792617180795609	2.2969179441657252e-05	2.2839121188722444e-07	2.2976143814815425e-05	0.0	(2.2976143814815425e-05+0j)
0.00508829052661923	2.5890700483282996e-05	2.5742846471166203e-07	2.5916451440398475e-05	0.0	(2.5916451440398475e-05+0j)
0.005396389157014874	2.91210159339477e-05	2.895315608375526e-07	2.9168315050782936e-05	0.0	(2.9168315050782936e-05+0j)
0.005717219571614335	3.268659963005e-05	3.249625628864994e-07	3.2758482394885864e-05	0.0	(3.2758482394885864e-05+0j)
0.006051092485372929	3.661572026653673e-05	3.6400113476164897e-07	3.6715515165517474e-05	0.0	(3.6715515165517474e-05+0j)
0.00639832294366065	4.093853649137429e-05	4.069454429822539e-07	4.106988517246025e-05	0.0	(4.106988517246025e-05+0j)
0.006759230439628037	4.5687196135994224e-05	4.541130921298375e-07	4.585407441316907e-05	0.0	(4.585407441316907e-05+0j)
0.007134139033917196	5.089593975526098e-05	5.058420952663845e-07	5.110267994883523e-05	0.0	(5.110267994883523e-05+0j)
0.007523377476790291	5.660120865827544e-05	5.624918801572232e-07	5.6852522780753105e-05	0.0	(5.6852522780753105e-05+0j)
0.00792727933274973	6.2841757619441e-05	6.244443314928905e-07	6.314276183536058e-05	0.0	(6.314276183536058e-05+0j)
0.008346183107726328	6.965877246769631e-05	6.921048702340782e-07	7.00150126569555e-05	0.0	(7.00150126569555e-05+0j)
0.008780432378913766	7.709599276067726e-05	7.659035702878292e-07	7.751347127701817e-05	0.0	(7.751347127701817e-05+0j)
0.009230375927329837	8.519983975983015e-05	8.462963130145829e-07	8.568504339431336e-05	0.0	(8.568504339431336e-05+0j)
0.00969636787318723	9.401954993217744e-05	9.337659801211817e-07	9.457947915999875e-05	0.0	(9.457947915999875e-05+0j)
0.010178767814158789	0.00010360731421455489	1.0288236847039167e-06	0.00010424951368221548	0.0	(0.00010424951368221548+0j)
0.010677940966624817	0.00011401842328672454	1.132010041107745e-06	0.00011475101363195415	0.0	(0.00011475101363195415+0j)
0.011194258309992119	0.0001253114191108276	1.2438964729910573e-06	0.00012614313009759508	0.0	(0.00012614313009759508+0j)
0.011728096734177362	0.0001375482530062217	1.3650865598319184e-06	0.00013848845798262137	0.0	(0.00013848845798262137+0j)
0.012279839190349848	0.00015079445054085202	1.4962174209459667e-06	0.00015185320229294452	0.0	(0.00015185320229294452+0j)
0.012849874845031441	0.00016511928353297182	1.6379611368563807e-06	0.00016630735149296378	0.0	(0.00016630735149296378+0j)
0.013438599237654378	0.0001805959494702848	1.791026206725277e-06	0.00018192485830794764	0.0	(0.00018192485830794764+0j)
0.014046414441680602	0.00019730175866745336	1.956159040812644e-06	0.0001987838283561628	0.0	(0.0001987838283561628+0j)
0.014673729229389235	0.00021531832949743198	2.134145486394623e-06	0.00021696671665191665	0.0	(0.00021696671665191665+0j)
0.015320959240441951	0.00023473179204728362	2.3258123853370227e-06	0.00023656053275308617	0.0	(0.00023656053275308617+0j)
0.01598852715433943	0.00025563300056504927	2.53202916098913e-06	0.00025765705456508385	0.0	(0.00025765705456508385+0j)
0.01667686286688518	0.00027811775508089373	2.7537094317818533e-06	0.00028035305136647163	0.0	(0.00028035305136647163+0j)
0.017386403670776745	0.00030228703260319905	2.991812648307085e-06	0.00030475051630789515	0.0	(0.00030475051630789515+0j)
0.01811759444044789	0.0003282472283085483	3.247345750231889e-06	0.0003309569089924064	0.0	(0.0003309569089924064+0j)
0.01887088782128885	0.0003561104071636678	3.5213648387696916e-06	0.00035908540839224345	0.0	(0.00035908540839224345+0j)
0.0196467444233761	0.00038599456643745983	3.814976859754099e-06	0.0003892551766254765	0.0	(0.0003892551766254765+0j)
0.020445633019846577	0.00041802390958224064	4.129341291833621e-06	0.00042159163404884085	0.0	(0.00042159163404884085+0j)
0.021268030750055813	0.0004523291319853196	4.46567183326127e-06	0.00045622674619777176	0.0	(0.00045622674619777176+0j)
0.02211442332766371	0.0004890477191151169	4.825238080281152e-06	0.0004932993230759814	0.0	(0.0004932993230759814+0j)
0.022985305253795843	0.0005283242576101748	5.209367188872133e-06	0.0005329553312794838	0.0	(0.0005329553312794838+0j)
0.023881180035433255	0.0005703107598847759	5.619445510895646e-06	0.0005753482195959893	0.0	(0.0005753482195959893+0j)
0.024802560409188133	0.0006151670028514266	6.056920194487392e-06	0.0006206392586957983	0.0	(0.0006206392586957983+0j)
0.025749968570627883	0.0006630608813883238	6.523300737457105e-06	0.0006689978953915034	0.0	(0.0006689978953915034+0j)
0.02672393640931522	0.0007141687772091237	7.020160481235882e-06	0.0007206021223167955	0.0	(0.0007206021223167955+0j)
0.02772500574973721	0.0007686759438229613	7.549138031559197e-06	0.0007756388635607568	0.0	(0.0007756388635607568+0j)
0.028753728598301782	0.0008267769083047978	8.111938590718917e-06	0.0008343043770469003	0.0	(0.0008343043770469003+0j)
0.029810667396585683	0.0008886758906298567	8.710335184663326e-06	0.000896804674355205	0.0	(0.000896804674355205+0j)
0.030896395281024336	0.0009545872413613028	9.34616976667503e-06	0.000963355958874878	0.0	(0.000963355958874878+0j)
0.032011496349239346	0.001024735898517364	1.0021354177596788e-05	0.001034185082936471	0.0	(0.001034185082936471+0j)
0.033156565933206816	0.0010993578644830908	1.073787094087262e-05	0.0011095300249903363	0.0	(0.0011095300249903363+0j)
0.03433221087947522	0.0011787007038727565	1.149777386869489e-05	0.0011896403875989662	0.0	(0.0011896403875989662+0j)
0.035539049836649024	0.001263024063291823	1.2303188453632874e-05	0.0012747779171954532	0.0	(0.0012747779171954532+0j)
0.03677771355036136	0.0013526002139924334	1.3156312018024544e-05	0.0013652170466819677	0.0	(0.0013652170466819677+0j)
0.038048845165965975	0.0014477146184636524	1.4059413591293451e-05	0.0014612454617489933	0.0	(0.0014612454617489933+0j)
0.03935310053918671	0.0015486665220473374	1.5014833483127828e-05	0.0015631646921773837	0.0	(0.0015631646921773837+0j)
0.040691148554970594	0.0016557695707226853	1.602498251820298e-05	0.001671290729124562	0.0	(0.001671290729124562+0j)
0.04206367145479865	0.0017693524562572426	1.709234089582786e-05	0.0017859546695060432	0.0	(0.0017859546695060432+0j)
0.04347136517271722	0.0018897595899797317	1.821945663556387e-05	0.0019075033889677756	0.0	(0.0019075033889677756+0j)
0.04491493968036148	0.0020173518064905104	1.9408943567572872e-05	0.0020363002443976063	0.0	(0.0020363002443976063+0j)
0.04639511934125177	0.0021525070986889937	2.0663478824119435e-05	0.002172725807497833	0.0	(0.002172725807497833+0j)
0.04791264327465291	0.0022956213855641425	2.1985799786497853e-05	0.0023171786307815694	0.0	(0.0023171786307815694+0j)
0.049468265729297044	0.0024471093142643444	2.337870043948951e-05	0.0024700760474817363	0.0	(0.0024700760474817363+0j)
0.05106275646727974	0.0026074050980367186	2.4845027083540607e-05	0.002631855006802618	0.0	(0.002631855006802618+0j)
0.052696901158450896	0.002776963391703543	2.638767335307263e-05	0.002802972946058721	0.0	(0.002802972946058721+0j)
0.05437150178563229	0.0029562602064250156	2.8009574487878556e-05	0.002983908701587358	0.0	(0.002983908701587358+0j)
0.05608737706100519	0.003145793865583371	2.97137008033908e-05	0.0031751634600028994	0.0	(0.0031751634600028994+0j)
0.05784536285402355	0.0033460860037136477	3.150305030489263e-05	0.0033772617515109085	0.0	(0.0033772617515109085+0j)
0.059646312631220576	0.003557682610501303	3.338064039048799e-05	0.0035907524874855116	0.0	(0.0035907524874855116+0j)
0.06149109790828906	0.003781155121966791	3.5349498588025524e-05	0.003816210044139661	0.0	(0.003816210044139661+0j)
0.06338060871482991	0.004017101561062373	3.7412652272210325e-05	0.00405423539433141	0.0	(0.00405423539433141+0j)
0.06531575407217595	0.004266147730016969	3.957311731002107e-05	0.004305457289920462	0.0	(0.004305457289920462+0j)
0.06729746248471398	0.004528948456881485	4.183388558534531e-05	0.004570533496990777	0.0	(0.004570533496990777+0j)
0.06932668244514165	0.004806188898849511	4.419791135763188e-05	0.004850152086464014	0.0	(0.004850152086464014+0j)
0.07140438295411211	0.005098585905057496	4.666809641442715e-05	0.005145032782390118	0.0	(0.005145032782390118+0j)
0.0735315540547355	0.00540688944170449	4.92472739841111e-05	0.00545592837133342	0.0	(0.00545592837133342+0j)
0.07570920738242252	0.005731884082474661	5.193819138307916e-05	0.005783626175229326	0.0	(0.005783626175229326+0j)
0.07793837673057366	0.0060743905673968255	5.474349138122141e-05	0.0061289495911148375	0.0	(0.0061289495911148375+0j)
0.0802201186326351	0.00643526743343405	5.7665692280960135e-05	0.00649275970095844	0.0	(0.00649275970095844+0j)
0.08255551296106181	0.0068154127202640444	6.070716671847454e-05	0.006875956955050629	0.0	(0.006875956955050629+0j)
0.08494566354374737	0.007215765754887531	6.387011921121419e-05	0.007279482932647392	0.0	(0.007279482932647392+0j)
0.08739169879850106	0.007637309018887932	6.715656249349814e-05	0.0077043221837931495	0.0	(0.0077043221837931495+0j)
0.08989477238617372	0.008081070102361981	7.056829270201954e-05	0.008151504156309119	0.0	(0.008151504156309119+0j)
0.09245606388305627	0.008548123748747782	7.410686349551175e-05	0.008622105212645838	0.0	(0.008622105212645838+0j)
0.09507677947319713	0.00903959399499496	7.777355921770535e-05	0.009117250740764868	0.0	(0.009117250740764868+0j)
0.09775815266131012	0.009556656411752015	8.156936724003052e-05	0.009638117364203943	0.0	(0.009638117364203943+0j)
0.10050144500696728	0.010100540448488468	8.549494965021147e-05	0.010185935256556049	0.0	(0.010185935256556049+0j)
0.10330794688080004	0.010672531888726203	8.955061448484423e-05	0.010761990565535387	0.0	(0.010761990565535387+0j)
0.10617897824345514	0.011273975420824119	9.373628673802538e-05	0.011367627952797742	0.0	(0.011367627952797742+0j)
0.10911588944808466	0.011906277330046634	9.805147941380736e-05	0.012004253255240514	0.0	(0.012004253255240514+0j)
0.11212006206717451	0.012570908317947065	0.00010249526492727242	0.012673336274408111	0.0	(0.012673336274408111+0j)
0.11519290974454892	0.013269406455415793	0.00010706624719683414	0.0133764137007309	0.0	(0.0133764137007309+0j)
0.11833587907341994	0.014003380276079067	0.00011176253480830566	0.01411509217978787	0.0	(0.01411509217978787+0j)
0.12155045050138329	0.014774512017089228	0.00011658171566853343	0.014891051527855016	0.0	(0.014891051527855016+0j)
0.12483813926329666	0.015584561014722251	0.00012152083360202548	0.01570604810488522	0.0	(0.01570604810488522+0j)
0.12820049634301459	0.016435367262595296	0.00012657636737690525	0.016561918353153498	0.0	(0.016561918353153498+0j)
0.1316391094649878	0.017328855140735042	0.00013174421267543425	0.01746058250976813	0.0	(0.01746058250976813+0j)
0.13515560411677824	0.018267037324171283	0.00013701966754787301	0.018404048503050396	0.0	(0.018404048503050396+0j)
0.1387516446035787	0.01925201888019781	0.00014239742190505289	0.019394416041161627	0.0	(0.019394416041161627+0j)
0.14242893513587063	0.020286001563938044	0.00014787155161306465	0.020433880904331327	0.0	(0.020433880904331327+0j)
0.14618922095139725	0.021371288322376444	0.00015343551775121245	0.021524739450264764	0.0	(0.021524739450264764+0j)
0.1500342894726754	0.022510288017570552	0.00015908217158007383	0.022669393344332118	0.0	(0.022669393344332118+0j)
0.15396597150131844	0.0237055203803448	0.00016480376573841353	0.023870354526370305	0.0	(0.023870354526370305+0j)
0.1579861424504933	0.024959621206387565	0.0001705919721441688	0.02513025042595763	0.0	(0.02513025042595763+0j)
0.16209672361688598	0.02627534780732912	0.00017643790701428615	0.02645182943939141	0.0	(0.02645182943939141+0j)
0.1662996834936075	0.02765558473007403	0.00018233216333963842	0.02783796668231933	0.0	(0.02783796668231933+0j)
0.17059703912552715	0.02910334975839664	0.0001882648510537408	0.029291670031404083	0.0	(0.029291670031404083+0j)
0.17499085750858182	0.030621800211588786	0.00019422564501718167	0.030816086471203076	0.0	(0.030816086471203076+0j)
0.17948325703467147	0.032214239555773946	0.00020020384080383555	0.03241450876055222	0.0	(0.03241450876055222+0j)
0.18407640898381836	0.033884124344377965	0.00020618841812102337	0.03409038243556931	0.0	(0.03409038243556931+0j)
0.18877253906533345	0.035635071505172845	0.00021216811152564266	0.03584731316726146	0.0	(0.03584731316726146+0j)
0.19357392900980788	0.03747086599229414	0.0002181314879146703	0.037689074489568215	0.0	(0.037689074489568215+0j)
0.19848291821381936	0.0393954688226737	0.0002240670300750876	0.0396196159187049	0.0	(0.0396196159187049+0j)
0.2035019054393242	0.04141302551743565	0.000229963225379997	0.04164307148228719	0.0	(0.04164307148228719+0j)
0.20863335056978574	0.043527874969975115	0.0002358086585203043	0.04376376867960407	0.0	(0.04376376867960407+0j)
0.21387977642517536	0.045744558763682996	0.00024159210697160256	0.04598623789363968	0.0	(0.04598623789363968+0j)
0.21924377063807438	0.048067830963600566	0.0002473026377214115	0.04831522227894561	0.0	(0.04831522227894561+0j)
0.22472798759319407	0.05050266840768679	0.0002529297036308689	0.05075568814939406	0.0	(0.05075568814939406+0j)
0.23033515043273323	0.053054281524869844	0.0002584632376858484	0.05331283588909954	0.0	(0.05331283588909954+0j)
0.2360680531300946	0.05572812570863317	0.0002638937433136874	0.05599211141669477	0.0	(0.05599211141669477+0j)
0.24192956263458582	0.058529913276561985	0.00026921237891113956	0.058799218228815446	0.0	(0.058799218228815446+0j)
0.24792262108984528	0.061465626048059	0.00027441103475367705	0.061740130055021575	0.0	(0.061740130055021575+0j)
0.2540502481288529	0.06454152857433174	0.0002794824005411222	0.06482110415449673	0.0	(0.06482110415449673+0j)
0.2603155432485035	0.06776418205676349	0.0002844200219829055	0.06804869529196228	0.0	(0.06804869529196228+0j)
0.2667216882668555	0.07114045899192165	0.0002892183450385392	0.0714297704260536	0.0	(0.0714297704260536+0j)
0.27327194986629844	0.07467755858372872	0.0002938727467025357	0.07497152415276513	0.0	(0.07497152415276513+0j)
0.2799696822260281	0.07838302296574315	0.00029837955155201406	0.07868149494400238	0.0	(0.07868149494400238+0j)
0.28681832974736315	0.08226475427906714	0.0003027360336501273	0.08256758222788863	0.0	(0.08256758222788863+0j)
0.2938214298755963	0.08633103265413994	0.00030694040380631663	0.0866380643575836	0.0	(0.0866380643575836+0j)
0.30098261602223375	0.0905905351475874	0.0003109917826193257	0.09090161752144756	0.0	(0.09090161752144756+0j)
0.3083056205916502	0.09505235568840255	0.0003148901601525861	0.09536733564823141	0.0	(0.09536733564823141+0j)
0.3157942781163639	0.0997260260910354	0.0003186363434942358	0.10004475136921481	0.0	(0.10004475136921481+0j)
0.32345252850532874	0.1046215381964905	0.0003222318938155738	0.10494385809451617	0.0	(0.10494385809451617+0j)
0.3312844204098322	0.10974936720627844	0.0003256790548431164	0.11007513327772048	0.0	(0.11007513327772048+0j)
0.3392941147118041	0.11512049627806688	0.0003289806748839663	0.11544956293169101	0.0	(0.11544956293169101+0j)
0.34748588813954967	0.12074644245613163	0.00033214012467905904	0.1210786674784433	0.0	(0.1210786674784433+0j)
0.3558641370161595	0.12663928401425592	0.00033516121339614564	0.12697452900679543	0.0	(0.12697452900679543+0j)
0.3644333811460802	0.13281168929356416	0.0003380481050120503	0.13314982002730338	0.0	(0.13314982002730338+0j)
0.3731982678455901	0.13927694712294883	0.00034080523717608803	0.139617833811657	0.0	(0.139617833811657+0j)
0.38216357612318463	0.14604899891526113	0.0003434372444040074	0.146392516411736	0.0	(0.146392516411736+0j)
0.39133422101615867	0.15314247253832372	0.0003459488871405305	0.15348850046052948	0.0	(0.15348850046052948+0j)
0.4007152580899652	0.16057271806610743	0.0003483449878689704	0.16092114085809975	0.0	(0.16092114085809975+0j)
0.41031188810723823	0.1683558455221268	0.0003506303750618076	0.16870655245965424	0.0	(0.16870655245965424+0j)
0.4201294618736933	0.17650876473427912	0.00035280983538063705	0.17686164988339176	0.0	(0.17686164988339176+0j)
0.4301734852684612	0.18504922742801502	0.00035488807417052647	0.18540418956277907	0.0	(0.18540418956277907+0j)
0.4404496244667679	0.19399587169291685	0.00035686968397244574	0.19435281418268452	0.0	(0.19435281418268452+0j)
0.45096371136325314	0.2033682689665195	0.0003587591205132701	0.2037270996389785	0.0	(0.2037270996389785+0j)
0.4617217492046207	0.21318697368857467	0.0003605606854354466	0.2135476046749458	0.0	(0.2135476046749458+0j)
0.47272991844072854	0.22347357578897786	0.0003622785149011629	0.22383592335887567	0.0	(0.22383592335887567+0j)
0.4839945828036719	0.23425075618330043	0.00036391657314630227	0.23461474057155282	0.0	(0.23461474057155282+0j)
0.49552229562487815	0.24554234546134915	0.00036547865006016767	0.24590789069502417	0.0	(0.24590789069502417+0j)
0.5073198064007199	0.257373385966464	0.00036696836191677955	0.25774041969002714	0.0	(0.25774041969002714+0j)
0.5193940676176739	0.2697701974764328	0.0003683891544692878	0.2701386507812331	0.0	(0.2701386507812331+0j)
0.5317522418485942	0.28276044671100575	0.0003697443077270142	0.28313025396960473	0.0	(0.28313025396960473+0j)
0.5444017091322467	0.29637322090611135	0.0003710369418521424	0.2967443196121091	0.0	(0.2967443196121091+0j)
0.5573500746488577	0.3106391057110872	0.00037227002372943493	0.3110114363259627	0.0	(0.3110114363259627+0j)
0.5706051767050645	0.3255902676826179	0.00037344637386962454	0.3259637734888154	0.0	(0.3259637734888154+0j)
0.584175095042342	0.3412605416677293	0.00037456867340021426	0.3416351686295662	0.0	(0.3416351686295662+0j)
0.598068159483679	0.35768552338819526	0.00037563947097393903	0.35806122001973206	0.0	(0.35806122001973206+0j)
0.6122929589340428	0.3749026675602054	0.00037666118948491396	0.3752793847979669	0.0	(0.3752793847979669+0j)
0.6268583507509564	0.3929513919062091	0.00037763613252689754	0.3933290829911056	0.0	(0.3933290829911056+0j)
0.6417734705023628	0.4118731874406471	0.0003785664905594699	0.41225180780437876	0.0	(0.41225180780437876+0j)
0.6570477421298259	0.43171173543790214	0.000379454346768933	0.43209124259555487	0.0	(0.43209124259555487+0j)
0.6726908885360721	0.4525130315194501	0.00038030168262401416	0.45289338496781356	0.0	(0.45289338496781356+0j)
0.6887129426168537	0.4743255173279656	0.00038111038313426546	0.47470667844897224	0.0	(0.47470667844897224+0j)
0.7051242587581799	0.4972002202892726	0.0003818822418232373	0.49758215225845587	0.0	(0.49758215225845587+0j)
0.721935524821055	0.5211909019986521	0.00038261896543040954	0.5215735696983791	0.0	(0.5215735696983791+0j)
0.7391577746370641	0.5463542158064169	0.00038332217835642963	0.5467375857434436	0.0	(0.5467375857434436+0j)
0.7568024010393578	0.572749874218937	0.00038399342686603645	0.5731339144463318	0.0	(0.5731339144463318+0j)
0.7748811694549418	0.6004408267758582	0.0003846341830625123	0.6008255068187183	0.0	(0.6008255068187183+0j)
0.7934062320855423	0.6294934491121774	0.0003852458486468114	0.6298787398971611	0.0	(0.6298787398971611+0j)
0.8123901427058198	0.6599777439655822	0.0003858297584737705	0.6603636177542074	0.0	(0.6603636177542074+0j)
0.8318458721092578	0.6919675549452116	0.00038638718391707333	0.6923539852702555	0.0	(0.6923539852702555+0j)
0.8517868242337273	0.7255407939381787	0.00038691933605393327	0.7259277555432685	0.0	(0.7259277555432685+0j)
0.8722268530004768	0.7607796830951152	0.00038742736867979435	0.7611671518775588	0.0	(0.7611671518775588+0j)
0.8931802799021815	0.7977710124061393	0.0003879123811627237	0.7981589653625384	0.0	(0.7981589653625384+0j)
0.9146619123776685	0.8366064139543736	0.00038837542114658326	0.8369948291287111	0.0	(0.8369948291287111+0j)
0.9366870630130316	0.877382654015979	0.00038881748711151905	0.8777715104505565	0.0	(0.8777715104505565+0j)
0.9592715696111017	0.9202019442641468	0.00038923953079979387	0.9205912219527901	0.0	(0.9205912219527901+0j)
0.9824318161736062	0.9651722734301703	0.00038964245951450744	0.9655619532737988	0.0	(0.9655619532737988+0j)
1.0061847548428828	1.0124077608782323	0.0003900271382982993	1.012797824642594	0.0	(1.012797824642594+0j)
1.0305479288526944	1.0620290336625782	0.0003903943919987063	1.062419463938089	0.0	(1.062419463938089+0j)
1.0555394965405518	1.1141636287570815	0.00039074500722645355	1.114554408920483	0.0	(1.114554408920483+0j)
1.0811782564769803	1.168946422278603	0.00039107973421258614	1.1693375364566683	0.0	(1.1693375364566683+0j)
1.1074836737704155	1.226520087668016	0.000391399288570003	1.2269115207029075	0.0	(1.2269115207029075+0j)
1.1344759076098252	1.2870355849471367	0.00039170435296462795	1.287427322363415	0.0	(1.287427322363415+0j)
1.1621758401108537	1.3506526833373687	0.0003919955787011492	1.3510447113107027	0.0	(1.3510447113107027+0j)
1.1906051065351553	1.4175405197075885	0.00039227358722797073	1.4179328250348353	0.0	(1.4179328250348353+0j)
1.2197861269567585	1.4878781955161693	0.0003925389715657526	1.4882707655869547	0.0	(1.4882707655869547+0j)
1.249742139453741	1.5618554151264137	0.0003927922976636626	1.562248237896113	0.0	(1.562248237896113+0j)
1.2804972349081958	1.6396731686075352	0.0003930341056872275	1.6400662325714173	0.0	(1.6400662325714173+0j)
1.3120763935025515	1.7215444623866623	0.00039326491124144807	1.721937756555392	0.0	(1.721937756555392+0j)
1.3445055230056484	1.807695101392692	0.00039348520653263437	1.808088615268873	0.0	(1.808088615268873+0j)
1.3778114989477563	1.8983645266326632	0.00039369546147222117	1.8987582501885878	0.0	(1.8987582501885878+0j)
1.4120222067898245	1.9938067124676058	0.00039389612472563935	1.9942006361240368	0.0	(1.9942006361240368+0j)
1.4471665861988359	2.0942911282103926	0.0003940876247091459	2.094685242816225	0.0	(2.094685242816225+0j)
1.4832746775481236	2.20010376905549	0.00039427037053735195	2.200498065868564	0.0	(2.200498065868564+0j)
1.5203776707690226	2.3115482617730385	0.0003944447529240351	2.311942732441641	0.0	(2.311942732441641+0j)
1.5585079566882198	2.42894705106049	0.0003946111450386793	2.429341687605871	0.0	(2.429341687605871+0j)
1.5976991809937733	2.5526426729481737	0.00039476990332104747	2.5530374677478074	0.0	(2.5530374677478074+0j)
1.6379863009819313	2.6829991222044702	0.00039492136825596756	2.6833940679761126	0.0	(2.6833940679761126+0j)
1.6794056452467305	2.8204033212865873	0.00039506586511039033	2.8207984110730235	0.0	(2.8207984110730235+0j)
1.7219949764848979	2.965266699039224	0.0003952037046346649	2.965661926193822	0.0	(2.965661926193822+0j)
1.7657935575998587	3.1180268880611655	0.0003953351837298717	3.11842224623398	0.0	(3.11842224623398+0j)
1.8108422213008069	3.2791495504456405	0.00039546058608295163	3.279545033570196	0.0	(3.279545033570196+0j)
1.8571834434057672	3.449130342460503	0.00039558018277127677	3.4495259447412088	0.0	(3.4495259447412088+0j)
1.9048614200715395	3.628497029676962	0.0003956942328382173	3.6288927455770748	0.0	(3.6288927455770748+0j)
1.9539221491884349	3.8178117650891523	0.0003958029838411768	3.8182075893193317	0.0	(3.8182075893193317+0j)
2.004413516193774	4.017673543900289	0.0003959066723734887	4.018069471407574	0.0	(4.018069471407574+0j)
2.056385384575469	4.228720849895599	0.0003960055245614905	4.229116875853009	0.0	(4.229116875853009+0j)
2.109889691355602	4.451634509688637	0.0003960997565380243	4.452030629485097	0.0	(4.452030629485097+0j)
2.1649805478639736	4.687140772629392	0.0003961895748935444	4.687536981860225	0.0	(4.687536981860225+0j)
2.221714346133128	4.936014635813752	0.00039627517710594994	4.936410930271509	0.0	(4.936410930271509+0j)
2.280149871269615	5.1990834354508415	0.0003963567519502016	5.199479811116616	0.0	(5.199479811116616+0j)
2.340348420181257	5.477230727844906	0.00039643447988872655	5.477627180879871	0.0	(5.477627180879871+0j)
2.4023739270672144	5.771400485452349	0.00039650853344356146	5.771797012189601	0.0	(5.771797012189601+0j)
2.4662930961066483	6.082601635903317	0.0003965790775511346	6.08299823284021	0.0	(6.08299823284021+0j)
2.53217554181336	6.411912974557783	0.0003966462699005412	6.412309638348064	0.0	(6.412309638348064+0j)
2.600093937557491	6.760488484123218	0.0003967102612561206	6.760885211569774	0.0	(6.760885211569774+0j)
2.6701241727922507	7.129563098129501	0.0003967711957651037	7.129959886177137	0.0	(7.129959886177137+0j)
2.742345519563008	7.520458948667304	0.0003968292112510577	7.520855794395455	0.0	(7.520855794395455+0j)
2.8168408089191725	7.934592142792418	0.00039688443949381825	7.934989043408276	0.0	(7.934989043408276+0j)
2.8936966178954187	8.373480116419385	0.0003969370064965646	8.373877069251282	0.0	(8.373877069251282+0j)
2.9730034677792423	8.8387496194274	0.000396987032740658	8.839146621918164	0.0	(8.839146621918164+0j)
3.0548560344360047	9.332145391130073	0.00039703463342883336	9.332542440831162	0.0	(9.332542440831162+0j)
3.139353371521828	9.855539591285467	0.00039707991871730405	9.855936685851324	0.0	(9.855936685851324+0j)
3.2265991474784026	10.410942058508354	0.00039712299393730987	10.411339195691365	0.0	(10.411339195691365+0j)
3.31670189727347	11.000511475377435	0.00039716395980661387	11.000908653023954	0.0	(11.000908653023954+0j)
3.409775289925844	11.626567527788874	0.0003972029126314258	11.626964743835622	0.0	(11.626964743835622+0j)
3.505938412936072	12.291604155300703	0.00039723994449920706	12.292001407772126	0.0	(12.292001407772126+0j)
3.6053160748326105	12.998303999446422	0.0003972751434627898	12.998701286452981	0.0	(12.998701286452981+0j)
3.708039127140636	13.74955416840589	0.00039730859371622	13.749951488142639	0.0	(13.749951488142639+0j)
3.814244807185861	14.548463449144304	0.000397340375762714	14.548860799890393	0.0	(14.548860799890393+0j)
3.9240771032610224	15.398381112337416	0.0003973705665751007	15.398778492455548	0.0	(15.398778492455548+0j)
4.037687143807751	16.30291747127039	0.0003973992397490997	16.3033148792065	0.0	(16.3033148792065+0j)
4.15523361240365	17.26596637364909	0.0003974264656497711	17.266363807932038	0.0	(17.266363807932038+0j)
4.276883190493413	18.291729825125113	0.00039745231155145593	18.29212728436558	0.0	(18.29212728436558+0j)
4.402811029966271	19.384744965592656	0.0003974768417715083	19.38514244848188	0.0	(19.38514244848188+0j)
4.533201257860082	20.549913644264226	0.00039750011779810895	20.550311149571687	0.0	(20.550311149571687+0j)
4.6682475156679075	21.79253486753959	0.00039752219841243246	21.79293239410992	0.0	(21.79293239410992+0j)
4.808153535936197	23.118340425135752	0.00039754313980542997	23.118737971884876	0.0	(23.118737971884876+0j)
4.953133759078175	24.53353403531989	0.00039756299568947386	24.533931601230144	0.0	(24.533931601230144+0j)
5.103413993582461	26.04483438989329	0.0003975818174051017	26.045231974008082	0.0	(26.045231974008082+0j)
5.259232123078992	27.659522524425963	0.000397599654023083	27.659920125843644	0.0	(27.659920125843644+0j)
5.420838864033355	29.385493989814435	0.00039761655244202214	29.385891607682122	0.0	(29.385891607682122+0j)
5.588498578181307	31.23131635833449	0.0003976325574817023	31.23171399184232	0.0	(31.23171399184232+0j)
5.762490144188762	33.20629266187262	0.0003976477119723626	33.20669031024795	0.0	(33.20669031024795+0j)
5.943107893435154	35.32053143301123	0.00039766205684009325	35.32092909551378	0.0	(35.32092909551378+0j)
6.130662615271313	37.585024102285296	0.00039767563118852506	37.5854217782035	0.0	(37.5854217782035+0j)
6.325482637604348	40.01173059863406	0.00039768847237697965	40.012128287283375	0.0	(40.012128287283375+0j)
6.5279149892138815	42.61367410640327	0.0003977006160952403	42.61407180712285	0.0	(42.61407180712285+0j)
6.738326650815264	45.40504605308725	0.0003977120964350952	45.40544376524122	0.0	(45.40544376524122+0j)
6.957105902559871	48.401322539433394	0.00039772294595879733	48.40172026240936	0.0	(48.40172026240936+0j)
7.1846637764105	51.619393580065186	0.0003977331957645798	51.6197913132756	0.0	(51.6197913132756+0j)
7.421435622657183	55.07770670124501	0.0003977428755493571	55.07810444412747	0.0	(55.07810444412747+0j)
7.667882800757656	58.796426646155076	0.0003977520136687381	58.796824398171694	0.0	(58.796824398171694+0j)
7.92449450570503	62.797613170949205	0.00039776063719447	62.79801093158761	0.0	(62.79801093158761+0j)
8.191789742258713	67.10541918137507	0.00039776877196942757	67.10581695014746	0.0	(67.10581695014746+0j)
8.470319460633334	71.74631176518378	0.0003977764426602552	71.74670954162666	0.0	(71.74670954162666+0j)
8.760668868643995	76.74931902602805	0.00039778367280776666	76.74971680970074	0.0	(76.74971680970074+0j)
9.0634599368687	82.14630602722397	0.0003977904848752005	82.14670381770878	0.0	(82.14670381770878+0j)
9.379354115134207	87.97228361708498	0.0003977969002944257	87.97268141398543	0.0	(87.97268141398543+0j)
9.70905528057937	94.26575444134616	0.0003978029395101871	94.26615224428579	0.0	(94.26615224428579+0j)
10.053312939730441	101.06910106415152	0.0003978086220224766	101.0694988727736	0.0	(101.0694988727736+0j)
10.412925709461692	108.42902183076829	0.0003978139664271126	108.4294196447346	0.0	(108.4294196447346+0j)
10.788745104450985	116.3970209288151	0.00039781899045460454	116.39741874780576	0.0	(116.39741874780576+0j)
11.181679661808277	125.02996005929685	0.0003978237110073782	125.03035788300791	0.0	(125.03035788300791+0j)
11.592699437005214	134.390680236741	0.0003978281441954324	134.3910780648852	0.0	(134.3910780648852+0j)
12.022840909112986	144.54870352584078	0.0003978323053704955	144.54910135814583	0.0	(144.54910135814583+0j)
12.473212337728176	155.5810260220544	0.0003978362091587457	155.58142385826395	0.0	(155.58142385826395+0j)
12.944999618894892	167.5730151331889	0.0003978398694921586	167.5734129730586	0.0	(167.5734129730586+0j)
13.4394726929019	180.61942626325583	0.00039784329963853945	180.6198241065552	0.0	(180.6198241065552+0j)
13.95799256312947	194.82555639237756	0.000397846512230298	194.82595423888975	0.0	(194.82595423888975+0j)
14.502018992255339	210.30855485173456	0.00039784951929201903	210.30895270125419	0.0	(210.30895270125419+0j)
15.073118950217209	227.19891488739714	0.0003978523322668811	227.19931273972935	0.0	(227.19931273972935+0j)
15.672975897519757	245.64217348423523	0.00039785496204197137	245.6425713391969	0.0	(245.6425713391969+0j)
16.30339999792458	265.8008514923272	0.0003978574189725451	265.8012493497465	0.0	(265.8012493497465+0j)
16.966339366471665	287.8566714982861	0.0003978597129052735	287.85706935799897	0.0	(287.85706935799897+0j)
17.663892472366342	312.0130972753203	0.0003978618532005244	312.0134951371736	0.0	(312.0134951371736+0j)
18.398321831796846	338.49824622637243	0.00039786384875371464	338.4986440902214	0.0	(338.4986440902214+0j)
19.172069143522997	367.5682352440266	0.00039786570801577623	367.56863310973375	0.0	(367.56863310973375+0j)
19.987772040461227	399.51103114144354	0.0003978674390127711	399.51142900888294	0.0	(399.51142900888294+0j)
20.84828265390689	434.6508896171949	0.00039786904936469253	434.6512874862448	0.0	(434.6512874862448+0j)
21.756688213976226	473.353482040172	0.00039787054630348605	473.35387991071946	0.0	(473.35387991071946+0j)
22.716333940912474	516.031827715052	0.00039787193669032334	516.0322255869909	0.0	(516.0322255869909+0j)
23.73084851776959	563.1531713733272	0.0003978732270321606	563.1535692465534	0.0	(563.1535692465534+0j)
24.804172476499513	615.2469722439359	0.0003978744234976111	615.2473701183579	0.0	(615.2473701183579+0j)
25.940589877590973	672.9142031973753	0.00039787553193216	672.9146010729078	0.0	(672.9146010729078+0j)
27.14476371932338	736.8381973778947	0.00039787655787275084	736.8385952544512	0.0	(736.8385952544512+0j)
28.421775577784274	807.7973269939346	0.0003978775065617675	807.7977248714436	0.0	(807.7977248714436+0j)
29.777170054741106	886.6798564689705	0.00039787838296043854	886.6802543473567	0.0	(886.6802543473567+0j)
31.217004699239933	974.5013823923681	0.000397879191761687	974.5017802715636	0.0	(974.5017802715636+0j)
32.747906172853575	1072.4253587060214	0.00039787993740244935	1072.4257565859616	0.0	(1072.4257565859616+0j)
34.37713355070611	1181.7873111630838	0.0003978806240754848	1181.7877090437082	0.0	(1181.7877090437082+0j)
36.1126497942929	1304.123475165243	0.00039788125574069657	1304.1238730465009	0.0	(1304.1238730465009+0j)
37.963202601939585	1441.2047517959124	0.00039788183613598515	1441.205149677752	0.0	(1441.205149677752+0j)
39.93841604370705	1595.0770760802368	0.00039788236878765277	1595.0774739626072	0.0	(1595.0774739626072+0j)
42.0488946259587	1768.1095392649786	0.00039788285702037736	1768.1099371478351	0.0	(1768.1099371478351+0j)
44.3063417144323	1963.0519161160437	0.00039788330396677403	1963.0523139993472	0.0	(1963.0523139993472+0j)
46.7236945829899	2183.1036354845196	0.00039788371257656045	2183.1040333682317	0.0	(2183.1040333682317+0j)
49.31527876000004	2431.9967191765113	0.00039788408562534285	2431.99711706059	0.0	(2431.99711706059+0j)
52.09698483000059	2714.095828377312	0.00039788442572303786	2714.0962262617377	0.0	(2714.0962262617377+0j)
55.08647143290039	3034.5193349277506	0.00039788473532194443	3034.519732812486	0.0	(3034.519732812486+0j)
58.30339890885323	3399.2863243248685	0.00039788501672448156	3399.2867222098853	0.0	(3399.2867222098853+0j)
61.76969889208737	3815.4957012191394	0.00039788527209060314	3815.4960991044113	0.0	(3815.4960991044113+0j)
65.5098861964565	4291.545189472683	0.00039788550344490545	4291.545587358187	0.0	(4291.545587358187+0j)
69.5514206035539	4837.400107972461	0.0003978857126834372	4837.400505858174	0.0	(4837.400505858174+0j)
73.92512771679691	5464.924507944735	0.0003978859015802265	5464.924905830636	0.0	(5464.924905830636+0j)
78.66568995306919	6188.290775792411	0.0003978860717935335	6188.291173678483	0.0	(6188.291173678483+0j)
83.81222109797599	7024.488405376012	0.00039788622487184247	7024.4888032622375	0.0	(7024.4888032622375+0j)
89.40894076792034	7993.958689241488	0.00039788636225960097	7993.959087127851	0.0	(7993.959087127851+0j)
95.50596875190209	9121.390067239297	0.00039788648530271833	9121.390465125784	0.0	(9121.390465125784+0j)
102.16026374241683	10436.719487920167	0.00039788659525383165	10436.719885806762	0.0	(10436.719885806762+0j)
109.43673666083288	11976.399330972483	0.0003978866932773487	11976.399728859176	0.0	(11976.399728859176+0j)
117.40957596921426	13785.008529270695	0.0003978867804542773	13785.008927157476	0.0	(13785.008927157476+0j)
126.1638314734695	15917.312372066013	0.0003978868577868479	15917.31276995287	0.0	(15917.31276995287+0j)
135.79731473932583	18440.910690411518	0.00039788692620293967	18440.911088298442	0.0	(18440.911088298442+0j)
146.42288913233602	21439.662461860367	0.0003978869865603149	21439.662859747354	0.0	(21439.662859747354+0j)
158.1712416884214	25018.14169725701	0.00039788703965067194	25018.142095144052	0.0	(25018.142095144052+0j)
171.19425391683407	29307.47257414146	0.00039788708620352146	29307.472972028543	0.0	(29307.472972028543+0j)
185.66912113051106	34473.02254137639	0.0003978871268898941	34473.022939263516	0.0	(34473.022939263516+0j)
201.80341259064414	40724.61733322975	0.000397887162325885	40724.61773111691	0.0	(40724.61773111691+0j)
219.84132123719695	48330.206523316425	0.0003978871930760419	48330.206921203615	0.0	(48330.206921203615+0j)
240.07142706246006	57634.290091806084	0.0003978872196566027	57634.2904896933	0.0	(57634.2904896933+0j)
262.836399308869	69082.97280165122	0.0003978872425385873	69082.97319953846	0.0	(69082.97319953846+0j)
288.5451996188469	83258.3322230802	0.00039788726215075014	83258.33262096746	0.0	(83258.33262096746+0j)
317.6885353347575	100926.00548314345	0.0003978872788823975	100926.00588103074	0.0	(100926.00588103074+0j)
350.858570038611	123101.7361695389	0.0003978872930860753	123101.7365674262	0.0	(123101.7365674262+0j)
388.77425741880654	151145.42323154447	0.00039788730508013117	151145.42362943178	0.0	(151145.42362943178+0j)
432.3141694833717	186895.54113609742	0.0003978873151511562	186895.54153398474	0.0	(186895.54153398474+0j)
482.5594081882106	232863.58243095607	0.0003978873235563091	232863.58282884338	0.0	(232863.58282884338+0j)
540.8502227281518	292518.96342509147	0.00039788733052552886	292518.9638229788	0.0	(292518.9638229788+0j)
608.861460144658	370712.27764948504	0.00039788733626363747	370712.27804737235	0.0	(370712.27804737235+0j)
688.7042001214068	474313.47526486666	0.0003978873409523378	474313.475662754	0.0	(474313.475662754+0j)
783.0642560322963	613189.6290754137	0.0003978873447521099	613189.629473301	0.0	(613189.629473301+0j)
895.3932941925091	801729.1512849131	0.00039788734780400823	801729.1516828004	0.0	(801729.1516828004+0j)
1030.1761707171554	1061262.9427134618	0.0003978873502313637	1061262.9431113491	0.0	(1061262.9431113491+0j)
1193.310456657072	1423989.84596711	0.0003978873521413929	1423989.8463649973	0.0	(1423989.8463649973+0j)
1392.6540178654614	1939485.2134768127	0.00039788735362671806	1939485.2138747	0.0	(1939485.2138747+0j)
1638.829218206556	2685761.206447512	0.00039788735476679914	2685761.2068453995	0.0	(2685761.2068453995+0j)
1946.4273685286264	3788579.5009572734	0.00039788735562928165	3788579.501355161	0.0	(3788579.501355161+0j)
2335.8522065964303	5456205.531061413	0.00039788735627126193	5456205.5314593	0.0	(5456205.5314593+0j)
2836.2105753037786	8044090.427464991	0.0003978873567404721	8044090.427862878	0.0	(8044090.427862878+0j)
3489.969969937625	12179890.391066428	0.00039788735707638705	12179890.391464315	0.0	(12179890.391464315+0j)
4360.696925764805	19015677.678374622	0.00039788735731125484	19015677.67877251	0.0	(19015677.67877251+0j)
5546.372188325968	30762244.451435786	0.0003978873574710528	30762244.451833673	0.0	(30762244.451833673+0j)
7203.243728879368	51886720.217639945	0.0003978873575763706	51886720.218037836	0.0	(51886720.218037836+0j)
9590.609764578987	91979795.65643781	0.0003978873576432221	91979795.6568357	0.0	(91979795.6568357+0j)
13159.681857015545	173177226.57786408	0.00039788735768378687	173177226.57826197	0.0	(173177226.57826197+0j)
18742.01600231651	351263163.8310882	0.00039788735770708366	351263163.83148605	0.0	(351263163.83148605+0j)
27982.86297320777	783040620.1773225	0.00039788735771957573	783040620.1777204	0.0	(783040620.1777204+0j)
44444.61752351378	1975324026.811428	0.00039788735772570977	1975324026.811826	0.0	(1975324026.811826+0j)
76813.26603926464	5900277839.618846	0.00039788735772838964	5900277839.619244	0.0	(5900277839.619244+0j)
150046.63327639527	22513992157.581047	0.0003978873577293849	22513992157.581444	0.0	(22513992157.581444+0j)
355704.3016402785	126525550205.39822	0.00039788735772967545	126525550205.39862	0.0	(126525550205.39862+0j)
1200594.1310054827	1441426267404.8103	0.0003978873577297328	1441426267404.8108	0.0	(1441426267404.8108+0j)
9605195.204771383	92259774921763.17	0.00039788735772973823	92259774921763.17	0.0	(92259774921763.17+0j)
