-1.0	-1.0	-0.0058569038037506235	-1.0058995878904187	0.0	(-1.0058995878904187+0j)
-0.990025	-0.9801495006250001	-0.005846589862753557	-0.9860259512507655	0.0	(-0.9860259512507655+0j)
-0.9801	-0.96059601	-0.005836013643586958	-0.9664552861970885	0.0	(-0.9664552861970885+0j)
-0.970225	-0.941336550625	-0.005825167136765748	-0.9471805963451189	0.0	(-0.9471805963451189+0j)
-0.9603999999999999	-0.9223681599999999	-0.00581404205390019	-0.9281978584723064	0.0	(-0.9281978584723064+0j)
-0.9506249999999999	-0.9036878906249999	-0.005802629818133942	-0.909503683412777	0.0	(-0.909503683412777+0j)
-0.9409	-0.8852928099999999	-0.005790921554494784	-0.8910949075674091	0.0	(-0.8910949075674091+0j)
-0.931225	-0.8671800006249999	-0.005778908080207347	-0.8729684735179428	0.0	(-0.8729684735179428+0j)
-0.9216	-0.84934656	-0.005766579895025701	-0.8551213846529662	0.0	(-0.8551213846529662+0j)
-0.9120250000000001	-0.8317896006250002	-0.005753927171653025	-0.8375506848511324	0.0	(-0.8375506848511324+0j)
-0.9025000000000001	-0.8145062500000001	-0.005740939746325548	-0.820253448297713	0.0	(-0.820253448297713+0j)
-0.8930250000000001	-0.7974936506250001	-0.00572760710964868	-0.803226773940635	0.0	(-0.803226773940635+0j)
-0.8836000000000002	-0.7807489600000003	-0.0057139183977845025	-0.7864677822738987	0.0	(-0.7864677822738987+0j)
-0.8742250000000001	-0.7642693506250002	-0.005699862384101618	-0.7699736133725089	0.0	(-0.7699736133725089+0j)
-0.8649000000000001	-0.7480520100000002	-0.005685427471410563	-0.7537414256372119	0.0	(-0.7537414256372119+0j)
-0.8556250000000001	-0.7320941406250001	-0.0056706016849204935	-0.7377683949592874	0.0	(-0.7377683949592874+0j)
-0.8464	-0.7163929600000001	-0.005655372666065508	-0.7220517141424041	0.0	(-0.7220517141424041+0j)
-0.8372250000000001	-0.7009457006250002	-0.005639727667361507	-0.7065885924864314	0.0	(-0.7065885924864314+0j)
-0.8281000000000001	-0.6857496100000001	-0.005623653548466912	-0.6913762554760214	0.0	(-0.6913762554760214+0j)
-0.819025	-0.670801950625	-0.005607136773632327	-0.6764119445389641	0.0	(-0.6764119445389641+0j)
-0.81	-0.6561000000000001	-0.00559016341073546	-0.661692916852501	0.0	(-0.661692916852501+0j)
-0.801025	-0.641641050625	-0.005572719132107712	-0.6472164451841641	0.0	(-0.6472164451841641+0j)
-0.7921	-0.6274224100000001	-0.005554789217367767	-0.632979817758352	0.0	(-0.632979817758352+0j)
-0.7832250000000001	-0.6134414006250001	-0.005536358558484827	-0.6189803381436123	0.0	(-0.6189803381436123+0j)
-0.7744	-0.59969536	-0.005517411667299622	-0.6052153251570762	0.0	(-0.6052153251570762+0j)
-0.765625	-0.586181640625	-0.005497932685734632	-0.5916821127840525	0.0	(-0.5916821127840525+0j)
-0.7569	-0.5728976100000001	-0.005477905398925811	-0.5783780501113691	0.0	(-0.5783780501113691+0j)
-0.748225	-0.559840650625	-0.005457313251506255	-0.5653005012734822	0.0	(-0.5653005012734822+0j)
-0.7395999999999999	-0.5470081599999999	-0.005436139367267327	-0.5524468454108055	0.0	(-0.5524468454108055+0j)
-0.7310249999999999	-0.5343975506249999	-0.005414366572414664	-0.5398144766394676	0.0	(-0.5398144766394676+0j)
-0.7224999999999999	-0.5220062499999999	-0.00539197742262485	-0.527400804032163	0.0	(-0.527400804032163+0j)
-0.7140249999999999	-0.5098317006249998	-0.005368954234093352	-0.5152032516095021	0.0	(-0.5152032516095021+0j)
-0.7055999999999999	-0.4978713599999999	-0.005345279118745299	-0.5032192583413418	0.0	(-0.5032192583413418+0j)
-0.697225	-0.48612270062499996	-0.005320934023757849	-0.4914462781577303	0.0	(-0.4914462781577303+0j)
-0.6889000000000001	-0.4745832100000001	-0.005295900775516242	-0.4798817799687599	0.0	(-0.4798817799687599+0j)
-0.6806250000000001	-0.4632503906250002	-0.005270161128095092	-0.46852324769302073	0.0	(-0.46852324769302073+0j)
-0.6724000000000001	-0.45212176000000015	-0.0052436968163223135	-0.45736818029408	0.0	(-0.45736818029408+0j)
-0.6642250000000001	-0.4411948506250001	-0.005216489613445331	-0.4464140918244761	0.0	(-0.4464140918244761+0j)
-0.6561000000000001	-0.43046721000000016	-0.005188521393378218	-0.4356585114768412	0.0	(-0.4356585114768412+0j)
-0.6480250000000001	-0.4199364006250001	-0.00515977419746447	-0.42509898364158005	0.0	(-0.42509898364158005+0j)
-0.6400000000000001	-0.4096000000000002	-0.005130230305643589	-0.41473306797074305	0.0	(-0.41473306797074305+0j)
-0.6320250000000001	-0.3994556006250001	-0.005099872311860961	-0.40455833944752256	0.0	(-0.40455833944752256+0j)
-0.6241000000000001	-0.38950081000000014	-0.00506868320351033	-0.39457238846096315	0.0	(-0.39457238846096315+0j)
-0.616225	-0.379733250625	-0.005036646444646821	-0.3847728208853997	0.0	(-0.3847728208853997+0j)
-0.6084	-0.3701505600000001	-0.00500374606265678	-0.37515725816408235	0.0	(-0.37515725816408235+0j)
-0.6006250000000001	-0.3607503906250001	-0.004969966738019234	-0.3657233373964972	0.0	(-0.3657233373964972+0j)
-0.5929	-0.35153040999999996	-0.004935293896743235	-0.35646871142883546	0.0	(-0.35646871142883546+0j)
-0.585225	-0.342488300625	-0.0048997138050164155	-0.34739104894703343	0.0	(-0.34739104894703343+0j)
-0.5776	-0.33362176	-0.004863213665553551	-0.33848803457180754	0.0	(-0.33848803457180754+0j)
-0.570025	-0.324928500625	-0.004825781715090389	-0.32975736895501534	0.0	(-0.32975736895501534+0j)
-0.5625	-0.31640625	-0.004787407322428249	-0.32119676887676263	0.0	(-0.32119676887676263+0j)
-0.555025	-0.308052750625	-0.0047480810863995615	-0.3128039673425123	0.0	(-0.3128039673425123+0j)
-0.5476	-0.29986576	-0.004707794933094159	-0.30457671367955164	0.0	(-0.30457671367955164+0j)
-0.540225	-0.29184305062499993	-0.004666542211661454	-0.2965127736320939	0.0	(-0.2965127736320939+0j)
-0.5328999999999999	-0.2839824099999999	-0.004624317787985027	-0.28860992945426733	0.0	(-0.28860992945426733+0j)
-0.525625	-0.276281640625	-0.004581118135514074	-0.28086598000028584	0.0	(-0.28086598000028584+0j)
-0.5184	-0.26873855999999996	-0.0045369414225310285	-0.2732787408110693	0.0	(-0.2732787408110693+0j)
-0.5112249999999999	-0.26135100062499994	-0.004491787595136655	-0.2658460441965708	0.0	(-0.2658460441965708+0j)
-0.5041	-0.25411680999999997	-0.004445658455243232	-0.2585657393130976	0.0	(-0.2585657393130976+0j)
-0.49702499999999994	-0.24703385062499994	-0.004398557732883187	-0.2514356922349539	0.0	(-0.2514356922349539+0j)
-0.4900000000000001	-0.2401000000000001	-0.004350491152164595	-0.24445378601970336	0.0	(-0.24445378601970336+0j)
-0.4830250000000001	-0.23331315062500008	-0.004301466490236267	-0.23761792076644928	0.0	(-0.23761792076644928+0j)
-0.4761000000000001	-0.22667121000000007	-0.0042514936286635	-0.23092601366652038	0.0	(-0.23092601366652038+0j)
-0.46922500000000006	-0.22017210062500006	-0.004200584596660435	-0.22437599904601527	0.0	(-0.22437599904601527+0j)
-0.4624000000000001	-0.21381376000000007	-0.004148753605676233	-0.21796582839973935	0.0	(-0.21796582839973935+0j)
-0.45562500000000006	-0.20759414062500006	-0.004096017074889161	-0.21169347041607692	0.0	(-0.21169347041607692+0j)
-0.4489000000000001	-0.20151121000000008	-0.004042393647224728	-0.20555691099243883	0.0	(-0.20555691099243883+0j)
-0.44222500000000003	-0.19556295062500004	-0.003987904195580509	-0.19955415324103018	0.0	(-0.19955415324103018+0j)
-0.43560000000000004	-0.18974736000000003	-0.003932571819010609	-0.19368321748466227	0.0	(-0.19368321748466227+0j)
-0.42902500000000005	-0.18406245062500004	-0.0038764218286959115	-0.18794214124251388	0.0	(-0.18794214124251388+0j)
-0.42250000000000004	-0.17850625000000003	-0.0038194817236017393	-0.18232897920577304	0.0	(-0.18232897920577304+0j)
-0.41602500000000003	-0.17307680062500003	-0.0037617811558013255	-0.1768418032031709	0.0	(-0.1768418032031709+0j)
-0.4096	-0.16777216	-0.0037033518855207987	-0.17147870215652872	0.0	(-0.17147870215652872+0j)
-0.403225	-0.162590400625	-0.003644227726038389	-0.16623778202649878	0.0	(-0.16623778202649878+0j)
-0.39690000000000003	-0.15752961000000001	-0.0035844444786463725	-0.1611171657487568	0.0	(-0.1611171657487568+0j)
-0.390625	-0.152587890625	-0.0035240398579581915	-0.156114993161013	0.0	(-0.156114993161013+0j)
-0.3844	-0.14776336	-0.003463053407914352	-0.15122942092121824	0.0	(-0.15122942092121824+0j)
-0.378225	-0.143054150625	-0.0034015264089083987	-0.14645862241747895	0.0	(-0.14645862241747895+0j)
-0.3721	-0.13845840999999998	-0.003339501776517993	-0.14180078767019078	0.0	(-0.14180078767019078+0j)
-0.366025	-0.133974300625	-0.0032770239523849244	-0.13725412322698946	0.0	(-0.13725412322698946+0j)
-0.36	-0.1296	-0.0032141387878416765	-0.13281685205112898	0.0	(-0.13281685205112898+0j)
-0.354025	-0.125333700625	-0.0031508934209300656	-0.12848721340396038	0.0	(-0.12848721340396038+0j)
-0.34809999999999997	-0.12117360999999997	-0.0030873361474993916	-0.12426346272214853	0.0	(-0.12426346272214853+0j)
-0.34222499999999995	-0.11711795062499997	-0.0030235162871070243	-0.1201438714903264	0.0	(-0.1201438714903264+0j)
-0.3364	-0.11316495999999998	-0.002959484044473216	-0.11612672710982688	0.0	(-0.11612672710982688+0j)
-0.33062500000000006	-0.10931289062500003	-0.0028952903672640916	-0.11221033276415615	0.0	(-0.11221033276415615+0j)
-0.3249000000000001	-0.10556001000000005	-0.002830986800992052	-0.10839300728179102	0.0	(-0.10839300728179102+0j)
-0.3192250000000001	-0.10190460062500006	-0.002766625341831417	-0.10467308499690217	0.0	(-0.10467308499690217+0j)
-0.31360000000000005	-0.09834496000000002	-0.0027022582881489777	-0.10104891560849369	0.0	(-0.10104891560849369+0j)
-0.30802500000000005	-0.09487940062500003	-0.0026379380915444737	-0.09751886403844647	0.0	(-0.09751886403844647+0j)
-0.30250000000000005	-0.09150625000000003	-0.0025737172081851316	-0.09408131028887176	0.0	(-0.09408131028887176+0j)
-0.29702500000000004	-0.08822385062500002	-0.0025096479512014807	-0.09073464929913581	0.0	(-0.09073464929913581+0j)
-0.2916	-0.08503056000000002	-0.002445782344889169	-0.08747729080289066	0.0	(-0.08747729080289066+0j)
-0.286225	-0.081924750625	-0.0023821719814337843	-0.08430765918538974	0.0	(-0.08430765918538974+0j)
-0.28090000000000004	-0.07890481000000002	-0.0023188678808431515	-0.0812241933413652	0.0	(-0.0812241933413652+0j)
-0.275625	-0.075969140625	-0.0022559203547347882	-0.07822534653376584	0.0	(-0.07822534653376584+0j)
-0.27040000000000003	-0.07311616000000001	-0.002193378874585566	-0.07530958625363832	0.0	(-0.07530958625363832+0j)
-0.265225	-0.070344300625	-0.002131291945006692	-0.0724753940815309	0.0	(-0.0724753940815309+0j)
-0.2601	-0.06765201	-0.0020697069825604776	-0.0697212655508337	0.0	(-0.0697212655508337+0j)
-0.255025	-0.065037750625	-0.002008670200586403	-0.06704571001357727	0.0	(-0.06704571001357727+0j)
-0.25	-0.0625	-0.001948226500453391	-0.06444725050931065	0.0	(-0.06444725050931065+0j)
-0.245025	-0.060037250625	-0.001888419369603377	-0.06192442363777787	0.0	(-0.06192442363777787+0j)
-0.24009999999999998	-0.05764800999999999	-0.0018292907866987711	-0.059475779436254685	0.0	(-0.059475779436254685+0j)
-0.235225	-0.055330800624999996	-0.001770881134133739	-0.057099881262460926	0.0	(-0.057099881262460926+0j)
-0.2304	-0.05308416	-0.00171322911811677	-0.05479530568409577	0.0	(-0.05479530568409577+0j)
-0.22562500000000002	-0.050906640625000006	-0.0016563716964803372	-0.05256064237606099	0.0	(-0.05256064237606099+0j)
-0.22090000000000004	-0.04879681000000002	-0.0016003440143228043	-0.0503944940264811	0.0	(-0.0503944940264811+0j)
-0.21622500000000003	-0.04675325062500001	-0.0015451793475386218	-0.04829547625259087	0.0	(-0.04829547625259087+0j)
-0.2116	-0.044774560000000005	-0.0014909090542455337	-0.04626221752751919	0.0	(-0.04626221752751919+0j)
-0.20702500000000001	-0.04285935062500001	-0.0014375625340722967	-0.044293359118873124	0.0	(-0.044293359118873124+0j)
-0.2025	-0.04100625000000001	-0.0013851671952275916	-0.04238755503989049	0.0	(-0.04238755503989049+0j)
-0.198025	-0.039213900625000006	-0.0013337484292305522	-0.040543472013754675	0.0	(-0.040543472013754675+0j)
-0.1936	-0.03748096	-0.0012833295931458403	-0.038759789451456014	0.0	(-0.038759789451456014+0j)
-0.189225	-0.035806100625000004	-0.0012339319991317224	-0.037035199443371546	0.0	(-0.037035199443371546+0j)
-0.18489999999999998	-0.03418800999999999	-0.0011855749110779423	-0.035368406764521416	0.0	(-0.035368406764521416+0j)
-0.18062499999999998	-0.03262539062499999	-0.0011382755480819611	-0.03375812889324163	0.0	(-0.03375812889324163+0j)
-0.17639999999999997	-0.031116959999999992	-0.001092049094486687	-0.03220309604282097	0.0	(-0.03220309604282097+0j)
-0.17222500000000002	-0.029661450625000006	-0.0010469087161808222	-0.03070205120547606	0.0	(-0.03070205120547606+0j)
-0.16810000000000003	-0.02825761000000001	-0.0010028655828439696	-0.029253750207893548	0.0	(-0.029253750207893548+0j)
-0.16402500000000003	-0.02690420062500001	-0.0009599288958027207	-0.0278569617774449	0.0	(-0.0278569617774449+0j)
-0.16000000000000003	-0.02560000000000001	-0.0009181059211511317	-0.026510467618086675	0.0	(-0.026510467618086675+0j)
-0.15602500000000002	-0.02434380062500001	-0.0008774020277790701	-0.025213062494887466	0.0	(-0.025213062494887466+0j)
-0.1521	-0.023134410000000005	-0.000837820729944757	-0.02396355432606753	0.0	(-0.02396355432606753+0j)
-0.148225	-0.021970650624999997	-0.000799363734023513	-0.0227607642813975	0.0	(-0.0227607642813975+0j)
-0.1444	-0.02085136	-0.0007620309890627036	-0.021603526885773407	0.0	(-0.021603526885773407+0j)
-0.140625	-0.019775390625	-0.0007258207407735799	-0.02049069012676976	0.0	(-0.02049069012676976+0j)
-0.1369	-0.01874161	-0.0006907295885933036	-0.019421115564955516	0.0	(-0.019421115564955516+0j)
-0.13322499999999998	-0.017748900624999994	-0.0006567525454553337	-0.018393678445770594	0.0	(-0.018393678445770594+0j)
-0.1296	-0.016796159999999997	-0.0006238830999131806	-0.0174072678117723	0.0	(-0.0174072678117723+0j)
-0.126025	-0.015882300624999998	-0.0005921132802706071	-0.01646078661410936	0.0	(-0.01646078661410936+0j)
-0.12250000000000003	-0.015006250000000006	-0.0005614337203817821	-0.015553151822146118	0.0	(-0.015553151822146118+0j)
-0.11902500000000002	-0.014166950625000004	-0.0005318337267957579	-0.014683294530267987	0.0	(-0.014683294530267987+0j)
-0.11560000000000002	-0.013363360000000005	-0.0005033013469324041	-0.013850160061040822	0.0	(-0.013850160061040822+0j)
-0.11222500000000002	-0.012594450625000005	-0.00047582343799035254	-0.013052708064077661	0.0	(-0.013052708064077661+0j)
-0.10890000000000001	-0.011859210000000002	-0.0004493857363017939	-0.012289912610204567	0.0	(-0.012289912610204567+0j)
-0.10562500000000001	-0.011156640625000002	-0.00042397292686414956	-0.011560762280777752	0.0	(-0.011560762280777752+0j)
-0.1024	-0.01048576	-0.000399568712794042	-0.010864260252330294	0.0	(-0.010864260252330294+0j)
-0.09922500000000001	-0.009845600625000001	-0.00037615588446509446	-0.010199424377067818	0.0	(-0.010199424377067818+0j)
-0.0961	-0.00923521	-0.00035371638810730716	-0.009565287260120714	0.0	(-0.009565287260120714+0j)
-0.093025	-0.008653650624999999	-0.00033223139366202886	-0.008960896334859513	0.0	(-0.008960896334859513+0j)
-0.09	-0.0081	-0.00031168136170295346	-0.008385313937997305	0.0	(-0.008385313937997305+0j)
-0.08702499999999999	-0.007573350624999998	-0.00029204610925005065	-0.007837617386605733	0.0	(-0.007837617386605733+0j)
-0.0841	-0.007072809999999999	-0.00027330487431909134	-0.00731689905954772	0.0	(-0.00731689905954772+0j)
-0.08122500000000002	-0.006597500625000003	-0.0002554363790655545	-0.006822266486132212	0.0	(-0.006822266486132212+0j)
-0.07840000000000001	-0.006146560000000001	-0.0002384188913971269	-0.006352842444975306	0.0	(-0.006352842444975306+0j)
-0.07562500000000001	-0.005719140625000002	-0.00022223028494380848	-0.0059077650760132805	0.0	(-0.0059077650760132805+0j)
-0.0729	-0.005314410000000001	-0.00020684809728972742	-0.005486188008242481	0.0	(-0.005486188008242481+0j)
-0.07022500000000001	-0.004931550625000001	-0.0001922495863840301	-0.0050872805048674825	0.0	(-0.0050872805048674825+0j)
-0.06760000000000001	-0.004569760000000001	-0.0001784117850625322	-0.004710227625895014	0.0	(-0.004710227625895014+0j)
-0.065025	-0.004228250625	-0.00016531155362396743	-0.004354230405503052	0.0	(-0.004354230405503052+0j)
-0.0625	-0.00390625	-0.00015292563041720275	-0.004018506037406363	0.0	(-0.004018506037406363+0j)
-0.060024999999999995	-0.0036030006249999995	-0.00014123068040716724	-0.0037022880556054905	0.0	(-0.0037022880556054905+0j)
-0.0576	-0.00331776	-0.00013020334169844272	-0.0034048264901858217	0.0	(-0.0034048264901858217+0j)
-0.05522500000000001	-0.003049800625000001	-0.00011982027000467799	-0.00312538796845049	0.0	(-0.00312538796845049+0j)
-0.0529	-0.0027984100000000003	-0.00011005818106299414	-0.0028632557215706534	0.0	(-0.0028632557215706534+0j)
-0.050625	-0.0025628906250000005	-0.00010089389099984802	-0.002617729448178521	0.0	(-0.002617729448178521+0j)
-0.0484	-0.00234256	-9.230435466356379e-05	-0.0023881249823591967	0.0	(-0.0023881249823591967+0j)
-0.046224999999999995	-0.0021367506249999994	-8.426670194622288e-05	-0.0021737737190162527	0.0	(-0.0021737737190162527+0j)
-0.04409999999999999	-0.0019448099999999995	-7.675827212455522e-05	-0.0019740217695760343	0.0	(-0.0019740217695760343+0j)
-0.04202500000000001	-0.0017661006250000006	-6.975664625447076e-05	-0.0017882288585987624	0.0	(-0.0017882288585987624+0j)
-0.04000000000000001	-0.0016000000000000007	-6.323967766103111e-05	-0.0016157670254032547	0.0	(-0.0016157670254032547+0j)
-0.038025	-0.0014459006250000003	-5.7185520568991954e-05	-0.0014560192551329074	0.0	(-0.0014560192551329074+0j)
-0.0361	-0.00130321	-5.157265692468105e-05	-0.0013083782140785505	0.0	(-0.0013083782140785505+0j)
-0.034225	-0.001171350625	-4.6379921462058604e-05	-0.0011722452845928384	0.0	(-0.0011722452845928384+0j)
-0.0324	-0.0010497599999999998	-4.158652507146865e-05	-0.0010470300708827172	0.0	(-0.0010470300708827172+0j)
-0.030625000000000006	-0.0009378906250000004	-3.717207652931265e-05	-0.000932150477645595	0.0	(-0.000932150477645595+0j)
-0.028900000000000006	-0.0008352100000000003	-3.311660265148397e-05	-0.0008270333654916256	0.0	(-0.0008270333654916256+0j)
-0.027225000000000003	-0.0007412006250000001	-2.9400566934456585e-05	-0.0007311156886392825	0.0	(-0.0007311156886392825+0j)
-0.0256	-0.00065536	-2.6004886748642875e-05	-0.0006438459493901959	0.0	(-0.0006438459493901959+0j)
-0.024025	-0.000577200625	-2.2910949150301008e-05	-0.0005646857763607456	0.0	(-0.0005646857763607456+0j)
-0.0225	-0.00050625	-2.010062537860513e-05	-0.0004931114488302878	0.0	(-0.0004931114488302878+0j)
-0.021025	-0.0004420506249999999	-1.7556284105380016e-05	-0.0004286152344469928	0.0	(-0.0004286152344469928+0j)
-0.019600000000000003	-0.0003841600000000001	-1.5260803503114317e-05	-0.0003707064637725468	0.0	(-0.0003707064637725468+0j)
-0.018225	-0.0003321506250000001	-1.3197582198865021e-05	-0.00031891231731832843	0.0	(-0.00031891231731832843+0j)
-0.016900000000000002	-0.00028561000000000005	-1.1350549179889313e-05	-0.0002727783398777809	0.0	(-0.0002727783398777809+0j)
-0.015625	-0.000244140625	-9.704172714730674e-06	-0.00023186872062113246	0.0	(-0.00023186872062113246+0j)
-0.0144	-0.00020736	-8.243468355484396e-06	-0.0001957663874917008	0.0	(-0.0001957663874917008+0j)
-0.013225	-0.00017490062500000002	-6.954006081638653e-06	-0.00016407296479409487	0.0	(-0.00016407296479409487+0j)
-0.0121	-0.00014641	-5.821916651438386e-06	-0.0001364086374576889	0.0	(-0.0001364086374576889+0j)
-0.011024999999999998	-0.00012155062499999997	-4.833897211398153e-06	-0.00011241195752805082	0.0	(-0.00011241195752805082+0j)
-0.010000000000000002	-0.00010000000000000005	-3.97721623102143e-06	-9.173962006837022e-05	0.0	(-9.173962006837022e-05+0j)
-0.009025	-8.1450625e-05	-3.2397178149068395e-06	-7.406622807800392e-05	0.0	(-7.406622807800392e-05+0j)
-0.0081	-6.560999999999999e-05	-2.6098254437556534e-06	-5.908405976950566e-05	0.0	(-5.908405976950566e-05+0j)
-0.007225000000000001	-5.220062500000002e-05	-2.0765451971271887e-06	-4.650284668203343e-05	0.0	(-4.650284668203343e-05+0j)
-0.0064	-4.096e-05	-1.6294685085682659e-06	-3.604956753334858e-05	0.0	(-3.604956753334858e-05+0j)
-0.005625	-3.1640625e-05	-1.258774510404237e-06	-2.746826015242768e-05	0.0	(-2.746826015242768e-05+0j)
-0.004900000000000001	-2.4010000000000006e-05	-9.55231982402438e-07	-2.0519852195971347e-05	0.0	(-2.0519852195971347e-05+0j)
-0.0042250000000000005	-1.7850625000000003e-05	-7.102009753623406e-07	-1.4982010268294192e-05	0.0	(-1.4982010268294192e-05+0j)
-0.0036	-1.296e-05	-5.156341700285338e-07	-1.0649006322269511e-05	0.0	(-1.0649006322269511e-05+0j)
-0.003025	-9.150625e-06	-3.6407791981218907e-07	-7.331600075917271e-06	0.0	(-7.331600075917271e-06+0j)
-0.0025000000000000005	-6.250000000000003e-06	-2.4867311765319755e-07	-4.856935941084955e-06	0.0	(-4.856935941084955e-06+0j)
-0.002025	-4.100624999999999e-06	-1.6315590301019256e-07	-3.068452842454344e-06	0.0	(-3.068452842454344e-06+0j)
-0.0016	-2.56e-06	-1.0185809173890448e-07	-1.8258057790864269e-06	0.0	(-1.8258057790864269e-06+0j)
-0.0012250000000000002	-1.5006250000000003e-06	-5.970758820694755e-08	-1.0047978603650854e-06	0.0	(-1.0047978603650854e-06+0j)
-0.0009	-8.1e-07	-3.2228740565187763e-08	-4.973217590266144e-07	0.0	(-4.973217590266144e-07+0j)
-0.0006250000000000001	-3.906250000000002e-07	-1.5542582332273014e-08	-2.1130941049662172e-07	0.0	(-2.1130941049662172e-07+0j)
-0.0004	-1.6e-07	-6.366462912410498e-09	-7.069041209248384e-08	0.0	(-7.069041209248384e-08+0j)
-0.000225	-5.0625e-08	-2.013621269725263e-09	-1.5368331982290135e-08	0.0	(-1.5368331982290135e-08+0j)
-0.0001	-1e-08	-4.001776687800884e-10	-1.1552224381908877e-09	0.0	(-1.1552224381908877e-09+0j)
-2.5e-05	-6.25e-10	-0.0	-8.612631007681726e-18	-0.0017886232999403402	(-8.612631007681726e-18-0.0017886232999403402j)
2.5e-05	6.25e-10	0.0	-8.612631007681726e-18	0.0017886232999403402	(-8.612631007681726e-18+0.0017886232999403402j)
0.0001	1e-08	4.001776687800884e-10	1.1552224377948502e-09	0.0	(1.1552224377948502e-09+0j)
0.000225	5.0625e-08	2.013621269725263e-09	1.536833197887612e-08	0.0	(1.536833197887612e-08+0j)
0.0004	1.6e-07	6.366462912410498e-09	7.069041210159752e-08	0.0	(7.069041210159752e-08+0j)
0.0006250000000000001	3.906250000000002e-07	1.5542582332273014e-08	2.1130941050640824e-07	0.0	(2.1130941050640824e-07+0j)
0.0009	8.1e-07	3.2228740565187763e-08	4.97321759023935e-07	0.0	(4.97321759023935e-07+0j)
0.0012250000000000002	1.5006250000000003e-06	5.970758820694755e-08	1.0047978603605709e-06	0.0	(1.0047978603605709e-06+0j)
0.0016	2.56e-06	1.0185809173890448e-07	1.8258057790880845e-06	0.0	(1.8258057790880845e-06+0j)
0.002025	4.100624999999999e-06	1.6315590301019256e-07	3.068452842451023e-06	0.0	(3.068452842451023e-06+0j)
0.0025000000000000005	6.250000000000003e-06	2.4867311765319755e-07	4.856935941084839e-06	0.0	(4.856935941084839e-06+0j)
0.003025	9.150625e-06	3.6407791981218907e-07	7.331600075923751e-06	0.0	(7.331600075923751e-06+0j)
0.0036	1.296e-05	5.156341700285338e-07	1.0649006322271947e-05	0.0	(1.0649006322271947e-05+0j)
0.0042250000000000005	1.7850625000000003e-05	7.102009753623406e-07	1.498201026829555e-05	0.0	(1.498201026829555e-05+0j)
0.004900000000000001	2.4010000000000006e-05	9.55231982402438e-07	2.0519852195946797e-05	0.0	(2.0519852195946797e-05+0j)
0.005625	3.1640625e-05	1.258774510404237e-06	2.7468260152419496e-05	0.0	(2.7468260152419496e-05+0j)
0.0064	4.096e-05	1.6294685085682659e-06	3.604956753335025e-05	0.0	(3.604956753335025e-05+0j)
0.007225000000000001	5.220062500000002e-05	2.0765451971271887e-06	4.650284668202434e-05	0.0	(4.650284668202434e-05+0j)
0.0081	6.560999999999999e-05	2.6098254437556534e-06	5.908405976948828e-05	0.0	(5.908405976948828e-05+0j)
0.009025	8.1450625e-05	3.2397178149068395e-06	7.406622807800351e-05	0.0	(7.406622807800351e-05+0j)
0.010000000000000002	0.00010000000000000005	3.97721623102143e-06	9.17396200683691e-05	0.0	(9.17396200683691e-05+0j)
0.011024999999999998	0.00012155062499999997	4.833897211398153e-06	0.00011241195752805522	0.0	(0.00011241195752805522+0j)
0.0121	0.00014641	5.821916651438386e-06	0.00013640863745768738	0.0	(0.00013640863745768738+0j)
0.013225	0.00017490062500000002	6.954006081638653e-06	0.0001640729647940926	0.0	(0.0001640729647940926+0j)
0.0144	0.00020736	8.243468355484396e-06	0.00019576638749168373	0.0	(0.00019576638749168373+0j)
0.015625	0.000244140625	9.704172714730674e-06	0.0002318687206211411	0.0	(0.0002318687206211411+0j)
0.016900000000000002	0.00028561000000000005	1.1350549179889313e-05	0.00027277833987776476	0.0	(0.00027277833987776476+0j)
0.018225	0.0003321506250000001	1.3197582198865021e-05	0.00031891231731834914	0.0	(0.00031891231731834914+0j)
0.019600000000000003	0.0003841600000000001	1.5260803503114317e-05	0.0003707064637725511	0.0	(0.0003707064637725511+0j)
0.021025	0.0004420506249999999	1.7556284105380016e-05	0.0004286152344469966	0.0	(0.0004286152344469966+0j)
0.0225	0.00050625	2.010062537860513e-05	0.000493111448830267	0.0	(0.000493111448830267+0j)
0.024025	0.000577200625	2.2910949150301008e-05	0.0005646857763607505	0.0	(0.0005646857763607505+0j)
0.0256	0.00065536	2.6004886748642875e-05	0.0006438459493902012	0.0	(0.0006438459493902012+0j)
0.027225000000000003	0.0007412006250000001	2.9400566934456585e-05	0.0007311156886392997	0.0	(0.0007311156886392997+0j)
0.028900000000000006	0.0008352100000000003	3.311660265148397e-05	0.000827033365491642	0.0	(0.000827033365491642+0j)
0.030625000000000006	0.0009378906250000004	3.717207652931265e-05	0.0009321504776455814	0.0	(0.0009321504776455814+0j)
0.0324	0.0010497599999999998	4.158652507146865e-05	0.0010470300708827047	0.0	(0.0010470300708827047+0j)
0.034225	0.001171350625	4.6379921462058604e-05	0.0011722452845928507	0.0	(0.0011722452845928507+0j)
0.0361	0.00130321	5.157265692468105e-05	0.0013083782140785316	0.0	(0.0013083782140785316+0j)
0.038025	0.0014459006250000003	5.7185520568991954e-05	0.0014560192551328996	0.0	(0.0014560192551328996+0j)
0.04000000000000001	0.0016000000000000007	6.323967766103111e-05	0.0016157670254032701	0.0	(0.0016157670254032701+0j)
0.04202500000000001	0.0017661006250000006	6.975664625447076e-05	0.0017882288585987613	0.0	(0.0017882288585987613+0j)
0.04409999999999999	0.0019448099999999995	7.675827212455522e-05	0.001974021769576036	0.0	(0.001974021769576036+0j)
0.046224999999999995	0.0021367506249999994	8.426670194622288e-05	0.002173773719016246	0.0	(0.002173773719016246+0j)
0.0484	0.00234256	9.230435466356379e-05	0.002388124982359199	0.0	(0.002388124982359199+0j)
0.050625	0.0025628906250000005	0.00010089389099984802	0.002617729448178542	0.0	(0.002617729448178542+0j)
0.0529	0.0027984100000000003	0.00011005818106299414	0.0028632557215706365	0.0	(0.0028632557215706365+0j)
0.05522500000000001	0.003049800625000001	0.00011982027000467799	0.0031253879684504755	0.0	(0.0031253879684504755+0j)
0.0576	0.00331776	0.00013020334169844272	0.003404826490185819	0.0	(0.003404826490185819+0j)
0.060024999999999995	0.0036030006249999995	0.00014123068040716724	0.0037022880556055	0.0	(0.0037022880556055+0j)
0.0625	0.00390625	0.00015292563041720275	0.004018506037406408	0.0	(0.004018506037406408+0j)
0.065025	0.004228250625	0.00016531155362396743	0.004354230405503015	0.0	(0.004354230405503015+0j)
0.06760000000000001	0.004569760000000001	0.0001784117850625322	0.004710227625894987	0.0	(0.004710227625894987+0j)
0.07022500000000001	0.004931550625000001	0.0001922495863840301	0.005087280504867453	0.0	(0.005087280504867453+0j)
0.0729	0.005314410000000001	0.00020684809728972742	0.005486188008242482	0.0	(0.005486188008242482+0j)
0.07562500000000001	0.005719140625000002	0.00022223028494380848	0.005907765076013236	0.0	(0.005907765076013236+0j)
0.07840000000000001	0.006146560000000001	0.0002384188913971269	0.006352842444975204	0.0	(0.006352842444975204+0j)
0.08122500000000002	0.006597500625000003	0.0002554363790655545	0.0068222664861322	0.0	(0.0068222664861322+0j)
0.0841	0.007072809999999999	0.00027330487431909134	0.00731689905954768	0.0	(0.00731689905954768+0j)
0.08702499999999999	0.007573350624999998	0.00029204610925005065	0.007837617386605737	0.0	(0.007837617386605737+0j)
0.09	0.0081	0.00031168136170295346	0.00838531393799728	0.0	(0.00838531393799728+0j)
0.093025	0.008653650624999999	0.00033223139366202886	0.008960896334859397	0.0	(0.008960896334859397+0j)
0.0961	0.00923521	0.00035371638810730716	0.00956528726012065	0.0	(0.00956528726012065+0j)
0.09922500000000001	0.009845600625000001	0.00037615588446509446	0.01019942437706779	0.0	(0.01019942437706779+0j)
0.1024	0.01048576	0.000399568712794042	0.010864260252330277	0.0	(0.010864260252330277+0j)
0.10562500000000001	0.011156640625000002	0.00042397292686414956	0.011560762280777714	0.0	(0.011560762280777714+0j)
0.10890000000000001	0.011859210000000002	0.0004493857363017939	0.012289912610204588	0.0	(0.012289912610204588+0j)
0.11222500000000002	0.012594450625000005	0.00047582343799035254	0.01305270806407764	0.0	(0.01305270806407764+0j)
0.11560000000000002	0.013363360000000005	0.0005033013469324041	0.01385016006104068	0.0	(0.01385016006104068+0j)
0.11902500000000002	0.014166950625000004	0.0005318337267957579	0.014683294530268074	0.0	(0.014683294530268074+0j)
0.12250000000000003	0.015006250000000006	0.0005614337203817821	0.015553151822146118	0.0	(0.015553151822146118+0j)
0.126025	0.015882300624999998	0.0005921132802706071	0.0164607866141093	0.0	(0.0164607866141093+0j)
0.1296	0.016796159999999997	0.0006238830999131806	0.017407267811772188	0.0	(0.017407267811772188+0j)
0.13322499999999998	0.017748900624999994	0.0006567525454553337	0.018393678445770417	0.0	(0.018393678445770417+0j)
0.1369	0.01874161	0.0006907295885933036	0.019421115564955554	0.0	(0.019421115564955554+0j)
0.140625	0.019775390625	0.0007258207407735799	0.020490690126769857	0.0	(0.020490690126769857+0j)
0.1444	0.02085136	0.0007620309890627036	0.02160352688577351	0.0	(0.02160352688577351+0j)
0.148225	0.021970650624999997	0.000799363734023513	0.02276076428139742	0.0	(0.02276076428139742+0j)
0.1521	0.023134410000000005	0.000837820729944757	0.023963554326067546	0.0	(0.023963554326067546+0j)
0.15602500000000002	0.02434380062500001	0.0008774020277790701	0.025213062494887497	0.0	(0.025213062494887497+0j)
0.16000000000000003	0.02560000000000001	0.0009181059211511317	0.02651046761808657	0.0	(0.02651046761808657+0j)
0.16402500000000003	0.02690420062500001	0.0009599288958027207	0.027856961777444886	0.0	(0.027856961777444886+0j)
0.16810000000000003	0.02825761000000001	0.0010028655828439696	0.02925375020789366	0.0	(0.02925375020789366+0j)
0.17222500000000002	0.029661450625000006	0.0010469087161808222	0.030702051205476075	0.0	(0.030702051205476075+0j)
0.17639999999999997	0.031116959999999992	0.001092049094486687	0.03220309604282094	0.0	(0.03220309604282094+0j)
0.18062499999999998	0.03262539062499999	0.0011382755480819611	0.033758128893241535	0.0	(0.033758128893241535+0j)
0.18489999999999998	0.03418800999999999	0.0011855749110779423	0.035368406764521285	0.0	(0.035368406764521285+0j)
0.189225	0.035806100625000004	0.0012339319991317224	0.037035199443371365	0.0	(0.037035199443371365+0j)
0.1936	0.03748096	0.0012833295931458403	0.03875978945145605	0.0	(0.03875978945145605+0j)
0.198025	0.039213900625000006	0.0013337484292305522	0.04054347201375476	0.0	(0.04054347201375476+0j)
0.2025	0.04100625000000001	0.0013851671952275916	0.04238755503989023	0.0	(0.04238755503989023+0j)
0.20702500000000001	0.04285935062500001	0.0014375625340722967	0.0442933591188732	0.0	(0.0442933591188732+0j)
0.2116	0.044774560000000005	0.0014909090542455337	0.046262217527519266	0.0	(0.046262217527519266+0j)
0.21622500000000003	0.04675325062500001	0.0015451793475386218	0.048295476252590785	0.0	(0.048295476252590785+0j)
0.22090000000000004	0.04879681000000002	0.0016003440143228043	0.050394494026481156	0.0	(0.050394494026481156+0j)
0.22562500000000002	0.050906640625000006	0.0016563716964803372	0.05256064237606104	0.0	(0.05256064237606104+0j)
0.2304	0.05308416	0.00171322911811677	0.05479530568409563	0.0	(0.05479530568409563+0j)
0.235225	0.055330800624999996	0.001770881134133739	0.05709988126246083	0.0	(0.05709988126246083+0j)
0.24009999999999998	0.05764800999999999	0.0018292907866987711	0.05947577943625503	0.0	(0.05947577943625503+0j)
0.245025	0.060037250625	0.001888419369603377	0.06192442363777839	0.0	(0.06192442363777839+0j)
0.25	0.0625	0.001948226500453391	0.06444725050930997	0.0	(0.06444725050930997+0j)
0.255025	0.065037750625	0.002008670200586403	0.06704571001357759	0.0	(0.06704571001357759+0j)
0.2601	0.06765201	0.0020697069825604776	0.06972126555083406	0.0	(0.06972126555083406+0j)
0.265225	0.070344300625	0.002131291945006692	0.07247539408153114	0.0	(0.07247539408153114+0j)
0.27040000000000003	0.07311616000000001	0.002193378874585566	0.0753095862536385	0.0	(0.0753095862536385+0j)
0.275625	0.075969140625	0.0022559203547347882	0.07822534653376559	0.0	(0.07822534653376559+0j)
0.28090000000000004	0.07890481000000002	0.0023188678808431515	0.08122419334136531	0.0	(0.08122419334136531+0j)
0.286225	0.081924750625	0.0023821719814337843	0.08430765918538902	0.0	(0.08430765918538902+0j)
0.2916	0.08503056000000002	0.002445782344889169	0.0874772908028903	0.0	(0.0874772908028903+0j)
0.29702500000000004	0.08822385062500002	0.0025096479512014807	0.0907346492991358	0.0	(0.0907346492991358+0j)
0.30250000000000005	0.09150625000000003	0.0025737172081851316	0.0940813102888718	0.0	(0.0940813102888718+0j)
0.30802500000000005	0.09487940062500003	0.0026379380915444737	0.0975188640384464	0.0	(0.0975188640384464+0j)
0.31360000000000005	0.09834496000000002	0.0027022582881489777	0.10104891560849302	0.0	(0.10104891560849302+0j)
0.3192250000000001	0.10190460062500006	0.002766625341831417	0.10467308499690145	0.0	(0.10467308499690145+0j)
0.3249000000000001	0.10556001000000005	0.002830986800992052	0.10839300728179078	0.0	(0.10839300728179078+0j)
0.33062500000000006	0.10931289062500003	0.0028952903672640916	0.1122103327641559	0.0	(0.1122103327641559+0j)
0.3364	0.11316495999999998	0.002959484044473216	0.11612672710982781	0.0	(0.11612672710982781+0j)
0.34222499999999995	0.11711795062499997	0.0030235162871070243	0.12014387149032667	0.0	(0.12014387149032667+0j)
0.34809999999999997	0.12117360999999997	0.0030873361474993916	0.12426346272214871	0.0	(0.12426346272214871+0j)
0.354025	0.125333700625	0.0031508934209300656	0.1284872134039597	0.0	(0.1284872134039597+0j)
0.36	0.1296	0.0032141387878416765	0.13281685205112928	0.0	(0.13281685205112928+0j)
0.366025	0.133974300625	0.0032770239523849244	0.13725412322698907	0.0	(0.13725412322698907+0j)
0.3721	0.13845840999999998	0.003339501776517993	0.14180078767019066	0.0	(0.14180078767019066+0j)
0.378225	0.143054150625	0.0034015264089083987	0.1464586224174793	0.0	(0.1464586224174793+0j)
0.3844	0.14776336	0.003463053407914352	0.15122942092121788	0.0	(0.15122942092121788+0j)
0.390625	0.152587890625	0.0035240398579581915	0.15611499316101232	0.0	(0.15611499316101232+0j)
0.39690000000000003	0.15752961000000001	0.0035844444786463725	0.16111716574875665	0.0	(0.16111716574875665+0j)
0.403225	0.162590400625	0.003644227726038389	0.16623778202649894	0.0	(0.16623778202649894+0j)
0.4096	0.16777216	0.0037033518855207987	0.17147870215652924	0.0	(0.17147870215652924+0j)
0.41602500000000003	0.17307680062500003	0.0037617811558013255	0.17684180320317097	0.0	(0.17684180320317097+0j)
0.42250000000000004	0.17850625000000003	0.0038194817236017393	0.1823289792057726	0.0	(0.1823289792057726+0j)
0.42902500000000005	0.18406245062500004	0.0038764218286959115	0.18794214124251293	0.0	(0.18794214124251293+0j)
0.43560000000000004	0.18974736000000003	0.003932571819010609	0.19368321748466227	0.0	(0.19368321748466227+0j)
0.44222500000000003	0.19556295062500004	0.003987904195580509	0.19955415324103098	0.0	(0.19955415324103098+0j)
0.4489000000000001	0.20151121000000008	0.004042393647224728	0.2055569109924383	0.0	(0.2055569109924383+0j)
0.45562500000000006	0.20759414062500006	0.004096017074889161	0.21169347041607617	0.0	(0.21169347041607617+0j)
0.4624000000000001	0.21381376000000007	0.004148753605676233	0.21796582839974063	0.0	(0.21796582839974063+0j)
0.46922500000000006	0.22017210062500006	0.004200584596660435	0.22437599904601516	0.0	(0.22437599904601516+0j)
0.4761000000000001	0.22667121000000007	0.0042514936286635	0.23092601366652002	0.0	(0.23092601366652002+0j)
0.4830250000000001	0.23331315062500008	0.004301466490236267	0.23761792076644883	0.0	(0.23761792076644883+0j)
0.4900000000000001	0.2401000000000001	0.004350491152164595	0.2444537860197029	0.0	(0.2444537860197029+0j)
0.49702499999999994	0.24703385062499994	0.004398557732883187	0.2514356922349549	0.0	(0.2514356922349549+0j)
0.5041	0.25411680999999997	0.004445658455243232	0.25856573931309784	0.0	(0.25856573931309784+0j)
0.5112249999999999	0.26135100062499994	0.004491787595136655	0.2658460441965709	0.0	(0.2658460441965709+0j)
0.5184	0.26873855999999996	0.0045369414225310285	0.27327874081106845	0.0	(0.27327874081106845+0j)
0.525625	0.276281640625	0.004581118135514074	0.2808659800002854	0.0	(0.2808659800002854+0j)
0.5328999999999999	0.2839824099999999	0.004624317787985027	0.288609929454266	0.0	(0.288609929454266+0j)
0.540225	0.29184305062499993	0.004666542211661454	0.2965127736320952	0.0	(0.2965127736320952+0j)
0.5476	0.29986576	0.004707794933094159	0.30457671367955236	0.0	(0.30457671367955236+0j)
0.555025	0.308052750625	0.0047480810863995615	0.3128039673425139	0.0	(0.3128039673425139+0j)
0.5625	0.31640625	0.004787407322428249	0.321196768876761	0.0	(0.321196768876761+0j)
0.570025	0.324928500625	0.004825781715090389	0.3297573689550179	0.0	(0.3297573689550179+0j)
0.5776	0.33362176	0.004863213665553551	0.3384880345718083	0.0	(0.3384880345718083+0j)
0.585225	0.342488300625	0.0048997138050164155	0.3473910489470333	0.0	(0.3473910489470333+0j)
0.5929	0.35153040999999996	0.004935293896743235	0.356468711428833	0.0	(0.356468711428833+0j)
0.6006250000000001	0.3607503906250001	0.004969966738019234	0.3657233373964966	0.0	(0.3657233373964966+0j)
0.6084	0.3701505600000001	0.00500374606265678	0.3751572581640835	0.0	(0.3751572581640835+0j)
0.616225	0.379733250625	0.005036646444646821	0.38477282088540343	0.0	(0.38477282088540343+0j)
0.6241000000000001	0.38950081000000014	0.00506868320351033	0.3945723884609647	0.0	(0.3945723884609647+0j)
0.6320250000000001	0.3994556006250001	0.005099872311860961	0.4045583394475199	0.0	(0.4045583394475199+0j)
0.6400000000000001	0.4096000000000002	0.005130230305643589	0.41473306797074266	0.0	(0.41473306797074266+0j)
0.6480250000000001	0.4199364006250001	0.00515977419746447	0.42509898364158216	0.0	(0.42509898364158216+0j)
0.6561000000000001	0.43046721000000016	0.005188521393378218	0.4356585114768387	0.0	(0.4356585114768387+0j)
0.6642250000000001	0.4411948506250001	0.005216489613445331	0.44641409182447417	0.0	(0.44641409182447417+0j)
0.6724000000000001	0.45212176000000015	0.0052436968163223135	0.45736818029408094	0.0	(0.45736818029408094+0j)
0.6806250000000001	0.4632503906250002	0.005270161128095092	0.4685232476930253	0.0	(0.4685232476930253+0j)
0.6889000000000001	0.4745832100000001	0.005295900775516242	0.4798817799687583	0.0	(0.4798817799687583+0j)
0.697225	0.48612270062499996	0.005320934023757849	0.4914462781577326	0.0	(0.4914462781577326+0j)
0.7055999999999999	0.4978713599999999	0.005345279118745299	0.5032192583413461	0.0	(0.5032192583413461+0j)
0.7140249999999999	0.5098317006249998	0.005368954234093352	0.5152032516095014	0.0	(0.5152032516095014+0j)
0.7224999999999999	0.5220062499999999	0.00539197742262485	0.5274008040321682	0.0	(0.5274008040321682+0j)
0.7310249999999999	0.5343975506249999	0.005414366572414664	0.5398144766394692	0.0	(0.5398144766394692+0j)
0.7395999999999999	0.5470081599999999	0.005436139367267327	0.5524468454108064	0.0	(0.5524468454108064+0j)
0.748225	0.559840650625	0.005457313251506255	0.5653005012734824	0.0	(0.5653005012734824+0j)
0.7569	0.5728976100000001	0.005477905398925811	0.5783780501113663	0.0	(0.5783780501113663+0j)
0.765625	0.586181640625	0.005497932685734632	0.5916821127840582	0.0	(0.5916821127840582+0j)
0.7744	0.59969536	0.005517411667299622	0.6052153251570771	0.0	(0.6052153251570771+0j)
0.7832250000000001	0.6134414006250001	0.005536358558484827	0.6189803381436114	0.0	(0.6189803381436114+0j)
0.7921	0.6274224100000001	0.005554789217367767	0.6329798177583538	0.0	(0.6329798177583538+0j)
0.801025	0.641641050625	0.005572719132107712	0.647216445184162	0.0	(0.647216445184162+0j)
0.81	0.6561000000000001	0.00559016341073546	0.6616929168525052	0.0	(0.6616929168525052+0j)
0.819025	0.670801950625	0.005607136773632327	0.6764119445389606	0.0	(0.6764119445389606+0j)
0.8281000000000001	0.6857496100000001	0.005623653548466912	0.691376255476022	0.0	(0.691376255476022+0j)
0.8372250000000001	0.7009457006250002	0.005639727667361507	0.7065885924864312	0.0	(0.7065885924864312+0j)
0.8464	0.7163929600000001	0.005655372666065508	0.7220517141424028	0.0	(0.7220517141424028+0j)
0.8556250000000001	0.7320941406250001	0.0056706016849204935	0.737768394959283	0.0	(0.737768394959283+0j)
0.8649000000000001	0.7480520100000002	0.005685427471410563	0.7537414256372118	0.0	(0.7537414256372118+0j)
0.8742250000000001	0.7642693506250002	0.005699862384101618	0.7699736133725072	0.0	(0.7699736133725072+0j)
0.8836000000000002	0.7807489600000003	0.0057139183977845025	0.7864677822738955	0.0	(0.7864677822738955+0j)
0.8930250000000001	0.7974936506250001	0.00572760710964868	0.8032267739406309	0.0	(0.8032267739406309+0j)
0.9025000000000001	0.8145062500000001	0.005740939746325548	0.8202534482977158	0.0	(0.8202534482977158+0j)
0.9120250000000001	0.8317896006250002	0.005753927171653025	0.8375506848511327	0.0	(0.8375506848511327+0j)
0.9216	0.84934656	0.005766579895025701	0.8551213846529688	0.0	(0.8551213846529688+0j)
0.931225	0.8671800006249999	0.005778908080207347	0.872968473517945	0.0	(0.872968473517945+0j)
0.9409	0.8852928099999999	0.005790921554494784	0.8910949075674075	0.0	(0.8910949075674075+0j)
0.9506249999999999	0.9036878906249999	0.005802629818133942	0.9095036834127747	0.0	(0.9095036834127747+0j)
0.9603999999999999	0.9223681599999999	0.00581404205390019	0.9281978584723066	0.0	(0.9281978584723066+0j)
0.970225	0.941336550625	0.005825167136765748	0.9471805963451159	0.0	(0.9471805963451159+0j)
0.9801	0.96059601	0.005836013643586958	0.966455286197093	0.0	(0.966455286197093+0j)
0.990025	0.9801495006250001	0.005846589862753557	0.9860259512507662	0.0	(0.9860259512507662+0j)
1.0	1.0	0.0058569038037506235	1.005899587890417	0.0	(1.005899587890417+0j)
