-1.0	-1.0	-0.1695488108410624	-1.1740625974067653	0.0	(-1.1740625974067653+0j)
-0.9933444444444445	-0.9867331853086421	-0.1676401350986613	-1.1585775210146867	0.0	(-1.1585775210146867+0j)
-0.9867111111111112	-0.9735988167901236	-0.16574253529580626	-1.1433445350096834	0.0	(-1.1433445350096834+0j)
-0.9801000000000002	-0.9605960100000004	-0.1638560853951751	-1.1282992999633024	0.0	(-1.1282992999633024+0j)
-0.9735111111111112	-0.9477238834567904	-0.16198085733776693	-1.1134215046051048	0.0	(-1.1134215046051048+0j)
-0.9669444444444446	-0.9349815586419756	-0.16011692104152056	-1.0987015944188099	0.0	(-1.0987015944188099+0j)
-0.9604000000000001	-0.9223681600000003	-0.15826434440054382	-1.0841340209522419	0.0	(-1.0841340209522419+0j)
-0.9538777777777778	-0.9098828149382717	-0.15642319328495177	-1.069715091876397	0.0	(-1.069715091876397+0j)
-0.9473777777777779	-0.8975246538271606	-0.15459353154130412	-1.0554421011213069	0.0	(-1.0554421011213069+0j)
-0.9409000000000002	-0.8852928100000004	-0.152775420993633	-1.0413129188162271	0.0	(-1.0413129188162271+0j)
-0.9344444444444444	-0.8731864197530863	-0.1509689214450606	-1.0273257761027752	0.0	(-1.0273257761027752+0j)
-0.9280111111111112	-0.8612046223456792	-0.14917409067998988	-1.013479142827244	0.0	(-1.013479142827244+0j)
-0.9216000000000002	-0.8493465600000004	-0.1473909844668686	-0.9997716535829094	0.0	(-0.9997716535829094+0j)
-0.9152111111111113	-0.837611377901235	-0.14561965656151657	-0.9862020607192399	0.0	(-0.9862020607192399+0j)
-0.9088444444444445	-0.8259982241975309	-0.14386015871100347	-0.9727692032501913	0.0	(-0.9727692032501913+0j)
-0.9025000000000001	-0.8145062500000001	-0.14211254065807796	-0.9594719855750147	0.0	(-0.9594719855750147+0j)
-0.896177777777778	-0.8031346093827164	-0.14037685014613235	-0.946309362491839	0.0	(-0.946309362491839+0j)
-0.8898777777777778	-0.7918824593827161	-0.13865313292469664	-0.9332803283808576	0.0	(-0.9332803283808576+0j)
-0.8836000000000002	-0.7807489600000003	-0.13694143275545675	-0.9203839092290269	0.0	(-0.9203839092290269+0j)
-0.8773444444444446	-0.7697332741975311	-0.135241791418782	-0.9076191566395482	0.0	(-0.9076191566395482+0j)
-0.8711111111111112	-0.7588345679012347	-0.13355424872075916	-0.8949851432577955	0.0	(-0.8949851432577955+0j)
-0.8649000000000001	-0.7480520100000002	-0.13187884250072168	-0.8824809592276457	0.0	(-0.8824809592276457+0j)
-0.8587111111111113	-0.7373847723456793	-0.13021560863926085	-0.8701057094104763	0.0	(-0.8701057094104763+0j)
-0.8525444444444444	-0.7268320297530864	-0.1285645810667227	-0.8578585111770823	0.0	(-0.8578585111770823+0j)
-0.8464	-0.7163929600000001	-0.1269257917721625	-0.8457384926363285	0.0	(-0.8457384926363285+0j)
-0.8402777777777779	-0.7060667438271607	-0.12529927081276593	-0.8337447912007355	0.0	(-0.8337447912007355+0j)
-0.834177777777778	-0.695852564938272	-0.12368504632371602	-0.8218765524151175	0.0	(-0.8218765524151175+0j)
-0.8281000000000001	-0.6857496100000001	-0.12208314452850116	-0.8101329289926941	0.0	(-0.8101329289926941+0j)
-0.8220444444444446	-0.6757570686419755	-0.12049358974965396	-0.7985130800164701	0.0	(-0.7985130800164701+0j)
-0.8160111111111112	-0.6658741334567904	-0.11891640441991008	-0.7870161702735493	0.0	(-0.7870161702735493+0j)
-0.81	-0.6561000000000001	-0.11735160909378095	-0.7756413696969594	0.0	(-0.7756413696969594+0j)
-0.8040111111111112	-0.6464338667901236	-0.11579922245952723	-0.7643878528955556	0.0	(-0.7643878528955556+0j)
-0.7980444444444446	-0.6368749353086421	-0.11425926135152198	-0.7532547987561301	0.0	(-0.7532547987561301+0j)
-0.7921	-0.6274224100000001	-0.11273174076300352	-0.7422413901054239	0.0	(-0.7422413901054239+0j)
-0.7861777777777779	-0.6180754982716051	-0.11121667385919465	-0.7313468134220354	0.0	(-0.7313468134220354+0j)
-0.780277777777778	-0.6088334104938274	-0.10971407199078909	-0.7205702585900906	0.0	(-0.7205702585900906+0j)
-0.7744	-0.59969536	-0.10822394470779012	-0.7099109186881291	0.0	(-0.7099109186881291+0j)
-0.7685444444444445	-0.5906605630864198	-0.10674629977369565	-0.6993679898077942	0.0	(-0.6993679898077942+0j)
-0.7627111111111112	-0.5817282390123458	-0.10528114318001242	-0.6889406708978447	0.0	(-0.6889406708978447+0j)
-0.7569000000000002	-0.5728976100000004	-0.103828479161103	-0.6786281636298869	0.0	(-0.6786281636298869+0j)
-0.7511111111111112	-0.564167901234568	-0.10238831020933925	-0.6684296722825919	0.0	(-0.6684296722825919+0j)
-0.7453444444444446	-0.5555383408641977	-0.10096063709056802	-0.6583444036419221	0.0	(-0.6583444036419221+0j)
-0.7396000000000001	-0.5470081600000002	-0.09954545885986738	-0.6483715669151978	0.0	(-0.6483715669151978+0j)
-0.7338777777777779	-0.5385765927160495	-0.09814277287759215	-0.6385103736570505	0.0	(-0.6385103736570505+0j)
-0.7281777777777779	-0.5302428760493829	-0.09675257482569588	-0.6287600377058457	0.0	(-0.6287600377058457+0j)
-0.7225000000000001	-0.5220062500000002	-0.0953748587243175	-0.6191197751290715	0.0	(-0.6191197751290715+0j)
-0.7168444444444445	-0.5138659575308643	-0.09400961694862597	-0.6095888041766859	0.0	(-0.6095888041766859+0j)
-0.7112111111111112	-0.5058212445679015	-0.09265684024591603	-0.6001663452413216	0.0	(-0.6001663452413216+0j)
-0.7056000000000001	-0.49787136000000015	-0.09131651775293625	-0.5908516208246096	0.0	(-0.5908516208246096+0j)
-0.7000111111111111	-0.4900155556790124	-0.08998863701345394	-0.5816438555087208	0.0	(-0.5816438555087208+0j)
-0.6944444444444445	-0.48225308641975323	-0.08867318399603252	-0.5725422759326874	0.0	(-0.5725422759326874+0j)
-0.6889000000000001	-0.4745832100000001	-0.08737014311202218	-0.5635461107726912	0.0	(-0.5635461107726912+0j)
-0.683377777777778	-0.4670051871604941	-0.08607949723375641	-0.5546545907261174	0.0	(-0.5546545907261174+0j)
-0.6778777777777778	-0.4595182816049383	-0.0848012277129312	-0.5458669484986467	0.0	(-0.5458669484986467+0j)
-0.6724000000000001	-0.45212176000000015	-0.08353531439917683	-0.5371824187942514	0.0	(-0.5371824187942514+0j)
-0.6669444444444446	-0.4448148919753088	-0.08228173565879626	-0.528600238307584	0.0	(-0.528600238307584+0j)
-0.6615111111111112	-0.43759695012345684	-0.08104046839367607	-0.5201196457186253	0.0	(-0.5201196457186253+0j)
-0.6561000000000001	-0.43046721000000016	-0.0798114880603451	-0.5117398816891834	0.0	(-0.5117398816891834+0j)
-0.6507111111111112	-0.42342495012345693	-0.07859476868919024	-0.5034601888610959	0.0	(-0.5034601888610959+0j)
-0.6453444444444445	-0.4164694519753087	-0.07739028290380257	-0.495279811855928	0.0	(-0.495279811855928+0j)
-0.6400000000000001	-0.4096000000000002	-0.07619800194046122	-0.48719799727600144	0.0	(-0.48719799727600144+0j)
-0.6346777777777779	-0.4028158816049384	-0.07501789566773331	-0.47921399370653944	0.0	(-0.47921399370653944+0j)
-0.6293777777777778	-0.39611638716049385	-0.0738499326061931	-0.47132705171886813	0.0	(-0.47132705171886813+0j)
-0.6241000000000001	-0.38950081000000014	-0.07269407994824006	-0.4635364238744888	0.0	(-0.4635364238744888+0j)
-0.6188444444444445	-0.3829684464197532	-0.07155030357802128	-0.4558413647299592	0.0	(-0.4558413647299592+0j)
-0.6136111111111112	-0.37651859567901247	-0.07041856809143598	-0.4482411308424657	0.0	(-0.4482411308424657+0j)
-0.6084	-0.3701505600000001	-0.06929883681622728	-0.44073498077603895	0.0	(-0.44073498077603895+0j)
-0.6032111111111113	-0.3638636445679014	-0.06819107183214601	-0.4333221751082869	0.0	(-0.4333221751082869+0j)
-0.5980444444444446	-0.3576571575308644	-0.0670952339911729	-0.42600197643767657	0.0	(-0.42600197643767657+0j)
-0.5929	-0.35153040999999996	-0.06601128293781122	-0.4187736493912104	0.0	(-0.4187736493912104+0j)
-0.5877777777777778	-0.3454827160493828	-0.06493917712941999	-0.4116364606325508	0.0	(-0.4116364606325508+0j)
-0.582677777777778	-0.3395133927160496	-0.06387887385659541	-0.40458967887049	0.0	(-0.40458967887049+0j)
-0.5776	-0.33362176	-0.06283032926358234	-0.3976325748677843	0.0	(-0.3976325748677843+0j)
-0.5725444444444445	-0.3278071408641976	-0.061793498368725164	-0.3907644214503018	0.0	(-0.3907644214503018+0j)
-0.5675111111111112	-0.322068861234568	-0.060768335084926406	-0.3839844935164703	0.0	(-0.3839844935164703+0j)
-0.5625	-0.31640625	-0.059754792240132026	-0.3772920680470588	0.0	(-0.3772920680470588+0j)
-0.5575111111111112	-0.31081863901234574	-0.05875282159781836	-0.37068642411517444	0.0	(-0.37068642411517444+0j)
-0.5525444444444445	-0.3053053630864198	-0.05776237387747907	-0.3641668428966283	0.0	(-0.3641668428966283+0j)
-0.5476000000000002	-0.2998657600000002	-0.056783398775112626	-0.3577326076805093	0.0	(-0.3577326076805093+0j)
-0.5426777777777778	-0.2944991704938272	-0.05581584498369263	-0.3513830038800879	0.0	(-0.3513830038800879+0j)
-0.5377777777777779	-0.2892049382716051	-0.05485966021362365	-0.34511731904396675	0.0	(-0.34511731904396675+0j)
-0.5329000000000002	-0.2839824100000002	-0.05391479121316878	-0.3389348428675519	0.0	(-0.3389348428675519+0j)
-0.5280444444444444	-0.27883093530864195	-0.05298118378885053	-0.3328348672047884	0.0	(-0.3328348672047884+0j)
-0.5232111111111112	-0.27374986679012353	-0.052058782825814554	-0.32681668608020364	0.0	(-0.32681668608020364+0j)
-0.5184000000000001	-0.26873856000000007	-0.05114753230815117	-0.3208795957012465	0.0	(-0.3208795957012465+0j)
-0.5136111111111111	-0.26379637345679013	-0.050247375339169675	-0.3150228944709393	0.0	(-0.3150228944709393+0j)
-0.5088444444444445	-0.2589226686419754	-0.049358254161612214	-0.30924588300083894	0.0	(-0.30924588300083894+0j)
-0.5041000000000001	-0.2541168100000001	-0.04848011017782872	-0.30354786412430557	0.0	(-0.30354786412430557+0j)
-0.49937777777777775	-0.24937816493827158	-0.04761288396985974	-0.2979281429100979	0.0	(-0.2979281429100979+0j)
-0.4946777777777778	-0.24470610382716054	-0.04675651531947822	-0.2923860266762852	0.0	(-0.2923860266762852+0j)
-0.4900000000000001	-0.2401000000000001	-0.045910943228133494	-0.2869208250044653	0.0	(-0.2869208250044653+0j)
-0.4853444444444444	-0.23555922975308638	-0.04507610593683653	-0.28153184975432016	0.0	(-0.28153184975432016+0j)
-0.48071111111111114	-0.23108317234567904	-0.0442519409459452	-0.27621841507847567	0.0	(-0.27621841507847567+0j)
-0.4761000000000001	-0.22667121000000007	-0.04343838503486852	-0.27097983743767173	0.0	(-0.27097983743767173+0j)
-0.4715111111111112	-0.22232272790123467	-0.04263537428167985	-0.2658154356162308	0.0	(-0.2658154356162308+0j)
-0.46694444444444444	-0.21803711419753086	-0.04184284408263017	-0.26072453073782875	0.0	(-0.26072453073782875+0j)
-0.4624000000000001	-0.21381376000000007	-0.0410607291715559	-0.2557064462815418	0.0	(-0.2557064462815418+0j)
-0.4578777777777779	-0.20965205938271614	-0.04028896363918788	-0.25076050809817296	0.0	(-0.25076050809817296+0j)
-0.45337777777777777	-0.20555140938271604	-0.03952748095234715	-0.2458860444268281	0.0	(-0.2458860444268281+0j)
-0.4489000000000001	-0.20151121000000008	-0.03877621397302744	-0.2410823859117286	0.0	(-0.2410823859117286+0j)
-0.44444444444444453	-0.19753086419753094	-0.0380350949773578	-0.2363488656192628	0.0	(-0.2363488656192628+0j)
-0.44001111111111113	-0.1936097779012346	-0.03730405567445416	-0.23168481905523564	0.0	(-0.23168481905523564+0j)
-0.43560000000000004	-0.18974736000000003	-0.03658302722512885	-0.2270895841822864	0.0	(-0.2270895841822864+0j)
-0.4312111111111112	-0.1859430223456791	-0.0358719402604879	-0.22256250143749734	0.0	(-0.22256250143749734+0j)
-0.4268444444444444	-0.18219617975308638	-0.03517072490038964	-0.21810291375011923	0.0	(-0.21810291375011923+0j)
-0.42250000000000004	-0.17850625000000003	-0.03447931077177557	-0.213710166559427	0.0	(-0.213710166559427+0j)
-0.41817777777777787	-0.17487265382716058	-0.033797627026849186	-0.20938360783266033	0.0	(-0.20938360783266033+0j)
-0.4138777777777779	-0.1712948149382717	-0.03312560236113149	-0.2051225880830363	0.0	(-0.2051225880830363+0j)
-0.4096	-0.16777216	-0.03246316503136559	-0.2009264603877989	0.0	(-0.2009264603877989+0j)
-0.4053444444444445	-0.16430411864197536	-0.03181024287326917	-0.19679458040629777	0.0	(-0.19679458040629777+0j)
-0.4011111111111112	-0.16089012345679019	-0.03116676331915258	-0.19272630639805008	0.0	(-0.19272630639805008+0j)
-0.39690000000000003	-0.15752961000000001	-0.030532653415376032	-0.18872099924077082	0.0	(-0.18872099924077082+0j)
-0.3927111111111112	-0.1542220167901235	-0.029907839839651285	-0.1847780224483486	0.0	(-0.1847780224483486+0j)
-0.3885444444444445	-0.15096678530864205	-0.029292248918199038	-0.18089674218874802	0.0	(-0.18089674218874802+0j)
-0.3844	-0.14776336	-0.028685806642734235	-0.1770765273017939	0.0	(-0.1770765273017939+0j)
-0.3802777777777778	-0.14461118827160496	-0.028088438687308148	-0.17331674931684604	0.0	(-0.17331674931684604+0j)
-0.37617777777777783	-0.1415097204938272	-0.027500070424970602	-0.16961678247031198	0.0	(-0.16961678247031198+0j)
-0.3721	-0.13845840999999998	-0.026920626944282322	-0.1659760037230111	0.0	(-0.1659760037230111+0j)
-0.36804444444444445	-0.13545671308641977	-0.02635003306566297	-0.16239379277732907	0.0	(-0.16239379277732907+0j)
-0.3640111111111112	-0.13250408901234573	-0.025788213357551548	-0.15886953209418866	0.0	(-0.15886953209418866+0j)
-0.3600000000000001	-0.12960000000000008	-0.02523509215242914	-0.15540260690979427	0.0	(-0.15540260690979427+0j)
-0.3560111111111111	-0.1267439112345679	-0.024690593562648466	-0.1519924052521355	0.0	(-0.1519924052521355+0j)
-0.3520444444444445	-0.12393529086419756	-0.02415464149610136	-0.14863831795724117	0.0	(-0.14863831795724117+0j)
-0.3481000000000001	-0.12117361000000006	-0.023627159671710807	-0.14533973868518593	0.0	(-0.14533973868518593+0j)
-0.3441777777777778	-0.1184583427160494	-0.023108071634754257	-0.1420960639358112	0.0	(-0.1420960639358112+0j)
-0.34027777777777785	-0.11578896604938277	-0.022597300772009277	-0.13890669306417136	0.0	(-0.13890669306417136+0j)
-0.3364000000000001	-0.11316496000000006	-0.0220947703267238	-0.13577102829567805	0.0	(-0.13577102829567805+0j)
-0.3325444444444444	-0.11058580753086418	-0.02160040341340208	-0.1326884747409682	0.0	(-0.1326884747409682+0j)
-0.3287111111111111	-0.10805099456790124	-0.021114123032432985	-0.12965844041045535	0.0	(-0.12965844041045535+0j)
-0.3249000000000001	-0.10556001000000005	-0.020635852084516237	-0.12668033622858346	0.0	(-0.12668033622858346+0j)
-0.32111111111111107	-0.10311234567901231	-0.020165513384931	-0.12375357604777346	0.0	(-0.12375357604777346+0j)
-0.3173444444444445	-0.10070749641975311	-0.019703029677615724	-0.12087757666205728	0.0	(-0.12087757666205728+0j)
-0.31360000000000005	-0.09834496000000002	-0.019248323649065924	-0.11805175782040356	0.0	(-0.11805175782040356+0j)
-0.30987777777777786	-0.09602423716049388	-0.01880131794205875	-0.11527554223973248	0.0	(-0.11527554223973248+0j)
-0.30617777777777777	-0.09374483160493827	-0.018361935169182164	-0.11254835561764152	0.0	(-0.11254835561764152+0j)
-0.30250000000000005	-0.09150625000000003	-0.0179300979262198	-0.10986962664480013	0.0	(-0.10986962664480013+0j)
-0.2988444444444445	-0.08930800197530869	-0.017505728805304877	-0.1072387870170668	0.0	(-0.1072387870170668+0j)
-0.2952111111111111	-0.08714960012345678	-0.01708875040793645	-0.1046552714473072	0.0	(-0.1046552714473072+0j)
-0.2916	-0.08503056000000002	-0.01667908535779139	-0.10211851767691368	0.0	(-0.10211851767691368+0j)
-0.28801111111111116	-0.08295040012345682	-0.01627665631336539	-0.09962796648704897	0.0	(-0.09962796648704897+0j)
-0.28444444444444444	-0.08090864197530864	-0.01588138598042521	-0.0971830617096092	0.0	(-0.0971830617096092+0j)
-0.28090000000000004	-0.07890481000000002	-0.015493197124289981	-0.09478325023792461	0.0	(-0.09478325023792461+0j)
-0.27737777777777783	-0.07693843160493831	-0.015112012581932621	-0.09242798203717909	0.0	(-0.09242798203717909+0j)
-0.2738777777777778	-0.07500903716049383	-0.014737755273888098	-0.09011671015459727	0.0	(-0.09011671015459727+0j)
-0.27040000000000003	-0.07311616000000001	-0.014370348216004025	-0.08784889072935465	0.0	(-0.08784889072935465+0j)
-0.2669444444444445	-0.07125933641975311	-0.01400971453097366	-0.08562398300229476	0.0	(-0.08562398300229476+0j)
-0.2635111111111112	-0.06943810567901239	-0.01365577745976676	-0.08344144932535295	0.0	(-0.08344144932535295+0j)
-0.2601	-0.06765201	-0.013308460372774	-0.0813007551708202	0.0	(-0.0813007551708202+0j)
-0.25671111111111117	-0.06590059456790126	-0.012967686780882559	-0.0792013691403383	0.0	(-0.0792013691403383+0j)
-0.25334444444444454	-0.06418340753086424	-0.012633380346294132	-0.07714276297373113	0.0	(-0.07714276297373113+0j)
-0.25	-0.0625	-0.012305464893214157	-0.07512441155761061	0.0	(-0.07512441155761061+0j)
-0.2466777777777778	-0.060849926049382726	-0.011983864418345647	-0.07314579293381486	0.0	(-0.07314579293381486+0j)
-0.2433777777777778	-0.0592327427160494	-0.011668503101218697	-0.07120638830764105	0.0	(-0.07120638830764105+0j)
-0.24010000000000004	-0.05764801000000002	-0.01135930531433793	-0.06930568205592968	0.0	(-0.06930568205592968+0j)
-0.23684444444444447	-0.05609529086419754	-0.011056195633170063	-0.06744316173495575	0.0	(-0.06744316173495575+0j)
-0.2336111111111111	-0.054574151234567894	-0.010759098845936066	-0.06561831808819335	0.0	(-0.06561831808819335+0j)
-0.23040000000000005	-0.053084160000000026	-0.010467939963265671	-0.06383064505390297	0.0	(-0.06383064505390297+0j)
-0.2272111111111111	-0.05162488901234568	-0.010182644227656468	-0.062079639772588714	0.0	(-0.062079639772588714+0j)
-0.2240444444444445	-0.050195913086419776	-0.009903137122777572	-0.06036480259431184	0.0	(-0.06036480259431184+0j)
-0.22090000000000004	-0.04879681000000002	-0.009629344382604543	-0.05868563708588103	0.0	(-0.05868563708588103+0j)
-0.2177777777777778	-0.04742716049382717	-0.009361192000381102	-0.057041650037904644	0.0	(-0.057041650037904644+0j)
-0.21467777777777783	-0.04608654827160496	-0.009098606237425422	-0.05543235147174303	0.0	(-0.05543235147174303+0j)
-0.2116	-0.044774560000000005	-0.008841513631772102	-0.05385725464632969	0.0	(-0.05385725464632969+0j)
-0.2085444444444445	-0.043490785308642	-0.008589841006645393	-0.05231587606489363	0.0	(-0.05231587606489363+0j)
-0.20551111111111114	-0.04223481679012347	-0.008343515478776986	-0.05080773548156552	0.0	(-0.05080773548156552+0j)
-0.2025	-0.04100625000000001	-0.008102464466550607	-0.04933235590792022	0.0	(-0.04933235590792022+0j)
-0.19951111111111114	-0.039804683456790134	-0.007866615698031154	-0.047889263619369155	0.0	(-0.047889263619369155+0j)
-0.19654444444444447	-0.03862971864197532	-0.00763589721876734	-0.04647798816152408	0.0	(-0.04647798816152408+0j)
-0.1936	-0.03748096	-0.007410237399518849	-0.045098062356405434	0.0	(-0.045098062356405434+0j)
-0.1906777777777778	-0.036358014938271614	-0.007189564943743676	-0.04374902230862744	0.0	(-0.04374902230862744+0j)
-0.1877777777777778	-0.0352604938271605	-0.006973808895009981	-0.042430407411489485	0.0	(-0.042430407411489485+0j)
-0.18490000000000004	-0.03418801000000001	-0.006762898644234738	-0.041141760352928394	0.0	(-0.041141760352928394+0j)
-0.18204444444444448	-0.03314017975308643	-0.006556763936709231	-0.03988262712149531	0.0	(-0.03988262712149531+0j)
-0.17921111111111113	-0.03211662234567902	-0.006355334879089014	-0.03865255701220037	0.0	(-0.03865255701220037+0j)
-0.17640000000000003	-0.03111696000000001	-0.006158541946170715	-0.03745110263225015	0.0	(-0.03745110263225015+0j)
-0.17361111111111113	-0.030140817901234577	-0.005966315987482318	-0.03627781990680519	0.0	(-0.03627781990680519+0j)
-0.1708444444444445	-0.02918782419753088	-0.005778588233837922	-0.035132268084613484	0.0	(-0.035132268084613484+0j)
-0.16810000000000003	-0.02825761000000001	-0.0055952903036793344	-0.03401400974356067	0.0	(-0.03401400974356067+0j)
-0.1653777777777778	-0.027349809382716053	-0.005416354209266672	-0.03292261079620024	0.0	(-0.03292261079620024+0j)
-0.1626777777777778	-0.02646405938271606	-0.005241712362780149	-0.03185764049519913	0.0	(-0.03185764049519913+0j)
-0.16000000000000003	-0.02560000000000001	-0.005071297582261991	-0.030818671438719095	0.0	(-0.030818671438719095+0j)
-0.15734444444444445	-0.024757274197530866	-0.004905043097425121	-0.029805279575696106	0.0	(-0.029805279575696106+0j)
-0.15471111111111113	-0.023935527901234575	-0.004742882555284211	-0.02881704421114638	0.0	(-0.02881704421114638+0j)
-0.1521	-0.023134410000000005	-0.004584750025760087	-0.02785354801132494	0.0	(-0.02785354801132494+0j)
-0.14951111111111115	-0.022353572345679026	-0.004430580007053209	-0.026914377008851936	0.0	(-0.026914377008851936+0j)
-0.14694444444444446	-0.021592669753086425	-0.004280307430928332	-0.025999120607779442	0.0	(-0.025999120607779442+0j)
-0.1444	-0.02085136	-0.004133867667874824	-0.02510737158860421	0.0	(-0.02510737158860421+0j)
-0.1418777777777778	-0.0201293038271605	-0.00399119653215152	-0.024238726113216376	0.0	(-0.024238726113216376+0j)
-0.1393777777777778	-0.01942616493827161	-0.0038522302867072256	-0.023392783729701834	0.0	(-0.023392783729701834+0j)
-0.13690000000000005	-0.018741610000000013	-0.003716905647888069	-0.02256914737725126	0.0	(-0.02256914737725126+0j)
-0.13444444444444448	-0.01807530864197532	-0.003585159790215897	-0.021767423390859658	0.0	(-0.021767423390859658+0j)
-0.1320111111111111	-0.01742693345679012	-0.003456930350882459	-0.02098722150601439	0.0	(-0.02098722150601439+0j)
-0.12960000000000002	-0.016796160000000004	-0.003332155434190298	-0.02022815486327893	0.0	(-0.02022815486327893+0j)
-0.12721111111111114	-0.01618266679012346	-0.003210773615833773	-0.019489840012944792	0.0	(-0.019489840012944792+0j)
-0.12484444444444444	-0.015586135308641974	-0.003092723947215603	-0.0187718969194324	0.0	(-0.0187718969194324+0j)
-0.12250000000000003	-0.015006250000000006	-0.002977945959443673	-0.018073948965734048	0.0	(-0.018073948965734048+0j)
-0.12017777777777779	-0.01444269827160494	-0.0028663796673455977	-0.0173956229577648	0.0	(-0.0173956229577648+0j)
-0.1178777777777778	-0.013895170493827167	-0.002757965573341181	-0.016736549128692036	0.0	(-0.016736549128692036+0j)
-0.11560000000000002	-0.013363360000000005	-0.0026526446712615837	-0.01609636114316219	0.0	(-0.01609636114316219+0j)
-0.11334444444444444	-0.012846963086419753	-0.00255035845002638	-0.015474696101341405	0.0	(-0.015474696101341405+0j)
-0.11111111111111113	-0.012345679012345684	-0.0024510488970896915	-0.014871194543142266	0.0	(-0.014871194543142266+0j)
-0.10890000000000001	-0.011859210000000002	-0.0023546585020639554	-0.014285500452196056	0.0	(-0.014285500452196056+0j)
-0.1067111111111111	-0.011387261234567899	-0.0022611302600417105	-0.013717261259729796	0.0	(-0.013717261259729796+0j)
-0.10454444444444447	-0.010929540864197536	-0.00217040767479304	-0.013166127848573158	0.0	(-0.013166127848573158+0j)
-0.1024	-0.01048576	-0.0020824347620873596	-0.01263175455684151	0.0	(-0.01263175455684151+0j)
-0.1002777777777778	-0.010055632716049387	-0.0019971560526421683	-0.012113799181758797	0.0	(-0.012113799181758797+0j)
-0.0981777777777778	-0.00963887604938272	-0.001914516595213911	-0.01161192298323504	0.0	(-0.01161192298323504+0j)
-0.0961	-0.00923521	-0.0018344619594046208	-0.011125790687598247	0.0	(-0.011125790687598247+0j)
-0.09404444444444446	-0.0088443575308642	-0.001756938238628436	-0.01065507049097596	0.0	(-0.01065507049097596+0j)
-0.09201111111111111	-0.008466044567901235	-0.0016818920526873171	-0.01019943406287778	0.0	(-0.01019943406287778+0j)
-0.09000000000000002	-0.008100000000000005	-0.001609270550559927	-0.009758556549373456	0.0	(-0.009758556549373456+0j)
-0.08801111111111112	-0.007745955679012348	-0.001539021412746422	-0.009332116576669386	0.0	(-0.009332116576669386+0j)
-0.08604444444444445	-0.007403646419753087	-0.0014710928540395685	-0.008919796254127874	0.0	(-0.008919796254127874+0j)
-0.08410000000000002	-0.007072810000000004	-0.0014054336256918987	-0.008521281177546908	0.0	(-0.008521281177546908+0j)
-0.08217777777777778	-0.006753187160493827	-0.0013419930178670825	-0.008136260432145036	0.0	(-0.008136260432145036+0j)
-0.08027777777777777	-0.0064445216049382695	-0.001280720861771556	-0.007764426595741013	0.0	(-0.007764426595741013+0j)
-0.07840000000000001	-0.006146560000000001	-0.0012215675319993125	-0.007405475741531688	0.0	(-0.007405475741531688+0j)
-0.07654444444444444	-0.005859051975308642	-0.0011644839484503677	-0.0070591074410305535	0.0	(-0.0070591074410305535+0j)
-0.07471111111111113	-0.005581750123456793	-0.0011094215784268613	-0.0067250247669349205	0.0	(-0.0067250247669349205+0j)
-0.0729	-0.005314410000000001	-0.001056332438658103	-0.006402934295751758	0.0	(-0.006402934295751758+0j)
-0.07111111111111111	-0.00505679012345679	-0.00100516909707693	-0.006092546110548214	0.0	(-0.006092546110548214+0j)
-0.06934444444444446	-0.004808651975308644	-0.0009558846747381722	-0.005793573803491949	0.0	(-0.005793573803491949+0j)
-0.06760000000000001	-0.004569760000000001	-0.0009084328475239545	-0.005505734478313963	0.0	(-0.005505734478313963+0j)
-0.0658777777777778	-0.004339881604938274	-0.0008627678477779455	-0.005228748752827424	0.0	(-0.005228748752827424+0j)
-0.06417777777777779	-0.004118787160493829	-0.0008188444660106597	-0.004962340761402121	0.0	(-0.004962340761402121+0j)
-0.0625	-0.00390625	-0.0007766180525692334	-0.0047062381569857375	0.0	(-0.0047062381569857375+0j)
-0.06084444444444445	-0.0037020464197530874	-0.0007360445188453468	-0.0044601721137182615	0.0	(-0.0044601721137182615+0j)
-0.05921111111111112	-0.003505955679012346	-0.0006970803391226355	-0.004223877328655936	0.0	(-0.004223877328655936+0j)
-0.05760000000000001	-0.0033177600000000016	-0.0006596825515003957	-0.003997092024356831	0.0	(-0.003997092024356831+0j)
-0.05601111111111112	-0.003137244567901236	-0.0006238087597409958	-0.0037795579505736	0.0	(-0.0037795579505736+0j)
-0.05444444444444445	-0.002964197530864198	-0.0005894171341935817	-0.003571020386466787	0.0	(-0.003571020386466787+0j)
-0.0529	-0.0027984100000000003	-0.0005564664132862163	-0.0033712281420571985	0.0	(-0.0033712281420571985+0j)
-0.051377777777777786	-0.0026396760493827168	-0.0005249159042364226	-0.003179933560680544	0.0	(-0.003179933560680544+0j)
-0.049877777777777785	-0.0024877927160493834	-0.0004947254848275406	-0.002996892520405696	0.0	(-0.002996892520405696+0j)
-0.0484	-0.00234256	-0.00046585560411926963	-0.002821864435837107	0.0	(-0.002821864435837107+0j)
-0.04694444444444445	-0.002203780864197531	-0.0004382672835845369	-0.0026546122594929933	0.0	(-0.0026546122594929933+0j)
-0.04551111111111112	-0.002071261234567902	-0.0004119221178200405	-0.0024949024841204653	0.0	(-0.0024949024841204653+0j)
-0.04410000000000001	-0.0019448100000000006	-0.0003867822762515516	-0.0023425051432136453	0.0	(-0.0023425051432136453+0j)
-0.04271111111111112	-0.00182423901234568	-0.00036281050299180606	-0.002197193813424738	0.0	(-0.002197193813424738+0j)
-0.04134444444444445	-0.0017093630864197533	-0.0003399701186879156	-0.0020587456151800886	0.0	(-0.0020587456151800886+0j)
-0.04000000000000001	-0.0016000000000000007	-0.0003182250205213677	-0.0019269412147801832	0.0	(-0.0019269412147801832+0j)
-0.03867777777777778	-0.001495970493827161	-0.00029753968377121964	-0.0018015648251100058	0.0	(-0.0018015648251100058+0j)
-0.03737777777777779	-0.001397098271604939	-0.0002778791619562071	-0.0016824042072864716	0.0	(-0.0016824042072864716+0j)
-0.0361	-0.00130321	-0.00025920908797161246	-0.001569250671326264	0.0	(-0.001569250671326264+0j)
-0.03484444444444445	-0.0012141353086419756	-0.00024149567423137341	-0.0014618990781685934	0.0	(-0.0014618990781685934+0j)
-0.03361111111111112	-0.0011297067901234574	-0.00022470571423127694	-0.0013601478394727235	0.0	(-0.0013601478394727235+0j)
-0.032400000000000005	-0.0010497600000000003	-0.0002088065818384166	-0.001263798920014922	0.0	(-0.001263798920014922+0j)
-0.03121111111111111	-0.0009741334567901234	-0.00019376623328071219	-0.001172657837583156	0.0	(-0.001172657837583156+0j)
-0.030044444444444447	-0.0009026686419753088	-0.0001795532065784755	-0.0010865336645056413	0.0	(-0.0010865336645056413+0j)
-0.028900000000000006	-0.0008352100000000003	-0.00016613662268127882	-0.0010052390286100043	0.0	(-0.0010052390286100043+0j)
-0.027777777777777783	-0.0007716049382716052	-0.00015348618603638897	-0.0009285901133269665	0.0	(-0.0009285901133269665+0j)
-0.026677777777777776	-0.0007117038271604937	-0.00014157218430455032	-0.0008564066591639406	0.0	(-0.0008564066591639406+0j)
-0.0256	-0.00065536	-0.00013036548949685312	-0.0007885119648831788	0.0	(-0.0007885119648831788+0j)
-0.02454444444444445	-0.00060242975308642	-0.00011983755882738478	-0.0007247328864322876	0.0	(-0.0007247328864322876+0j)
-0.023511111111111115	-0.0005527723456790125	-0.00010996043329214444	-0.0006648998397512675	0.0	(-0.0006648998397512675+0j)
-0.022500000000000006	-0.0005062500000000003	-0.00010070674022699677	-0.0006088467999470351	0.0	(-0.0006088467999470351+0j)
-0.021511111111111113	-0.00046272790123456795	-9.204969217080361e-05	-0.0005564113023896115	0.0	(-0.0005564113023896115+0j)
-0.020544444444444445	-0.0004220741975308642	-8.396308771807526e-05	-0.0005074344424036456	0.0	(-0.0005074344424036456+0j)
-0.019600000000000003	-0.0003841600000000001	-7.642131095053628e-05	-0.0004617608777371666	0.0	(-0.0004617608777371666+0j)
-0.018677777777777783	-0.0003488593827160496	-6.939933371086227e-05	-0.0004192388287723216	0.0	(-0.0004192388287723216+0j)
-0.017777777777777778	-0.0003160493827160494	-6.287271560267982e-05	-0.00037972007423489775	0.0	(-0.00037972007423489775+0j)
-0.016900000000000002	-0.00028561000000000005	-5.681759944309306e-05	-0.00034305995921830775	0.0	(-0.00034305995921830775+0j)
-0.016044444444444448	-0.0002574241975308643	-5.121071922076226e-05	-0.00030911739143133204	0.0	(-0.00030911739143133204+0j)
-0.015211111111111113	-0.00023137790123456796	-4.602939611686452e-05	-0.0002777548390799908	0.0	(-0.0002777548390799908+0j)
-0.014400000000000003	-0.0002073600000000001	-4.125153623135702e-05	-0.0002488383349344336	0.0	(-0.0002488383349344336+0j)
-0.013611111111111112	-0.00018526234567901238	-3.685563456201635e-05	-0.00022223747758468086	0.0	(-0.00022223747758468086+0j)
-0.012844444444444447	-0.0001649797530864198	-3.282077614130685e-05	-0.0001978254292825431	0.0	(-0.0001978254292825431+0j)
-0.0121	-0.00014641	-2.9126633762643905e-05	-0.00017547891151929759	0.0	(-0.00017547891151929759+0j)
-0.01137777777777778	-0.00012945382716049388	-2.5753463432920398e-05	-0.00015507822089323736	0.0	(-0.00015507822089323736+0j)
-0.01067777777777778	-0.000114014938271605	-2.268212028866401e-05	-0.0001365072054809289	0.0	(-0.0001365072054809289+0j)
-0.010000000000000002	-0.00010000000000000005	-1.989403472180129e-05	-0.00011965328973064058	0.0	(-0.00011965328973064058+0j)
-0.009344444444444447	-8.73186419753087e-05	-1.7371237390761962e-05	-0.0001044074632201115	0.0	(-0.0001044074632201115+0j)
-0.008711111111111112	-7.588345679012347e-05	-1.5096347851795144e-05	-9.066426026167237e-05	0.0	(-9.066426026167237e-05+0j)
-0.008100000000000001	-6.561000000000002e-05	-1.3052554095338564e-05	-7.832180755429362e-05	0.0	(-7.832180755429362e-05+0j)
-0.007511111111111112	-5.64167901234568e-05	-1.12236602944904e-05	-6.7281778882558e-05	0.0	(-6.7281778882558e-05+0j)
-0.006944444444444446	-4.8225308641975326e-05	-9.594041330274194e-06	-5.744943369210217e-05	0.0	(-5.744943369210217e-05+0j)
-0.0064	-4.096e-05	-8.148681445163675e-06	-4.873356706172789e-05	0.0	(-4.873356706172789e-05+0j)
-0.005877777777777779	-3.454827160493828e-05	-6.8731242208741605e-06	-4.104656433954439e-05	0.0	(-4.104656433954439e-05+0j)
-0.005377777777777778	-2.8920493827160497e-05	-5.753527148044668e-06	-3.4304360176037794e-05	0.0	(-3.4304360176037794e-05+0j)
-0.004900000000000001	-2.4010000000000006e-05	-4.7766206989763305e-06	-2.842647505407826e-05	0.0	(-2.842647505407826e-05+0j)
-0.0044444444444444444	-1.9753086419753087e-05	-3.929744707420468e-06	-2.333596955310401e-05	0.0	(-2.333596955310401e-05+0j)
-0.004011111111111112	-1.608901234567902e-05	-3.200802893843502e-06	-1.8959490171498262e-05	0.0	(-1.8959490171498262e-05+0j)
-0.0036000000000000008	-1.2960000000000006e-05	-2.578308340162039e-06	-1.5227232693320175e-05	0.0	(-1.5227232693320175e-05+0j)
-0.0032111111111111116	-1.0311234567901237e-05	-2.051347109954804e-06	-1.2072988307089039e-05	0.0	(-1.2072988307089039e-05+0j)
-0.002844444444444445	-8.090864197530867e-06	-1.6096237231977284e-06	-9.43406986884665e-06	0.0	(-9.43406986884665e-06+0j)
-0.0025000000000000005	-6.250000000000003e-06	-1.2433883966878057e-06	-7.251423115670177e-06	0.0	(-7.251423115670177e-06+0j)
-0.002177777777777778	-4.742716049382717e-06	-9.435461834073067e-07	-5.469441083945066e-06	0.0	(-5.469441083945066e-06+0j)
-0.001877777777777778	-3.52604938271605e-06	-7.014750735834241e-07	-4.0362625717184886e-06	0.0	(-4.0362625717184886e-06+0j)
-0.0016	-2.56e-06	-5.093170329928398e-07	-2.903361197712693e-06	0.0	(-2.903361197712693e-06+0j)
-0.0013444444444444445	-1.807530864197531e-06	-3.595778252929449e-07	-2.0260719630600534e-06	0.0	(-2.0260719630600534e-06+0j)
-0.0011111111111111111	-1.234567901234568e-06	-2.4563632905483246e-07	-1.3630650864905112e-06	0.0	(-1.3630650864905112e-06+0j)
-0.0009000000000000002	-8.100000000000004e-07	-1.6123522073030472e-07	-8.75951035223808e-07	0.0	(-8.75951035223808e-07+0j)
-0.0007111111111111113	-5.056790123456792e-07	-1.0011717677116394e-07	-5.328538345261442e-07	0.0	(-5.328538345261442e-07+0j)
-0.0005444444444444445	-2.964197530864198e-07	-5.9371814131736755e-08	-2.9984532454903385e-07	0.0	(-2.9984532454903385e-07+0j)
-0.0004	-1.6e-07	-3.14321368932724e-08	-1.5153554855086848e-07	0.0	(-1.5153554855086848e-07+0j)
-0.0002777777777777778	-7.71604938271605e-08	-1.3969838619232178e-08	-6.000863015747264e-08	0.0	(-6.000863015747264e-08+0j)
-0.0001777777777777778	-3.160493827160495e-08	-0.0	-4.2553681929552425e-08	0.0	(-4.2553681929552425e-08+0j)
-0.0001	-1e-08	-1.862645149230957e-08	-4.9171789473563476e-09	0.0	(-4.9171789473563476e-09+0j)
-4.444444444444445e-05	-1.9753086419753094e-09	-0.0	-4.1648995955256007e-10	0.0	(-4.1648995955256007e-10+0j)
-1.1111111111111113e-05	-1.2345679012345684e-10	-0.0	-1.4842727741326556e-16	-0.42964098568873393	(-1.4842727741326556e-16-0.42964098568873393j)
1.1111111111111113e-05	1.2345679012345684e-10	0.0	-1.4842727741326556e-16	0.42964098568873393	(-1.4842727741326556e-16+0.42964098568873393j)
4.444444444444445e-05	1.9753086419753094e-09	0.0	4.1648996019674253e-10	0.0	(4.1648996019674253e-10+0j)
0.0001	1e-08	1.862645149230957e-08	4.917178963368483e-09	0.0	(4.917178963368483e-09+0j)
0.0001777777777777778	3.160493827160495e-08	0.0	4.2553681950447444e-08	0.0	(4.2553681950447444e-08+0j)
0.0002777777777777778	7.71604938271605e-08	1.3969838619232178e-08	6.00086301798629e-08	0.0	(6.00086301798629e-08+0j)
0.0004	1.6e-07	3.14321368932724e-08	1.5153554858055764e-07	0.0	(1.5153554858055764e-07+0j)
0.0005444444444444445	2.964197530864198e-07	5.9371814131736755e-08	2.998453245827012e-07	0.0	(2.998453245827012e-07+0j)
0.0007111111111111113	5.056790123456792e-07	1.0011717677116394e-07	5.328538345573365e-07	0.0	(5.328538345573365e-07+0j)
0.0009000000000000002	8.100000000000004e-07	1.6123522073030472e-07	8.759510352436625e-07	0.0	(8.759510352436625e-07+0j)
0.0011111111111111111	1.234567901234568e-06	2.4563632905483246e-07	1.3630650865210408e-06	0.0	(1.3630650865210408e-06+0j)
0.0013444444444444445	1.807530864197531e-06	3.595778252929449e-07	2.02607196308239e-06	0.0	(2.02607196308239e-06+0j)
0.0016	2.56e-06	5.093170329928398e-07	2.903361197721896e-06	0.0	(2.903361197721896e-06+0j)
0.001877777777777778	3.52604938271605e-06	7.014750735834241e-07	4.03626257172606e-06	0.0	(4.03626257172606e-06+0j)
0.002177777777777778	4.742716049382717e-06	9.435461834073067e-07	5.469441083956071e-06	0.0	(5.469441083956071e-06+0j)
0.0025000000000000005	6.250000000000003e-06	1.2433883966878057e-06	7.251423115697835e-06	0.0	(7.251423115697835e-06+0j)
0.002844444444444445	8.090864197530867e-06	1.6096237231977284e-06	9.43406986886484e-06	0.0	(9.43406986886484e-06+0j)
0.0032111111111111116	1.0311234567901237e-05	2.051347109954804e-06	1.2072988307137149e-05	0.0	(1.2072988307137149e-05+0j)
0.0036000000000000008	1.2960000000000006e-05	2.578308340162039e-06	1.5227232693353984e-05	0.0	(1.5227232693353984e-05+0j)
0.004011111111111112	1.608901234567902e-05	3.200802893843502e-06	1.8959490171528657e-05	0.0	(1.8959490171528657e-05+0j)
0.0044444444444444444	1.9753086419753087e-05	3.929744707420468e-06	2.333596955312315e-05	0.0	(2.333596955312315e-05+0j)
0.004900000000000001	2.4010000000000006e-05	4.7766206989763305e-06	2.8426475054106328e-05	0.0	(2.8426475054106328e-05+0j)
0.005377777777777778	2.8920493827160497e-05	5.753527148044668e-06	3.430436017605784e-05	0.0	(3.430436017605784e-05+0j)
0.005877777777777779	3.454827160493828e-05	6.8731242208741605e-06	4.1046564339566804e-05	0.0	(4.1046564339566804e-05+0j)
0.0064	4.096e-05	8.148681445163675e-06	4.8733567061747564e-05	0.0	(4.8733567061747564e-05+0j)
0.006944444444444446	4.8225308641975326e-05	9.594041330274194e-06	5.744943369210198e-05	0.0	(5.744943369210198e-05+0j)
0.007511111111111112	5.64167901234568e-05	1.12236602944904e-05	6.72817788825676e-05	0.0	(6.72817788825676e-05+0j)
0.008100000000000001	6.561000000000002e-05	1.3052554095338564e-05	7.83218075542916e-05	0.0	(7.83218075542916e-05+0j)
0.008711111111111112	7.588345679012347e-05	1.5096347851795144e-05	9.066426026168014e-05	0.0	(9.066426026168014e-05+0j)
0.009344444444444447	8.73186419753087e-05	1.7371237390761962e-05	0.00010440746322013774	0.0	(0.00010440746322013774+0j)
0.010000000000000002	0.00010000000000000005	1.989403472180129e-05	0.00011965328973066562	0.0	(0.00011965328973066562+0j)
0.01067777777777778	0.000114014938271605	2.268212028866401e-05	0.00013650720548094184	0.0	(0.00013650720548094184+0j)
0.01137777777777778	0.00012945382716049388	2.5753463432920398e-05	0.00015507822089325357	0.0	(0.00015507822089325357+0j)
0.0121	0.00014641	2.9126633762643905e-05	0.00017547891151930496	0.0	(0.00017547891151930496+0j)
0.012844444444444447	0.0001649797530864198	3.282077614130685e-05	0.0001978254292825831	0.0	(0.0001978254292825831+0j)
0.013611111111111112	0.00018526234567901238	3.685563456201635e-05	0.00022223747758469924	0.0	(0.00022223747758469924+0j)
0.014400000000000003	0.0002073600000000001	4.125153623135702e-05	0.0002488383349344444	0.0	(0.0002488383349344444+0j)
0.015211111111111113	0.00023137790123456796	4.602939611686452e-05	0.00027775483907999495	0.0	(0.00027775483907999495+0j)
0.016044444444444448	0.0002574241975308643	5.121071922076226e-05	0.00030911739143133486	0.0	(0.00030911739143133486+0j)
0.016900000000000002	0.00028561000000000005	5.681759944309306e-05	0.00034305995921831095	0.0	(0.00034305995921831095+0j)
0.017777777777777778	0.0003160493827160494	6.287271560267982e-05	0.0003797200742349021	0.0	(0.0003797200742349021+0j)
0.018677777777777783	0.0003488593827160496	6.939933371086227e-05	0.0004192388287723267	0.0	(0.0004192388287723267+0j)
0.019600000000000003	0.0003841600000000001	7.642131095053628e-05	0.0004617608777371662	0.0	(0.0004617608777371662+0j)
0.020544444444444445	0.0004220741975308642	8.396308771807526e-05	0.0005074344424036495	0.0	(0.0005074344424036495+0j)
0.021511111111111113	0.00046272790123456795	9.204969217080361e-05	0.0005564113023896237	0.0	(0.0005564113023896237+0j)
0.022500000000000006	0.0005062500000000003	0.00010070674022699677	0.0006088467999470398	0.0	(0.0006088467999470398+0j)
0.023511111111111115	0.0005527723456790125	0.00010996043329214444	0.0006648998397512833	0.0	(0.0006648998397512833+0j)
0.02454444444444445	0.00060242975308642	0.00011983755882738478	0.0007247328864322885	0.0	(0.0007247328864322885+0j)
0.0256	0.00065536	0.00013036548949685312	0.0007885119648831736	0.0	(0.0007885119648831736+0j)
0.026677777777777776	0.0007117038271604937	0.00014157218430455032	0.0008564066591639434	0.0	(0.0008564066591639434+0j)
0.027777777777777783	0.0007716049382716052	0.00015348618603638897	0.0009285901133269645	0.0	(0.0009285901133269645+0j)
0.028900000000000006	0.0008352100000000003	0.00016613662268127882	0.0010052390286100074	0.0	(0.0010052390286100074+0j)
0.030044444444444447	0.0009026686419753088	0.0001795532065784755	0.0010865336645056371	0.0	(0.0010865336645056371+0j)
0.03121111111111111	0.0009741334567901234	0.00019376623328071219	0.0011726578375831568	0.0	(0.0011726578375831568+0j)
0.032400000000000005	0.0010497600000000003	0.0002088065818384166	0.0012637989200149225	0.0	(0.0012637989200149225+0j)
0.03361111111111112	0.0011297067901234574	0.00022470571423127694	0.0013601478394727371	0.0	(0.0013601478394727371+0j)
0.03484444444444445	0.0012141353086419756	0.00024149567423137341	0.00146189907816861	0.0	(0.00146189907816861+0j)
0.0361	0.00130321	0.00025920908797161246	0.0015692506713262575	0.0	(0.0015692506713262575+0j)
0.03737777777777779	0.001397098271604939	0.0002778791619562071	0.001682404207286466	0.0	(0.001682404207286466+0j)
0.03867777777777778	0.001495970493827161	0.00029753968377121964	0.0018015648251099906	0.0	(0.0018015648251099906+0j)
0.04000000000000001	0.0016000000000000007	0.0003182250205213677	0.0019269412147801918	0.0	(0.0019269412147801918+0j)
0.04134444444444445	0.0017093630864197533	0.0003399701186879156	0.002058745615180084	0.0	(0.002058745615180084+0j)
0.04271111111111112	0.00182423901234568	0.00036281050299180606	0.002197193813424719	0.0	(0.002197193813424719+0j)
0.04410000000000001	0.0019448100000000006	0.0003867822762515516	0.0023425051432136566	0.0	(0.0023425051432136566+0j)
0.04551111111111112	0.002071261234567902	0.0004119221178200405	0.0024949024841204774	0.0	(0.0024949024841204774+0j)
0.04694444444444445	0.002203780864197531	0.0004382672835845369	0.002654612259492993	0.0	(0.002654612259492993+0j)
0.0484	0.00234256	0.00046585560411926963	0.002821864435837126	0.0	(0.002821864435837126+0j)
0.049877777777777785	0.0024877927160493834	0.0004947254848275406	0.0029968925204057065	0.0	(0.0029968925204057065+0j)
0.051377777777777786	0.0026396760493827168	0.0005249159042364226	0.003179933560680548	0.0	(0.003179933560680548+0j)
0.0529	0.0027984100000000003	0.0005564664132862163	0.003371228142057193	0.0	(0.003371228142057193+0j)
0.05444444444444445	0.002964197530864198	0.0005894171341935817	0.003571020386466808	0.0	(0.003571020386466808+0j)
0.05601111111111112	0.003137244567901236	0.0006238087597409958	0.003779557950573608	0.0	(0.003779557950573608+0j)
0.05760000000000001	0.0033177600000000016	0.0006596825515003957	0.003997092024356803	0.0	(0.003997092024356803+0j)
0.05921111111111112	0.003505955679012346	0.0006970803391226355	0.00422387732865593	0.0	(0.00422387732865593+0j)
0.06084444444444445	0.0037020464197530874	0.0007360445188453468	0.004460172113718242	0.0	(0.004460172113718242+0j)
0.0625	0.00390625	0.0007766180525692334	0.004706238156985738	0.0	(0.004706238156985738+0j)
0.06417777777777779	0.004118787160493829	0.0008188444660106597	0.004962340761402083	0.0	(0.004962340761402083+0j)
0.0658777777777778	0.004339881604938274	0.0008627678477779455	0.005228748752827424	0.0	(0.005228748752827424+0j)
0.06760000000000001	0.004569760000000001	0.0009084328475239545	0.005505734478313939	0.0	(0.005505734478313939+0j)
0.06934444444444446	0.004808651975308644	0.0009558846747381722	0.005793573803492004	0.0	(0.005793573803492004+0j)
0.07111111111111111	0.00505679012345679	0.00100516909707693	0.006092546110548202	0.0	(0.006092546110548202+0j)
0.0729	0.005314410000000001	0.001056332438658103	0.006402934295751813	0.0	(0.006402934295751813+0j)
0.07471111111111113	0.005581750123456793	0.0011094215784268613	0.006725024766934911	0.0	(0.006725024766934911+0j)
0.07654444444444444	0.005859051975308642	0.0011644839484503677	0.007059107441030525	0.0	(0.007059107441030525+0j)
0.07840000000000001	0.006146560000000001	0.0012215675319993125	0.007405475741531709	0.0	(0.007405475741531709+0j)
0.08027777777777777	0.0064445216049382695	0.001280720861771556	0.007764426595741018	0.0	(0.007764426595741018+0j)
0.08217777777777778	0.006753187160493827	0.0013419930178670825	0.008136260432145052	0.0	(0.008136260432145052+0j)
0.08410000000000002	0.007072810000000004	0.0014054336256918987	0.008521281177546929	0.0	(0.008521281177546929+0j)
0.08604444444444445	0.007403646419753087	0.0014710928540395685	0.008919796254127903	0.0	(0.008919796254127903+0j)
0.08801111111111112	0.007745955679012348	0.001539021412746422	0.009332116576669401	0.0	(0.009332116576669401+0j)
0.09000000000000002	0.008100000000000005	0.001609270550559927	0.00975855654937342	0.0	(0.00975855654937342+0j)
0.09201111111111111	0.008466044567901235	0.0016818920526873171	0.010199434062877759	0.0	(0.010199434062877759+0j)
0.09404444444444446	0.0088443575308642	0.001756938238628436	0.01065507049097599	0.0	(0.01065507049097599+0j)
0.0961	0.00923521	0.0018344619594046208	0.011125790687598213	0.0	(0.011125790687598213+0j)
0.0981777777777778	0.00963887604938272	0.001914516595213911	0.011611922983235058	0.0	(0.011611922983235058+0j)
0.1002777777777778	0.010055632716049387	0.0019971560526421683	0.012113799181758792	0.0	(0.012113799181758792+0j)
0.1024	0.01048576	0.0020824347620873596	0.012631754556841453	0.0	(0.012631754556841453+0j)
0.10454444444444447	0.010929540864197536	0.00217040767479304	0.013166127848573177	0.0	(0.013166127848573177+0j)
0.1067111111111111	0.011387261234567899	0.0022611302600417105	0.013717261259729755	0.0	(0.013717261259729755+0j)
0.10890000000000001	0.011859210000000002	0.0023546585020639554	0.014285500452196028	0.0	(0.014285500452196028+0j)
0.11111111111111113	0.012345679012345684	0.0024510488970896915	0.014871194543142232	0.0	(0.014871194543142232+0j)
0.11334444444444444	0.012846963086419753	0.00255035845002638	0.015474696101341412	0.0	(0.015474696101341412+0j)
0.11560000000000002	0.013363360000000005	0.0026526446712615837	0.016096361143162027	0.0	(0.016096361143162027+0j)
0.1178777777777778	0.013895170493827167	0.002757965573341181	0.016736549128692064	0.0	(0.016736549128692064+0j)
0.12017777777777779	0.01444269827160494	0.0028663796673455977	0.01739562295776474	0.0	(0.01739562295776474+0j)
0.12250000000000003	0.015006250000000006	0.002977945959443673	0.018073948965733957	0.0	(0.018073948965733957+0j)
0.12484444444444444	0.015586135308641974	0.003092723947215603	0.0187718969194324	0.0	(0.0187718969194324+0j)
0.12721111111111114	0.01618266679012346	0.003210773615833773	0.019489840012944768	0.0	(0.019489840012944768+0j)
0.12960000000000002	0.016796160000000004	0.003332155434190298	0.02022815486327886	0.0	(0.02022815486327886+0j)
0.1320111111111111	0.01742693345679012	0.003456930350882459	0.020987221506014373	0.0	(0.020987221506014373+0j)
0.13444444444444448	0.01807530864197532	0.003585159790215897	0.02176742339085986	0.0	(0.02176742339085986+0j)
0.13690000000000005	0.018741610000000013	0.003716905647888069	0.022569147377251315	0.0	(0.022569147377251315+0j)
0.1393777777777778	0.01942616493827161	0.0038522302867072256	0.02339278372970186	0.0	(0.02339278372970186+0j)
0.1418777777777778	0.0201293038271605	0.00399119653215152	0.024238726113216518	0.0	(0.024238726113216518+0j)
0.1444	0.02085136	0.004133867667874824	0.025107371588604394	0.0	(0.025107371588604394+0j)
0.14694444444444446	0.021592669753086425	0.004280307430928332	0.02599912060777962	0.0	(0.02599912060777962+0j)
0.14951111111111115	0.022353572345679026	0.004430580007053209	0.02691437700885212	0.0	(0.02691437700885212+0j)
0.1521	0.023134410000000005	0.004584750025760087	0.02785354801132491	0.0	(0.02785354801132491+0j)
0.15471111111111113	0.023935527901234575	0.004742882555284211	0.02881704421114653	0.0	(0.02881704421114653+0j)
0.15734444444444445	0.024757274197530866	0.004905043097425121	0.02980527957569606	0.0	(0.02980527957569606+0j)
0.16000000000000003	0.02560000000000001	0.005071297582261991	0.030818671438719233	0.0	(0.030818671438719233+0j)
0.1626777777777778	0.02646405938271606	0.005241712362780149	0.03185764049519914	0.0	(0.03185764049519914+0j)
0.1653777777777778	0.027349809382716053	0.005416354209266672	0.03292261079620018	0.0	(0.03292261079620018+0j)
0.16810000000000003	0.02825761000000001	0.0055952903036793344	0.034014009743560794	0.0	(0.034014009743560794+0j)
0.1708444444444445	0.02918782419753088	0.005778588233837922	0.035132268084613665	0.0	(0.035132268084613665+0j)
0.17361111111111113	0.030140817901234577	0.005966315987482318	0.03627781990680522	0.0	(0.03627781990680522+0j)
0.17640000000000003	0.03111696000000001	0.006158541946170715	0.03745110263224994	0.0	(0.03745110263224994+0j)
0.17921111111111113	0.03211662234567902	0.006355334879089014	0.03865255701220048	0.0	(0.03865255701220048+0j)
0.18204444444444448	0.03314017975308643	0.006556763936709231	0.039882627121495484	0.0	(0.039882627121495484+0j)
0.18490000000000004	0.03418801000000001	0.006762898644234738	0.04114176035292845	0.0	(0.04114176035292845+0j)
0.1877777777777778	0.0352604938271605	0.006973808895009981	0.04243040741148955	0.0	(0.04243040741148955+0j)
0.1906777777777778	0.036358014938271614	0.007189564943743676	0.04374902230862756	0.0	(0.04374902230862756+0j)
0.1936	0.03748096	0.007410237399518849	0.045098062356405316	0.0	(0.045098062356405316+0j)
0.19654444444444447	0.03862971864197532	0.00763589721876734	0.04647798816152454	0.0	(0.04647798816152454+0j)
0.19951111111111114	0.039804683456790134	0.007866615698031154	0.0478892636193694	0.0	(0.0478892636193694+0j)
0.2025	0.04100625000000001	0.008102464466550607	0.04933235590792005	0.0	(0.04933235590792005+0j)
0.20551111111111114	0.04223481679012347	0.008343515478776986	0.05080773548156503	0.0	(0.05080773548156503+0j)
0.2085444444444445	0.043490785308642	0.008589841006645393	0.05231587606489347	0.0	(0.05231587606489347+0j)
0.2116	0.044774560000000005	0.008841513631772102	0.053857254646329684	0.0	(0.053857254646329684+0j)
0.21467777777777783	0.04608654827160496	0.009098606237425422	0.05543235147174336	0.0	(0.05543235147174336+0j)
0.2177777777777778	0.04742716049382717	0.009361192000381102	0.05704165003790475	0.0	(0.05704165003790475+0j)
0.22090000000000004	0.04879681000000002	0.009629344382604543	0.05868563708588127	0.0	(0.05868563708588127+0j)
0.2240444444444445	0.050195913086419776	0.009903137122777572	0.060364802594312025	0.0	(0.060364802594312025+0j)
0.2272111111111111	0.05162488901234568	0.010182644227656468	0.06207963977258772	0.0	(0.06207963977258772+0j)
0.23040000000000005	0.053084160000000026	0.010467939963265671	0.0638306450539029	0.0	(0.0638306450539029+0j)
0.2336111111111111	0.054574151234567894	0.010759098845936066	0.0656183180881934	0.0	(0.0656183180881934+0j)
0.23684444444444447	0.05609529086419754	0.011056195633170063	0.06744316173495517	0.0	(0.06744316173495517+0j)
0.24010000000000004	0.05764801000000002	0.01135930531433793	0.06930568205592899	0.0	(0.06930568205592899+0j)
0.2433777777777778	0.0592327427160494	0.011668503101218697	0.07120638830764091	0.0	(0.07120638830764091+0j)
0.2466777777777778	0.060849926049382726	0.011983864418345647	0.07314579293381562	0.0	(0.07314579293381562+0j)
0.25	0.0625	0.012305464893214157	0.07512441155761142	0.0	(0.07512441155761142+0j)
0.25334444444444454	0.06418340753086424	0.012633380346294132	0.07714276297372992	0.0	(0.07714276297372992+0j)
0.25671111111111117	0.06590059456790126	0.012967686780882559	0.07920136914033823	0.0	(0.07920136914033823+0j)
0.2601	0.06765201	0.013308460372774	0.08130075517082036	0.0	(0.08130075517082036+0j)
0.2635111111111112	0.06943810567901239	0.01365577745976676	0.08344144932535344	0.0	(0.08344144932535344+0j)
0.2669444444444445	0.07125933641975311	0.01400971453097366	0.0856239830022944	0.0	(0.0856239830022944+0j)
0.27040000000000003	0.07311616000000001	0.014370348216004025	0.08784889072935505	0.0	(0.08784889072935505+0j)
0.2738777777777778	0.07500903716049383	0.014737755273888098	0.09011671015459799	0.0	(0.09011671015459799+0j)
0.27737777777777783	0.07693843160493831	0.015112012581932621	0.09242798203717886	0.0	(0.09242798203717886+0j)
0.28090000000000004	0.07890481000000002	0.015493197124289981	0.09478325023792455	0.0	(0.09478325023792455+0j)
0.28444444444444444	0.08090864197530864	0.01588138598042521	0.09718306170960955	0.0	(0.09718306170960955+0j)
0.28801111111111116	0.08295040012345682	0.01627665631336539	0.09962796648704922	0.0	(0.09962796648704922+0j)
0.2916	0.08503056000000002	0.01667908535779139	0.10211851767691445	0.0	(0.10211851767691445+0j)
0.2952111111111111	0.08714960012345678	0.01708875040793645	0.10465527144730766	0.0	(0.10465527144730766+0j)
0.2988444444444445	0.08930800197530869	0.017505728805304877	0.10723878701706763	0.0	(0.10723878701706763+0j)
0.30250000000000005	0.09150625000000003	0.0179300979262198	0.10986962664479985	0.0	(0.10986962664479985+0j)
0.30617777777777777	0.09374483160493827	0.018361935169182164	0.11254835561764184	0.0	(0.11254835561764184+0j)
0.30987777777777786	0.09602423716049388	0.01880131794205875	0.11527554223973308	0.0	(0.11527554223973308+0j)
0.31360000000000005	0.09834496000000002	0.019248323649065924	0.11805175782040406	0.0	(0.11805175782040406+0j)
0.3173444444444445	0.10070749641975311	0.019703029677615724	0.12087757666205703	0.0	(0.12087757666205703+0j)
0.32111111111111107	0.10311234567901231	0.020165513384931	0.12375357604777346	0.0	(0.12375357604777346+0j)
0.3249000000000001	0.10556001000000005	0.020635852084516237	0.12668033622858313	0.0	(0.12668033622858313+0j)
0.3287111111111111	0.10805099456790124	0.021114123032432985	0.12965844041045493	0.0	(0.12965844041045493+0j)
0.3325444444444444	0.11058580753086418	0.02160040341340208	0.13268847474096823	0.0	(0.13268847474096823+0j)
0.3364000000000001	0.11316496000000006	0.0220947703267238	0.13577102829567805	0.0	(0.13577102829567805+0j)
0.34027777777777785	0.11578896604938277	0.022597300772009277	0.13890669306417144	0.0	(0.13890669306417144+0j)
0.3441777777777778	0.1184583427160494	0.023108071634754257	0.1420960639358108	0.0	(0.1420960639358108+0j)
0.3481000000000001	0.12117361000000006	0.023627159671710807	0.14533973868518424	0.0	(0.14533973868518424+0j)
0.3520444444444445	0.12393529086419756	0.02415464149610136	0.14863831795723986	0.0	(0.14863831795723986+0j)
0.3560111111111111	0.1267439112345679	0.024690593562648466	0.1519924052521343	0.0	(0.1519924052521343+0j)
0.3600000000000001	0.12960000000000008	0.02523509215242914	0.15540260690979463	0.0	(0.15540260690979463+0j)
0.3640111111111112	0.13250408901234573	0.025788213357551548	0.1588695320941892	0.0	(0.1588695320941892+0j)
0.36804444444444445	0.13545671308641977	0.02635003306566297	0.1623937927773287	0.0	(0.1623937927773287+0j)
0.3721	0.13845840999999998	0.026920626944282322	0.16597600372301075	0.0	(0.16597600372301075+0j)
0.37617777777777783	0.1415097204938272	0.027500070424970602	0.1696167824703129	0.0	(0.1696167824703129+0j)
0.3802777777777778	0.14461118827160496	0.028088438687308148	0.17331674931684615	0.0	(0.17331674931684615+0j)
0.3844	0.14776336	0.028685806642734235	0.17707652730179543	0.0	(0.17707652730179543+0j)
0.3885444444444445	0.15096678530864205	0.029292248918199038	0.18089674218874843	0.0	(0.18089674218874843+0j)
0.3927111111111112	0.1542220167901235	0.029907839839651285	0.1847780224483496	0.0	(0.1847780224483496+0j)
0.39690000000000003	0.15752961000000001	0.030532653415376032	0.1887209992407694	0.0	(0.1887209992407694+0j)
0.4011111111111112	0.16089012345679019	0.03116676331915258	0.19272630639805047	0.0	(0.19272630639805047+0j)
0.4053444444444445	0.16430411864197536	0.03181024287326917	0.19679458040629735	0.0	(0.19679458040629735+0j)
0.4096	0.16777216	0.03246316503136559	0.2009264603877987	0.0	(0.2009264603877987+0j)
0.4138777777777779	0.1712948149382717	0.03312560236113149	0.20512258808303593	0.0	(0.20512258808303593+0j)
0.41817777777777787	0.17487265382716058	0.033797627026849186	0.20938360783266058	0.0	(0.20938360783266058+0j)
0.42250000000000004	0.17850625000000003	0.03447931077177557	0.21371016655942754	0.0	(0.21371016655942754+0j)
0.4268444444444444	0.18219617975308638	0.03517072490038964	0.218102913750119	0.0	(0.218102913750119+0j)
0.4312111111111112	0.1859430223456791	0.0358719402604879	0.2225625014374969	0.0	(0.2225625014374969+0j)
0.43560000000000004	0.18974736000000003	0.03658302722512885	0.22708958418228564	0.0	(0.22708958418228564+0j)
0.44001111111111113	0.1936097779012346	0.03730405567445416	0.2316848190552359	0.0	(0.2316848190552359+0j)
0.44444444444444453	0.19753086419753094	0.0380350949773578	0.23634886561926288	0.0	(0.23634886561926288+0j)
0.4489000000000001	0.20151121000000008	0.03877621397302744	0.24108238591172804	0.0	(0.24108238591172804+0j)
0.45337777777777777	0.20555140938271604	0.03952748095234715	0.2458860444268266	0.0	(0.2458860444268266+0j)
0.4578777777777779	0.20965205938271614	0.04028896363918788	0.25076050809817274	0.0	(0.25076050809817274+0j)
0.4624000000000001	0.21381376000000007	0.0410607291715559	0.25570644628154066	0.0	(0.25570644628154066+0j)
0.46694444444444444	0.21803711419753086	0.04184284408263017	0.26072453073782853	0.0	(0.26072453073782853+0j)
0.4715111111111112	0.22232272790123467	0.04263537428167985	0.26581543561623105	0.0	(0.26581543561623105+0j)
0.4761000000000001	0.22667121000000007	0.04343838503486852	0.27097983743767196	0.0	(0.27097983743767196+0j)
0.48071111111111114	0.23108317234567904	0.0442519409459452	0.27621841507847655	0.0	(0.27621841507847655+0j)
0.4853444444444444	0.23555922975308638	0.04507610593683653	0.28153184975431933	0.0	(0.28153184975431933+0j)
0.4900000000000001	0.2401000000000001	0.045910943228133494	0.2869208250044642	0.0	(0.2869208250044642+0j)
0.4946777777777778	0.24470610382716054	0.04675651531947822	0.29238602667628666	0.0	(0.29238602667628666+0j)
0.49937777777777775	0.24937816493827158	0.04761288396985974	0.2979281429100998	0.0	(0.2979281429100998+0j)
0.5041000000000001	0.2541168100000001	0.04848011017782872	0.30354786412430645	0.0	(0.30354786412430645+0j)
0.5088444444444445	0.2589226686419754	0.049358254161612214	0.3092458830008389	0.0	(0.3092458830008389+0j)
0.5136111111111111	0.26379637345679013	0.050247375339169675	0.31502289447093734	0.0	(0.31502289447093734+0j)
0.5184000000000001	0.26873856000000007	0.05114753230815117	0.3208795957012452	0.0	(0.3208795957012452+0j)
0.5232111111111112	0.27374986679012353	0.052058782825814554	0.3268166860802034	0.0	(0.3268166860802034+0j)
0.5280444444444444	0.27883093530864195	0.05298118378885053	0.3328348672047879	0.0	(0.3328348672047879+0j)
0.5329000000000002	0.2839824100000002	0.05391479121316878	0.3389348428675522	0.0	(0.3389348428675522+0j)
0.5377777777777779	0.2892049382716051	0.05485966021362365	0.3451173190439651	0.0	(0.3451173190439651+0j)
0.5426777777777778	0.2944991704938272	0.05581584498369263	0.3513830038800862	0.0	(0.3513830038800862+0j)
0.5476000000000002	0.2998657600000002	0.056783398775112626	0.3577326076805096	0.0	(0.3577326076805096+0j)
0.5525444444444445	0.3053053630864198	0.05776237387747907	0.36416684289662826	0.0	(0.36416684289662826+0j)
0.5575111111111112	0.31081863901234574	0.05875282159781836	0.37068642411517494	0.0	(0.37068642411517494+0j)
0.5625	0.31640625	0.059754792240132026	0.37729206804705906	0.0	(0.37729206804705906+0j)
0.5675111111111112	0.322068861234568	0.060768335084926406	0.38398449351647257	0.0	(0.38398449351647257+0j)
0.5725444444444445	0.3278071408641976	0.061793498368725164	0.3907644214502995	0.0	(0.3907644214502995+0j)
0.5776	0.33362176	0.06283032926358234	0.3976325748677853	0.0	(0.3976325748677853+0j)
0.582677777777778	0.3395133927160496	0.06387887385659541	0.4045896788704926	0.0	(0.4045896788704926+0j)
0.5877777777777778	0.3454827160493828	0.06493917712941999	0.4116364606325515	0.0	(0.4116364606325515+0j)
0.5929	0.35153040999999996	0.06601128293781122	0.4187736493912099	0.0	(0.4187736493912099+0j)
0.5980444444444446	0.3576571575308644	0.0670952339911729	0.42600197643767457	0.0	(0.42600197643767457+0j)
0.6032111111111113	0.3638636445679014	0.06819107183214601	0.4333221751082884	0.0	(0.4333221751082884+0j)
0.6084	0.3701505600000001	0.06929883681622728	0.4407349807760377	0.0	(0.4407349807760377+0j)
0.6136111111111112	0.37651859567901247	0.07041856809143598	0.4482411308424653	0.0	(0.4482411308424653+0j)
0.6188444444444445	0.3829684464197532	0.07155030357802128	0.45584136472995657	0.0	(0.45584136472995657+0j)
0.6241000000000001	0.38950081000000014	0.07269407994824006	0.46353642387448835	0.0	(0.46353642387448835+0j)
0.6293777777777778	0.39611638716049385	0.0738499326061931	0.47132705171886596	0.0	(0.47132705171886596+0j)
0.6346777777777779	0.4028158816049384	0.07501789566773331	0.4792139937065394	0.0	(0.4792139937065394+0j)
0.6400000000000001	0.4096000000000002	0.07619800194046122	0.48719799727599933	0.0	(0.48719799727599933+0j)
0.6453444444444445	0.4164694519753087	0.07739028290380257	0.4952798118559293	0.0	(0.4952798118559293+0j)
0.6507111111111112	0.42342495012345693	0.07859476868919024	0.5034601888610949	0.0	(0.5034601888610949+0j)
0.6561000000000001	0.43046721000000016	0.0798114880603451	0.5117398816891878	0.0	(0.5117398816891878+0j)
0.6615111111111112	0.43759695012345684	0.08104046839367607	0.520119645718629	0.0	(0.520119645718629+0j)
0.6669444444444446	0.4448148919753088	0.08228173565879626	0.5286002383075821	0.0	(0.5286002383075821+0j)
0.6724000000000001	0.45212176000000015	0.08353531439917683	0.5371824187942499	0.0	(0.5371824187942499+0j)
0.6778777777777778	0.4595182816049383	0.0848012277129312	0.5458669484986477	0.0	(0.5458669484986477+0j)
0.683377777777778	0.4670051871604941	0.08607949723375641	0.5546545907261221	0.0	(0.5546545907261221+0j)
0.6889000000000001	0.4745832100000001	0.08737014311202218	0.5635461107726911	0.0	(0.5635461107726911+0j)
0.6944444444444445	0.48225308641975323	0.08867318399603252	0.5725422759326851	0.0	(0.5725422759326851+0j)
0.7000111111111111	0.4900155556790124	0.08998863701345394	0.5816438555087221	0.0	(0.5816438555087221+0j)
0.7056000000000001	0.49787136000000015	0.09131651775293625	0.5908516208246071	0.0	(0.5908516208246071+0j)
0.7112111111111112	0.5058212445679015	0.09265684024591603	0.600166345241324	0.0	(0.600166345241324+0j)
0.7168444444444445	0.5138659575308643	0.09400961694862597	0.6095888041766836	0.0	(0.6095888041766836+0j)
0.7225000000000001	0.5220062500000002	0.0953748587243175	0.6191197751290728	0.0	(0.6191197751290728+0j)
0.7281777777777779	0.5302428760493829	0.09675257482569588	0.6287600377058409	0.0	(0.6287600377058409+0j)
0.7338777777777779	0.5385765927160495	0.09814277287759215	0.6385103736570507	0.0	(0.6385103736570507+0j)
0.7396000000000001	0.5470081600000002	0.09954545885986738	0.6483715669151926	0.0	(0.6483715669151926+0j)
0.7453444444444446	0.5555383408641977	0.10096063709056802	0.6583444036419235	0.0	(0.6583444036419235+0j)
0.7511111111111112	0.564167901234568	0.10238831020933925	0.6684296722825861	0.0	(0.6684296722825861+0j)
0.7569000000000002	0.5728976100000004	0.103828479161103	0.6786281636298901	0.0	(0.6786281636298901+0j)
0.7627111111111112	0.5817282390123458	0.10528114318001242	0.6889406708978485	0.0	(0.6889406708978485+0j)
0.7685444444444445	0.5906605630864198	0.10674629977369565	0.6993679898077915	0.0	(0.6993679898077915+0j)
0.7744	0.59969536	0.10822394470779012	0.7099109186881294	0.0	(0.7099109186881294+0j)
0.780277777777778	0.6088334104938274	0.10971407199078909	0.7205702585900948	0.0	(0.7205702585900948+0j)
0.7861777777777779	0.6180754982716051	0.11121667385919465	0.731346813422037	0.0	(0.731346813422037+0j)
0.7921	0.6274224100000001	0.11273174076300352	0.7422413901054264	0.0	(0.7422413901054264+0j)
0.7980444444444446	0.6368749353086421	0.11425926135152198	0.7532547987561254	0.0	(0.7532547987561254+0j)
0.8040111111111112	0.6464338667901236	0.11579922245952723	0.7643878528955556	0.0	(0.7643878528955556+0j)
0.81	0.6561000000000001	0.11735160909378095	0.7756413696969623	0.0	(0.7756413696969623+0j)
0.8160111111111112	0.6658741334567904	0.11891640441991008	0.7870161702735481	0.0	(0.7870161702735481+0j)
0.8220444444444446	0.6757570686419755	0.12049358974965396	0.7985130800164733	0.0	(0.7985130800164733+0j)
0.8281000000000001	0.6857496100000001	0.12208314452850116	0.8101329289926888	0.0	(0.8101329289926888+0j)
0.834177777777778	0.695852564938272	0.12368504632371602	0.8218765524151169	0.0	(0.8218765524151169+0j)
0.8402777777777779	0.7060667438271607	0.12529927081276593	0.833744791200732	0.0	(0.833744791200732+0j)
0.8464	0.7163929600000001	0.1269257917721625	0.8457384926363265	0.0	(0.8457384926363265+0j)
0.8525444444444444	0.7268320297530864	0.1285645810667227	0.8578585111770869	0.0	(0.8578585111770869+0j)
0.8587111111111113	0.7373847723456793	0.13021560863926085	0.8701057094104803	0.0	(0.8701057094104803+0j)
0.8649000000000001	0.7480520100000002	0.13187884250072168	0.8824809592276468	0.0	(0.8824809592276468+0j)
0.8711111111111112	0.7588345679012347	0.13355424872075916	0.894985143257794	0.0	(0.894985143257794+0j)
0.8773444444444446	0.7697332741975311	0.135241791418782	0.9076191566395504	0.0	(0.9076191566395504+0j)
0.8836000000000002	0.7807489600000003	0.13694143275545675	0.9203839092290258	0.0	(0.9203839092290258+0j)
0.8898777777777778	0.7918824593827161	0.13865313292469664	0.9332803283808565	0.0	(0.9332803283808565+0j)
0.896177777777778	0.8031346093827164	0.14037685014613235	0.9463093624918406	0.0	(0.9463093624918406+0j)
0.9025000000000001	0.8145062500000001	0.14211254065807796	0.9594719855750091	0.0	(0.9594719855750091+0j)
0.9088444444444445	0.8259982241975309	0.14386015871100347	0.9727692032501913	0.0	(0.9727692032501913+0j)
0.9152111111111113	0.837611377901235	0.14561965656151657	0.986202060719243	0.0	(0.986202060719243+0j)
0.9216000000000002	0.8493465600000004	0.1473909844668686	0.999771653582905	0.0	(0.999771653582905+0j)
0.9280111111111112	0.8612046223456792	0.14917409067998988	1.0134791428272454	0.0	(1.0134791428272454+0j)
0.9344444444444444	0.8731864197530863	0.1509689214450606	1.0273257761027805	0.0	(1.0273257761027805+0j)
0.9409000000000002	0.8852928100000004	0.152775420993633	1.0413129188162287	0.0	(1.0413129188162287+0j)
0.9473777777777779	0.8975246538271606	0.15459353154130412	1.0554421011213087	0.0	(1.0554421011213087+0j)
0.9538777777777778	0.9098828149382717	0.15642319328495177	1.0697150918763982	0.0	(1.0697150918763982+0j)
0.9604000000000001	0.9223681600000003	0.15826434440054382	1.0841340209522408	0.0	(1.0841340209522408+0j)
0.9669444444444446	0.9349815586419756	0.16011692104152056	1.098701594418811	0.0	(1.098701594418811+0j)
0.9735111111111112	0.9477238834567904	0.16198085733776693	1.1134215046051064	0.0	(1.1134215046051064+0j)
0.9801000000000002	0.9605960100000004	0.1638560853951751	1.1282992999633008	0.0	(1.1282992999633008+0j)
0.9867111111111112	0.9735988167901236	0.16574253529580626	1.1433445350096836	0.0	(1.1433445350096836+0j)
0.9933444444444445	0.9867331853086421	0.1676401350986613	1.1585775210146878	0.0	(1.1585775210146878+0j)
1.0	1.0	0.1695488108410624	1.1740625974067675	0.0	(1.1740625974067675+0j)
