-2922.9269445448313	-8543501.923146183	-0.00019894367839914988	-8543501.923345126	0.0	-8543501.923345126
-730.3782255109697	-533452.352300553	-0.0001989436714061457	-533452.3524994967	0.0	-533452.3524994967
-324.3507356530824	-105203.39971869573	-0.00019894364104409924	-105203.39991763937	0.0	-105203.39991763937
-182.2411741313547	-33211.84554877475	-0.00019894355906202439	-33211.84574771831	0.0	-33211.84574771831
-116.46481431594222	-13564.0529736469	-0.000198943385525291	-13564.053172590286	0.0	-13564.053172590286
-80.73451590796027	-6518.06205889269	-0.00019894306842674486	-6518.062257835759	0.0	-6518.062257835759
-59.190345807090225	-3503.4970367629235	-0.00019894254317857186	-3503.4972357054667	0.0	-3503.4972357054667
-45.20742604651833	-2043.7113697514237	-0.00019894173197861304	-2043.7115686931556	0.0	-2043.7115686931556
-35.62085944399189	-1268.8456275286262	-0.00019894054304322865	-1268.8458264691692	0.0	-1268.8458264691692
-28.763723473922568	-827.3517880842842	-0.00019893886969707067	-827.3519870231539	0.0	-827.3519870231539
-23.6902984280254	-561.2302396089027	-0.00019893658930821936	-561.230438545492	0.0	-561.230438545492
-19.831623870901822	-393.293305356923	-0.00019893356205504022	-393.29350429048503	0.0	-393.29350429048503
-16.828750051181775	-283.2068282851506	-0.00019892962950878059	-283.20702721478	0.0	-283.20702721478
-14.446144892058085	-208.6911022423359	-0.0001989246130133089	-208.69130116695038	0.0	-208.69130116695038
-12.52406481953676	-156.85219960395833	-0.00019891831184045162	-156.85239852227	0.0	-156.85239852227
-10.951068153486302	-119.92589370230189	-0.0001989105010960449	-119.9260926128027	0.0	-119.9260926128027
-9.647492837318621	-93.07411804611411	-0.00019890092934802362	-93.07431694704275	0.0	-93.07431694704275
-8.555170650192927	-73.19094485392247	-0.0001988893159435373	-73.1911437432387	0.0	-73.1911437432387
-7.630825786480474	-58.229502183615345	-0.00019887534797712175	-58.22970105896368	0.0	-58.22970105896368
-6.841723229580946	-46.80917675018753	-0.000198858676866254	-46.80937560886451	0.0	-46.80937560886451
-6.162731474956152	-37.979259232415224	-0.00019883891448405414	-37.97945807132956	0.0	-37.97945807132956
-5.57429763791447	-31.07279415605884	-0.00019881562879131242	-31.07299297168751	0.0	-31.07299297168751
-5.061024860040284	-25.613972633945778	-0.00019878833890124228	-25.614171422284585	0.0	-25.614171422284585
-4.610655641410415	-21.258145443669687	-0.00019875650950017362	-21.258344200179344	0.0	-21.258344200179344
-4.213333924838965	-17.752182762198917	-0.00019871954453555335	-17.752381481743505	0.0	-17.752381481743505
-3.8610618871651003	-14.907798896518926	-0.00019867678006881508	-14.907997573298896	0.0	-14.907997573298896
-3.5472948616811224	-12.583300835709293	-0.0001986274761745539	-12.583499463185522	0.0	-12.583499463185522
-3.266635659935717	-10.670908534763658	-0.0001985708077485687	-10.67110710557285	0.0	-10.67110710557285
-3.0146013641703693	-9.087821384857852	-0.0001985058540651953	-9.088019890726361	0.0	-9.088019890726361
-2.787443599427465	-7.769841819989143	-0.0001984315868983299	-7.770040251662544	0.0	-7.770040251662544
-2.582008715008632	-6.6667690043805266	-0.0001983468569898825	-6.666967351581609	0.0	-6.666967351581609
-2.395628059436423	-5.739033799159123	-0.00019825037861319957	-5.739232050536809	0.0	-5.739232050536809
-2.2260311678918274	-4.955214760425853	-0.00019814071193615518	-4.9554129034069385	0.0	-4.9554129034069385
-2.0712765528960047	-4.290186558576756	-0.00019801624283779409	-4.2903845790719926	0.0	-4.2903845790719926
-1.929696133983497	-3.7237271695108545	-0.00019787515977198942	-3.7239250515210847	0.0	-3.7239250515210847
-1.7998503189008417	-3.2394611704474614	-0.0001977154271995628	-3.2396588956701375	0.0	-3.2396588956701375
-1.6804914653719552	-2.824051565187981	-0.000197534755024262	-2.8242491126963074	0.0	-2.8242491126963074
-1.5705339830061318	-2.4665769917771048	-0.00019733056336490226	-2.466774337777714	0.0	-2.466774337777714
-1.4690297312372158	-2.1580483512588864	-0.0001970999418721478	-2.158245468885299	0.0	-2.158245468885299
-1.3751476677030152	-1.8910311079890423	-0.00019683960264925968	-1.8912279670643928	0.0	-1.8912279670643928
-1.2881569281055145	-1.6593482714262358	-0.00019654582565598405	-1.659544838138805	0.0	-1.659544838138805
-1.2074126919297783	-1.4578454086331136	-0.00019621439525651456	-1.4580416450900922	0.0	-1.4580416450900922
-1.1323443219109504	-1.28220366336397	-0.00019584052630729616	-1.2823995270182986	0.0	-1.2823995270182986
-1.0624453686634734	-1.128790161394464	-0.00019541877785724343	-1.1289856043551527	0.0	-1.1289856043551527
-0.9972651126700055	-0.9945377049487187	-0.0001949429521377688	-0.9947326731849324	0.0	-0.9947326731849324
-0.9364013792464617	-0.8768475430546758	-0.00019440597603521172	-0.8770419754913495	0.0	-0.8770419754913495
-0.8794944121732711	-0.7735104210440076	-0.0001937997616414566	-0.7737042485309298	0.0	-0.7737042485309298
-0.8262216314366629	-0.6826421842538609	-0.00019311504174123996	-0.6828353283801695	0.0	-0.6828353283801695
-0.7762931322498838	-0.6026310271783356	-0.00019234117518043874	-0.6028233988968915	0.0	-0.6028233988968915
-0.7294478079704336	-0.5320941045528707	-0.00019146591592173376	-0.532285602575192	0.0	-0.532285602575192
-0.6854500000365563	-0.46984170255011504	-0.00019047513817243593	-0.470032211466592	0.0	-0.470032211466592
-0.6440865946486989	-0.41484754140615737	-0.00018935250819068091	-0.41503692947761006	0.0	-0.41503692947761006
-0.6051644994220042	-0.36622407136068497	-0.00018807909118737974	-0.3664121879168984	0.0	-0.3664121879168984
-0.5685084442600112	-0.3232018511949383	-0.00018663287934109356	-0.3233885235603478	0.0	-0.3233885235603478
-0.5339590597382056	-0.2851122774765086	-0.00018498822577025294	-0.28529730732958253	0.0	-0.28529730732958253
-0.5013711937253436	-0.25137307389757596	-0.0001831151747552069	-0.251556232959453	0.0	-0.251556232959453
-0.47061243311642975	-0.22147606220376606	-0.00018097870417800284	-0.22165708716841986	0.0	-0.22165708716841986
-0.44156180264691647	-0.1949768255567944	-0.00017853796475027954	-0.1951554122589939	0.0	-0.1951554122589939
-0.4141086169972771	-0.17148594667139752	-0.00017574573146034256	-0.1716617437041387	0.0	-0.1716617437041387
-0.3881514659361784	-0.15066156050840426	-0.0001725484622377656	-0.1508341628964855	0.0	-0.1508341628964855
-0.3635973152142833	-0.13220300763103487	-0.00016888751312808023	-0.1323719517165838	0.0	-0.1323719517165838
-0.34036070841050975	-0.11584541182970404	-0.00016470206509833327	-0.1160101730797889	0.0	-0.1160101730797889
-0.3183630570304238	-0.10135503608175686	-0.00015993406954130571	-0.10151503183547593	0.0	-0.10151503183547593
-0.29753200792919887	-0.08852529574238086	-0.00015453501699437503	-0.08867989471844527	0.0	-0.08867989471844527
-0.2778008786338116	-0.07717332816971771	-0.0001484737186128395	-0.07732186774429692	0.0	-0.07732186774429692
-0.2591081524156049	-0.06713703464822834	-0.00014174379515692563	-0.06727884560703737	0.0	-0.06727884560703737
-0.24139702605183883	-0.058272524186672156	-0.00013436940217860353	-0.05840696118369899	0.0	-0.05840696118369899
-0.2246150041436872	-0.050451900086468625	-0.00012640796362387445	-0.0505783748165411	0.0	-0.0505783748165411
-0.20871353465346604	-0.04356133954754357	-0.00011794926081634403	-0.04367935299501082	0.0	-0.04367935299501082
-0.193647681006502	-0.03749942435919596	-0.00010911094018001741	-0.03760859456595794	0.0	-0.03760859456595794
-0.17937582669034033	-0.03217568720084301	-0.0001000311493043868	-0.032275769733050144	0.0	-0.032275769733050144
-0.1658594087903896	-0.027509343484297566	-9.085943224190681e-05	-0.02760024293066986	0.0	-0.02760024293066986
-0.15306267733875137	-0.02342818319410671	-8.174715134388785e-05	-0.023509955286139084	0.0	-0.023509955286139084
-0.14095247773201489	-0.019867600978794153	-7.283858333404743e-05	-0.01994044599283817	0.0	-0.01994044599283817
-0.12949805380278778	-0.01676974593870972	-6.42635458550284e-05	-0.016833994749439505	0.0	-0.016833994749439505
-0.11867086941586528	-0.01408277524791735	-5.613204743271403e-05	-0.014138869760336441	0.0	-0.014138869760336441
-0.10844444670932915	-0.01176019802209253	-4.853110430385344e-05	-0.011808667867039123	0.0	-0.011808667867039123
-0.09879421931865788	-0.009760297770783074	-4.152358773447848e-05	-0.009801735247220337	0.0	-0.009801735247220337
-0.08969739911252146	-0.008045623407550965	-3.5148779571826183e-05	-0.008080658676884102	0.0	-0.008080658676884102
-0.08113285513605101	-0.006582540182527438	-2.9424220907557066e-05	-0.006611818537902282	0.0	-0.006611818537902282
-0.07308100360420813	-0.005340833087798282	-2.4348422431349332e-05	-0.005364995682432618	0.0	-0.005364995682432618
-0.06552370791714959	-0.004293356299211932	-1.990404237923527e-05	-0.00431302511223977	0.0	-0.00431302511223977
-0.05844418778352761	-0.003415723085676238	-1.6061206121447216e-05	-0.003431490254161096	0.0	-0.003431490254161096
-0.05182693663849014	-0.0026860313613300715	-1.278072152293753e-05	-0.002698452394613184	0.0	-0.002698452394613184
-0.04565764663247233	-0.0020846206960157118	-1.0017022779418511e-05	-0.002094210616200805	0.0	-0.002094210616200805
-0.039923140546193156	-0.001593857151071092	-7.720744297947182e-06	-0.001601088417637116	0.0	-0.001601088417637116
-0.034611310057874316	-0.0011979427839223118	-5.840881497144387e-06	-0.0012032440369545443	0.0	-0.0012032440369545443
-0.029711059851702245	-0.0008827470775114331	-4.326536386820186e-06	-0.0008865021716926299	0.0	-0.0008865021716926299
-0.025212257112925088	-0.0006356579087282417	-3.1282736149274015e-06	-0.0006382051811450971	0.0	-0.0006382051811450971
-0.021105686005563538	-0.00044544998176544053	-2.1991294919029153e-06	-0.0004470819988739026	0.0	-0.0004470819988739026
-0.017383006774255177	-0.00030216892451380135	-1.4953247871474923e-06	-0.0003031330180363592	0.0	-0.0003031330180363592
-0.014036719152893245	-0.00019702948457720005	-9.767342072850016e-07	-0.00019752927123603447	0.0	-0.00019752927123603447
-0.011060129800035528	-0.0001223264711936339	-6.071634549853488e-07	-0.0001225243690356781	0.0	-0.0001225243690356781
-0.008447323515047022	-7.135727456786637e-05	-3.544802634966593e-07	-7.137787259302298e-05	0.0	-7.137787259302298e-05
-0.006193138020050975	-3.8354958535400906e-05	-1.906400278750553e-07	-3.828901269826954e-05	0.0	-3.828901269826954e-05
-0.004293142121393118	-1.84310692744798e-05	-9.164046546605853e-08	-1.8339888927260406e-05	0.0	-1.8339888927260406e-05
-0.0027436170908315717	-7.5274347411030965e-06	-3.743369247910522e-08	-7.4474699074766174e-06	0.0	-7.4474699074766174e-06
-0.001541541131372016	-2.376349059711715e-06	-1.1818522605011594e-08	-2.323870312523702e-06	0.0	-2.323870312523702e-06
-0.000684576815868511	-4.686454168246692e-07	-2.3308324159643234e-09	-4.445233096307798e-07	0.0	-4.445233096307798e-07
-0.0001710614084738449	-2.926200546905562e-08	-1.4554757399309892e-10	-2.3912305661666772e-08	0.0	-2.3912305661666772e-08
0.0001710614084738449	2.926200546905562e-08	1.4554757399309892e-10	2.3912300960995125e-08	0.0	2.3912300960995125e-08
0.000684576815868511	4.686454168246692e-07	2.3308324159643234e-09	4.4452330909840575e-07	0.0	4.4452330909840575e-07
0.001541541131372016	2.376349059711715e-06	1.1818522605011594e-08	2.3238703104285038e-06	0.0	2.3238703104285038e-06
0.0027436170908315717	7.5274347411030965e-06	3.743369247910522e-08	7.447469907721792e-06	0.0	7.447469907721792e-06
0.004293142121393118	1.84310692744798e-05	9.164046546605853e-08	1.833988892557926e-05	0.0	1.833988892557926e-05
0.006193138020050975	3.8354958535400906e-05	1.906400278750553e-07	3.8289012696590265e-05	0.0	3.8289012696590265e-05
0.008447323515047022	7.135727456786637e-05	3.544802634966593e-07	7.137787259138193e-05	0.0	7.137787259138193e-05
0.011060129800035528	0.0001223264711936339	6.071634549853488e-07	0.0001225243690407513	0.0	0.0001225243690407513
0.014036719152893245	0.00019702948457720005	9.767342072850016e-07	0.0001975292712350083	0.0	0.0001975292712350083
0.017383006774255177	0.00030216892451380135	1.4953247871474923e-06	0.0003031330180297395	0.0	0.0003031330180297395
0.021105686005563538	0.00044544998176544053	2.1991294919029153e-06	0.00044708199887181355	0.0	0.00044708199887181355
0.025212257112925088	0.0006356579087282417	3.1282736149274015e-06	0.0006382051811401318	0.0	0.0006382051811401318
0.029711059851702245	0.0008827470775114331	4.326536386820186e-06	0.0008865021716890591	0.0	0.0008865021716890591
0.034611310057874316	0.0011979427839223118	5.840881497144387e-06	0.0012032440369519179	0.0	0.0012032440369519179
0.039923140546193156	0.001593857151071092	7.720744297947182e-06	0.0016010884176315937	0.0	0.0016010884176315937
0.04565764663247233	0.0020846206960157118	1.0017022779418511e-05	0.0020942106161965807	0.0	0.0020942106161965807
0.05182693663849014	0.0026860313613300715	1.278072152293753e-05	0.0026984523946118294	0.0	0.0026984523946118294
0.05844418778352761	0.003415723085676238	1.6061206121447216e-05	0.003431490254160332	0.0	0.003431490254160332
0.06552370791714959	0.004293356299211932	1.990404237923527e-05	0.0043130251122414824	0.0	0.0043130251122414824
0.07308100360420813	0.005340833087798282	2.4348422431349332e-05	0.0053649956824327666	0.0	0.0053649956824327666
0.08113285513605101	0.006582540182527438	2.9424220907557066e-05	0.0066118185379017	0.0	0.0066118185379017
0.08969739911252146	0.008045623407550965	3.5148779571826183e-05	0.008080658676881477	0.0	0.008080658676881477
0.09879421931865788	0.009760297770783074	4.152358773447848e-05	0.009801735247220012	0.0	0.009801735247220012
0.10844444670932915	0.01176019802209253	4.853110430385344e-05	0.011808667867033901	0.0	0.011808667867033901
0.11867086941586528	0.01408277524791735	5.613204743271403e-05	0.014138869760333824	0.0	0.014138869760333824
0.12949805380278778	0.01676974593870972	6.42635458550284e-05	0.0168339947494329	0.0	0.0168339947494329
0.14095247773201489	0.019867600978794153	7.283858333404743e-05	0.01994044599283428	0.0	0.01994044599283428
0.15306267733875137	0.02342818319410671	8.174715134388785e-05	0.02350995528613756	0.0	0.02350995528613756
0.1658594087903896	0.027509343484297566	9.085943224190681e-05	0.027600242930666274	0.0	0.027600242930666274
0.17937582669034033	0.03217568720084301	0.0001000311493043868	0.032275769733050005	0.0	0.032275769733050005
0.193647681006502	0.03749942435919596	0.00010911094018001741	0.03760859456596175	0.0	0.03760859456596175
0.20871353465346604	0.04356133954754357	0.00011794926081634403	0.04367935299501058	0.0	0.04367935299501058
0.2246150041436872	0.050451900086468625	0.00012640796362387445	0.050578374816544605	0.0	0.050578374816544605
0.24139702605183883	0.058272524186672156	0.00013436940217860353	0.0584069611837045	0.0	0.0584069611837045
0.2591081524156049	0.06713703464822834	0.00014174379515692563	0.06727884560703722	0.0	0.06727884560703722
0.2778008786338116	0.07717332816971771	0.0001484737186128395	0.07732186774428589	0.0	0.07732186774428589
0.29753200792919887	0.08852529574238086	0.00015453501699437503	0.08867989471843758	0.0	0.08867989471843758
0.3183630570304238	0.10135503608175686	0.00015993406954130571	0.10151503183545287	0.0	0.10151503183545287
0.34036070841050975	0.11584541182970404	0.00016470206509833327	0.11601017307976298	0.0	0.11601017307976298
0.3635973152142833	0.13220300763103487	0.00016888751312808023	0.13237195171656568	0.0	0.13237195171656568
0.3881514659361784	0.15066156050840426	0.0001725484622377656	0.15083416289648657	0.0	0.15083416289648657
0.4141086169972771	0.17148594667139752	0.00017574573146034256	0.1716617437041294	0.0	0.1716617437041294
0.44156180264691647	0.1949768255567944	0.00017853796475027954	0.19515541225900476	0.0	0.19515541225900476
0.47061243311642975	0.22147606220376606	0.00018097870417800284	0.2216570871684522	0.0	0.2216570871684522
0.5013711937253436	0.25137307389757596	0.0001831151747552069	0.25155623295945345	0.0	0.25155623295945345
0.5339590597382056	0.2851122774765086	0.00018498822577025294	0.2852973073295797	0.0	0.2852973073295797
0.5685084442600112	0.3232018511949383	0.00018663287934109356	0.3233885235603542	0.0	0.3233885235603542
0.6051644994220042	0.36622407136068497	0.00018807909118737974	0.36641218791691077	0.0	0.36641218791691077
0.6440865946486989	0.41484754140615737	0.00018935250819068091	0.41503692947762516	0.0	0.41503692947762516
0.6854500000365563	0.46984170255011504	0.00019047513817243593	0.47003221146658974	0.0	0.47003221146658974
0.7294478079704336	0.5320941045528707	0.00019146591592173376	0.5322856025752061	0.0	0.5322856025752061
0.7762931322498838	0.6026310271783356	0.00019234117518043874	0.6028233988968915	0.0	0.6028233988968915
0.8262216314366629	0.6826421842538609	0.00019311504174123996	0.6828353283801586	0.0	0.6828353283801586
0.8794944121732711	0.7735104210440076	0.0001937997616414566	0.7737042485309166	0.0	0.7737042485309166
0.9364013792464617	0.8768475430546758	0.00019440597603521172	0.8770419754913552	0.0	0.8770419754913552
0.9972651126700055	0.9945377049487187	0.0001949429521377688	0.9947326731849837	0.0	0.9947326731849837
1.0624453686634734	1.128790161394464	0.00019541877785724343	1.1289856043551871	0.0	1.1289856043551871
1.1323443219109504	1.28220366336397	0.00019584052630729616	1.282399527018316	0.0	1.282399527018316
1.2074126919297783	1.4578454086331136	0.00019621439525651456	1.4580416450900926	0.0	1.4580416450900926
1.2881569281055145	1.6593482714262358	0.00019654582565598405	1.6595448381387579	0.0	1.6595448381387579
1.3751476677030152	1.8910311079890423	0.00019683960264925968	1.8912279670644079	0.0	1.8912279670644079
1.4690297312372158	2.1580483512588864	0.0001970999418721478	2.1582454688852417	0.0	2.1582454688852417
1.5705339830061318	2.4665769917771048	0.00019733056336490226	2.4667743377777764	0.0	2.4667743377777764
1.6804914653719552	2.824051565187981	0.000197534755024262	2.8242491126962386	0.0	2.8242491126962386
1.7998503189008417	3.2394611704474614	0.0001977154271995628	3.239658895670134	0.0	3.239658895670134
1.929696133983497	3.7237271695108545	0.00019787515977198942	3.7239250515210753	0.0	3.7239250515210753
2.0712765528960047	4.290186558576756	0.00019801624283779409	4.290384579072101	0.0	4.290384579072101
2.2260311678918274	4.955214760425853	0.00019814071193615518	4.955412903406984	0.0	4.955412903406984
2.395628059436423	5.739033799159123	0.00019825037861319957	5.739232050536787	0.0	5.739232050536787
2.582008715008632	6.6667690043805266	0.0001983468569898825	6.666967351581649	0.0	6.666967351581649
2.787443599427465	7.769841819989143	0.0001984315868983299	7.770040251662555	0.0	7.770040251662555
3.0146013641703693	9.087821384857852	0.0001985058540651953	9.08801989072641	0.0	9.08801989072641
3.266635659935717	10.670908534763658	0.0001985708077485687	10.671107105572846	0.0	10.671107105572846
3.5472948616811224	12.583300835709293	0.0001986274761745539	12.583499463185579	0.0	12.583499463185579
3.8610618871651003	14.907798896518926	0.00019867678006881508	14.907997573299077	0.0	14.907997573299077
4.213333924838965	17.752182762198917	0.00019871954453555335	17.752381481743416	0.0	17.752381481743416
4.610655641410415	21.258145443669687	0.00019875650950017362	21.258344200179085	0.0	21.258344200179085
5.061024860040284	25.613972633945778	0.00019878833890124228	25.614171422284798	0.0	25.614171422284798
5.57429763791447	31.07279415605884	0.00019881562879131242	31.07299297168773	0.0	31.07299297168773
6.162731474956152	37.979259232415224	0.00019883891448405414	37.97945807132982	0.0	37.97945807132982
6.841723229580946	46.80917675018753	0.000198858676866254	46.809375608864364	0.0	46.809375608864364
7.630825786480474	58.229502183615345	0.00019887534797712175	58.22970105896317	0.0	58.22970105896317
8.555170650192927	73.19094485392247	0.0001988893159435373	73.19114374323816	0.0	73.19114374323816
9.647492837318621	93.07411804611411	0.00019890092934802362	93.07431694704377	0.0	93.07431694704377
10.951068153486302	119.92589370230189	0.0001989105010960449	119.92609261280339	0.0	119.92609261280339
12.52406481953676	156.85219960395833	0.00019891831184045162	156.85239852227025	0.0	156.85239852227025
14.446144892058085	208.6911022423359	0.0001989246130133089	208.69130116694822	0.0	208.69130116694822
16.828750051181775	283.2068282851506	0.00019892962950878059	283.20702721478057	0.0	283.20702721478057
19.831623870901822	393.293305356923	0.00019893356205504022	393.29350429048503	0.0	393.29350429048503
23.6902984280254	561.2302396089027	0.00019893658930821936	561.230438545492	0.0	561.230438545492
28.763723473922568	827.3517880842842	0.00019893886969707067	827.3519870231539	0.0	827.3519870231539
35.62085944399189	1268.8456275286262	0.00019894054304322865	1268.8458264691692	0.0	1268.8458264691692
45.20742604651833	2043.7113697514237	0.00019894173197861304	2043.7115686931556	0.0	2043.7115686931556
59.190345807090225	3503.4970367629235	0.00019894254317857186	3503.4972357054667	0.0	3503.4972357054667
80.73451590796027	6518.06205889269	0.00019894306842674486	6518.062257835759	0.0	6518.062257835759
116.46481431594222	13564.0529736469	0.000198943385525291	13564.053172590286	0.0	13564.053172590286
182.2411741313547	33211.84554877475	0.00019894355906202439	33211.84574771831	0.0	33211.84574771831
324.3507356530824	105203.39971869573	0.00019894364104409924	105203.39991763937	0.0	105203.39991763937
730.3782255109697	533452.352300553	0.0001989436714061457	533452.3524994967	0.0	533452.3524994967
2922.9269445448313	8543501.923146183	0.00019894367839914988	8543501.923345126	0.0	8543501.923345126
