-9605195.204771383	-92259774921763.17	-0.0007460387957432591	-92259774921763.17	0.0	(-92259774921763.17+0j)
-1200594.1310054827	-1441426267404.8103	-0.0007460387957432433	-1441426267404.811	0.0	(-1441426267404.811+0j)
-355704.3016402785	-126525550205.39822	-0.0007460387957430751	-126525550205.39897	0.0	(-126525550205.39897+0j)
-150046.63327639527	-22513992157.581047	-0.0007460387957422239	-22513992157.581795	0.0	(-22513992157.581795+0j)
-76813.26603926464	-5900277839.618846	-0.0007460387957393082	-5900277839.619592	0.0	(-5900277839.619592+0j)
-44444.61752351378	-1975324026.811428	-0.0007460387957314568	-1975324026.812174	0.0	(-1975324026.812174+0j)
-27982.86297320777	-783040620.1773225	-0.0007460387957134861	-783040620.1780685	0.0	(-783040620.1780685+0j)
-18742.01600231651	-351263163.8310882	-0.0007460387956768883	-351263163.8318342	0.0	(-351263163.8318342+0j)
-13159.681857015545	-173177226.57786408	-0.000746038795608636	-173177226.57861012	0.0	(-173177226.57861012+0j)
-9590.609764578987	-91979795.65643781	-0.0007460387954897938	-91979795.65718386	0.0	(-91979795.65718386+0j)
-7203.243728879368	-51886720.217639945	-0.0007460387952939399	-51886720.21838599	0.0	(-51886720.21838599+0j)
-5546.372188325968	-30762244.451435786	-0.0007460387949853917	-30762244.452181824	0.0	(-30762244.452181824+0j)
-4360.696925764805	-19015677.678374622	-0.0007460387945172337	-19015677.67912066	0.0	(-19015677.67912066+0j)
-3489.969969937625	-12179890.391066428	-0.0007460387938291443	-12179890.391812468	0.0	(-12179890.391812468+0j)
-2836.2105753037786	-8044090.427464991	-0.0007460387928450183	-8044090.42821103	0.0	(-8044090.42821103+0j)
-2335.8522065964303	-5456205.531061413	-0.0007460387914703793	-5456205.5318074515	0.0	(-5456205.5318074515+0j)
-1946.4273685286264	-3788579.5009572734	-0.0007460387895895777	-3788579.501703312	0.0	(-3788579.501703312+0j)
-1638.829218206556	-2685761.206447512	-0.0007460387870627735	-2685761.2071935507	0.0	(-2685761.2071935507+0j)
-1392.6540178654614	-1939485.2134768127	-0.0007460387837226922	-1939485.2142228514	0.0	(-1939485.2142228514+0j)
-1193.310456657072	-1423989.84596711	-0.0007460387793711536	-1423989.8467131488	0.0	(-1423989.8467131488+0j)
-1030.1761707171554	-1061262.9427134618	-0.0007460387737753648	-1061262.9434595006	0.0	(-1061262.9434595006+0j)
-895.3932941925091	-801729.1512849131	-0.0007460387666639721	-801729.1520309518	0.0	(-801729.1520309518+0j)
-783.0642560322963	-613189.6290754137	-0.0007460387577228637	-613189.6298214524	0.0	(-613189.6298214524+0j)
-688.7042001214068	-474313.47526486666	-0.0007460387465907188	-474313.4760109054	0.0	(-474313.4760109054+0j)
-608.861460144658	-370712.27764948504	-0.000746038732854292	-370712.2783955238	0.0	(-370712.2783955238+0j)
-540.8502227281518	-292518.96342509147	-0.000746038716043427	-292518.9641711302	0.0	(-292518.9641711302+0j)
-482.5594081882106	-232863.58243095607	-0.0007460386956257909	-232863.58317699475	0.0	(-232863.58317699475+0j)
-432.3141694833717	-186895.54113609742	-0.0007460386710013195	-186895.5418821361	0.0	(-186895.5418821361+0j)
-388.77425741880654	-151145.42323154447	-0.0007460386414963634	-151145.42397758312	0.0	(-151145.42397758312+0j)
-350.858570038611	-123101.7361695389	-0.0007460386063575279	-123101.73691557751	0.0	(-123101.73691557751+0j)
-317.6885353347575	-100926.00548314345	-0.0007460385647451906	-100926.00622918202	0.0	(-100926.00622918202+0j)
-288.5451996188469	-83258.3322230802	-0.0007460385157266923	-83258.33296911871	0.0	(-83258.33296911871+0j)
-262.836399308869	-69082.97280165122	-0.0007460384582691841	-69082.97354768967	0.0	(-69082.97354768967+0j)
-240.07142706246006	-57634.290091806084	-0.0007460383912321197	-57634.29083784448	0.0	(-57634.29083784448+0j)
-219.84132123719695	-48330.206523316425	-0.0007460383133593831	-48330.20726935474	0.0	(-48330.20726935474+0j)
-201.80341259064414	-40724.61733322975	-0.0007460382232710327	-40724.61807926797	0.0	(-40724.61807926797+0j)
-185.66912113051106	-34473.02254137639	-0.0007460381194546532	-34473.02328741451	0.0	(-34473.02328741451+0j)
-171.19425391683407	-29307.47257414146	-0.0007460380002562958	-29307.47332017946	0.0	(-29307.47332017946+0j)
-158.1712416884214	-25018.14169725701	-0.0007460378638709946	-25018.142443294877	0.0	(-25018.142443294877+0j)
-146.42288913233602	-21439.662461860367	-0.0007460377083328393	-21439.663207898077	0.0	(-21439.663207898077+0j)
-135.79731473932583	-18440.910690411518	-0.0007460375315045915	-18440.91143644905	0.0	(-18440.91143644905+0j)
-126.1638314734695	-15917.312372066013	-0.0007460373310668228	-15917.313118103344	0.0	(-15917.313118103344+0j)
-117.40957596921426	-13785.008529270695	-0.000746037104506557	-13785.0092753078	0.0	(-13785.0092753078+0j)
-109.43673666083288	-11976.399330972483	-0.0007460368491053991	-11976.400077009332	0.0	(-11976.400077009332+0j)
-102.16026374241683	-10436.719487920167	-0.0007460365619271264	-10436.720233956728	0.0	(-10436.720233956728+0j)
-95.50596875190209	-9121.390067239297	-0.0007460362398047242	-9121.390813275537	0.0	(-9121.390813275537+0j)
-89.40894076792034	-7993.958689241488	-0.0007460358793268413	-7993.959435277367	0.0	(-7993.959435277367+0j)
-83.81222109797599	-7024.488405376012	-0.0007460354768236426	-7024.48915141149	0.0	(-7024.48915141149+0j)
-78.66568995306919	-6188.290775792411	-0.0007460350283520344	-6188.291521827439	0.0	(-6188.291521827439+0j)
-73.92512771679691	-5464.924507944735	-0.0007460345296802364	-5464.925253979264	0.0	(-5464.925253979264+0j)
-69.5514206035539	-4837.400107972461	-0.0007460339762716742	-4837.400854006438	0.0	(-4837.400854006438+0j)
-65.5098861964565	-4291.545189472683	-0.000746033363268163	-4291.545935506047	0.0	(-4291.545935506047+0j)
-61.76969889208737	-3815.4957012191394	-0.0007460326854723556	-3815.496447251825	0.0	(-3815.496447251825+0j)
-58.30339890885323	-3399.2863243248685	-0.0007460319373294211	-3399.287070356811	0.0	(-3399.287070356811+0j)
-55.08647143290039	-3034.5193349277506	-0.0007460311129079257	-3034.5200809588673	0.0	(-3034.5200809588673+0j)
-52.09698483000059	-2714.095828377312	-0.0007460302058798791	-2714.0965744075074	0.0	(-2714.0965744075074+0j)
-49.31527876000004	-2431.9967191765113	-0.0007460292094999132	-2431.997465205722	0.0	(-2431.997465205722+0j)
-46.7236945829899	-2183.1036354845196	-0.0007460281165835585	-2183.1043815126404	0.0	(-2183.1043815126404+0j)
-44.3063417144323	-1963.0519161160437	-0.0007460269194845749	-1963.0526621429601	0.0	(-1963.0526621429601+0j)
-42.0488946259587	-1768.1095392649786	-0.0007460256100713035	-1768.110285290585	0.0	(-1768.110285290585+0j)
-39.93841604370705	-1595.0770760802368	-0.0007460241797019931	-1595.0778221044163	0.0	(-1595.0778221044163+0j)
-37.963202601939585	-1441.2047517959124	-0.0007460226191990606	-1441.2054978185283	0.0	(-1441.2054978185283+0j)
-36.1126497942929	-1304.123475165243	-0.0007460209188222386	-1304.1242211861668	0.0	(-1304.1242211861668+0j)
-34.37713355070611	-1181.7873111630838	-0.0007460190682405636	-1181.7880571821531	0.0	(-1181.7880571821531+0j)
-32.747906172853575	-1072.4253587060214	-0.000746017056503155	-1072.426104723078	0.0	(-1072.426104723078+0j)
-31.217004699239933	-974.5013823923681	-0.0007460148720087341	-974.5021284072416	0.0	(-974.5021284072416+0j)
-29.777170054741106	-886.6798564689705	-0.0007460125024738263	-886.6806024814746	0.0	(-886.6806024814746+0j)
-28.421775577784274	-807.7973269939346	-0.0007460099348995949	-807.7980730038669	0.0	(-807.7980730038669+0j)
-27.14476371932338	-736.8381973778947	-0.0007460071555372414	-736.8389433850496	0.0	(-736.8389433850496+0j)
-25.940589877590973	-672.9142031973753	-0.0007460041498519166	-672.9149492015254	0.0	(-672.9149492015254+0j)
-24.804172476499513	-615.2469722439359	-0.0007460009024850741	-615.2477182448401	0.0	(-615.2477182448401+0j)
-23.73084851776959	-563.1531713733272	-0.0007459973972151997	-563.1539173707245	0.0	(-563.1539173707245+0j)
-22.716333940912474	-516.031827715052	-0.0007459936169168481	-516.0325737086694	0.0	(-516.0325737086694+0j)
-21.756688213976226	-473.353482040172	-0.0007459895435179109	-473.3542280297154	0.0	(-473.3542280297154+0j)
-20.84828265390689	-434.6508896171949	-0.0007459851579550394	-434.6516356023525	0.0	(-434.6516356023525+0j)
-19.987772040461227	-399.51103114144354	-0.0007459804401271444	-399.5117771218834	0.0	(-399.5117771218834+0j)
-19.172069143522997	-367.5682352440266	-0.000745975368846886	-367.56898121939605	0.0	(-367.56898121939605+0j)
-18.398321831796846	-338.49824622637243	-0.0007459699217900649	-338.4989921962935	0.0	(-338.4989921962935+0j)
-17.663892472366342	-312.0130972753203	-0.0007459640754428279	-312.01384323939646	0.0	(-312.01384323939646+0j)
-16.966339366471665	-287.8566714982861	-0.0007459578050465852	-287.8574174560918	0.0	(-287.8574174560918+0j)
-16.30339999792458	-265.8008514923272	-0.0007459510845405447	-265.8015974434118	0.0	(-265.8015974434118+0j)
-15.672975897519757	-245.64217348423523	-0.0007459438865017546	-245.6429194281228	0.0	(-245.6429194281228+0j)
-15.073118950217209	-227.19891488739714	-0.0007459361820825448	-227.19966082357925	0.0	(-227.19966082357925+0j)
-14.502018992255339	-210.30855485173456	-0.0007459279409452536	-210.30930077967622	0.0	(-210.30930077967622+0j)
-13.95799256312947	-194.82555639237756	-0.0007459191311941177	-194.82630231150844	0.0	(-194.82630231150844+0j)
-13.4394726929019	-180.61942626325583	-0.0007459097193042002	-180.6201721729752	0.0	(-180.6201721729752+0j)
-12.944999618894892	-167.5730151331889	-0.000745899670047225	-167.5737610328594	0.0	(-167.5737610328594+0j)
-12.473212337728176	-155.5810260220544	-0.0007458889464141794	-155.58177191100108	0.0	(-155.58177191100108+0j)
-12.022840909112986	-144.54870352584078	-0.0007458775095345401	-144.54944940335022	0.0	(-144.54944940335022+0j)
-11.592699437005214	-134.390680236741	-0.0007458653185919725	-134.3914261020593	0.0	(-134.3914261020593+0j)
-11.181679661808277	-125.02996005929685	-0.0007458523307363449	-125.03070591162752	0.0	(-125.03070591162752+0j)
-10.788745104450985	-116.3970209288151	-0.0007458385009918908	-116.3977667673164	0.0	(-116.3977667673164+0j)
-10.412925709461692	-108.42902183076829	-0.000745823782161348	-108.42976765455035	0.0	(-108.42976765455035+0j)
-10.053312939730441	-101.06910106415152	-0.000745808124725891	-101.06984687227641	0.0	(-101.06984687227641+0j)
-9.70905528057937	-94.26575444134616	-0.0007457914767406678	-94.2665002328236	0.0	(-94.2665002328236+0j)
-9.379354115134207	-87.97228361708498	-0.000745773783725742	-87.97302939087253	0.0	(-87.97302939087253+0j)
-9.0634599368687	-82.14630602722397	-0.0007457549885522307	-82.14705178222223	0.0	(-82.14705178222223+0j)
-8.760668868643995	-76.74931902602805	-0.0007457350313234205	-76.75006476108301	0.0	(-76.75006476108301+0j)
-8.470319460633334	-71.74631176518378	-0.0007457138492506331	-71.74705747908507	0.0	(-71.74705747908507+0j)
-8.191789742258713	-67.10541918137507	-0.000745691376523599	-67.10616487285888	0.0	(-67.10616487285888+0j)
-7.92449450570503	-62.797613170949205	-0.0007456675441750905	-62.798358838697354	0.0	(-62.798358838697354+0j)
-7.667882800757656	-58.796426646155076	-0.0007456422799395477	-58.797172288800695	0.0	(-58.797172288800695+0j)
-7.421435622657183	-55.07770670124501	-0.0007456155081054238	-55.078452317371536	0.0	(-55.078452317371536+0j)
-7.1846637764105	-51.619393580065186	-0.0007455871493609591	-51.620139168207636	0.0	(-51.620139168207636+0j)
-6.957105902559871	-48.401322539433394	-0.0007455571206330807	-48.402068098074906	0.0	(-48.402068098074906+0j)
-6.738326650815264	-45.40504605308725	-0.0007455253349191096	-45.40579158065384	0.0	(-45.40579158065384+0j)
-6.5279149892138815	-42.61367410640327	-0.000745491701110941	-42.61441960125412	0.0	(-42.61441960125412+0j)
-6.325482637604348	-40.01173059863406	-0.0007454561238113492	-40.01247605904936	0.0	(-40.01247605904936+0j)
-6.130662615271313	-37.585024102285296	-0.0007454185031420486	-37.58576952645122	0.0	(-37.58576952645122+0j)
-5.943107893435154	-35.32053143301123	-0.0007453787345431274	-35.321276819003096	0.0	(-35.321276819003096+0j)
-5.762490144188762	-33.20629266187262	-0.0007453367085634477	-33.20703800763869	0.0	(-33.20703800763869+0j)
-5.588498578181307	-31.23131635833449	-0.0007452923106415915	-31.232061661679232	0.0	(-31.232061661679232+0j)
-5.420838864033355	-29.385493989814435	-0.0007452454208769034	-29.38623924838508	0.0	(-29.38623924838508+0j)
-5.259232123078992	-27.659522524425963	-0.0007451959137901675	-27.660267735699907	0.0	(-27.660267735699907+0j)
-5.103413993582461	-26.04483438989329	-0.0007451436580734255	-26.045579551169553	0.0	(-26.045579551169553+0j)
-4.953133759078175	-24.53353403531989	-0.0007450885163284219	-24.534279143712638	0.0	(-24.534279143712638+0j)
-4.808153535936197	-23.118340425135752	-0.0007450303447931372	-23.119085477570792	0.0	(-23.119085477570792+0j)
-4.6682475156679075	-21.79253486753959	-0.0007449689930558399	-21.79327986075333	0.0	(-21.79327986075333+0j)
-4.533201257860082	-20.549913644264226	-0.0007449043037560638	-20.550658574803876	0.0	(-20.550658574803876+0j)
-4.402811029966271	-19.384744965592656	-0.0007448361122718824	-19.38548982981802	0.0	(-19.38548982981802+0j)
-4.276883190493413	-18.291729825125113	-0.0007447642463928227	-18.292474619209994	0.0	(-18.292474619209994+0j)
-4.15523361240365	-17.26596637364909	-0.0007446885259777305	-17.266711093582696	0.0	(-17.266711093582696+0j)
-4.037687143807751	-16.30291747127039	-0.0007446087625968572	-16.303662112857115	0.0	(-16.303662112857115+0j)
-3.9240771032610224	-15.398381112337416	-0.0007445247591574071	-15.399125671195348	0.0	(-15.399125671195348+0j)
-3.814244807185861	-14.548463449144304	-0.0007444363095117427	-14.549207920700928	0.0	(-14.549207920700928+0j)
-3.708039127140636	-13.74955416840589	-0.0007443431980474048	-13.750298547892069	0.0	(-13.750298547892069+0j)
-3.6053160748326105	-12.998303999446422	-0.0007442451992580587	-12.999048281888092	0.0	(-12.999048281888092+0j)
-3.505938412936072	-12.291604155300703	-0.0007441420772944373	-12.292348335507997	0.0	(-12.292348335507997+0j)
-3.409775289925844	-11.626567527788874	-0.000744033585494297	-11.62731160034404	0.0	(-11.62731160034404+0j)
-3.31670189727347	-11.000511475377435	-0.0007439194658903558	-11.00125543462122	0.0	(-11.00125543462122+0j)
-3.2265991474784026	-10.410942058508354	-0.0007437994486951291	-10.41168589852545	0.0	(-10.41168589852545+0j)
-3.139353371521828	-9.855539591285467	-0.0007436732517615182	-9.856283305889246	0.0	(-9.856283305889246+0j)
-3.0548560344360047	-9.332145391130073	-0.0007435405800179519	-9.332888973847034	0.0	(-9.332888973847034+0j)
-2.9730034677792423	-8.8387496194274	-0.0007434011248768131	-8.839493063481497	0.0	(-8.839493063481497+0j)
-2.8936966178954187	-8.373480116419385	-0.0007432545636148208	-8.374223414715798	0.0	(-8.374223414715798+0j)
-2.8168408089191725	-7.934592142792418	-0.0007431005587239623	-7.935335287901712	0.0	(-7.935335287901712+0j)
-2.742345519563008	-7.520458948667304	-0.0007429387572314997	-7.5212019328086255	0.0	(-7.5212019328086255+0j)
-2.6701241727922507	-7.129563098129501	-0.0007427687899874939	-7.1303059131539275	0.0	(-7.1303059131539275+0j)
-2.600093937557491	-6.760488484123218	-0.0007425902709182075	-6.761231121496543	0.0	(-6.761231121496543+0j)
-2.53217554181336	-6.411912974557783	-0.0007424027962436584	-6.412655425342191	0.0	(-6.412655425342191+0j)
-2.4662930961066483	-6.082601635903317	-0.0007422059436575064	-6.083343890739049	0.0	(-6.083343890739049+0j)
-2.4023739270672144	-5.771400485452349	-0.0007419992714673506	-5.772142534538193	0.0	(-5.772142534538193+0j)
-2.340348420181257	-5.477230727844906	-0.0007417823176934201	-5.477972560917749	0.0	(-5.477972560917749+0j)
-2.280149871269615	-5.1990834354508415	-0.0007415545991235229	-5.199825041764507	0.0	(-5.199825041764507+0j)
-2.221714346133128	-4.936014635813752	-0.0007413156103220044	-4.936756004116711	0.0	(-4.936756004116711+0j)
-2.1649805478639736	-4.687140772629392	-0.0007410648225903477	-4.687881891141542	0.0	(-4.687881891141542+0j)
-2.109889691355602	-4.451634509688637	-0.0007408016828769097	-4.452375366076976	0.0	(-4.452375366076976+0j)
-2.056385384575469	-4.228720849895599	-0.0007405256126331583	-4.229461431248533	0.0	(-4.229461431248533+0j)
-2.004413516193774	-4.017673543900289	-0.0007402360066136219	-4.018413836701082	0.0	(-4.018413836701082+0j)
-1.9539221491884349	-3.8178117650891523	-0.0007399322316166143	-3.818551755187899	0.0	(-3.818551755187899+0j)
-1.9048614200715395	-3.628497029676962	-0.0007396136251626313	-3.629236702261295	0.0	(-3.629236702261295+0j)
-1.8571834434057672	-3.449130342460503	-0.0007392794941071416	-3.449869682024897	0.0	(-3.449869682024897+0j)
-1.8108422213008069	-3.2791495504456405	-0.0007389291131843141	-3.279888540759202	0.0	(-3.279888540759202+0j)
-1.7657935575998587	-3.1180268880611655	-0.0007385617234780252	-3.118765512134125	0.0	(-3.118765512134125+0j)
-1.7219949764848979	-2.965266699039224	-0.0007381765308162864	-2.9660049390875263	0.0	(-2.9660049390875263+0j)
-1.6794056452467305	-2.8204033212865873	-0.0007377727040850132	-2.8211411586949056	0.0	(-2.8211411586949056+0j)
-1.6379863009819313	-2.6829991222044702	-0.0007373493734568216	-2.683736537487477	0.0	(-2.683736537487477+0j)
-1.5976991809937733	-2.5526426729481737	-0.0007369056285302978	-2.5533796457099562	0.0	(-2.5533796457099562+0j)
-1.5585079566882198	-2.42894705106049	-0.0007364405163749224	-2.429683559951986	0.0	(-2.429683559951986+0j)
-1.5203776707690226	-2.3115482617730385	-0.0007359530394765508	-2.31228428444731	0.0	(-2.31228428444731+0j)
-1.4832746775481236	-2.20010376905549	-0.0007354421535780649	-2.200839282121032	0.0	(-2.200839282121032+0j)
-1.4471665861988359	-2.0942911282103926	-0.0007349067654094925	-2.0950261071820564	0.0	(-2.0950261071820564+0j)
-1.4120222067898245	-1.9938067124676058	-0.0007343457303015632	-1.994541131715068	0.0	(-1.994541131715068+0j)
-1.3778114989477563	-1.8983645266326632	-0.0007337578496763147	-1.8990983593265547	0.0	(-1.8990983593265547+0j)
-1.3445055230056484	-1.807695101392692	-0.000733141868407994	-1.8084283194478812	0.0	(-1.8084283194478812+0j)
-1.3120763935025515	-1.7215444623866623	-0.0007324964720470966	-1.7222770364029107	0.0	(-1.7222770364029107+0j)
-1.2804972349081958	-1.6396731686075352	-0.0007318202838999659	-1.6404050678072162	0.0	(-1.6404050678072162+0j)
-1.249742139453741	-1.5618554151264137	-0.0007311118619559282	-1.562586607288998	0.0	(-1.562586607288998+0j)
-1.2197861269567585	-1.4878781955161693	-0.0007303696956534574	-1.4886086469096709	0.0	(-1.4886086469096709+0j)
-1.1906051065351553	-1.4175405197075885	-0.0007295922024763622	-1.418270195016489	0.0	(-1.418270195016489+0j)
-1.1621758401108537	-1.3506526833373687	-0.0007287777243704396	-1.351381545586947	0.0	(-1.351381545586947+0j)
-1.1344759076098252	-1.2870355849471367	-0.0007279245239704752	-1.2877635954240656	0.0	(-1.2877635954240656+0j)
-1.1074836737704155	-1.226520087668016	-0.0007270307806268472	-1.2272472058370003	0.0	(-1.2272472058370003+0j)
-1.0811782564769803	-1.168946422278603	-0.0007260945862203525	-1.1696726056947149	0.0	(-1.1696726056947149+0j)
-1.0555394965405518	-1.1141636287570815	-0.0007251139407531672	-1.114888832973757	0.0	(-1.114888832973757+0j)
-1.0305479288526944	-1.0620290336625782	-0.0007240867477031265	-1.0627532121349905	0.0	(-1.0627532121349905+0j)
-1.0061847548428828	-1.0124077608782323	-0.0007230108091277156	-1.0131308648615984	0.0	(-1.0131308648615984+0j)
-0.9824318161736062	-0.9651722734301703	-0.000721883820503326	-0.9658942518731258	0.0	(-0.9658942518731258+0j)
-0.9592715696111017	-0.9202019442641468	-0.0007207033652844417	-0.9209227436965765	0.0	(-0.9209227436965765+0j)
-0.9366870630130316	-0.877382654015979	-0.0007194669091664623	-0.878102218430882	0.0	(-0.878102218430882+0j)
-0.9146619123776685	-0.8366064139543736	-0.0007181717940348632	-0.8373246846840479	0.0	(-0.8373246846840479+0j)
-0.8931802799021815	-0.7977710124061393	-0.0007168152315823231	-0.7984879279916477	0.0	(-0.7984879279916477+0j)
-0.8722268530004768	-0.7607796830951152	-0.000715394296574321	-0.7614951791491916	0.0	(-0.7614951791491916+0j)
-0.8517868242337273	-0.7255407939381787	-0.0007139059197425776	-0.7262548030009781	0.0	(-0.7262548030009781+0j)
-0.8318458721092578	-0.6919675549452116	-0.0007123468802846136	-0.6926800063325015	0.0	(-0.6926800063325015+0j)
-0.8123901427058198	-0.6599777439655822	-0.0007107137979468144	-0.6606885636090287	0.0	(-0.6606885636090287+0j)
-0.7934062320855423	-0.6294934491121774	-0.0007090031246679836	-0.6302025593912258	0.0	(-0.6302025593912258+0j)
-0.7748811694549418	-0.6004408267758582	-0.0007072111357609819	-0.6011481463409308	0.0	(-0.6011481463409308+0j)
-0.7568024010393578	-0.572749874218937	-0.0007053339206125727	-0.5734553178051129	0.0	(-0.5734553178051129+0j)
-0.7391577746370641	-0.5463542158064169	-0.0007033673728874456	-0.5470576940374646	0.0	(-0.5470576940374646+0j)
-0.721935524821055	-0.5211909019986521	-0.000701307180233681	-0.5218923211804561	0.0	(-0.5218923211804561+0j)
-0.7051242587581799	-0.4972002202892726	-0.0006991488135065428	-0.4978994821932287	0.0	(-0.4978994821932287+0j)
-0.6887129426168537	-0.4743255173279656	-0.0006968875155592232	-0.4750225189619146	0.0	(-0.4750225189619146+0j)
-0.6726908885360721	-0.4525130315194501	-0.0006945182896973954	-0.453207664888326	0.0	(-0.453207664888326+0j)
-0.6570477421298259	-0.43171173543790214	-0.0006920358879638959	-0.43240388729190044	0.0	(-0.43240388729190044+0j)
-0.6417734705023628	-0.4118731874406471	-0.0006894347995148694	-0.41256273901182194	0.0	(-0.41256273901182194+0j)
-0.6268583507509564	-0.3929513919062091	-0.0006867092394722498	-0.3936382186344564	0.0	(-0.3936382186344564+0j)
-0.6122929589340428	-0.3749026675602054	-0.0006838531387900891	-0.3755866388084183	0.0	(-0.3755866388084183+0j)
-0.598068159483679	-0.35768552338819526	-0.000680860135850962	-0.3583665021496268	0.0	(-0.3583665021496268+0j)
-0.584175095042342	-0.3412605416677293	-0.0006777235707059385	-0.3419383842661791	0.0	(-0.3419383842661791+0j)
-0.5706051767050645	-0.3255902676826179	-0.0006744364830749307	-0.32626482347318464	0.0	(-0.32626482347318464+0j)
-0.5573500746488577	-0.3106391057110872	-0.00067099161541621	-0.311310216781469	0.0	(-0.311310216781469+0j)
-0.5444017091322467	-0.29637322090611135	-0.000667381422533331	-0.29704072178928015	0.0	(-0.29704072178928015+0j)
-0.5317522418485942	-0.28276044671100575	-0.000663598089291141	-0.2834241641142297	0.0	(-0.2834241641142297+0j)
-0.5193940676176739	-0.2697701974764328	-0.0006596335580368119	-0.27042995003881376	0.0	(-0.27042995003881376+0j)
-0.5073198064007199	-0.257373385966464	-0.0006554795672466421	-0.2580289840554783	0.0	(-0.2580289840554783+0j)
-0.49552229562487815	-0.24554234546134915	-0.0006511277027302928	-0.24619359101860433	0.0	(-0.24619359101860433+0j)
-0.4839945828036719	-0.23425075618330043	-0.0006465694624148505	-0.2348974426372312	0.0	(-0.2348974426372312+0j)
-0.47272991844072854	-0.22347357578897786	-0.0006417963353052049	-0.22411548804602993	0.0	(-0.22411548804602993+0j)
-0.4617217492046207	-0.21318697368857467	-0.0006367998946888052	-0.2138238882169164	0.0	(-0.2138238882169164+0j)
-0.45096371136325314	-0.2033682689665195	-0.0006315719050459859	-0.2039999539874564	0.0	(-0.2039999539874564+0j)
-0.4404496244667679	-0.19399587169291685	-0.0006261044414742542	-0.19462208749159154	0.0	(-0.19462208749159154+0j)
-0.4301734852684612	-0.18504922742801502	-0.0006203900197745738	-0.1856697267945	0.0	(-0.1856697267945+0j)
-0.4201294618736933	-0.17650876473427912	-0.0006144217347207715	-0.17712329354235906	0.0	(-0.17712329354235906+0j)
-0.41031188810723823	-0.1683558455221268	-0.0006081934034799446	-0.16896414345312183	0.0	(-0.16896414345312183+0j)
-0.4007152580899652	-0.16057271806610743	-0.0006016997107082235	-0.16117451947580227	0.0	(-0.16117451947580227+0j)
-0.39133422101615867	-0.15314247253832372	-0.0005949363515414495	-0.15373750747005618	0.0	(-0.15373750747005618+0j)
-0.38216357612318463	-0.14604899891526113	-0.0005879001685541269	-0.14663699424590595	0.0	(-0.14663699424590595+0j)
-0.3731982678455901	-0.13927694712294883	-0.0005805892787818025	-0.13985762784040423	0.0	(-0.13985762784040423+0j)
-0.3644333811460802	-0.13281168929356416	-0.0005730031870905728	-0.13338477988620978	0.0	(-0.13338477988620978+0j)
-0.3558641370161595	-0.12663928401425592	-0.0005651428825213317	-0.1272045099542705	0.0	(-0.1272045099542705+0j)
-0.34748588813954967	-0.12074644245613163	-0.0005570109147155935	-0.12130353176470982	0.0	(-0.12130353176470982+0j)
-0.3392941147118041	-0.11512049627806688	-0.0005486114481173928	-0.11566918114043985	0.0	(-0.11566918114043985+0j)
-0.3312844204098322	-0.10974936720627844	-0.0005399502923104718	-0.11028938561934364	0.0	(-0.11028938561934364+0j)
-0.32345252850532874	-0.1046215381964905	-0.0005310349075582033	-0.10515263562258037	0.0	(-0.10515263562258037+0j)
-0.3157942781163639	-0.0997260260910354	-0.000521874385331975	-0.10024795709078368	0.0	(-0.10024795709078368+0j)
-0.3083056205916502	-0.09505235568840255	-0.0005124794043107701	-0.09556488551112803	0.0	(-0.09556488551112803+0j)
-0.30098261602223375	-0.0905905351475874	-0.0005028621629827269	-0.09109344125359932	0.0	(-0.09109344125359932+0j)
-0.2938214298755963	-0.08633103265413994	-0.0004930362905558302	-0.08682410614846957	0.0	(-0.08682410614846957+0j)
-0.28681832974736315	-0.08226475427906714	-0.0004830167383723221	-0.0827478012363819	0.0	(-0.0827478012363819+0j)
-0.2799696822260281	-0.07838302296574315	-0.0004728196544085962	-0.07885586562913827	0.0	(-0.07885586562913827+0j)
-0.27327194986629844	-0.07467755858372872	-0.0004624622437235506	-0.07514003642532516	0.0	(-0.07514003642532516+0j)
-0.2667216882668555	-0.07114045899192165	-0.00045196261789321086	-0.07159242962087269	0.0	(-0.07159242962087269+0j)
-0.2603155432485035	-0.06776418205676349	-0.0004413396365420284	-0.06820552197038611	0.0	(-0.06820552197038611+0j)
-0.2540502481288529	-0.06454152857433174	-0.0004306127440594963	-0.06497213374390925	0.0	(-0.06497213374390925+0j)
-0.24792262108984528	-0.061465626048059	-0.00041980180448529373	-0.06188541234037552	0.0	(-0.06188541234037552+0j)
-0.24192956263458582	-0.058529913276561985	-0.0004089269373697372	-0.05893881671053113	0.0	(-0.05893881671053113+0j)
-0.2360680531300946	-0.05572812570863317	-0.00039800835718254855	-0.05612610255106743	0.0	(-0.05612610255106743+0j)
-0.23033515043273323	-0.053054281524869844	-0.0003870662185658952	-0.053441308231635315	0.0	(-0.053441308231635315+0j)
-0.22472798759319407	-0.05050266840768679	-0.0003761204694209541	-0.0508787414167033	0.0	(-0.0508787414167033+0j)
-0.21924377063807438	-0.048067830963600566	-0.000365190713493736	-0.04843296635107248	0.0	(-0.04843296635107248+0j)
-0.21387977642517536	-0.045744558763682996	-0.00035429608379710905	-0.04609879177344819	0.0	(-0.04609879177344819+0j)
-0.20863335056978574	-0.043527874969975115	-0.00034345512788197584	-0.04387125942769507	0.0	(-0.04387125942769507+0j)
-0.2035019054393242	-0.04141302551743565	-0.00033268570565977165	-0.04174563314293018	0.0	(-0.04174563314293018+0j)
-0.19848291821381936	-0.0393954688226737	-0.00032200490018759	-0.03971738845253891	0.0	(-0.03971738845253891+0j)
-0.19357392900980788	-0.03747086599229414	-0.0003114289415613654	-0.03778220272671812	0.0	(-0.03778220272671812+0j)
-0.18877253906533345	-0.035635071505172845	-0.0003009731438251701	-0.03593594579099422	0.0	(-0.03593594579099422+0j)
-0.18407640898381836	-0.033884124344377965	-0.00029065185459788856	-0.03417467100765852	0.0	(-0.03417467100765852+0j)
-0.17948325703467147	-0.032214239555773946	-0.00028047841694318307	-0.03249460679574375	0.0	(-0.03249460679574375+0j)
-0.17499085750858182	-0.030621800211588786	-0.0002704651428645728	-0.030892148567325677	0.0	(-0.030892148567325677+0j)
-0.17059703912552715	-0.02910334975839664	-0.00026062329769354817	-0.029363851059226946	0.0	(-0.029363851059226946+0j)
-0.1662996834936075	-0.02765558473007403	-0.00025096309455322695	-0.027906421039263548	0.0	(-0.027906421039263548+0j)
-0.16209672361688598	-0.02627534780732912	-0.00024149369802090482	-0.02651671036869313	0.0	(-0.02651671036869313+0j)
-0.1579861424504933	-0.024959621206387565	-0.00023222323607742328	-0.02519170940152916	0.0	(-0.02519170940152916+0j)
-0.15396597150131844	-0.0237055203803448	-0.00022315881941680448	-0.02392854070441562	0.0	(-0.02392854070441562+0j)
-0.1500342894726754	-0.022510288017570552	-0.00021430656719328883	-0.02272445307989717	0.0	(-0.02272445307989717+0j)
-0.14618922095139725	-0.021371288322376444	-0.00020567163830192587	-0.021576815877617745	0.0	(-0.021576815877617745+0j)
-0.14242893513587063	-0.020286001563938044	-0.0001972582673205183	-0.020483113578955287	0.0	(-0.020483113578955287+0j)
-0.1387516446035787	-0.01925201888019781	-0.00018906980428243578	-0.01944094064062353	0.0	(-0.01944094064062353+0j)
-0.13515560411677824	-0.018267037324171283	-0.00018110875749925435	-0.018447996584203576	0.0	(-0.018447996584203576+0j)
-0.1316391094649878	-0.017328855140735042	-0.00017337683870718298	-0.017502081318760986	0.0	(-0.017502081318760986+0j)
-0.12820049634301459	-0.016435367262595296	-0.00016587500986993108	-0.016601090684626056	0.0	(-0.016601090684626056+0j)
-0.12483813926329666	-0.015584561014722251	-0.00015860353103138661	-0.015743012207004508	0.0	(-0.015743012207004508+0j)
-0.12155045050138329	-0.014774512017089228	-0.0001515620086727954	-0.014925921048605632	0.0	(-0.014925921048605632+0j)
-0.11833587907341994	-0.014003380276079067	-0.00014474944408988163	-0.01414797615110084	0.0	(-0.01414797615110084+0j)
-0.11519290974454892	-0.013269406455415793	-0.00013816428136454953	-0.013407416555725728	0.0	(-0.013407416555725728+0j)
-0.11212006206717451	-0.012570908317947065	-0.0001318044545626912	-0.012702557893975524	0.0	(-0.012702557893975524+0j)
-0.10911588944808466	-0.011906277330046634	-0.0001256674338435993	-0.012031789039755412	0.0	(-0.012031789039755412+0j)
-0.10617897824345514	-0.011273975420824119	-0.00011975027021712364	-0.011393568914794221	0.0	(-0.011393568914794221+0j)
-0.10330794688080004	-0.010672531888726203	-0.00011404963873170165	-0.010786423439716475	0.0	(-0.010786423439716475+0j)
-0.10050144500696728	-0.010100540448488468	-0.00010856187991959273	-0.01020894262353108	0.0	(-0.01020894262353108+0j)
-0.09775815266131012	-0.009556656411752015	-0.00010328303936495497	-0.009659777784646335	0.0	(-0.009659777784646335+0j)
-0.09507677947319713	-0.00903959399499496	-9.820890529583376e-05	-0.00913763889702932	0.0	(-0.00913763889702932+0j)
-0.09245606388305627	-0.008548123748747782	-9.333504413279423e-05	-0.008641292055350889	0.0	(-0.008641292055350889+0j)
-0.08989477238617372	-0.008081070102361981	-8.865683395489071e-05	-0.008169557053433212	0.0	(-0.008169557053433212+0j)
-0.08739169879850106	-0.007637309018887932	-8.416949586818218e-05	-0.00772130507047992	0.0	(-0.00772130507047992+0j)
-0.08494566354374737	-0.007215765754887531	-7.986812328318135e-05	-0.007295456460033591	0.0	(-0.007295456460033591+0j)
-0.08255551296106181	-0.0068154127202640444	-7.574770912578288e-05	-0.006890978636672623	0.0	(-0.006890978636672623+0j)
-0.0802201186326351	-0.00643526743343405	-7.18031710214926e-05	-0.00650688405594955	0.0	(-0.00650688405594955+0j)
-0.07793837673057366	-0.0060743905673968255	-6.802937450549572e-05	-0.006142228283120134	0.0	(-0.006142228283120134+0j)
-0.07570920738242252	-0.005731884082474661	-6.442115432144981e-05	-0.005796108146523037	0.0	(-0.005796108146523037+0j)
-0.0735315540547355	-0.00540688944170449	-6.097333388009138e-05	-0.005467659971735268	0.0	(-0.005467659971735268+0j)
-0.07140438295411211	-0.005098585905057496	-5.768074295508796e-05	-0.005156057892661447	0.0	(-0.005156057892661447+0j)
-0.06932668244514165	-0.004806188898849511	-5.4538233698205385e-05	-0.004860512236168338	0.0	(-0.004860512236168338+0j)
-0.06729746248471398	-0.004528948456881485	-5.154069505902224e-05	-0.004580267976755905	0.0	(-0.004580267976755905+0j)
-0.06531575407217595	-0.004266147730016969	-4.868306569632101e-05	-0.004314603258153755	0.0	(-0.004314603258153755+0j)
-0.06338060871482991	-0.004017101561062373	-4.596034546903854e-05	-0.004062827978821286	0.0	(-0.004062827978821286+0j)
-0.06149109790828906	-0.003781155121966791	-4.3367605594511055e-05	-0.0038242824384338613	0.0	(-0.0038242824384338613+0j)
-0.059646312631220576	-0.003557682610501303	-4.089999756075498e-05	-0.0035983360426128505	0.0	(-0.0035983360426128505+0j)
-0.05784536285402355	-0.0033460860037136477	-3.8552760877912785e-05	-0.0033843860633394427	0.0	(-0.0033843860633394427+0j)
-0.05608737706100519	-0.003145793865583371	-3.63212297517939e-05	-0.0031818564525282786	0.0	(-0.0031818564525282786+0j)
-0.05437150178563229	-0.0029562602064250156	-3.420083875983748e-05	-0.002990196706417539	0.0	(-0.002990196706417539+0j)
-0.052696901158450896	-0.002776963391703543	-3.218712760686658e-05	-0.0028088807785410287	0.0	(-0.0028088807785410287+0j)
-0.05106275646727974	-0.0026074050980367186	-3.0275745034766957e-05	-0.0026374060390975383	0.0	(-0.0026374060390975383+0j)
-0.049468265729297044	-0.0024471093142643444	-2.8462451956851734e-05	-0.0024752922787265102	0.0	(-0.0024752922787265102+0j)
-0.04791264327465291	-0.0022956213855641425	-2.674312388411537e-05	-0.0023220807546874053	0.0	(-0.0023220807546874053+0j)
-0.04639511934125177	-0.0021525070986889937	-2.511375270699903e-05	-0.002177333277617041	0.0	(-0.002177333277617041+0j)
-0.04491493968036148	-0.0020173518064905104	-2.3570447892681812e-05	-0.0020406313370769638	0.0	(-0.0020406313370769638+0j)
-0.04347136517271722	-0.0018897595899797317	-2.2109437154266275e-05	-0.001911575264190875	0.0	(-0.001911575264190875+0j)
-0.04206367145479865	-0.0017693524562572426	-2.0727066644731644e-05	-0.0017897834297534846	0.0	(-0.0017897834297534846+0j)
-0.040691148554970594	-0.0016557695707226853	-1.941980072500682e-05	-0.0016748914762682123	0.0	(-0.0016748914762682123+0j)
-0.03935310053918671	-0.0015486665220473374	-1.8184221352107732e-05	-0.0015665515824286975	0.0	(-0.0015665515824286975+0j)
-0.038048845165965975	-0.0014477146184636524	-1.7017027130077773e-05	-0.0014644317586434404	0.0	(-0.0014644317586434404+0j)
-0.03677771355036136	-0.0013526002139924334	-1.5915032063266304e-05	-0.001368215172241964	0.0	(-0.001368215172241964+0j)
-0.035539049836649024	-0.001263024063291823	-1.4875164048464006e-05	-0.0012775995010789083	0.0	(-0.0012775995010789083+0j)
-0.03433221087947522	-0.0011787007038727565	-1.3894463139578483e-05	-0.0011922963143165869	0.0	(-0.0011922963143165869+0j)
-0.033156565933206816	-0.0010993578644830908	-1.2970079615794161e-05	-0.0011120304791984801	0.0	(-0.0011120304791984801+0j)
-0.032011496349239346	-0.001024735898517364	-1.2099271881506335e-05	-0.0010365395926886934	0.0	(-0.0010365395926886934+0j)
-0.030896395281024336	-0.0009545872413613028	-1.1279404224054379e-05	-0.0009655734369241179	0.0	(-0.0009655734369241179+0j)
-0.029810667396585683	-0.0008886758906298567	-1.0507944452785301e-05	-0.00089889345743321	0.0	(-0.00089889345743321+0j)
-0.028753728598301782	-0.0008267769083047978	-9.782461440978329e-06	-0.0008362722631589784	0.0	(-0.0008362722631589784+0j)
-0.02772500574973721	-0.0007686759438229613	-9.100622590119122e-06	-0.0007774931473455085	0.0	(-0.0007774931473455085+0j)
-0.02672393640931522	-0.0007141687772091237	-8.460191234130331e-06	-0.0007223496283938753	0.0	(-0.0007223496283938753+0j)
-0.025749968570627883	-0.0006630608813883238	-7.85902399941668e-06	-0.0006706450098445574	0.0	(-0.0006706450098445574+0j)
-0.024802560409188133	-0.0006151670028514266	-7.2950681350048e-06	-0.0006221919586557761	0.0	(-0.0006221919586557761+0j)
-0.023881180035433255	-0.0005703107598847759	-6.766358825563423e-06	-0.0005768121010193088	0.0	(-0.0005768121010193088+0j)
-0.022985305253795843	-0.0005283242576101748	-6.2710164986073956e-06	-0.0005343356349491592	0.0	(-0.0005343356349491592+0j)
-0.02211442332766371	-0.0004890477191151169	-5.807244136185607e-06	-0.0004946009589531502	0.0	(-0.0004946009589531502+0j)
-0.021268030750055813	-0.0004523291319853196	-5.373324599783347e-06	-0.0004574543160896025	0.0	(-0.0004574543160896025+0j)
-0.020445633019846577	-0.00041802390958224064	-4.967617976461835e-06	-0.00042274945277391356	0.0	(-0.00042274945277391356+0j)
-0.0196467444233761	-0.00038599456643745983	-4.5885589531086126e-06	-0.0003903472917061697	0.0	(-0.0003903472917061697+0j)
-0.01887088782128885	-0.0003561104071636678	-4.2346542247856386e-06	-0.00036011561832763317	0.0	(-0.00036011561832763317+0j)
-0.01811759444044789	-0.0003282472283085483	-3.904479942287708e-06	-0.00033192878024270367	0.0	(-0.00033192878024270367+0j)
-0.017386403670776745	-0.00030228703260319905	-3.5966792034825e-06	-0.00030566739905817813	0.0	(-0.00030566739905817813+0j)
-0.01667686286688518	-0.00027811775508089373	-3.309959592079359e-06	-0.00028121809412228046	0.0	(-0.00028121809412228046+0j)
-0.01598852715433943	-0.00025563300056504927	-3.0430907670575544e-06	-0.00025847321766904496	0.0	(-0.00025847321766904496+0j)
-0.015320959240441951	-0.00023473179204728362	-2.7949021051854037e-06	-0.0002373306008895106	0.0	(-0.0002373306008895106+0j)
-0.014673729229389235	-0.00021531832949743198	-2.56428039900336e-06	-0.00021769331047817556	0.0	(-0.00021769331047817556+0j)
-0.014046414441680602	-0.00019730175866745336	-2.350167611570031e-06	-0.00019946941521625455	0.0	(-0.00019946941521625455+0j)
-0.013438599237654378	-0.0001805959494702848	-2.15155868957817e-06	-0.00018257176217816842	0.0	(-0.00018257176217816842+0j)
-0.012849874845031441	-0.00016511928353297182	-1.967499435373554e-06	-0.0001669177621614981	0.0	(-0.0001669177621614981+0j)
-0.012279839190349848	-0.00015079445054085202	-1.7970844387926731e-06	-0.00015242918395909756	0.0	(-0.00015242918395909756+0j)
-0.011728096734177362	-0.0001375482530062217	-1.639455068536133e-06	-0.00013903195710753043	0.0	(-0.00013903195710753043+0j)
-0.011194258309992119	-0.0001253114191108276	-1.4937975241435807e-06	-0.00012665598276367614	0.0	(-0.00012665598276367614+0j)
-0.010677940966624817	-0.00011401842328672454	-1.3593409469714324e-06	-0.00011523495237420923	0.0	(-0.00011523495237420923+0j)
-0.010178767814158789	-0.00010360731421455489	-1.235355591056031e-06	-0.00010470617381588274	0.0	(-0.00010470617381588274+0j)
-0.00969636787318723	-9.401954993217744e-05	-1.1211510524966606e-06	-9.50104047029284e-05	0.0	(-9.50104047029284e-05+0j)
-0.009230375927329837	-8.519983975983015e-05	-1.0160745570919616e-06	-8.60916925646123e-05	0.0	(-8.60916925646123e-05+0j)
-0.008780432378913766	-7.709599276067726e-05	-9.195093048974811e-07	-7.789722161420811e-05	0.0	(-7.789722161420811e-05+0j)
-0.008346183107726328	-6.965877246769631e-05	-8.308728720374248e-07	-7.037716583849676e-05	0.0	(-7.037716583849676e-05+0j)
-0.00792727933274973	-6.2841757619441e-05	-7.496156661401798e-07	-6.34845481492977e-05	0.0	(-6.34845481492977e-05+0j)
-0.007523377476790291	-5.660120865827544e-05	-6.752194379622267e-07	-5.717510535250694e-05	0.0	(-5.717510535250694e-05+0j)
-0.007134139033917196	-5.089593975526098e-05	-6.071958443376601e-07	-5.1407158694860005e-05	0.0	(-5.1407158694860005e-05+0j)
-0.006759230439628037	-4.5687196135994224e-05	-5.450850638188953e-07	-4.614148976422572e-05	0.0	(-4.614148976422572e-05+0j)
-0.00639832294366065	-4.093853649137429e-05	-4.884544629435438e-07	-4.134122152538004e-05	0.0	(-4.134122152538004e-05+0j)
-0.006051092485372929	-3.661572026653673e-05	-4.3689731099583184e-07	-3.6971704283589166e-05	0.0	(-3.6971704283589166e-05+0j)
-0.005717219571614335	-3.268659963005e-05	-3.9003154359562583e-07	-3.3000406377038224e-05	0.0	(-3.3000406377038224e-05+0j)
-0.005396389157014874	-2.91210159339477e-05	-3.4749857271698657e-07	-2.939680940813695e-05	0.0	(-2.939680940813695e-05+0j)
-0.00508829052661923	-2.5890700483282996e-05	-3.089621409380072e-07	-2.6132307829173833e-05	0.0	(-2.6132307829173833e-05+0j)
-0.004792617180795609	-2.2969179441657252e-05	-2.741072218537255e-07	-2.318011271114477e-05	0.0	(-2.318011271114477e-05+0j)
-0.004509066722350688	-2.0331682706610376e-05	-2.4263896092335813e-07	-2.0515159524227736e-05	0.0	(-2.0515159524227736e-05+0j)
-0.004237340745783784	-1.7955056595879472e-05	-2.1428165934977981e-07	-1.8114019773276464e-05	0.0	(-1.8114019773276464e-05+0j)
-0.003977144728615041	-1.5817680192350406e-05	-1.887777971276705e-07	-1.5954816332263485e-05	0.0	(-1.5954816332263485e-05+0j)
-0.0037281879247241132	-1.389938520205869e-05	-1.6588709419451675e-07	-1.4017142331511038e-05	0.0	(-1.4017142331511038e-05+0j)
-0.003490183259637317	-1.2181379185852567e-05	-1.4538561208254918e-07	-1.2281983460066625e-05	0.0	(-1.2281983460066625e-05+0j)
-0.0032628472277028246	-1.0646172031328008e-05	-1.2706488794478332e-07	-1.0731643542085382e-05	0.0	(-1.0731643542085382e-05+0j)
-0.0030458997910948536	-9.277505537391672e-06	-1.1073110695036803e-07	-9.349673265458397e-06	0.0	(-9.349673265458397e-06+0j)
-0.0028390642805893175	-8.060285989318138e-06	-9.620430532208956e-08	-8.120801932903224e-06	0.0	(-8.120801932903224e-06+0j)
-0.0026420672980546644	-6.9805196074498744e-06	-8.331761147672978e-08	-7.030872125802291e-06	0.0	(-7.030872125802291e-06+0j)
-0.0024546386206030298	-6.0252507577559444e-06	-7.191651114624165e-08	-6.06677715537384e-06	0.0	(-6.06677715537384e-06+0j)
-0.0022765111063480586	-5.182502817326061e-06	-6.185815113468606e-08	-5.216401208077988e-06	0.0	(-5.216401208077988e-06+0j)
-0.0021074206017169745	-4.441221592541135e-06	-5.301066572371838e-08	-4.468562067862196e-06	0.0	(-4.468562067862196e-06+0j)
-0.001947105850265665	-3.791221192138778e-06	-4.52525398486614e-08	-3.812956330699821e-06	0.0	(-3.812956330699821e-06+0j)
-0.001795308402946694	-3.223132261691009e-06	-3.8471983998533684e-08	-3.240106993701403e-06	0.0	(-3.240106993701403e-06+0j)
-0.001651772529781229	-2.728352490139881e-06	-3.256636134096879e-08	-2.741313368687986e-06	0.0	(-2.741313368687986e-06+0j)
-0.0015162451328869407	-2.2989993030033365e-06	-2.7441609518064068e-08	-2.308603178817491e-06	0.0	(-2.308603178817491e-06+0j)
-0.0013884756608149335	-1.9278646606754663e-06	-2.3011715200027538e-08	-1.9346868130055042e-06	0.0	(-1.9346868130055042e-06+0j)
-0.0012682160241497663	-1.6083718839102408e-06	-1.9198196099523556e-08	-1.6129136161212548e-06	0.0	(-1.6129136161212548e-06+0j)
-0.001155220512327529	-1.3345344321022784e-06	-1.5929604302300504e-08	-1.3372301539522367e-06	0.0	(-1.3372301539522367e-06+0j)
-0.001049245711627873	-1.1009165633694817e-06	-1.3141070098754426e-08	-1.1021404004160762e-06	0.0	(-1.1021404004160762e-06+0j)
-0.0009500504242967501	-9.025958087064349e-07	-1.0773841552236262e-08	-9.026677357137095e-07	0.0	(-9.026677357137095e-07+0j)
-0.0008573955887574404	-7.351271956207178e-07	-8.77486883155143e-09	-7.343187381386975e-07	0.0	(-7.343187381386975e-07+0j)
-0.0007710442008682636	-5.945091596925792e-07	-7.09638641183119e-09	-5.930486626557633e-07	0.0	(-5.930486626557633e-07+0j)
-0.0006907612361861271	-4.771510854173865e-07	-5.6955485661092095e-09	-4.752286001691148e-07	0.0	(-4.752286001691148e-07+0j)
-0.0006163135731958032	-3.7984242050537864e-07	-4.534015829449345e-09	-3.7761416418114675e-07	0.0	(-3.7761416418114675e-07+0j)
-0.0005474699174655237	-2.997233105297073e-07	-3.5776736240222816e-09	-2.973158234625183e-07	0.0	(-2.973158234625183e-07+0j)
-0.00048400072669017	-2.3425670343661265e-07	-2.796235776258982e-09	-2.3177059435195863e-07	0.0	(-2.3177059435195863e-07+0j)
-0.0004256781365839621	-1.812018759655943e-07	-2.1629375623888334e-09	-1.7871524038371333e-07	0.0	(-1.7871524038371333e-07+0j)
-0.00037227588758517846	-1.3858933647733242e-07	-1.654279913054779e-09	-1.3616089503891475e-07	0.0	(-1.3616089503891475e-07+0j)
-0.0003235692523360205	-1.0469706105729132e-07	-1.2497139323386364e-09	-1.023689621908608e-07	0.0	(-1.023689621908608e-07+0j)
-0.0002793349639012882	-7.802802205773399e-08	-9.314021554018835e-10	-7.58283816487764e-08	0.0	(-7.58283816487764e-08+0j)
-0.00023935114469007788	-5.728897046445059e-08	-6.838263288955204e-10	-5.523404001120238e-08	0.0	(-5.523404001120238e-08+0j)
-0.000203397236045202	-4.1370435630827624e-08	-4.938556230627e-10	-3.9466866808952466e-08	0.0	(-3.9466866808952466e-08+0j)
-0.00017125392846552152	-2.932790801487396e-08	-3.5020093491766603e-10	-2.7574761496731428e-08	0.0	(-2.7574761496731428e-08+0j)
-0.00014270309242682625	-2.0364172588179316e-08	-2.4310793378390373e-10	-1.8755566243348397e-08	0.0	(-1.8755566243348397e-08+0j)
-0.00011752770976733008	-1.3812762563153774e-08	-1.6480043996125459e-10	-1.2343370762331597e-08	0.0	(-1.2343370762331597e-08+0j)
-9.551180560424546e-05	-9.122505009783175e-09	-1.0859366739168762e-10	-7.798250560804591e-09	0.0	(-7.798250560804591e-09+0j)
-7.644038074828435e-05	-5.843131808942681e-09	-6.930349627509713e-11	-4.696958207586856e-09	0.0	(-4.696958207586856e-09+0j)
-6.009934458328253e-05	-3.611931219340131e-09	-4.3655745685100555e-11	-2.6948921156044515e-09	0.0	(-2.6948921156044515e-09+0j)
-4.627544837847556e-05	-2.141417122628957e-09	-2.619344741106033e-11	-1.475846036981706e-09	0.0	(-1.475846036981706e-09+0j)
-3.475621900126083e-05	-1.2079947592636043e-09	-1.5279510989785195e-11	-7.673217634653616e-10	0.0	(-7.673217634653616e-10+0j)
-2.532989299856304e-05	-6.416034793186529e-10	-8.73114913702011e-12	-3.689308704941182e-10	0.0	(-3.689308704941182e-10+0j)
-1.778535101518103e-05	-3.163187107332009e-10	-0.0	-1.6405599453693028e-10	0.0	(-1.6405599453693028e-10+0j)
-1.1912052517731514e-05	-1.418969951851937e-10	-0.0	-6.487137979532468e-11	0.0	(-6.487137979532468e-11+0j)
-7.499970793020954e-06	-5.6249561896167364e-11	-0.0	-2.1788148810057606e-11	0.0	(-2.1788148810057606e-11+0j)
-4.3395281898695236e-06	-1.8831504910672262e-11	-0.0	-5.76918217424787e-12	0.0	(-5.76918217424787e-12+0j)
-2.221531573583016e-06	-4.935202532426231e-12	-0.0	-1.0489017149443953e-12	0.0	(-1.0489017149443953e-12+0j)
-9.37107962417716e-07	-8.781713332266833e-13	-0.0	-9.633528777217824e-14	0.0	(-9.633528777217824e-14+0j)
-2.7764031551128097e-07	-7.708414479720364e-14	-0.0	-1.7623414715922604e-15	0.0	(-1.7623414715922604e-15+0j)
-3.470344185902262e-08	-1.2043288768625633e-15	-0.0	2.9003112292826554e-15	-5.282366813699285e-09	(2.9003112292826554e-15-5.282366813699285e-09j)
3.470344185902262e-08	1.2043288768625633e-15	0.0	2.9003112292826554e-15	5.282366813699285e-09	(2.9003112292826554e-15+5.282366813699285e-09j)
2.7764031551128097e-07	7.708414479720364e-14	0.0	9.171327081113029e-15	0.0	(9.171327081113029e-15+0j)
9.37107962417716e-07	8.781713332266833e-13	0.0	9.928855754009287e-14	0.0	(9.928855754009287e-14+0j)
2.221531573583016e-06	4.935202532426231e-12	0.0	1.0439370015665813e-12	0.0	(1.0439370015665813e-12+0j)
4.3395281898695236e-06	1.8831504910672262e-11	0.0	5.773785889827593e-12	0.0	(5.773785889827593e-12+0j)
7.499970793020954e-06	5.6249561896167364e-11	0.0	2.1799038036267413e-11	0.0	(2.1799038036267413e-11+0j)
1.1912052517731514e-05	1.418969951851937e-10	0.0	6.487201219351115e-11	0.0	(6.487201219351115e-11+0j)
1.778535101518103e-05	3.163187107332009e-10	0.0	1.640623146127621e-10	0.0	(1.640623146127621e-10+0j)
2.532989299856304e-05	6.416034793186529e-10	8.73114913702011e-12	3.689344708088896e-10	0.0	(3.689344708088896e-10+0j)
3.475621900126083e-05	1.2079947592636043e-09	1.5279510989785195e-11	7.673204742216067e-10	0.0	(7.673204742216067e-10+0j)
4.627544837847556e-05	2.141417122628957e-09	2.619344741106033e-11	1.4758421946301027e-09	0.0	(1.4758421946301027e-09+0j)
6.009934458328253e-05	3.611931219340131e-09	4.3655745685100555e-11	2.6948932029437503e-09	0.0	(2.6948932029437503e-09+0j)
7.644038074828435e-05	5.843131808942681e-09	6.930349627509713e-11	4.69695675763986e-09	0.0	(4.69695675763986e-09+0j)
9.551180560424546e-05	9.122505009783175e-09	1.0859366739168762e-10	7.79824701255622e-09	0.0	(7.79824701255622e-09+0j)
0.00011752770976733008	1.3812762563153774e-08	1.6480043996125459e-10	1.2343373069125813e-08	0.0	(1.2343373069125813e-08+0j)
0.00014270309242682625	2.0364172588179316e-08	2.4310793378390373e-10	1.875556281917527e-08	0.0	(1.875556281917527e-08+0j)
0.00017125392846552152	2.932790801487396e-08	3.5020093491766603e-10	2.7574759438949083e-08	0.0	(2.7574759438949083e-08+0j)
0.000203397236045202	4.1370435630827624e-08	4.938556230627e-10	3.9466864312412004e-08	0.0	(3.9466864312412004e-08+0j)
0.00023935114469007788	5.728897046445059e-08	6.838263288955204e-10	5.5234036119762374e-08	0.0	(5.5234036119762374e-08+0j)
0.0002793349639012882	7.802802205773399e-08	9.314021554018835e-10	7.58283800414537e-08	0.0	(7.58283800414537e-08+0j)
0.0003235692523360205	1.0469706105729132e-07	1.2497139323386364e-09	1.0236895906511368e-07	0.0	(1.0236895906511368e-07+0j)
0.00037227588758517846	1.3858933647733242e-07	1.654279913054779e-09	1.3616090069460215e-07	0.0	(1.3616090069460215e-07+0j)
0.0004256781365839621	1.812018759655943e-07	2.1629375623888334e-09	1.7871523816362325e-07	0.0	(1.7871523816362325e-07+0j)
0.00048400072669017	2.3425670343661265e-07	2.796235776258982e-09	2.317705875955277e-07	0.0	(2.317705875955277e-07+0j)
0.0005474699174655237	2.997233105297073e-07	3.5776736240222816e-09	2.973158195268702e-07	0.0	(2.973158195268702e-07+0j)
0.0006163135731958032	3.7984242050537864e-07	4.534015829449345e-09	3.7761415239566246e-07	0.0	(3.7761415239566246e-07+0j)
0.0006907612361861271	4.771510854173865e-07	5.6955485661092095e-09	4.752285992089415e-07	0.0	(4.752285992089415e-07+0j)
0.0007710442008682636	5.945091596925792e-07	7.09638641183119e-09	5.930486593348541e-07	0.0	(5.930486593348541e-07+0j)
0.0008573955887574404	7.351271956207178e-07	8.77486883155143e-09	7.343187387398193e-07	0.0	(7.343187387398193e-07+0j)
0.0009500504242967501	9.025958087064349e-07	1.0773841552236262e-08	9.026677338916019e-07	0.0	(9.026677338916019e-07+0j)
0.001049245711627873	1.1009165633694817e-06	1.3141070098754426e-08	1.10214040100935e-06	0.0	(1.10214040100935e-06+0j)
0.001155220512327529	1.3345344321022784e-06	1.5929604302300504e-08	1.337230153332124e-06	0.0	(1.337230153332124e-06+0j)
0.0012682160241497663	1.6083718839102408e-06	1.9198196099523556e-08	1.6129136147500963e-06	0.0	(1.6129136147500963e-06+0j)
0.0013884756608149335	1.9278646606754663e-06	2.3011715200027538e-08	1.9346868042309074e-06	0.0	(1.9346868042309074e-06+0j)
0.0015162451328869407	2.2989993030033365e-06	2.7441609518064068e-08	2.308603177828633e-06	0.0	(2.308603177828633e-06+0j)
0.001651772529781229	2.728352490139881e-06	3.256636134096879e-08	2.7413133657310263e-06	0.0	(2.7413133657310263e-06+0j)
0.001795308402946694	3.223132261691009e-06	3.8471983998533684e-08	3.240106990750196e-06	0.0	(3.240106990750196e-06+0j)
0.001947105850265665	3.791221192138778e-06	4.52525398486614e-08	3.8129563304622085e-06	0.0	(3.8129563304622085e-06+0j)
0.0021074206017169745	4.441221592541135e-06	5.301066572371838e-08	4.468562069117264e-06	0.0	(4.468562069117264e-06+0j)
0.0022765111063480586	5.182502817326061e-06	6.185815113468606e-08	5.216401206951831e-06	0.0	(5.216401206951831e-06+0j)
0.0024546386206030298	6.0252507577559444e-06	7.191651114624165e-08	6.066777154620382e-06	0.0	(6.066777154620382e-06+0j)
0.0026420672980546644	6.9805196074498744e-06	8.331761147672978e-08	7.030872123733534e-06	0.0	(7.030872123733534e-06+0j)
0.0028390642805893175	8.060285989318138e-06	9.620430532208956e-08	8.120801932955014e-06	0.0	(8.120801932955014e-06+0j)
0.0030458997910948536	9.277505537391672e-06	1.1073110695036803e-07	9.349673266371537e-06	0.0	(9.349673266371537e-06+0j)
0.0032628472277028246	1.0646172031328008e-05	1.2706488794478332e-07	1.0731643540274526e-05	0.0	(1.0731643540274526e-05+0j)
0.003490183259637317	1.2181379185852567e-05	1.4538561208254918e-07	1.2281983455517621e-05	0.0	(1.2281983455517621e-05+0j)
0.0037281879247241132	1.389938520205869e-05	1.6588709419451675e-07	1.4017142331964311e-05	0.0	(1.4017142331964311e-05+0j)
0.003977144728615041	1.5817680192350406e-05	1.887777971276705e-07	1.595481633254653e-05	0.0	(1.595481633254653e-05+0j)
0.004237340745783784	1.7955056595879472e-05	2.1428165934977981e-07	1.8114019773962856e-05	0.0	(1.8114019773962856e-05+0j)
0.004509066722350688	2.0331682706610376e-05	2.4263896092335813e-07	2.0515159521463533e-05	0.0	(2.0515159521463533e-05+0j)
0.004792617180795609	2.2969179441657252e-05	2.741072218537255e-07	2.3180112711036568e-05	0.0	(2.3180112711036568e-05+0j)
0.00508829052661923	2.5890700483282996e-05	3.089621409380072e-07	2.6132307826763377e-05	0.0	(2.6132307826763377e-05+0j)
0.005396389157014874	2.91210159339477e-05	3.4749857271698657e-07	2.9396809406118096e-05	0.0	(2.9396809406118096e-05+0j)
0.005717219571614335	3.268659963005e-05	3.9003154359562583e-07	3.300040637835401e-05	0.0	(3.300040637835401e-05+0j)
0.006051092485372929	3.661572026653673e-05	4.3689731099583184e-07	3.6971704280151216e-05	0.0	(3.6971704280151216e-05+0j)
0.00639832294366065	4.093853649137429e-05	4.884544629435438e-07	4.1341221522427784e-05	0.0	(4.1341221522427784e-05+0j)
0.006759230439628037	4.5687196135994224e-05	5.450850638188953e-07	4.6141489759730856e-05	0.0	(4.6141489759730856e-05+0j)
0.007134139033917196	5.089593975526098e-05	6.071958443376601e-07	5.140715869542126e-05	0.0	(5.140715869542126e-05+0j)
0.007523377476790291	5.660120865827544e-05	6.752194379622267e-07	5.7175105352356105e-05	0.0	(5.7175105352356105e-05+0j)
0.00792727933274973	6.2841757619441e-05	7.496156661401798e-07	6.348454814943218e-05	0.0	(6.348454814943218e-05+0j)
0.008346183107726328	6.965877246769631e-05	8.308728720374248e-07	7.037716584046074e-05	0.0	(7.037716584046074e-05+0j)
0.008780432378913766	7.709599276067726e-05	9.195093048974811e-07	7.7897221618999e-05	0.0	(7.7897221618999e-05+0j)
0.009230375927329837	8.519983975983015e-05	1.0160745570919616e-06	8.60916925675472e-05	0.0	(8.60916925675472e-05+0j)
0.00969636787318723	9.401954993217744e-05	1.1211510524966606e-06	9.501040470674494e-05	0.0	(9.501040470674494e-05+0j)
0.010178767814158789	0.00010360731421455489	1.235355591056031e-06	0.00010470617381528078	0.0	(0.00010470617381528078+0j)
0.010677940966624817	0.00011401842328672454	1.3593409469714324e-06	0.00011523495236883351	0.0	(0.00011523495236883351+0j)
0.011194258309992119	0.0001253114191108276	1.4937975241435807e-06	0.00012665598276324666	0.0	(0.00012665598276324666+0j)
0.011728096734177362	0.0001375482530062217	1.639455068536133e-06	0.00013903195711285668	0.0	(0.00013903195711285668+0j)
0.012279839190349848	0.00015079445054085202	1.7970844387926731e-06	0.00015242918395810362	0.0	(0.00015242918395810362+0j)
0.012849874845031441	0.00016511928353297182	1.967499435373554e-06	0.0001669177621603123	0.0	(0.0001669177621603123+0j)
0.013438599237654378	0.0001805959494702848	2.15155868957817e-06	0.00018257176217762881	0.0	(0.00018257176217762881+0j)
0.014046414441680602	0.00019730175866745336	2.350167611570031e-06	0.00019946941521374365	0.0	(0.00019946941521374365+0j)
0.014673729229389235	0.00021531832949743198	2.56428039900336e-06	0.00021769331047498397	0.0	(0.00021769331047498397+0j)
0.015320959240441951	0.00023473179204728362	2.7949021051854037e-06	0.00023733060088873854	0.0	(0.00023733060088873854+0j)
0.01598852715433943	0.00025563300056504927	3.0430907670575544e-06	0.00025847321767117026	0.0	(0.00025847321767117026+0j)
0.01667686286688518	0.00027811775508089373	3.309959592079359e-06	0.0002812180941196452	0.0	(0.0002812180941196452+0j)
0.017386403670776745	0.00030228703260319905	3.5966792034825e-06	0.0003056673990588418	0.0	(0.0003056673990588418+0j)
0.01811759444044789	0.0003282472283085483	3.904479942287708e-06	0.00033192878024701673	0.0	(0.00033192878024701673+0j)
0.01887088782128885	0.0003561104071636678	4.2346542247856386e-06	0.000360115618330886	0.0	(0.000360115618330886+0j)
0.0196467444233761	0.00038599456643745983	4.5885589531086126e-06	0.0003903472917068768	0.0	(0.0003903472917068768+0j)
0.020445633019846577	0.00041802390958224064	4.967617976461835e-06	0.0004227494527728806	0.0	(0.0004227494527728806+0j)
0.021268030750055813	0.0004523291319853196	5.373324599783347e-06	0.00045745431608955193	0.0	(0.00045745431608955193+0j)
0.02211442332766371	0.0004890477191151169	5.807244136185607e-06	0.0004946009589494269	0.0	(0.0004946009589494269+0j)
0.022985305253795843	0.0005283242576101748	6.2710164986073956e-06	0.0005343356349486287	0.0	(0.0005343356349486287+0j)
0.023881180035433255	0.0005703107598847759	6.766358825563423e-06	0.0005768121010204817	0.0	(0.0005768121010204817+0j)
0.024802560409188133	0.0006151670028514266	7.2950681350048e-06	0.000622191958657876	0.0	(0.000622191958657876+0j)
0.025749968570627883	0.0006630608813883238	7.85902399941668e-06	0.0006706450098449453	0.0	(0.0006706450098449453+0j)
0.02672393640931522	0.0007141687772091237	8.460191234130331e-06	0.000722349628392355	0.0	(0.000722349628392355+0j)
0.02772500574973721	0.0007686759438229613	9.100622590119122e-06	0.000777493147344565	0.0	(0.000777493147344565+0j)
0.028753728598301782	0.0008267769083047978	9.782461440978329e-06	0.0008362722631604044	0.0	(0.0008362722631604044+0j)
0.029810667396585683	0.0008886758906298567	1.0507944452785301e-05	0.0008988934574351605	0.0	(0.0008988934574351605+0j)
0.030896395281024336	0.0009545872413613028	1.1279404224054379e-05	0.0009655734369229213	0.0	(0.0009655734369229213+0j)
0.032011496349239346	0.001024735898517364	1.2099271881506335e-05	0.0010365395926889096	0.0	(0.0010365395926889096+0j)
0.033156565933206816	0.0010993578644830908	1.2970079615794161e-05	0.001112030479196252	0.0	(0.001112030479196252+0j)
0.03433221087947522	0.0011787007038727565	1.3894463139578483e-05	0.0011922963143156508	0.0	(0.0011922963143156508+0j)
0.035539049836649024	0.001263024063291823	1.4875164048464006e-05	0.0012775995010801246	0.0	(0.0012775995010801246+0j)
0.03677771355036136	0.0013526002139924334	1.5915032063266304e-05	0.0013682151722421482	0.0	(0.0013682151722421482+0j)
0.038048845165965975	0.0014477146184636524	1.7017027130077773e-05	0.0014644317586450508	0.0	(0.0014644317586450508+0j)
0.03935310053918671	0.0015486665220473374	1.8184221352107732e-05	0.0015665515824226986	0.0	(0.0015665515824226986+0j)
0.040691148554970594	0.0016557695707226853	1.941980072500682e-05	0.0016748914762628958	0.0	(0.0016748914762628958+0j)
0.04206367145479865	0.0017693524562572426	2.0727066644731644e-05	0.0017897834297535193	0.0	(0.0017897834297535193+0j)
0.04347136517271722	0.0018897595899797317	2.2109437154266275e-05	0.0019115752641931316	0.0	(0.0019115752641931316+0j)
0.04491493968036148	0.0020173518064905104	2.3570447892681812e-05	0.002040631337080413	0.0	(0.002040631337080413+0j)
0.04639511934125177	0.0021525070986889937	2.511375270699903e-05	0.0021773332776160816	0.0	(0.0021773332776160816+0j)
0.04791264327465291	0.0022956213855641425	2.674312388411537e-05	0.0023220807546909038	0.0	(0.0023220807546909038+0j)
0.049468265729297044	0.0024471093142643444	2.8462451956851734e-05	0.002475292278728943	0.0	(0.002475292278728943+0j)
0.05106275646727974	0.0026074050980367186	3.0275745034766957e-05	0.0026374060390987044	0.0	(0.0026374060390987044+0j)
0.052696901158450896	0.002776963391703543	3.218712760686658e-05	0.002808880778543596	0.0	(0.002808880778543596+0j)
0.05437150178563229	0.0029562602064250156	3.420083875983748e-05	0.002990196706419969	0.0	(0.002990196706419969+0j)
0.05608737706100519	0.003145793865583371	3.63212297517939e-05	0.003181856452531643	0.0	(0.003181856452531643+0j)
0.05784536285402355	0.0033460860037136477	3.8552760877912785e-05	0.0033843860633433935	0.0	(0.0033843860633433935+0j)
0.059646312631220576	0.003557682610501303	4.089999756075498e-05	0.003598336042617959	0.0	(0.003598336042617959+0j)
0.06149109790828906	0.003781155121966791	4.3367605594511055e-05	0.0038242824384392324	0.0	(0.0038242824384392324+0j)
0.06338060871482991	0.004017101561062373	4.596034546903854e-05	0.004062827978822629	0.0	(0.004062827978822629+0j)
0.06531575407217595	0.004266147730016969	4.868306569632101e-05	0.004314603258151979	0.0	(0.004314603258151979+0j)
0.06729746248471398	0.004528948456881485	5.154069505902224e-05	0.004580267976755063	0.0	(0.004580267976755063+0j)
0.06932668244514165	0.004806188898849511	5.4538233698205385e-05	0.004860512236174222	0.0	(0.004860512236174222+0j)
0.07140438295411211	0.005098585905057496	5.768074295508796e-05	0.005156057892667203	0.0	(0.005156057892667203+0j)
0.0735315540547355	0.00540688944170449	6.097333388009138e-05	0.00546765997173177	0.0	(0.00546765997173177+0j)
0.07570920738242252	0.005731884082474661	6.442115432144981e-05	0.005796108146525846	0.0	(0.005796108146525846+0j)
0.07793837673057366	0.0060743905673968255	6.802937450549572e-05	0.006142228283118835	0.0	(0.006142228283118835+0j)
0.0802201186326351	0.00643526743343405	7.18031710214926e-05	0.006506884055950444	0.0	(0.006506884055950444+0j)
0.08255551296106181	0.0068154127202640444	7.574770912578288e-05	0.006890978636674667	0.0	(0.006890978636674667+0j)
0.08494566354374737	0.007215765754887531	7.986812328318135e-05	0.0072954564600405235	0.0	(0.0072954564600405235+0j)
0.08739169879850106	0.007637309018887932	8.416949586818218e-05	0.007721305070495129	0.0	(0.007721305070495129+0j)
0.08989477238617372	0.008081070102361981	8.865683395489071e-05	0.00816955705344347	0.0	(0.00816955705344347+0j)
0.09245606388305627	0.008548123748747782	9.333504413279423e-05	0.008641292055360092	0.0	(0.008641292055360092+0j)
0.09507677947319713	0.00903959399499496	9.820890529583376e-05	0.00913763889703548	0.0	(0.00913763889703548+0j)
0.09775815266131012	0.009556656411752015	0.00010328303936495497	0.009659777784650601	0.0	(0.009659777784650601+0j)
0.10050144500696728	0.010100540448488468	0.00010856187991959273	0.01020894262353152	0.0	(0.01020894262353152+0j)
0.10330794688080004	0.010672531888726203	0.00011404963873170165	0.010786423439714539	0.0	(0.010786423439714539+0j)
0.10617897824345514	0.011273975420824119	0.00011975027021712364	0.011393568914794759	0.0	(0.011393568914794759+0j)
0.10911588944808466	0.011906277330046634	0.0001256674338435993	0.012031789039755502	0.0	(0.012031789039755502+0j)
0.11212006206717451	0.012570908317947065	0.0001318044545626912	0.012702557893967988	0.0	(0.012702557893967988+0j)
0.11519290974454892	0.013269406455415793	0.00013816428136454953	0.013407416555713886	0.0	(0.013407416555713886+0j)
0.11833587907341994	0.014003380276079067	0.00014474944408988163	0.014147976151088797	0.0	(0.014147976151088797+0j)
0.12155045050138329	0.014774512017089228	0.0001515620086727954	0.014925921048592987	0.0	(0.014925921048592987+0j)
0.12483813926329666	0.015584561014722251	0.00015860353103138661	0.015743012206996032	0.0	(0.015743012206996032+0j)
0.12820049634301459	0.016435367262595296	0.00016587500986993108	0.016601090684617594	0.0	(0.016601090684617594+0j)
0.1316391094649878	0.017328855140735042	0.00017337683870718298	0.017502081318761756	0.0	(0.017502081318761756+0j)
0.13515560411677824	0.018267037324171283	0.00018110875749925435	0.018447996584211854	0.0	(0.018447996584211854+0j)
0.1387516446035787	0.01925201888019781	0.00018906980428243578	0.01944094064063757	0.0	(0.01944094064063757+0j)
0.14242893513587063	0.020286001563938044	0.0001972582673205183	0.020483113578952886	0.0	(0.020483113578952886+0j)
0.14618922095139725	0.021371288322376444	0.00020567163830192587	0.02157681587763216	0.0	(0.02157681587763216+0j)
0.1500342894726754	0.022510288017570552	0.00021430656719328883	0.022724453079948553	0.0	(0.022724453079948553+0j)
0.15396597150131844	0.0237055203803448	0.00022315881941680448	0.023928540704469176	0.0	(0.023928540704469176+0j)
0.1579861424504933	0.024959621206387565	0.00023222323607742328	0.02519170940156972	0.0	(0.02519170940156972+0j)
0.16209672361688598	0.02627534780732912	0.00024149369802090482	0.02651671036875413	0.0	(0.02651671036875413+0j)
0.1662996834936075	0.02765558473007403	0.00025096309455322695	0.027906421039369973	0.0	(0.027906421039369973+0j)
0.17059703912552715	0.02910334975839664	0.00026062329769354817	0.02936385105929751	0.0	(0.02936385105929751+0j)
0.17499085750858182	0.030621800211588786	0.0002704651428645728	0.03089214856741302	0.0	(0.03089214856741302+0j)
0.17948325703467147	0.032214239555773946	0.00028047841694318307	0.032494606795814104	0.0	(0.032494606795814104+0j)
0.18407640898381836	0.033884124344377965	0.00029065185459788856	0.03417467100778059	0.0	(0.03417467100778059+0j)
0.18877253906533345	0.035635071505172845	0.0003009731438251701	0.03593594579102183	0.0	(0.03593594579102183+0j)
0.19357392900980788	0.03747086599229414	0.0003114289415613654	0.037782202726649596	0.0	(0.037782202726649596+0j)
0.19848291821381936	0.0393954688226737	0.00032200490018759	0.039717388452561335	0.0	(0.039717388452561335+0j)
0.2035019054393242	0.04141302551743565	0.00033268570565977165	0.041745633142957615	0.0	(0.041745633142957615+0j)
0.20863335056978574	0.043527874969975115	0.00034345512788197584	0.043871259427718814	0.0	(0.043871259427718814+0j)
0.21387977642517536	0.045744558763682996	0.00035429608379710905	0.04609879177350748	0.0	(0.04609879177350748+0j)
0.21924377063807438	0.048067830963600566	0.000365190713493736	0.048432966351187684	0.0	(0.048432966351187684+0j)
0.22472798759319407	0.05050266840768679	0.0003761204694209541	0.05087874141683763	0.0	(0.05087874141683763+0j)
0.23033515043273323	0.053054281524869844	0.0003870662185658952	0.0534413082318588	0.0	(0.0534413082318588+0j)
0.2360680531300946	0.05572812570863317	0.00039800835718254855	0.05612610255124823	0.0	(0.05612610255124823+0j)
0.24192956263458582	0.058529913276561985	0.0004089269373697372	0.058938816710632405	0.0	(0.058938816710632405+0j)
0.24792262108984528	0.061465626048059	0.00041980180448529373	0.06188541234054076	0.0	(0.06188541234054076+0j)
0.2540502481288529	0.06454152857433174	0.0004306127440594963	0.0649721337439548	0.0	(0.0649721337439548+0j)
0.2603155432485035	0.06776418205676349	0.0004413396365420284	0.06820552197068704	0.0	(0.06820552197068704+0j)
0.2667216882668555	0.07114045899192165	0.00045196261789321086	0.07159242962089059	0.0	(0.07159242962089059+0j)
0.27327194986629844	0.07467755858372872	0.0004624622437235506	0.07514003642504352	0.0	(0.07514003642504352+0j)
0.2799696822260281	0.07838302296574315	0.0004728196544085962	0.07885586562905468	0.0	(0.07885586562905468+0j)
0.28681832974736315	0.08226475427906714	0.0004830167383723221	0.0827478012359145	0.0	(0.0827478012359145+0j)
0.2938214298755963	0.08633103265413994	0.0004930362905558302	0.08682410614825084	0.0	(0.08682410614825084+0j)
0.30098261602223375	0.0905905351475874	0.0005028621629827269	0.09109344125337931	0.0	(0.09109344125337931+0j)
0.3083056205916502	0.09505235568840255	0.0005124794043107701	0.09556488551109633	0.0	(0.09556488551109633+0j)
0.3157942781163639	0.0997260260910354	0.000521874385331975	0.10024795709073518	0.0	(0.10024795709073518+0j)
0.32345252850532874	0.1046215381964905	0.0005310349075582033	0.10515263562235258	0.0	(0.10515263562235258+0j)
0.3312844204098322	0.10974936720627844	0.0005399502923104718	0.11028938561912871	0.0	(0.11028938561912871+0j)
0.3392941147118041	0.11512049627806688	0.0005486114481173928	0.11566918114003283	0.0	(0.11566918114003283+0j)
0.34748588813954967	0.12074644245613163	0.0005570109147155935	0.1213035317645491	0.0	(0.1213035317645491+0j)
0.3558641370161595	0.12663928401425592	0.0005651428825213317	0.12720450995398916	0.0	(0.12720450995398916+0j)
0.3644333811460802	0.13281168929356416	0.0005730031870905728	0.13338477988562583	0.0	(0.13338477988562583+0j)
0.3731982678455901	0.13927694712294883	0.0005805892787818025	0.13985762784062114	0.0	(0.13985762784062114+0j)
0.38216357612318463	0.14604899891526113	0.0005879001685541269	0.14663699424588011	0.0	(0.14663699424588011+0j)
0.39133422101615867	0.15314247253832372	0.0005949363515414495	0.15373750746926126	0.0	(0.15373750746926126+0j)
0.4007152580899652	0.16057271806610743	0.0006016997107082235	0.16117451947576605	0.0	(0.16117451947576605+0j)
0.41031188810723823	0.1683558455221268	0.0006081934034799446	0.1689641434526475	0.0	(0.1689641434526475+0j)
0.4201294618736933	0.17650876473427912	0.0006144217347207715	0.1771232935425628	0.0	(0.1771232935425628+0j)
0.4301734852684612	0.18504922742801502	0.0006203900197745738	0.1856697267942515	0.0	(0.1856697267942515+0j)
0.4404496244667679	0.19399587169291685	0.0006261044414742542	0.19462208749124155	0.0	(0.19462208749124155+0j)
0.45096371136325314	0.2033682689665195	0.0006315719050459859	0.2039999539874008	0.0	(0.2039999539874008+0j)
0.4617217492046207	0.21318697368857467	0.0006367998946888052	0.21382388821707585	0.0	(0.21382388821707585+0j)
0.47272991844072854	0.22347357578897786	0.0006417963353052049	0.22411548804620404	0.0	(0.22411548804620404+0j)
0.4839945828036719	0.23425075618330043	0.0006465694624148505	0.2348974426374012	0.0	(0.2348974426374012+0j)
0.49552229562487815	0.24554234546134915	0.0006511277027302928	0.24619359101848573	0.0	(0.24619359101848573+0j)
0.5073198064007199	0.257373385966464	0.0006554795672466421	0.25802898405546765	0.0	(0.25802898405546765+0j)
0.5193940676176739	0.2697701974764328	0.0006596335580368119	0.2704299500389189	0.0	(0.2704299500389189+0j)
0.5317522418485942	0.28276044671100575	0.000663598089291141	0.28342416411421606	0.0	(0.28342416411421606+0j)
0.5444017091322467	0.29637322090611135	0.000667381422533331	0.29704072178902585	0.0	(0.29704072178902585+0j)
0.5573500746488577	0.3106391057110872	0.00067099161541621	0.3113102167813815	0.0	(0.3113102167813815+0j)
0.5706051767050645	0.3255902676826179	0.0006744364830749307	0.3262648234731954	0.0	(0.3262648234731954+0j)
0.584175095042342	0.3412605416677293	0.0006777235707059385	0.3419383842663275	0.0	(0.3419383842663275+0j)
0.598068159483679	0.35768552338819526	0.000680860135850962	0.3583665021497519	0.0	(0.3583665021497519+0j)
0.6122929589340428	0.3749026675602054	0.0006838531387900891	0.37558663880907284	0.0	(0.37558663880907284+0j)
0.6268583507509564	0.3929513919062091	0.0006867092394722498	0.39363821863475557	0.0	(0.39363821863475557+0j)
0.6417734705023628	0.4118731874406471	0.0006894347995148694	0.4125627390121317	0.0	(0.4125627390121317+0j)
0.6570477421298259	0.43171173543790214	0.0006920358879638959	0.4324038872920115	0.0	(0.4324038872920115+0j)
0.6726908885360721	0.4525130315194501	0.0006945182896973954	0.4532076648884341	0.0	(0.4532076648884341+0j)
0.6887129426168537	0.4743255173279656	0.0006968875155592232	0.4750225189620465	0.0	(0.4750225189620465+0j)
0.7051242587581799	0.4972002202892726	0.0006991488135065428	0.49789948219342506	0.0	(0.49789948219342506+0j)
0.721935524821055	0.5211909019986521	0.000701307180233681	0.5218923211806513	0.0	(0.5218923211806513+0j)
0.7391577746370641	0.5463542158064169	0.0007033673728874456	0.5470576940374565	0.0	(0.5470576940374565+0j)
0.7568024010393578	0.572749874218937	0.0007053339206125727	0.5734553178051099	0.0	(0.5734553178051099+0j)
0.7748811694549418	0.6004408267758582	0.0007072111357609819	0.6011481463409072	0.0	(0.6011481463409072+0j)
0.7934062320855423	0.6294934491121774	0.0007090031246679836	0.630202559391246	0.0	(0.630202559391246+0j)
0.8123901427058198	0.6599777439655822	0.0007107137979468144	0.6606885636090323	0.0	(0.6606885636090323+0j)
0.8318458721092578	0.6919675549452116	0.0007123468802846136	0.6926800063324949	0.0	(0.6926800063324949+0j)
0.8517868242337273	0.7255407939381787	0.0007139059197425776	0.7262548030009912	0.0	(0.7262548030009912+0j)
0.8722268530004768	0.7607796830951152	0.000715394296574321	0.7614951791491846	0.0	(0.7614951791491846+0j)
0.8931802799021815	0.7977710124061393	0.0007168152315823231	0.798487927991657	0.0	(0.798487927991657+0j)
0.9146619123776685	0.8366064139543736	0.0007181717940348632	0.8373246846840382	0.0	(0.8373246846840382+0j)
0.9366870630130316	0.877382654015979	0.0007194669091664623	0.878102218430884	0.0	(0.878102218430884+0j)
0.9592715696111017	0.9202019442641468	0.0007207033652844417	0.9209227436965889	0.0	(0.9209227436965889+0j)
0.9824318161736062	0.9651722734301703	0.000721883820503326	0.9658942518731354	0.0	(0.9658942518731354+0j)
1.0061847548428828	1.0124077608782323	0.0007230108091277156	1.0131308648615847	0.0	(1.0131308648615847+0j)
1.0305479288526944	1.0620290336625782	0.0007240867477031265	1.0627532121349927	0.0	(1.0627532121349927+0j)
1.0555394965405518	1.1141636287570815	0.0007251139407531672	1.1148888329737598	0.0	(1.1148888329737598+0j)
1.0811782564769803	1.168946422278603	0.0007260945862203525	1.169672605694723	0.0	(1.169672605694723+0j)
1.1074836737704155	1.226520087668016	0.0007270307806268472	1.2272472058370218	0.0	(1.2272472058370218+0j)
1.1344759076098252	1.2870355849471367	0.0007279245239704752	1.287763595424068	0.0	(1.287763595424068+0j)
1.1621758401108537	1.3506526833373687	0.0007287777243704396	1.351381545586953	0.0	(1.351381545586953+0j)
1.1906051065351553	1.4175405197075885	0.0007295922024763622	1.4182701950164929	0.0	(1.4182701950164929+0j)
1.2197861269567585	1.4878781955161693	0.0007303696956534574	1.4886086469096786	0.0	(1.4886086469096786+0j)
1.249742139453741	1.5618554151264137	0.0007311118619559282	1.5625866072889911	0.0	(1.5625866072889911+0j)
1.2804972349081958	1.6396731686075352	0.0007318202838999659	1.6404050678072104	0.0	(1.6404050678072104+0j)
1.3120763935025515	1.7215444623866623	0.0007324964720470966	1.7222770364029258	0.0	(1.7222770364029258+0j)
1.3445055230056484	1.807695101392692	0.000733141868407994	1.8084283194478818	0.0	(1.8084283194478818+0j)
1.3778114989477563	1.8983645266326632	0.0007337578496763147	1.8990983593265542	0.0	(1.8990983593265542+0j)
1.4120222067898245	1.9938067124676058	0.0007343457303015632	1.9945411317150628	0.0	(1.9945411317150628+0j)
1.4471665861988359	2.0942911282103926	0.0007349067654094925	2.0950261071820315	0.0	(2.0950261071820315+0j)
1.4832746775481236	2.20010376905549	0.0007354421535780649	2.200839282121067	0.0	(2.200839282121067+0j)
1.5203776707690226	2.3115482617730385	0.0007359530394765508	2.3122842844473	0.0	(2.3122842844473+0j)
1.5585079566882198	2.42894705106049	0.0007364405163749224	2.4296835599519433	0.0	(2.4296835599519433+0j)
1.5976991809937733	2.5526426729481737	0.0007369056285302978	2.5533796457099514	0.0	(2.5533796457099514+0j)
1.6379863009819313	2.6829991222044702	0.0007373493734568216	2.683736537487473	0.0	(2.683736537487473+0j)
1.6794056452467305	2.8204033212865873	0.0007377727040850132	2.821141158694905	0.0	(2.821141158694905+0j)
1.7219949764848979	2.965266699039224	0.0007381765308162864	2.966004939087528	0.0	(2.966004939087528+0j)
1.7657935575998587	3.1180268880611655	0.0007385617234780252	3.118765512134151	0.0	(3.118765512134151+0j)
1.8108422213008069	3.2791495504456405	0.0007389291131843141	3.279888540759187	0.0	(3.279888540759187+0j)
1.8571834434057672	3.449130342460503	0.0007392794941071416	3.449869682024868	0.0	(3.449869682024868+0j)
1.9048614200715395	3.628497029676962	0.0007396136251626313	3.6292367022613132	0.0	(3.6292367022613132+0j)
1.9539221491884349	3.8178117650891523	0.0007399322316166143	3.8185517551879027	0.0	(3.8185517551879027+0j)
2.004413516193774	4.017673543900289	0.0007402360066136219	4.018413836701109	0.0	(4.018413836701109+0j)
2.056385384575469	4.228720849895599	0.0007405256126331583	4.229461431248534	0.0	(4.229461431248534+0j)
2.109889691355602	4.451634509688637	0.0007408016828769097	4.452375366076967	0.0	(4.452375366076967+0j)
2.1649805478639736	4.687140772629392	0.0007410648225903477	4.687881891141577	0.0	(4.687881891141577+0j)
2.221714346133128	4.936014635813752	0.0007413156103220044	4.936756004116708	0.0	(4.936756004116708+0j)
2.280149871269615	5.1990834354508415	0.0007415545991235229	5.199825041764519	0.0	(5.199825041764519+0j)
2.340348420181257	5.477230727844906	0.0007417823176934201	5.477972560917729	0.0	(5.477972560917729+0j)
2.4023739270672144	5.771400485452349	0.0007419992714673506	5.772142534538168	0.0	(5.772142534538168+0j)
2.4662930961066483	6.082601635903317	0.0007422059436575064	6.083343890739084	0.0	(6.083343890739084+0j)
2.53217554181336	6.411912974557783	0.0007424027962436584	6.412655425342175	0.0	(6.412655425342175+0j)
2.600093937557491	6.760488484123218	0.0007425902709182075	6.761231121496542	0.0	(6.761231121496542+0j)
2.6701241727922507	7.129563098129501	0.0007427687899874939	7.130305913153981	0.0	(7.130305913153981+0j)
2.742345519563008	7.520458948667304	0.0007429387572314997	7.521201932808605	0.0	(7.521201932808605+0j)
2.8168408089191725	7.934592142792418	0.0007431005587239623	7.935335287901701	0.0	(7.935335287901701+0j)
2.8936966178954187	8.373480116419385	0.0007432545636148208	8.374223414715836	0.0	(8.374223414715836+0j)
2.9730034677792423	8.8387496194274	0.0007434011248768131	8.839493063481447	0.0	(8.839493063481447+0j)
3.0548560344360047	9.332145391130073	0.0007435405800179519	9.332888973847037	0.0	(9.332888973847037+0j)
3.139353371521828	9.855539591285467	0.0007436732517615182	9.856283305889187	0.0	(9.856283305889187+0j)
3.2265991474784026	10.410942058508354	0.0007437994486951291	10.411685898525443	0.0	(10.411685898525443+0j)
3.31670189727347	11.000511475377435	0.0007439194658903558	11.001255434621221	0.0	(11.001255434621221+0j)
3.409775289925844	11.626567527788874	0.000744033585494297	11.627311600344	0.0	(11.627311600344+0j)
3.505938412936072	12.291604155300703	0.0007441420772944373	12.29234833550798	0.0	(12.29234833550798+0j)
3.6053160748326105	12.998303999446422	0.0007442451992580587	12.999048281888095	0.0	(12.999048281888095+0j)
3.708039127140636	13.74955416840589	0.0007443431980474048	13.750298547892134	0.0	(13.750298547892134+0j)
3.814244807185861	14.548463449144304	0.0007444363095117427	14.549207920700958	0.0	(14.549207920700958+0j)
3.9240771032610224	15.398381112337416	0.0007445247591574071	15.399125671195316	0.0	(15.399125671195316+0j)
4.037687143807751	16.30291747127039	0.0007446087625968572	16.30366211285709	0.0	(16.30366211285709+0j)
4.15523361240365	17.26596637364909	0.0007446885259777305	17.266711093582646	0.0	(17.266711093582646+0j)
4.276883190493413	18.291729825125113	0.0007447642463928227	18.29247461920998	0.0	(18.29247461920998+0j)
4.402811029966271	19.384744965592656	0.0007448361122718824	19.385489829817974	0.0	(19.385489829817974+0j)
4.533201257860082	20.549913644264226	0.0007449043037560638	20.550658574803894	0.0	(20.550658574803894+0j)
4.6682475156679075	21.79253486753959	0.0007449689930558399	21.793279860753334	0.0	(21.793279860753334+0j)
4.808153535936197	23.118340425135752	0.0007450303447931372	23.11908547757081	0.0	(23.11908547757081+0j)
4.953133759078175	24.53353403531989	0.0007450885163284219	24.534279143712645	0.0	(24.534279143712645+0j)
5.103413993582461	26.04483438989329	0.0007451436580734255	26.04557955116961	0.0	(26.04557955116961+0j)
5.259232123078992	27.659522524425963	0.0007451959137901675	27.660267735699897	0.0	(27.660267735699897+0j)
5.420838864033355	29.385493989814435	0.0007452454208769034	29.386239248385163	0.0	(29.386239248385163+0j)
5.588498578181307	31.23131635833449	0.0007452923106415915	31.232061661679335	0.0	(31.232061661679335+0j)
5.762490144188762	33.20629266187262	0.0007453367085634477	33.207038007638694	0.0	(33.207038007638694+0j)
5.943107893435154	35.32053143301123	0.0007453787345431274	35.32127681900316	0.0	(35.32127681900316+0j)
6.130662615271313	37.585024102285296	0.0007454185031420486	37.5857695264511	0.0	(37.5857695264511+0j)
6.325482637604348	40.01173059863406	0.0007454561238113492	40.01247605904945	0.0	(40.01247605904945+0j)
6.5279149892138815	42.61367410640327	0.000745491701110941	42.614419601254056	0.0	(42.614419601254056+0j)
6.738326650815264	45.40504605308725	0.0007455253349191096	45.40579158065364	0.0	(45.40579158065364+0j)
6.957105902559871	48.401322539433394	0.0007455571206330807	48.40206809807475	0.0	(48.40206809807475+0j)
7.1846637764105	51.619393580065186	0.0007455871493609591	51.620139168207665	0.0	(51.620139168207665+0j)
7.421435622657183	55.07770670124501	0.0007456155081054238	55.07845231737143	0.0	(55.07845231737143+0j)
7.667882800757656	58.796426646155076	0.0007456422799395477	58.797172288800816	0.0	(58.797172288800816+0j)
7.92449450570503	62.797613170949205	0.0007456675441750905	62.79835883869722	0.0	(62.79835883869722+0j)
8.191789742258713	67.10541918137507	0.000745691376523599	67.10616487285868	0.0	(67.10616487285868+0j)
8.470319460633334	71.74631176518378	0.0007457138492506331	71.74705747908558	0.0	(71.74705747908558+0j)
8.760668868643995	76.74931902602805	0.0007457350313234205	76.75006476108265	0.0	(76.75006476108265+0j)
9.0634599368687	82.14630602722397	0.0007457549885522307	82.1470517822221	0.0	(82.1470517822221+0j)
9.379354115134207	87.97228361708498	0.000745773783725742	87.97302939087234	0.0	(87.97302939087234+0j)
9.70905528057937	94.26575444134616	0.0007457914767406678	94.26650023282438	0.0	(94.26650023282438+0j)
10.053312939730441	101.06910106415152	0.000745808124725891	101.06984687227626	0.0	(101.06984687227626+0j)
10.412925709461692	108.42902183076829	0.000745823782161348	108.42976765455076	0.0	(108.42976765455076+0j)
10.788745104450985	116.3970209288151	0.0007458385009918908	116.39776676731663	0.0	(116.39776676731663+0j)
11.181679661808277	125.02996005929685	0.0007458523307363449	125.03070591162735	0.0	(125.03070591162735+0j)
11.592699437005214	134.390680236741	0.0007458653185919725	134.3914261020594	0.0	(134.3914261020594+0j)
12.022840909112986	144.54870352584078	0.0007458775095345401	144.5494494033506	0.0	(144.5494494033506+0j)
12.473212337728176	155.5810260220544	0.0007458889464141794	155.58177191100054	0.0	(155.58177191100054+0j)
12.944999618894892	167.5730151331889	0.000745899670047225	167.573761032859	0.0	(167.573761032859+0j)
13.4394726929019	180.61942626325583	0.0007459097193042002	180.62017217297554	0.0	(180.62017217297554+0j)
13.95799256312947	194.82555639237756	0.0007459191311941177	194.82630231150864	0.0	(194.82630231150864+0j)
14.502018992255339	210.30855485173456	0.0007459279409452536	210.30930077967548	0.0	(210.30930077967548+0j)
15.073118950217209	227.19891488739714	0.0007459361820825448	227.19966082357945	0.0	(227.19966082357945+0j)
15.672975897519757	245.64217348423523	0.0007459438865017546	245.64291942812127	0.0	(245.64291942812127+0j)
16.30339999792458	265.8008514923272	0.0007459510845405447	265.8015974434114	0.0	(265.8015974434114+0j)
16.966339366471665	287.8566714982861	0.0007459578050465852	287.85741745609096	0.0	(287.85741745609096+0j)
17.663892472366342	312.0130972753203	0.0007459640754428279	312.0138432393961	0.0	(312.0138432393961+0j)
18.398321831796846	338.49824622637243	0.0007459699217900649	338.49899219629407	0.0	(338.49899219629407+0j)
19.172069143522997	367.5682352440266	0.000745975368846886	367.5689812193958	0.0	(367.5689812193958+0j)
19.987772040461227	399.51103114144354	0.0007459804401271444	399.5117771218831	0.0	(399.5117771218831+0j)
20.84828265390689	434.6508896171949	0.0007459851579550394	434.6516356023527	0.0	(434.6516356023527+0j)
21.756688213976226	473.353482040172	0.0007459895435179109	473.3542280297151	0.0	(473.3542280297151+0j)
22.716333940912474	516.031827715052	0.0007459936169168481	516.0325737086696	0.0	(516.0325737086696+0j)
23.73084851776959	563.1531713733272	0.0007459973972151997	563.1539173707245	0.0	(563.1539173707245+0j)
24.804172476499513	615.2469722439359	0.0007460009024850741	615.2477182448401	0.0	(615.2477182448401+0j)
25.940589877590973	672.9142031973753	0.0007460041498519166	672.9149492015259	0.0	(672.9149492015259+0j)
27.14476371932338	736.8381973778947	0.0007460071555372414	736.8389433850507	0.0	(736.8389433850507+0j)
28.421775577784274	807.7973269939346	0.0007460099348995949	807.7980730038685	0.0	(807.7980730038685+0j)
29.777170054741106	886.6798564689705	0.0007460125024738263	886.6806024814706	0.0	(886.6806024814706+0j)
31.217004699239933	974.5013823923681	0.0007460148720087341	974.5021284072429	0.0	(974.5021284072429+0j)
32.747906172853575	1072.4253587060214	0.000746017056503155	1072.426104723078	0.0	(1072.426104723078+0j)
34.37713355070611	1181.7873111630838	0.0007460190682405636	1181.7880571821524	0.0	(1181.7880571821524+0j)
36.1126497942929	1304.123475165243	0.0007460209188222386	1304.124221186167	0.0	(1304.124221186167+0j)
37.963202601939585	1441.2047517959124	0.0007460226191990606	1441.2054978185304	0.0	(1441.2054978185304+0j)
39.93841604370705	1595.0770760802368	0.0007460241797019931	1595.0778221044163	0.0	(1595.0778221044163+0j)
42.0488946259587	1768.1095392649786	0.0007460256100713035	1768.1102852905942	0.0	(1768.1102852905942+0j)
44.3063417144323	1963.0519161160437	0.0007460269194845749	1963.0526621429638	0.0	(1963.0526621429638+0j)
46.7236945829899	2183.1036354845196	0.0007460281165835585	2183.1043815126427	0.0	(2183.1043815126427+0j)
49.31527876000004	2431.9967191765113	0.0007460292094999132	2431.997465205725	0.0	(2431.997465205725+0j)
52.09698483000059	2714.095828377312	0.0007460302058798791	2714.096574407524	0.0	(2714.096574407524+0j)
55.08647143290039	3034.5193349277506	0.0007460311129079257	3034.520080958858	0.0	(3034.520080958858+0j)
58.30339890885323	3399.2863243248685	0.0007460319373294211	3399.287070356798	0.0	(3399.287070356798+0j)
61.76969889208737	3815.4957012191394	0.0007460326854723556	3815.496447251825	0.0	(3815.496447251825+0j)
65.5098861964565	4291.545189472683	0.000746033363268163	4291.545935506047	0.0	(4291.545935506047+0j)
69.5514206035539	4837.400107972461	0.0007460339762716742	4837.400854006438	0.0	(4837.400854006438+0j)
73.92512771679691	5464.924507944735	0.0007460345296802364	5464.925253979264	0.0	(5464.925253979264+0j)
78.66568995306919	6188.290775792411	0.0007460350283520344	6188.291521827439	0.0	(6188.291521827439+0j)
83.81222109797599	7024.488405376012	0.0007460354768236426	7024.48915141149	0.0	(7024.48915141149+0j)
89.40894076792034	7993.958689241488	0.0007460358793268413	7993.959435277367	0.0	(7993.959435277367+0j)
95.50596875190209	9121.390067239297	0.0007460362398047242	9121.390813275537	0.0	(9121.390813275537+0j)
102.16026374241683	10436.719487920167	0.0007460365619271264	10436.720233956728	0.0	(10436.720233956728+0j)
109.43673666083288	11976.399330972483	0.0007460368491053991	11976.400077009332	0.0	(11976.400077009332+0j)
117.40957596921426	13785.008529270695	0.000746037104506557	13785.0092753078	0.0	(13785.0092753078+0j)
126.1638314734695	15917.312372066013	0.0007460373310668228	15917.313118103344	0.0	(15917.313118103344+0j)
135.79731473932583	18440.910690411518	0.0007460375315045915	18440.91143644905	0.0	(18440.91143644905+0j)
146.42288913233602	21439.662461860367	0.0007460377083328393	21439.663207898077	0.0	(21439.663207898077+0j)
158.1712416884214	25018.14169725701	0.0007460378638709946	25018.142443294877	0.0	(25018.142443294877+0j)
171.19425391683407	29307.47257414146	0.0007460380002562958	29307.47332017946	0.0	(29307.47332017946+0j)
185.66912113051106	34473.02254137639	0.0007460381194546532	34473.02328741451	0.0	(34473.02328741451+0j)
201.80341259064414	40724.61733322975	0.0007460382232710327	40724.61807926797	0.0	(40724.61807926797+0j)
219.84132123719695	48330.206523316425	0.0007460383133593831	48330.20726935474	0.0	(48330.20726935474+0j)
240.07142706246006	57634.290091806084	0.0007460383912321197	57634.29083784448	0.0	(57634.29083784448+0j)
262.836399308869	69082.97280165122	0.0007460384582691841	69082.97354768967	0.0	(69082.97354768967+0j)
288.5451996188469	83258.3322230802	0.0007460385157266923	83258.33296911871	0.0	(83258.33296911871+0j)
317.6885353347575	100926.00548314345	0.0007460385647451906	100926.00622918202	0.0	(100926.00622918202+0j)
350.858570038611	123101.7361695389	0.0007460386063575279	123101.73691557751	0.0	(123101.73691557751+0j)
388.77425741880654	151145.42323154447	0.0007460386414963634	151145.42397758312	0.0	(151145.42397758312+0j)
432.3141694833717	186895.54113609742	0.0007460386710013195	186895.5418821361	0.0	(186895.5418821361+0j)
482.5594081882106	232863.58243095607	0.0007460386956257909	232863.58317699475	0.0	(232863.58317699475+0j)
540.8502227281518	292518.96342509147	0.000746038716043427	292518.9641711302	0.0	(292518.9641711302+0j)
608.861460144658	370712.27764948504	0.000746038732854292	370712.2783955238	0.0	(370712.2783955238+0j)
688.7042001214068	474313.47526486666	0.0007460387465907188	474313.4760109054	0.0	(474313.4760109054+0j)
783.0642560322963	613189.6290754137	0.0007460387577228637	613189.6298214524	0.0	(613189.6298214524+0j)
895.3932941925091	801729.1512849131	0.0007460387666639721	801729.1520309518	0.0	(801729.1520309518+0j)
1030.1761707171554	1061262.9427134618	0.0007460387737753648	1061262.9434595006	0.0	(1061262.9434595006+0j)
1193.310456657072	1423989.84596711	0.0007460387793711536	1423989.8467131488	0.0	(1423989.8467131488+0j)
1392.6540178654614	1939485.2134768127	0.0007460387837226922	1939485.2142228514	0.0	(1939485.2142228514+0j)
1638.829218206556	2685761.206447512	0.0007460387870627735	2685761.2071935507	0.0	(2685761.2071935507+0j)
1946.4273685286264	3788579.5009572734	0.0007460387895895777	3788579.501703312	0.0	(3788579.501703312+0j)
2335.8522065964303	5456205.531061413	0.0007460387914703793	5456205.5318074515	0.0	(5456205.5318074515+0j)
2836.2105753037786	8044090.427464991	0.0007460387928450183	8044090.42821103	0.0	(8044090.42821103+0j)
3489.969969937625	12179890.391066428	0.0007460387938291443	12179890.391812468	0.0	(12179890.391812468+0j)
4360.696925764805	19015677.678374622	0.0007460387945172337	19015677.67912066	0.0	(19015677.67912066+0j)
5546.372188325968	30762244.451435786	0.0007460387949853917	30762244.452181824	0.0	(30762244.452181824+0j)
7203.243728879368	51886720.217639945	0.0007460387952939399	51886720.21838599	0.0	(51886720.21838599+0j)
9590.609764578987	91979795.65643781	0.0007460387954897938	91979795.65718386	0.0	(91979795.65718386+0j)
13159.681857015545	173177226.57786408	0.000746038795608636	173177226.57861012	0.0	(173177226.57861012+0j)
18742.01600231651	351263163.8310882	0.0007460387956768883	351263163.8318342	0.0	(351263163.8318342+0j)
27982.86297320777	783040620.1773225	0.0007460387957134861	783040620.1780685	0.0	(783040620.1780685+0j)
44444.61752351378	1975324026.811428	0.0007460387957314568	1975324026.812174	0.0	(1975324026.812174+0j)
76813.26603926464	5900277839.618846	0.0007460387957393082	5900277839.619592	0.0	(5900277839.619592+0j)
150046.63327639527	22513992157.581047	0.0007460387957422239	22513992157.581795	0.0	(22513992157.581795+0j)
355704.3016402785	126525550205.39822	0.0007460387957430751	126525550205.39897	0.0	(126525550205.39897+0j)
1200594.1310054827	1441426267404.8103	0.0007460387957432433	1441426267404.811	0.0	(1441426267404.811+0j)
9605195.204771383	92259774921763.17	0.0007460387957432591	92259774921763.17	0.0	(92259774921763.17+0j)
