-1.0	-1.0	-0.02928451901875312	-1.0297250279384722	0.0	(-1.0297250279384722+0j)
-0.995	-0.990025	-0.029258863329191656	-1.0196473958896304	0.0	(-1.0196473958896304+0j)
-0.99	-0.9801	-0.029232818105685534	-1.0096512424872979	0.0	(-1.0096512424872979+0j)
-0.985	-0.970225	-0.029206375440396986	-0.999717044844361	0.0	(-0.999717044844361+0j)
-0.98	-0.9603999999999999	-0.029179527225837065	-0.9898391669937804	0.0	(-0.9898391669937804+0j)
-0.975	-0.9506249999999999	-0.02915226514900057	-0.9800151742333635	0.0	(-0.9800151742333635+0j)
-0.97	-0.9409	-0.029124580685319697	-0.9702437822921646	0.0	(-0.9702437822921646+0j)
-0.965	-0.931225	-0.029096465092431908	-0.960524225614496	0.0	(-0.960524225614496+0j)
-0.96	-0.9216	-0.029067909403757492	-0.9508560079568733	0.0	(-0.9508560079568733+0j)
-0.9550000000000001	-0.9120250000000001	-0.029038904421882294	-0.9412387871155965	0.0	(-0.9412387871155965+0j)
-0.9500000000000001	-0.9025000000000001	-0.029009440711741268	-0.9316723154403459	0.0	(-0.9316723154403459+0j)
-0.9450000000000001	-0.8930250000000001	-0.028979508593598602	-0.9221564065176492	0.0	(-0.9221564065176492+0j)
-0.9400000000000001	-0.8836000000000002	-0.028949098135820216	-0.9126909152912457	0.0	(-0.9126909152912457+0j)
-0.935	-0.8742250000000001	-0.028918199147434626	-0.9032757255856284	0.0	(-0.9032757255856284+0j)
-0.93	-0.8649000000000001	-0.028886801170478496	-0.8939107419466609	0.0	(-0.8939107419466609+0j)
-0.925	-0.8556250000000001	-0.02885489347212309	-0.8845958841203171	0.0	(-0.8845958841203171+0j)
-0.92	-0.8464	-0.028822465036578558	-0.8753310832077879	0.0	(-0.8753310832077879+0j)
-0.915	-0.8372250000000001	-0.028789504556772788	-0.8661162789223716	0.0	(-0.8661162789223716+0j)
-0.91	-0.8281000000000001	-0.028756000425802404	-0.8569514175913563	0.0	(-0.8569514175913563+0j)
-0.905	-0.819025	-0.028721940728153417	-0.8478364506746761	0.0	(-0.8478364506746761+0j)
-0.9	-0.81	-0.028687313230689807	-0.83877133364984	0.0	(-0.83877133364984+0j)
-0.895	-0.801025	-0.028652105373408676	-0.8297560251615902	0.0	(-0.8297560251615902+0j)
-0.89	-0.7921	-0.028616304259961138	-0.8207904863661413	0.0	(-0.8207904863661413+0j)
-0.885	-0.7832250000000001	-0.028579896647938773	-0.8118746804206037	0.0	(-0.8118746804206037+0j)
-0.88	-0.7744	-0.028542868938926172	-0.8030085720821362	0.0	(-0.8030085720821362+0j)
-0.875	-0.765625	-0.02850520716832073	-0.79419212739095	0.0	(-0.79419212739095+0j)
-0.87	-0.7569	-0.02846689699492177	-0.7854253134180448	0.0	(-0.7854253134180448+0j)
-0.865	-0.748225	-0.02842792369029196	-0.7767080980631192	0.0	(-0.7767080980631192+0j)
-0.86	-0.7395999999999999	-0.02838827212789488	-0.7680404498919667	0.0	(-0.7680404498919667+0j)
-0.855	-0.7310249999999999	-0.028347926772013744	-0.7594223380046481	0.0	(-0.7594223380046481+0j)
-0.85	-0.7224999999999999	-0.02830687166645733	-0.7508537319279686	0.0	(-0.7508537319279686+0j)
-0.845	-0.7140249999999999	-0.02826509042306056	-0.7423346015271552	0.0	(-0.7423346015271552+0j)
-0.84	-0.7055999999999999	-0.028222566209988347	-0.7338649169325228	0.0	(-0.7338649169325228+0j)
-0.835	-0.697225	-0.028179281739852832	-0.7254446484780303	0.0	(-0.7254446484780303+0j)
-0.8300000000000001	-0.6889000000000001	-0.02813521925765573	-0.7170737666489096	0.0	(-0.7170737666489096+0j)
-0.8250000000000001	-0.6806250000000001	-0.02809036052856905	-0.7087522420365037	0.0	(-0.7087522420365037+0j)
-0.8200000000000001	-0.6724000000000001	-0.02804468682556934	-0.7004800452984699	0.0	(-0.7004800452984699+0j)
-0.8150000000000001	-0.6642250000000001	-0.027998178916942385	-0.6922571471230307	0.0	(-0.6922571471230307+0j)
-0.81	-0.6561000000000001	-0.0279508170536773	-0.6840835181962953	0.0	(-0.6840835181962953+0j)
-0.805	-0.6480250000000001	-0.02790258095677125	-0.6759591291716252	0.0	(-0.6759591291716252+0j)
-0.8	-0.6400000000000001	-0.02785344980446802	-0.6678839506405493	0.0	(-0.6678839506405493+0j)
-0.795	-0.6320250000000001	-0.027803402219456187	-0.6598579531046054	0.0	(-0.6598579531046054+0j)
-0.79	-0.6241000000000001	-0.027752416256055283	-0.6518811069477108	0.0	(-0.6518811069477108+0j)
-0.785	-0.616225	-0.02770046938742061	-0.6439533824088958	0.0	(-0.6439533824088958+0j)
-0.78	-0.6084	-0.027647538492800536	-0.6360747495550624	0.0	(-0.6360747495550624+0j)
-0.775	-0.6006250000000001	-0.027593599844882834	-0.628245178253754	0.0	(-0.628245178253754+0j)
-0.77	-0.5929	-0.02753862909726955	-0.6204646381458471	0.0	(-0.6204646381458471+0j)
-0.765	-0.585225	-0.027482601272123302	-0.6127330986181303	0.0	(-0.6127330986181303+0j)
-0.76	-0.5776	-0.027425490748031037	-0.6050505287758587	0.0	(-0.6050505287758587+0j)
-0.755	-0.570025	-0.02736727124813466	-0.5974168974153273	0.0	(-0.5974168974153273+0j)
-0.75	-0.5625	-0.02730791582858175	-0.589832172996526	0.0	(-0.589832172996526+0j)
-0.745	-0.555025	-0.027247396867352877	-0.5822963236160532	0.0	(-0.5822963236160532+0j)
-0.74	-0.5476	-0.027185686053526115	-0.5748093169803631	0.0	(-0.5748093169803631+0j)
-0.735	-0.540225	-0.027122754377043003	-0.5673711203794992	0.0	(-0.5673711203794992+0j)
-0.73	-0.5328999999999999	-0.027058572119044395	-0.5599817006615015	0.0	(-0.5599817006615015+0j)
-0.725	-0.525625	-0.02699310884284841	-0.5526410242075548	0.0	(-0.5526410242075548+0j)
-0.72	-0.5184	-0.02692633338564716	-0.5453490569081126	0.0	(-0.5453490569081126+0j)
-0.715	-0.5112249999999999	-0.026858213851002833	-0.53810576414011	0.0	(-0.53810576414011+0j)
-0.71	-0.5041	-0.026788717602228142	-0.5309111107453969	0.0	(-0.5309111107453969+0j)
-0.705	-0.49702499999999994	-0.0267178112567403	-0.5237650610105875	0.0	(-0.5237650610105875+0j)
-0.7000000000000001	-0.4900000000000001	-0.026645460681482186	-0.5166675786484436	0.0	(-0.5166675786484436+0j)
-0.6950000000000001	-0.4830250000000001	-0.026571630989508304	-0.5096186267809372	0.0	(-0.5096186267809372+0j)
-0.6900000000000001	-0.4761000000000001	-0.026496286537837803	-0.5026181679240941	0.0	(-0.5026181679240941+0j)
-0.685	-0.46922500000000006	-0.026419390926680757	-0.4956661639748486	0.0	(-0.4956661639748486+0j)
-0.68	-0.4624000000000001	-0.02634090700014826	-0.4887625761999276	0.0	(-0.4887625761999276+0j)
-0.675	-0.45562500000000006	-0.026260796848560797	-0.48190736522697575	0.0	(-0.48190736522697575+0j)
-0.67	-0.4489000000000001	-0.02617902181247344	-0.47510049103799223	0.0	(-0.47510049103799223+0j)
-0.665	-0.44222500000000003	-0.026095542488540176	-0.4683419129652345	0.0	(-0.4683419129652345+0j)
-0.66	-0.43560000000000004	-0.026010318737343233	-0.4616315896897045	0.0	(-0.4616315896897045+0j)
-0.655	-0.42902500000000005	-0.025923309693316774	-0.45496947924233266	0.0	(-0.45496947924233266+0j)
-0.65	-0.42250000000000004	-0.025834473776897522	-0.4483555390079466	0.0	(-0.4483555390079466+0j)
-0.645	-0.41602500000000003	-0.02574376870903764	-0.4417897257322392	0.0	(-0.4417897257322392+0j)
-0.64	-0.4096	-0.02565115152821794	-0.43527199553172213	0.0	(-0.43527199553172213+0j)
-0.635	-0.403225	-0.02555657861010162	-0.4288023039068846	0.0	(-0.4288023039068846+0j)
-0.63	-0.39690000000000003	-0.025460005689970606	-0.42238060575863123	0.0	(-0.42238060575863123+0j)
-0.625	-0.390625	-0.025361387888088005	-0.41600685540815036	0.0	(-0.41600685540815036+0j)
-0.62	-0.3844	-0.025260679738131155	-0.40968100662026374	0.0	(-0.40968100662026374+0j)
-0.615	-0.378225	-0.025157835218840033	-0.40340301263045364	0.0	(-0.40340301263045364+0j)
-0.61	-0.3721	-0.025052807789025935	-0.39717282617564964	0.0	(-0.39717282617564964+0j)
-0.605	-0.366025	-0.024945550426084366	-0.390990399528888	0.0	(-0.390990399528888+0j)
-0.6	-0.36	-0.02483601566815492	-0.38485568453797175	0.0	(-0.38485568453797175+0j)
-0.595	-0.354025	-0.024724155660068768	-0.3787686326682574	0.0	(-0.3787686326682574+0j)
-0.59	-0.34809999999999997	-0.024609922203221744	-0.37272919504965074	0.0	(-0.37272919504965074+0j)
-0.585	-0.34222499999999995	-0.02449326680950744	-0.3667373225279798	0.0	(-0.3667373225279798+0j)
-0.58	-0.3364	-0.02437414075944035	-0.3607929657207796	0.0	(-0.3607929657207796+0j)
-0.5750000000000001	-0.33062500000000006	-0.024252495164594143	-0.35489607507767995	0.0	(-0.35489607507767995+0j)
-0.5700000000000001	-0.3249000000000001	-0.024128281034473877	-0.3490466009454098	0.0	(-0.3490466009454098+0j)
-0.5650000000000001	-0.3192250000000001	-0.024001449347934224	-0.34324449363758947	0.0	(-0.34324449363758947+0j)
-0.56	-0.31360000000000005	-0.023871951129247733	-0.3374897035093564	0.0	(-0.3374897035093564+0j)
-0.555	-0.30802500000000005	-0.023739737528918392	-0.33178218103692403	0.0	(-0.33178218103692403+0j)
-0.55	-0.30250000000000005	-0.023604759909325836	-0.32612187690213573	0.0	(-0.32612187690213573+0j)
-0.545	-0.29702500000000004	-0.023466969935274657	-0.3205087420820762	0.0	(-0.3205087420820762+0j)
-0.54	-0.2916	-0.023326319669511313	-0.31494272794383615	0.0	(-0.31494272794383615+0j)
-0.535	-0.286225	-0.023182761673258136	-0.3094237863444086	0.0	(-0.3094237863444086+0j)
-0.53	-0.28090000000000004	-0.023036249111799932	-0.30395186973578	0.0	(-0.30395186973578+0j)
-0.525	-0.275625	-0.022886735865143275	-0.29852693127525914	0.0	(-0.29852693127525914+0j)
-0.52	-0.27040000000000003	-0.022734176643752664	-0.2931489249409699	0.0	(-0.2931489249409699+0j)
-0.515	-0.265225	-0.022578527109350127	-0.28781780565258563	0.0	(-0.28781780565258563+0j)
-0.51	-0.2601	-0.022419744000746686	-0.28253352939720544	0.0	(-0.28253352939720544+0j)
-0.505	-0.255025	-0.0222577852646544	-0.27729605336032837	0.0	(-0.27729605336032837+0j)
-0.5	-0.25	-0.022092610191407576	-0.2721053360619079	0.0	(-0.2721053360619079+0j)
-0.495	-0.245025	-0.021924179555500026	-0.2669613374973388	0.0	(-0.2669613374973388+0j)
-0.49	-0.24009999999999998	-0.021752455760822974	-0.26186401928328523	0.0	(-0.26186401928328523+0j)
-0.485	-0.235225	-0.021577402990464855	-0.25681334480822965	0.0	(-0.25681334480822965+0j)
-0.48	-0.2304	-0.021398987360910195	-0.25180927938757086	0.0	(-0.25180927938757086+0j)
-0.47500000000000003	-0.22562500000000002	-0.02121717708044965	-0.24685179042309524	0.0	(-0.24685179042309524+0j)
-0.47000000000000003	-0.22090000000000004	-0.021031942611587737	-0.2419408475666157	0.0	(-0.2419408475666157+0j)
-0.465	-0.21622500000000003	-0.020843256837208456	-0.23707642288754638	0.0	(-0.23707642288754638+0j)
-0.46	-0.2116	-0.02065109523023211	-0.23225849104414598	0.0	(-0.23225849104414598+0j)
-0.455	-0.20702500000000001	-0.02045543602646928	-0.22748702945816945	0.0	(-0.22748702945816945+0j)
-0.45	-0.2025	-0.020256260400350296	-0.22276201849259616	0.0	(-0.22276201849259616+0j)
-0.445	-0.198025	-0.020053552643180508	-0.21808344163208312	0.0	(-0.21808344163208312+0j)
-0.44	-0.1936	-0.01984730034354374	-0.21345128566581117	0.0	(-0.21345128566581117+0j)
-0.435	-0.189225	-0.019637494569448036	-0.20886554087230014	0.0	(-0.20886554087230014+0j)
-0.43	-0.18489999999999998	-0.019424130051779998	-0.20432620120578626	0.0	(-0.20432620120578626+0j)
-0.425	-0.18062499999999998	-0.019207205368606373	-0.1998332644836969	0.0	(-0.1998332644836969+0j)
-0.42	-0.17639999999999997	-0.018986723129834085	-0.1953867325747756	0.0	(-0.1953867325747756+0j)
-0.41500000000000004	-0.17222500000000002	-0.018762690161713433	-0.19098661158732858	0.0	(-0.19098661158732858+0j)
-0.41000000000000003	-0.16810000000000003	-0.018535117690642998	-0.1866329120571008	0.0	(-0.1866329120571008+0j)
-0.405	-0.16402500000000003	-0.018304021525709833	-0.1823256491342283	0.0	(-0.1823256491342283+0j)
-0.4	-0.16000000000000003	-0.018069422239374397	-0.17806484276871992	0.0	(-0.17806484276871992+0j)
-0.395	-0.15602500000000002	-0.017831345345686794	-0.17385051789388775	0.0	(-0.17385051789388775+0j)
-0.39	-0.1521	-0.017589821475399583	-0.1696827046071858	0.0	(-0.1696827046071858+0j)
-0.385	-0.148225	-0.017344886547322257	-0.1655614383478404	0.0	(-0.1655614383478404+0j)
-0.38	-0.1444	-0.01709658193524468	-0.16148676007073706	0.0	(-0.16148676007073706+0j)
-0.375	-0.140625	-0.016844954629740012	-0.1574587164159939	0.0	(-0.1574587164159939+0j)
-0.37	-0.1369	-0.016590057394143938	-0.15347735987366948	0.0	(-0.15347735987366948+0j)
-0.365	-0.13322499999999998	-0.016331948913994594	-0.14954274894312386	0.0	(-0.14954274894312386+0j)
-0.36	-0.1296	-0.01607069393920838	-0.1456549482865187	0.0	(-0.1456549482865187+0j)
-0.355	-0.126025	-0.01580636341825941	-0.14181402887607236	0.0	(-0.14181402887607236+0j)
-0.35000000000000003	-0.12250000000000003	-0.015539034623626368	-0.1380200681346315	0.0	(-0.1380200681346315+0j)
-0.34500000000000003	-0.11902500000000002	-0.015268791267768856	-0.1342731500692675	0.0	(-0.1342731500692675+0j)
-0.34	-0.11560000000000002	-0.014995723608896817	-0.13057336539760456	0.0	(-0.13057336539760456+0j)
-0.335	-0.11222500000000002	-0.014719928545801219	-0.1269208116666461	0.0	(-0.1269208116666461+0j)
-0.33	-0.10890000000000001	-0.014441509701022013	-0.12331559336391956	0.0	(-0.12331559336391956+0j)
-0.325	-0.10562500000000001	-0.014160577491640442	-0.11975782202075257	0.0	(-0.11975782202075257+0j)
-0.32	-0.1024	-0.013877249186997344	-0.11624761630752194	0.0	(-0.11624761630752194+0j)
-0.315	-0.09922500000000001	-0.013591648952657014	-0.1127851021206273	0.0	(-0.1127851021206273+0j)
-0.31	-0.0961	-0.013303907879957791	-0.10937041266086184	0.0	(-0.10937041266086184+0j)
-0.305	-0.093025	-0.013014164000515594	-0.10600368850268023	0.0	(-0.10600368850268023+0j)
-0.3	-0.09	-0.012722562285075283	-0.10268507765359648	0.0	(-0.10268507765359648+0j)
-0.295	-0.08702499999999999	-0.012429254626137093	-0.09941473560256622	0.0	(-0.09941473560256622+0j)
-0.29	-0.0841	-0.012134399803821187	-0.0961928253557751	0.0	(-0.0961928253557751+0j)
-0.28500000000000003	-0.08122500000000002	-0.011838163434472856	-0.09301951745757378	0.0	(-0.09301951745757378+0j)
-0.28	-0.07840000000000001	-0.011540717901553732	-0.08989498999363077	0.0	(-0.08989498999363077+0j)
-0.275	-0.07562500000000001	-0.011242242268410859	-0.0868194285724037	0.0	(-0.0868194285724037+0j)
-0.27	-0.0729	-0.01094292217256497	-0.0837930262800858	0.0	(-0.0837930262800858+0j)
-0.265	-0.07022500000000001	-0.010642949701212318	-0.08081598360300697	0.0	(-0.08081598360300697+0j)
-0.26	-0.06760000000000001	-0.010342523247690253	-0.07788850831031473	0.0	(-0.07788850831031473+0j)
-0.255	-0.065025	-0.010041847348715672	-0.07501081528856463	0.0	(-0.07501081528856463+0j)
-0.25	-0.0625	-0.009741132502266955	-0.07218312631874246	0.0	(-0.07218312631874246+0j)
-0.245	-0.060024999999999995	-0.009440594966044123	-0.06940566978533405	0.0	(-0.06940566978533405+0j)
-0.24	-0.0576	-0.009140456536508405	-0.06667868030649472	0.0	(-0.06667868030649472+0j)
-0.23500000000000001	-0.05522500000000001	-0.008840944308570797	-0.06400239827428145	0.0	(-0.06400239827428145+0j)
-0.23	-0.0529	-0.008542290416069381	-0.06137706929451702	0.0	(-0.06137706929451702+0j)
-0.225	-0.050625	-0.008244731753247227	-0.05880294351733135	0.0	(-0.05880294351733135+0j)
-0.22	-0.0484	-0.007948509677515259	-0.05628027485194431	0.0	(-0.05628027485194431+0j)
-0.215	-0.046224999999999995	-0.007653869693858952	-0.05380932006298954	0.0	(-0.05380932006298954+0j)
-0.21	-0.04409999999999999	-0.007361061121321667	-0.05139033775071509	0.0	(-0.05139033775071509+0j)
-0.20500000000000002	-0.04202500000000001	-0.0070703367420727	-0.04902358722376513	0.0	(-0.04902358722376513+0j)
-0.2	-0.04000000000000001	-0.0067819524336424925	-0.046709327280790226	0.0	(-0.046709327280790226+0j)
-0.195	-0.038025	-0.006496166784981908	-0.044447814925633926	0.0	(-0.044447814925633926+0j)
-0.19	-0.0361	-0.006213240697075704	-0.042239304049809044	0.0	(-0.042239304049809044+0j)
-0.185	-0.034225	-0.005933436968912917	-0.04008404412483961	0.0	(-0.04008404412483961+0j)
-0.18	-0.0324	-0.005657019869687212	-0.03798227895503242	0.0	(-0.03798227895503242+0j)
-0.17500000000000002	-0.030625000000000006	-0.005384254698169513	-0.035934245547618766	0.0	(-0.035934245547618766+0j)
-0.17	-0.028900000000000006	-0.005115407330261133	-0.03394017316129255	0.0	(-0.03394017316129255+0j)
-0.165	-0.027225000000000003	-0.004850743755800439	-0.032000282595576995	0.0	(-0.032000282595576995+0j)
-0.16	-0.0256	-0.004590529605755659	-0.03011478578229405	0.0	(-0.03011478578229405+0j)
-0.155	-0.024025	-0.004335029670995364	-0.028283885737432995	0.0	(-0.028283885737432995+0j)
-0.15	-0.0225	-0.004084507413880615	-0.026507776928336266	0.0	(-0.026507776928336266+0j)
-0.145	-0.021025	-0.003839224473973484	-0.02478664610948518	0.0	(-0.02478664610948518+0j)
-0.14	-0.019600000000000003	-0.0035994401692014504	-0.023120673682555208	0.0	(-0.023120673682555208+0j)
-0.135	-0.018225	-0.003365410993858061	-0.021510035644842135	0.0	(-0.021510035644842135+0j)
-0.13	-0.016900000000000002	-0.0031373901148563227	-0.019954906205224388	0.0	(-0.019954906205224388+0j)
-0.125	-0.015625	-0.002915626867681202	-0.01845546116640672	0.0	(-0.01845546116640672+0j)
-0.12	-0.0144	-0.0027003662535135704	-0.017011882189604616	0.0	(-0.017011882189604616+0j)
-0.115	-0.013225	-0.0024918484390167375	-0.015624362059761086	0.0	(-0.015624362059761086+0j)
-0.11	-0.0121	-0.002290308260291113	-0.014293111033584958	0.0	(-0.014293111033584958+0j)
-0.105	-0.011024999999999998	-0.0020959747325093037	-0.013018364246843701	0.0	(-0.013018364246843701+0j)
-0.1	-0.010000000000000002	-0.0019090705667467942	-0.011800389941131301	0.0	(-0.011800389941131301+0j)
-0.095	-0.009025	-0.00172981169551778	-0.010639497906159107	0.0	(-0.010639497906159107+0j)
-0.09	-0.0081	-0.0015584068085147673	-0.00953604701197826	0.0	(-0.00953604701197826+0j)
-0.085	-0.007225000000000001	-0.0013950569000347607	-0.008490450090376061	0.0	(-0.008490450090376061+0j)
-0.08	-0.0064	-0.0012399548295491392	-0.007503173908684225	0.0	(-0.007503173908684225+0j)
-0.075	-0.005625	-0.0010932848968475684	-0.006574731909036851	0.0	(-0.006574731909036851+0j)
-0.07	-0.004900000000000001	-0.0009552224331466769	-0.005705668180734649	0.0	(-0.005705668180734649+0j)
-0.065	-0.0042250000000000005	-0.0008259334095156445	-0.004896533031686396	0.0	(-0.004896533031686396+0j)
-0.06	-0.0036	-0.000705574063920994	-0.0041478532300325225	0.0	(-0.0041478532300325225+0j)
-0.055	-0.003025	-0.0005942905481394478	-0.0034601024986342	0.0	(-0.0034601024986342+0j)
-0.05	-0.0025000000000000005	-0.0004922185957285941	-0.002833678833259778	0.0	(-0.002833678833259778+0j)
-0.045	-0.002025	-0.0003994832121788361	-0.002268893902910296	0.0	(-0.002268893902910296+0j)
-0.04	-0.0016	-0.00031619838830515556	-0.0017659766892259058	0.0	(-0.0017659766892259058+0j)
-0.035	-0.0012250000000000002	-0.00024246683785422718	-0.001325090302024015	0.0	(-0.001325090302024015+0j)
-0.03	-0.0009	-0.0001783797602322723	-0.0009463595476624429	0.0	(-0.0009463595476624429+0j)
-0.025	-0.0006250000000000001	-0.0001240166291682776	-0.0006299092278506021	0.0	(-0.0006299092278506021+0j)
-0.02	-0.0004	-7.944500804768495e-05	-0.00037592337482785594	0.0	(-0.00037592337482785594+0j)
-0.015	-0.000225	-4.472039255354332e-05	-0.0001847733561587613	0.0	(-0.0001847733561587613+0j)
-0.01	-0.0001	-1.988608115510715e-05	-5.746804963218939e-05	0.0	(-5.746804963218939e-05+0j)
-0.005	-2.5e-05	-4.973073934877448e-06	1.6263032587282567e-17	-0.008924745684957904	(1.6263032587282567e-17-0.008924745684957904j)
0.005	2.5e-05	4.973073934877448e-06	1.6263032587282567e-17	0.008924745684957904	(1.6263032587282567e-17+0.008924745684957904j)
0.01	0.0001	1.988608115510715e-05	5.746804963219647e-05	0.0	(5.746804963219647e-05+0j)
0.015	0.000225	4.472039255354332e-05	0.00018477335615875115	0.0	(0.00018477335615875115+0j)
0.02	0.0004	7.944500804768495e-05	0.00037592337482782965	0.0	(0.00037592337482782965+0j)
0.025	0.0006250000000000001	0.0001240166291682776	0.0006299092278505784	0.0	(0.0006299092278505784+0j)
0.03	0.0009	0.0001783797602322723	0.0009463595476624343	0.0	(0.0009463595476624343+0j)
0.035	0.0012250000000000002	0.00024246683785422718	0.0013250903020240294	0.0	(0.0013250903020240294+0j)
0.04	0.0016	0.00031619838830515556	0.0017659766892258832	0.0	(0.0017659766892258832+0j)
0.045	0.002025	0.0003994832121788361	0.002268893902910282	0.0	(0.002268893902910282+0j)
0.05	0.0025000000000000005	0.0004922185957285941	0.0028336788332597603	0.0	(0.0028336788332597603+0j)
0.055	0.003025	0.0005942905481394478	0.0034601024986342286	0.0	(0.0034601024986342286+0j)
0.06	0.0036	0.000705574063920994	0.004147853230032473	0.0	(0.004147853230032473+0j)
0.065	0.0042250000000000005	0.0008259334095156445	0.004896533031686387	0.0	(0.004896533031686387+0j)
0.07	0.004900000000000001	0.0009552224331466769	0.0057056681807346405	0.0	(0.0057056681807346405+0j)
0.075	0.005625	0.0010932848968475684	0.006574731909036799	0.0	(0.006574731909036799+0j)
0.08	0.0064	0.0012399548295491392	0.007503173908684211	0.0	(0.007503173908684211+0j)
0.085	0.007225000000000001	0.0013950569000347607	0.008490450090376023	0.0	(0.008490450090376023+0j)
0.09	0.0081	0.0015584068085147673	0.009536047011978223	0.0	(0.009536047011978223+0j)
0.095	0.009025	0.00172981169551778	0.0106394979061591	0.0	(0.0106394979061591+0j)
0.1	0.010000000000000002	0.0019090705667467942	0.011800389941131353	0.0	(0.011800389941131353+0j)
0.105	0.011024999999999998	0.0020959747325093037	0.013018364246843602	0.0	(0.013018364246843602+0j)
0.11	0.0121	0.002290308260291113	0.01429311103358486	0.0	(0.01429311103358486+0j)
0.115	0.013225	0.0024918484390167375	0.015624362059760867	0.0	(0.015624362059760867+0j)
0.12	0.0144	0.0027003662535135704	0.01701188218960455	0.0	(0.01701188218960455+0j)
0.125	0.015625	0.002915626867681202	0.018455461166406582	0.0	(0.018455461166406582+0j)
0.13	0.016900000000000002	0.0031373901148563227	0.019954906205224443	0.0	(0.019954906205224443+0j)
0.135	0.018225	0.003365410993858061	0.021510035644842093	0.0	(0.021510035644842093+0j)
0.14	0.019600000000000003	0.0035994401692014504	0.023120673682555187	0.0	(0.023120673682555187+0j)
0.145	0.021025	0.003839224473973484	0.024786646109485222	0.0	(0.024786646109485222+0j)
0.15	0.0225	0.004084507413880615	0.026507776928336214	0.0	(0.026507776928336214+0j)
0.155	0.024025	0.004335029670995364	0.02828388573743299	0.0	(0.02828388573743299+0j)
0.16	0.0256	0.004590529605755659	0.03011478578229396	0.0	(0.03011478578229396+0j)
0.165	0.027225000000000003	0.004850743755800439	0.03200028259557686	0.0	(0.03200028259557686+0j)
0.17	0.028900000000000006	0.005115407330261133	0.03394017316129287	0.0	(0.03394017316129287+0j)
0.17500000000000002	0.030625000000000006	0.005384254698169513	0.03593424554761847	0.0	(0.03593424554761847+0j)
0.18	0.0324	0.005657019869687212	0.03798227895503211	0.0	(0.03798227895503211+0j)
0.185	0.034225	0.005933436968912917	0.04008404412483935	0.0	(0.04008404412483935+0j)
0.19	0.0361	0.006213240697075704	0.0422393040498092	0.0	(0.0422393040498092+0j)
0.195	0.038025	0.006496166784981908	0.04444781492563393	0.0	(0.04444781492563393+0j)
0.2	0.04000000000000001	0.0067819524336424925	0.04670932728079019	0.0	(0.04670932728079019+0j)
0.20500000000000002	0.04202500000000001	0.0070703367420727	0.04902358722376504	0.0	(0.04902358722376504+0j)
0.21	0.04409999999999999	0.007361061121321667	0.05139033775071493	0.0	(0.05139033775071493+0j)
0.215	0.046224999999999995	0.007653869693858952	0.053809320062989774	0.0	(0.053809320062989774+0j)
0.22	0.0484	0.007948509677515259	0.056280274851944194	0.0	(0.056280274851944194+0j)
0.225	0.050625	0.008244731753247227	0.05880294351733121	0.0	(0.05880294351733121+0j)
0.23	0.0529	0.008542290416069381	0.061377069294517174	0.0	(0.061377069294517174+0j)
0.23500000000000001	0.05522500000000001	0.008840944308570797	0.06400239827428178	0.0	(0.06400239827428178+0j)
0.24	0.0576	0.009140456536508405	0.06667868030649449	0.0	(0.06667868030649449+0j)
0.245	0.060024999999999995	0.009440594966044123	0.06940566978533363	0.0	(0.06940566978533363+0j)
0.25	0.0625	0.009741132502266955	0.0721831263187422	0.0	(0.0721831263187422+0j)
0.255	0.065025	0.010041847348715672	0.07501081528856439	0.0	(0.07501081528856439+0j)
0.26	0.06760000000000001	0.010342523247690253	0.07788850831031424	0.0	(0.07788850831031424+0j)
0.265	0.07022500000000001	0.010642949701212318	0.08081598360300633	0.0	(0.08081598360300633+0j)
0.27	0.0729	0.01094292217256497	0.08379302628008524	0.0	(0.08379302628008524+0j)
0.275	0.07562500000000001	0.011242242268410859	0.08681942857240332	0.0	(0.08681942857240332+0j)
0.28	0.07840000000000001	0.011540717901553732	0.08989498999363153	0.0	(0.08989498999363153+0j)
0.28500000000000003	0.08122500000000002	0.011838163434472856	0.093019517457574	0.0	(0.093019517457574+0j)
0.29	0.0841	0.012134399803821187	0.09619282535577495	0.0	(0.09619282535577495+0j)
0.295	0.08702499999999999	0.012429254626137093	0.09941473560256624	0.0	(0.09941473560256624+0j)
0.3	0.09	0.012722562285075283	0.10268507765359569	0.0	(0.10268507765359569+0j)
0.305	0.093025	0.013014164000515594	0.10600368850267976	0.0	(0.10600368850267976+0j)
0.31	0.0961	0.013303907879957791	0.1093704126608608	0.0	(0.1093704126608608+0j)
0.315	0.09922500000000001	0.013591648952657014	0.11278510212062677	0.0	(0.11278510212062677+0j)
0.32	0.1024	0.013877249186997344	0.11624761630752233	0.0	(0.11624761630752233+0j)
0.325	0.10562500000000001	0.014160577491640442	0.11975782202075269	0.0	(0.11975782202075269+0j)
0.33	0.10890000000000001	0.014441509701022013	0.123315593363919	0.0	(0.123315593363919+0j)
0.335	0.11222500000000002	0.014719928545801219	0.1269208116666471	0.0	(0.1269208116666471+0j)
0.34	0.11560000000000002	0.014995723608896817	0.1305733653976048	0.0	(0.1305733653976048+0j)
0.34500000000000003	0.11902500000000002	0.015268791267768856	0.1342731500692676	0.0	(0.1342731500692676+0j)
0.35000000000000003	0.12250000000000003	0.015539034623626368	0.13802006813463202	0.0	(0.13802006813463202+0j)
0.355	0.126025	0.01580636341825941	0.14181402887607264	0.0	(0.14181402887607264+0j)
0.36	0.1296	0.01607069393920838	0.14565494828651887	0.0	(0.14565494828651887+0j)
0.365	0.13322499999999998	0.016331948913994594	0.1495427489431242	0.0	(0.1495427489431242+0j)
0.37	0.1369	0.016590057394143938	0.15347735987367037	0.0	(0.15347735987367037+0j)
0.375	0.140625	0.016844954629740012	0.15745871641599415	0.0	(0.15745871641599415+0j)
0.38	0.1444	0.01709658193524468	0.16148676007073695	0.0	(0.16148676007073695+0j)
0.385	0.148225	0.017344886547322257	0.16556143834783896	0.0	(0.16556143834783896+0j)
0.39	0.1521	0.017589821475399583	0.16968270460718593	0.0	(0.16968270460718593+0j)
0.395	0.15602500000000002	0.017831345345686794	0.1738505178938882	0.0	(0.1738505178938882+0j)
0.4	0.16000000000000003	0.018069422239374397	0.17806484276871926	0.0	(0.17806484276871926+0j)
0.405	0.16402500000000003	0.018304021525709833	0.18232564913422952	0.0	(0.18232564913422952+0j)
0.41000000000000003	0.16810000000000003	0.018535117690642998	0.18663291205710036	0.0	(0.18663291205710036+0j)
0.41500000000000004	0.17222500000000002	0.018762690161713433	0.19098661158732788	0.0	(0.19098661158732788+0j)
0.42	0.17639999999999997	0.018986723129834085	0.19538673257477449	0.0	(0.19538673257477449+0j)
0.425	0.18062499999999998	0.019207205368606373	0.19983326448369687	0.0	(0.19983326448369687+0j)
0.43	0.18489999999999998	0.019424130051779998	0.20432620120578487	0.0	(0.20432620120578487+0j)
0.435	0.189225	0.019637494569448036	0.20886554087229967	0.0	(0.20886554087229967+0j)
0.44	0.1936	0.01984730034354374	0.21345128566581023	0.0	(0.21345128566581023+0j)
0.445	0.198025	0.020053552643180508	0.21808344163208288	0.0	(0.21808344163208288+0j)
0.45	0.2025	0.020256260400350296	0.22276201849259614	0.0	(0.22276201849259614+0j)
0.455	0.20702500000000001	0.02045543602646928	0.22748702945816895	0.0	(0.22748702945816895+0j)
0.46	0.2116	0.02065109523023211	0.2322584910441454	0.0	(0.2322584910441454+0j)
0.465	0.21622500000000003	0.020843256837208456	0.23707642288754568	0.0	(0.23707642288754568+0j)
0.47000000000000003	0.22090000000000004	0.021031942611587737	0.2419408475666168	0.0	(0.2419408475666168+0j)
0.47500000000000003	0.22562500000000002	0.02121717708044965	0.24685179042309544	0.0	(0.24685179042309544+0j)
0.48	0.2304	0.021398987360910195	0.2518092793875715	0.0	(0.2518092793875715+0j)
0.485	0.235225	0.021577402990464855	0.2568133448082298	0.0	(0.2568133448082298+0j)
0.49	0.24009999999999998	0.021752455760822974	0.26186401928328756	0.0	(0.26186401928328756+0j)
0.495	0.245025	0.021924179555500026	0.26696133749733664	0.0	(0.26696133749733664+0j)
0.5	0.25	0.022092610191407576	0.27210533606190573	0.0	(0.27210533606190573+0j)
0.505	0.255025	0.0222577852646544	0.2772960533603275	0.0	(0.2772960533603275+0j)
0.51	0.2601	0.022419744000746686	0.28253352939720505	0.0	(0.28253352939720505+0j)
0.515	0.265225	0.022578527109350127	0.2878178056525867	0.0	(0.2878178056525867+0j)
0.52	0.27040000000000003	0.022734176643752664	0.29314892494096806	0.0	(0.29314892494096806+0j)
0.525	0.275625	0.022886735865143275	0.29852693127525765	0.0	(0.29852693127525765+0j)
0.53	0.28090000000000004	0.023036249111799932	0.303951869735781	0.0	(0.303951869735781+0j)
0.535	0.286225	0.023182761673258136	0.3094237863444071	0.0	(0.3094237863444071+0j)
0.54	0.2916	0.023326319669511313	0.3149427279438363	0.0	(0.3149427279438363+0j)
0.545	0.29702500000000004	0.023466969935274657	0.3205087420820749	0.0	(0.3205087420820749+0j)
0.55	0.30250000000000005	0.023604759909325836	0.32612187690213473	0.0	(0.32612187690213473+0j)
0.555	0.30802500000000005	0.023739737528918392	0.331782181036927	0.0	(0.331782181036927+0j)
0.56	0.31360000000000005	0.023871951129247733	0.33748970350935675	0.0	(0.33748970350935675+0j)
0.5650000000000001	0.3192250000000001	0.024001449347934224	0.3432444936375875	0.0	(0.3432444936375875+0j)
0.5700000000000001	0.3249000000000001	0.024128281034473877	0.3490466009454089	0.0	(0.3490466009454089+0j)
0.5750000000000001	0.33062500000000006	0.024252495164594143	0.35489607507768195	0.0	(0.35489607507768195+0j)
0.58	0.3364	0.02437414075944035	0.3607929657207806	0.0	(0.3607929657207806+0j)
0.585	0.34222499999999995	0.02449326680950744	0.3667373225279786	0.0	(0.3667373225279786+0j)
0.59	0.34809999999999997	0.024609922203221744	0.37272919504964946	0.0	(0.37272919504964946+0j)
0.595	0.354025	0.024724155660068768	0.37876863266825617	0.0	(0.37876863266825617+0j)
0.6	0.36	0.02483601566815492	0.3848556845379743	0.0	(0.3848556845379743+0j)
0.605	0.366025	0.024945550426084366	0.39099039952888825	0.0	(0.39099039952888825+0j)
0.61	0.3721	0.025052807789025935	0.39717282617564853	0.0	(0.39717282617564853+0j)
0.615	0.378225	0.025157835218840033	0.4034030126304536	0.0	(0.4034030126304536+0j)
0.62	0.3844	0.025260679738131155	0.40968100662026224	0.0	(0.40968100662026224+0j)
0.625	0.390625	0.025361387888088005	0.416006855408149	0.0	(0.416006855408149+0j)
0.63	0.39690000000000003	0.025460005689970606	0.42238060575863146	0.0	(0.42238060575863146+0j)
0.635	0.403225	0.02555657861010162	0.4288023039068819	0.0	(0.4288023039068819+0j)
0.64	0.4096	0.02565115152821794	0.43527199553172286	0.0	(0.43527199553172286+0j)
0.645	0.41602500000000003	0.02574376870903764	0.4417897257322435	0.0	(0.4417897257322435+0j)
0.65	0.42250000000000004	0.025834473776897522	0.4483555390079477	0.0	(0.4483555390079477+0j)
0.655	0.42902500000000005	0.025923309693316774	0.4549694792423317	0.0	(0.4549694792423317+0j)
0.66	0.43560000000000004	0.026010318737343233	0.4616315896897067	0.0	(0.4616315896897067+0j)
0.665	0.44222500000000003	0.026095542488540176	0.4683419129652336	0.0	(0.4683419129652336+0j)
0.67	0.4489000000000001	0.02617902181247344	0.4751004910379919	0.0	(0.4751004910379919+0j)
0.675	0.45562500000000006	0.026260796848560797	0.4819073652269764	0.0	(0.4819073652269764+0j)
0.68	0.4624000000000001	0.02634090700014826	0.48876257619993047	0.0	(0.48876257619993047+0j)
0.685	0.46922500000000006	0.026419390926680757	0.4956661639748467	0.0	(0.4956661639748467+0j)
0.6900000000000001	0.4761000000000001	0.026496286537837803	0.5026181679240924	0.0	(0.5026181679240924+0j)
0.6950000000000001	0.4830250000000001	0.026571630989508304	0.5096186267809355	0.0	(0.5096186267809355+0j)
0.7000000000000001	0.4900000000000001	0.026645460681482186	0.516667578648446	0.0	(0.516667578648446+0j)
0.705	0.49702499999999994	0.0267178112567403	0.5237650610105852	0.0	(0.5237650610105852+0j)
0.71	0.5041	0.026788717602228142	0.5309111107453941	0.0	(0.5309111107453941+0j)
0.715	0.5112249999999999	0.026858213851002833	0.5381057641401094	0.0	(0.5381057641401094+0j)
0.72	0.5184	0.02692633338564716	0.5453490569081134	0.0	(0.5453490569081134+0j)
0.725	0.525625	0.02699310884284841	0.5526410242075571	0.0	(0.5526410242075571+0j)
0.73	0.5328999999999999	0.027058572119044395	0.5599817006615038	0.0	(0.5599817006615038+0j)
0.735	0.540225	0.027122754377043003	0.5673711203794988	0.0	(0.5673711203794988+0j)
0.74	0.5476	0.027185686053526115	0.5748093169803615	0.0	(0.5748093169803615+0j)
0.745	0.555025	0.027247396867352877	0.5822963236160521	0.0	(0.5822963236160521+0j)
0.75	0.5625	0.02730791582858175	0.5898321729965261	0.0	(0.5898321729965261+0j)
0.755	0.570025	0.02736727124813466	0.5974168974153244	0.0	(0.5974168974153244+0j)
0.76	0.5776	0.027425490748031037	0.6050505287758593	0.0	(0.6050505287758593+0j)
0.765	0.585225	0.027482601272123302	0.6127330986181282	0.0	(0.6127330986181282+0j)
0.77	0.5929	0.02753862909726955	0.6204646381458493	0.0	(0.6204646381458493+0j)
0.775	0.6006250000000001	0.027593599844882834	0.6282451782537545	0.0	(0.6282451782537545+0j)
0.78	0.6084	0.027647538492800536	0.6360747495550628	0.0	(0.6360747495550628+0j)
0.785	0.616225	0.02770046938742061	0.6439533824088973	0.0	(0.6439533824088973+0j)
0.79	0.6241000000000001	0.027752416256055283	0.6518811069477114	0.0	(0.6518811069477114+0j)
0.795	0.6320250000000001	0.027803402219456187	0.6598579531046013	0.0	(0.6598579531046013+0j)
0.8	0.6400000000000001	0.02785344980446802	0.6678839506405551	0.0	(0.6678839506405551+0j)
0.805	0.6480250000000001	0.02790258095677125	0.6759591291716244	0.0	(0.6759591291716244+0j)
0.81	0.6561000000000001	0.0279508170536773	0.6840835181962952	0.0	(0.6840835181962952+0j)
0.8150000000000001	0.6642250000000001	0.027998178916942385	0.6922571471230342	0.0	(0.6922571471230342+0j)
0.8200000000000001	0.6724000000000001	0.02804468682556934	0.7004800452984727	0.0	(0.7004800452984727+0j)
0.8250000000000001	0.6806250000000001	0.02809036052856905	0.7087522420365054	0.0	(0.7087522420365054+0j)
0.8300000000000001	0.6889000000000001	0.02813521925765573	0.7170737666489075	0.0	(0.7170737666489075+0j)
0.835	0.697225	0.028179281739852832	0.7254446484780276	0.0	(0.7254446484780276+0j)
0.84	0.7055999999999999	0.028222566209988347	0.7338649169325258	0.0	(0.7338649169325258+0j)
0.845	0.7140249999999999	0.02826509042306056	0.7423346015271503	0.0	(0.7423346015271503+0j)
0.85	0.7224999999999999	0.02830687166645733	0.7508537319279719	0.0	(0.7508537319279719+0j)
0.855	0.7310249999999999	0.028347926772013744	0.7594223380046541	0.0	(0.7594223380046541+0j)
0.86	0.7395999999999999	0.02838827212789488	0.7680404498919686	0.0	(0.7680404498919686+0j)
0.865	0.748225	0.02842792369029196	0.776708098063114	0.0	(0.776708098063114+0j)
0.87	0.7569	0.02846689699492177	0.7854253134180402	0.0	(0.7854253134180402+0j)
0.875	0.765625	0.02850520716832073	0.7941921273909571	0.0	(0.7941921273909571+0j)
0.88	0.7744	0.028542868938926172	0.8030085720821384	0.0	(0.8030085720821384+0j)
0.885	0.7832250000000001	0.028579896647938773	0.8118746804206074	0.0	(0.8118746804206074+0j)
0.89	0.7921	0.028616304259961138	0.820790486366149	0.0	(0.820790486366149+0j)
0.895	0.801025	0.028652105373408676	0.8297560251615894	0.0	(0.8297560251615894+0j)
0.9	0.81	0.028687313230689807	0.8387713336498405	0.0	(0.8387713336498405+0j)
0.905	0.819025	0.028721940728153417	0.8478364506746764	0.0	(0.8478364506746764+0j)
0.91	0.8281000000000001	0.028756000425802404	0.8569514175913594	0.0	(0.8569514175913594+0j)
0.915	0.8372250000000001	0.028789504556772788	0.8661162789223769	0.0	(0.8661162789223769+0j)
0.92	0.8464	0.028822465036578558	0.8753310832077924	0.0	(0.8753310832077924+0j)
0.925	0.8556250000000001	0.02885489347212309	0.8845958841203221	0.0	(0.8845958841203221+0j)
0.93	0.8649000000000001	0.028886801170478496	0.8939107419466603	0.0	(0.8939107419466603+0j)
0.935	0.8742250000000001	0.028918199147434626	0.9032757255856252	0.0	(0.9032757255856252+0j)
0.9400000000000001	0.8836000000000002	0.028949098135820216	0.9126909152912467	0.0	(0.9126909152912467+0j)
0.9450000000000001	0.8930250000000001	0.028979508593598602	0.9221564065176505	0.0	(0.9221564065176505+0j)
0.9500000000000001	0.9025000000000001	0.029009440711741268	0.9316723154403468	0.0	(0.9316723154403468+0j)
0.9550000000000001	0.9120250000000001	0.029038904421882294	0.9412387871155975	0.0	(0.9412387871155975+0j)
0.96	0.9216	0.029067909403757492	0.9508560079568711	0.0	(0.9508560079568711+0j)
0.965	0.931225	0.029096465092431908	0.9605242256145	0.0	(0.9605242256145+0j)
0.97	0.9409	0.029124580685319697	0.9702437822921689	0.0	(0.9702437822921689+0j)
0.975	0.9506249999999999	0.02915226514900057	0.9800151742333585	0.0	(0.9800151742333585+0j)
0.98	0.9603999999999999	0.029179527225837065	0.9898391669937816	0.0	(0.9898391669937816+0j)
0.985	0.970225	0.029206375440396986	0.9997170448443581	0.0	(0.9997170448443581+0j)
0.99	0.9801	0.029232818105685534	1.0096512424872985	0.0	(1.0096512424872985+0j)
0.995	0.990025	0.029258863329191656	1.0196473958896264	0.0	(1.0196473958896264+0j)
1.0	1.0	0.02928451901875312	1.0297250279384769	0.0	(1.0297250279384769+0j)
