-4062257.047599779	-16501932320774.072	-0.0009947183943243441	-16501932320774.074	0.0	(-16501932320774.074+0j)
-507740.6449570468	-257800562541.39783	-0.0009947183943242253	-257800562541.39883	0.0	(-257800562541.39883+0j)
-150421.18686009367	-22626533456.399216	-0.000994718394322972	-22626533456.40021	0.0	(-22626533456.40021+0j)
-63446.8398829024	-4025501491.1266546	-0.000994718394316624	-4025501491.1276493	0.0	(-4025501491.1276493+0j)
-32476.81879197138	-1054743758.8465452	-0.0009947183942948744	-1054743758.8475399	0.0	(-1054743758.8475399+0j)
-18788.82371050371	-353019896.42438644	-0.0009947183942362915	-353019896.4253812	0.0	(-353019896.4253812+0j)
-11827.838413937889	-139897761.54622474	-0.0009947183941021484	-139897761.54721946	0.0	(-139897761.54721946+0j)
-7920.489136472687	-62734148.16098186	-0.000994718393828843	-62734148.161976576	0.0	(-62734148.161976576+0j)
-5560.235461968326	-30916218.392530117	-0.0009947183933188882	-30916218.393524837	0.0	(-30916218.393524837+0j)
-4051.312381594628	-16413132.013261935	-0.0009947183924304387	-16413132.014256652	0.0	(-16413132.014256652+0j)
-3042.068227295077	-9254179.099518213	-0.0009947183909653284	-9254179.100512931	0.0	(-9254179.100512931+0j)
-2341.69741959656	-5483546.804945188	-0.0009947183886555788	-5483546.805939906	0.0	(-5483546.805939906+0j)
-1840.5523873295315	-3387633.0905044377	-0.0009947183851483376	-3387633.091499156	0.0	(-3387633.091499156+0j)
-1472.5635616933432	-2168443.4432269847	-0.0009947183799892017	-2168443.444221703	0.0	(-2168443.444221703+0j)
-1196.3009944823236	-1431136.0693993964	-0.0009947183726038747	-1431136.0703941148	0.0	(-1431136.0703941148+0j)
-984.887256804191	-970002.9086152845	-0.000994718362278102	-970002.9096100029	0.0	(-970002.9096100029+0j)
-820.3667320751865	-673001.5750957208	-0.0009947183481358213	-673001.5760904392	0.0	(-673001.5760904392+0j)
-690.4332693822103	-476698.0994698077	-0.0009947183291154646	-476698.10046452604	0.0	(-476698.10046452604+0j)
-586.4606733385415	-343936.1213726955	-0.0009947183039443368	-343936.1223674138	0.0	(-343936.1223674138+0j)
-502.28036320721014	-252285.56326356693	-0.0009947182711109942	-252285.56425828522	0.0	(-252285.56425828522+0j)
-433.40186208964224	-187837.17406276928	-0.0009947182288355392	-187837.1750574875	0.0	(-187837.1750574875+0j)
-376.5035096990875	-141754.89281573085	-0.0009947181750377364	-141754.89381044902	0.0	(-141754.89381044902+0j)
-329.0924221029929	-108301.82228561444	-0.0009947181073028612	-108301.82328033255	0.0	(-108301.82328033255+0j)
-289.2729647092139	-83678.84811165811	-0.0009947180228451666	-83678.84910637613	0.0	(-83678.84910637613+0j)
-255.58628593832233	-65324.34955974587	-0.0009947179184688643	-65324.35055446379	0.0	(-65324.35055446379+0j)
-226.8972879628321	-51482.37928488836	-0.000994717790526498	-51482.38027960615	0.0	(-51482.38027960615+0j)
-202.31382423176245	-40930.883475280476	-0.0009947176348745813	-40930.88446999811	0.0	(-40930.88446999811+0j)
-181.12814487571467	-32807.40486611788	-0.0009947174468263665	-32807.40586083533	0.0	(-32807.40586083533+0j)
-162.77392945908693	-26495.35211155181	-0.0009947172211015977	-26495.35310626903	0.0	(-26495.35310626903+0j)
-146.79439036751677	-21548.5930433709	-0.0009947169517730964	-21548.594038087853	0.0	(-21548.594038087853+0j)
-132.81833870704781	-17640.711096900075	-0.0009947166322100155	-17640.712091616708	0.0	(-17640.712091616708+0j)
-120.54204466100386	-14530.384531055448	-0.000994716255017588	-14530.385525771702	0.0	(-14530.385525771702+0j)
-109.71536078960258	-12037.460393192665	-0.0009947158119731848	-12037.461387908477	0.0	(-12037.461387908477+0j)
-100.13101361547054	-10026.219887661546	-0.0009947152939584882	-10026.22088237684	0.0	(-10026.22088237684+0j)
-91.6162724451523	-8393.541376744373	-0.000994714690887569	-8393.542371459063	0.0	(-8393.542371459063+0j)
-84.02641786968496	-7060.438900010912	-0.0009947139916306519	-7060.439894724904	0.0	(-7060.439894724904+0j)
-77.23958417424923	-5965.953363410932	-0.0009947131839333273	-5965.954358124116	0.0	(-5965.954358124116+0j)
-71.15265892357522	-5062.700871894628	-0.000994712254330969	-5062.7018666068825	0.0	(-5062.7018666068825+0j)
-65.678002081681	-4313.599957441294	-0.0009947111880580883	-4313.600952152482	0.0	(-4313.600952152482+0j)
-60.740804923448316	-3689.445382748403	-0.0009947099689523462	-3689.446377458372	0.0	(-3689.446377458372+0j)
-56.276951748412806	-3167.0952980931834	-0.00099470857935293	-3167.0962928017625	0.0	(-3167.0962928017625+0j)
-52.23127923541829	-2728.106530568238	-0.0009947069999929757	-2728.107525275238	0.0	(-2728.107525275238+0j)
-48.55615215628762	-2357.6999122245547	-0.0009947052098857067	-2357.700906929768	0.0	(-2357.700906929768+0j)
-45.2102922146935	-2043.9705221379759	-0.0009947031862039323	-2043.971516841165	0.0	(-2043.971516841165+0j)
-42.157810512571146	-1777.2809872138541	-0.000994700904152535	-1777.2819819147564	0.0	(-1777.2819819147564+0j)
-39.367404670512954	-1549.792550491925	-0.0009946983368335465	-1549.7935451902658	0.0	(-1549.7935451902658+0j)
-36.81168974285722	-1355.1005017243795	-0.000994695455103393	-1355.1014964198378	0.0	(-1355.1014964198378+0j)
-34.466638362271254	-1187.9491599955884	-0.0009946922274218643	-1187.9501546878162	0.0	(-1187.9501546878162+0j)
-32.3111104589992	-1044.0078590936475	-0.0009946886196923333	-1044.0088537822694	0.0	(-1044.0088537822694+0j)
-30.32645675191463	-919.6939791257485	-0.0009946845950927232	-919.6949738103425	0.0	(-919.6949738103425+0j)
-28.496183246158765	-812.0324595986594	-0.0009946801138966917	-812.0334542787743	0.0	(-812.0334542787743+0j)
-26.805666379689328	-718.5437500592068	-0.0009946751332844718	-718.5447447343402	0.0	(-718.5447447343402+0j)
-25.241910378451255	-637.1540395537652	-0.0009946696071427652	-637.1550342233731	0.0	(-637.1550342233731+0j)
-23.79333991397463	-566.1230242619383	-0.0009946634858530588	-566.1240189254236	0.0	(-566.1240189254236+0j)
-22.449622390102537	-503.98554545819314	-0.000994656716067692	-503.9865401149088	0.0	(-503.9865401149088+0j)
-21.201515180617427	-449.5042459539512	-0.0009946492404729586	-449.5052406031924	0.0	(-449.5052406031924+0j)
-20.040733945957346	-401.6310170926471	-0.000994640997538491	-401.6320117336446	0.0	(-401.6320117336446+0j)
-18.959838813335132	-359.4754878276494	-0.0009946319212521192	-359.47648245957055	0.0	(-359.47648245957055+0j)
-17.95213574044925	-322.27917764351537	-0.0009946219408393585	-322.2801722654557	0.0	(-322.2801722654557+0j)
-17.011590822240496	-289.3942223033371	-0.000994610980466615	-289.3952169143173	0.0	(-289.3952169143173+0j)
-16.132755661503882	-260.26580523378556	-0.0009945989589271577	-260.26679983274454	0.0	(-260.26679983274454+0j)
-15.310702222436372	-234.41760254411807	-0.0009945857893088298	-234.41859712990743	0.0	(-234.41859712990743+0j)
-14.540965833221001	-211.43968736290054	-0.0009945713786424259	-211.44068193427938	0.0	(-211.44068193427938+0j)
-13.81949520896811	-190.97844783069255	-0.0009945556275295806	-190.97944238632013	0.0	(-190.97944238632013+0j)
-13.142608537358175	-172.72815916623998	-0.0009945384297489538	-172.7291537046697	0.0	(-172.7291537046697+0j)
-12.506954812276623	-156.42391867632938	-0.0009945196718394108	-156.42491319600092	0.0	(-156.42491319600092+0j)
-11.909479720557647	-141.83570721437383	-0.0009944992326588306	-141.8367017136067	0.0	(-141.8367017136067+0j)
-11.347395487676598	-128.76338435374322	-0.0009944769829170687	-128.76437883072657	0.0	(-128.76437883072657+0j)
-10.818154173127459	-117.03245971355506	-0.000994452784681528	-117.03345416633957	0.0	(-117.03345416633957+0j)
-10.319423977963961	-106.49051123697754	-0.000994426490853684	-106.49150566346873	0.0	(-106.49150566346873+0j)
-9.849068187765841	-97.0041441672611	-0.0009943979446148054	-97.00513856520554	0.0	(-97.00513856520554+0j)
-9.405126425913659	-88.45640308741945	-0.0009943669788390033	-88.45739745439832	0.0	(-88.45739745439832+0j)
-8.98579793600448	-80.74456454670239	-0.000994333415471625	-80.74555888011781	0.0	(-80.74555888011781+0j)
-8.589426649741787	-73.77825017129442	-0.0009942970648708761	-73.77924446835918	0.0	(-73.77924446835918+0j)
-8.214487828707165	-67.47781028797816	-0.0009942577251104226	-67.47880454570362	0.0	(-67.47880454570362+0j)
-7.8595760959111685	-61.77293640741824	-0.0009942151812405836	-61.77393062260135	0.0	(-61.77393062260135+0j)
-7.523394696634503	-56.60146776134816	-0.0009941692045055642	-56.60246193056016	0.0	(-56.60246193056016+0j)
-7.204745848394378	-51.908362739956026	-0.0009941195515140197	-51.90935685953357	0.0	(-51.90935685953357+0j)
-6.902522057400854	-47.64481075290532	-0.0009940659633600622	-47.645804818945834	0.0	(-47.645804818945834+0j)
-6.6156982940154645	-43.76746391743913	-0.0009940081646916381	-43.7684579258051	0.0	(-43.7684579258051+0j)
-6.343324932840438	-40.237771203595145	-0.0009939458627229968	-40.23876514992625	0.0	(-40.23876514992625+0j)
-6.084521374442966	-37.02140035605332	-0.0009938787461877634	-37.02239423578429	0.0	(-37.02239423578429+0j)
-5.838470275605943	-34.087735159134134	-0.0009938064842288962	-34.0887289675111	0.0	(-34.0887289675111+0j)
-5.60441232360277	-31.4094374929506	-0.0009937287252215607	-31.41043122503538	0.0	(-31.41043122503538+0j)
-5.38164149749948	-28.962065207608447	-0.0009936450955246986	-28.963058858261064	0.0	(-28.963058858261064+0j)
-5.169500766042979	-26.723738170118942	-0.0009935551981567756	-26.724731733953337	0.0	(-26.724731733953337+0j)
-4.967378177430783	-24.674845957615567	-0.000993458611390907	-24.675839428925475	0.0	(-24.675839428925475+0j)
-4.774703301284134	-22.797791615293608	-0.0009933548872642242	-22.798784987956807	0.0	(-22.798784987956807+0j)
-4.590943987558804	-21.07676669690233	-0.0009932435499960077	-21.077759964271547	0.0	(-21.077759964271547+0j)
-4.415603411006232	-19.497553483289867	-0.0009931240943087426	-19.498546638083987	0.0	(-19.498546638083987+0j)
-4.24821737321238	-18.04735085006349	-0.0009929959836458542	-18.048343884269418	0.0	(-18.048343884269418+0j)
-4.088351837252103	-16.714620745162645	-0.000992858648279457	-16.715613649956158	0.0	(-16.715613649956158+0j)
-3.9356006726549024	-15.48895265460172	-0.000992711483300998	-15.489945420292836	0.0	(-15.489945420292836+0j)
-3.789583590727793	-14.360943791113352	-0.0009925538464871857	-14.361936407115094	0.0	(-14.361936407115094+0j)
-3.64994425236183	-13.32209304534916	-0.0009923850560330713	-13.323085500168833	0.0	(-13.323085500168833+0j)
-3.5163485322931636	-12.364707000560285	-0.0009922043881435908	-12.365699281806743	0.0	(-12.365699281806743+0j)
-3.3884829254269957	-11.48181653591029	-0.000992011074474267	-11.48280863030996	0.0	(-11.48280863030996+0j)
-3.2660530822878577	-10.667102736322017	-0.000991804299411133	-10.668094629735442	0.0	(-10.668094629735442+0j)
-3.148782461954948	-9.914830992715062	-0.0009915831971792333	-9.915822670146238	0.0	(-9.915822670146238+0j)
-3.036411091994994	-9.219792319590232	-0.0009913468487683158	-9.220783765182057	0.0	(-9.220783765182057+0j)
-2.928694425934691	-8.577251040500931	-0.0009910942786635292	-8.578242237512535	0.0	(-8.578242237512535+0j)
-2.825402289733909	-7.982898098833615	-0.000990824451368068	-7.983889029597975	0.0	(-7.983889029597975+0j)
-2.726317909543103	-7.4328093438954745	-0.0009905362677037882	-7.43379998975868	0.0	(-7.43379998975868+0j)
-2.6312370137641037	-6.923408222602238	-0.0009902285608748094	-6.924398563846739	0.0	(-6.924398563846739+0j)
-2.5399670030929564	-6.451432376801015	-0.0009899000922780569	-6.452422392557566	0.0	(-6.452422392557566+0j)
-2.4523261828149674	-6.0139037069198285	-0.0009895495470435241	-6.014893375071767	0.0	(-6.014893375071767+0j)
-2.368143052153487	-5.608101515462834	-0.000989175529285807	-5.609090812546197	0.0	(-5.609090812546197+0j)
-2.2872556459514426	-5.231538389936751	-0.0009887765570471064	-5.232527291037896	0.0	(-5.232527291037896+0j)
-2.2095109243945865	-4.88193852501902	-0.0009883510569104617	-4.882927003670786	0.0	(-4.882927003670786+0j)
-2.134764206872377	-4.557218218943449	-0.0009878973582604107	-4.5582062470193625	0.0	(-4.5582062470193625+0j)
-2.0628786464216957	-4.255468309862607	-0.000987413687166595	-4.256455857468221	0.0	(-4.256455857468221+0j)
-1.9937247415135764	-3.974938344923377	-0.0009868981598640213	-3.975925380283246	0.0	(-3.975925380283246+0j)
-1.9271798822278001	-3.7140222984635574	-0.0009863487758017282	-3.715008787802824	0.0	(-3.715008787802824+0j)
-1.863127928117564	-3.4712456765316464	-0.0009857634102295022	-3.4722315839511246	0.0	(-3.4722315839511246+0j)
-1.8014588152994475	-3.245253863220089	-0.000985139806290006	-3.2462391505636314	0.0	(-3.2462391505636314+0j)
-1.7420681905148345	-3.03480158040363	-0.0009844755665812217	-3.0357862071173636	0.0	(-3.0357862071173636+0j)
-1.6848570701003769	-2.8387433466672265	-0.000983768144151455	-2.839727269649715	0.0	(-2.839727269649715+0j)
-1.6297315219786033	-2.6560248337306946	-0.0009830148328862649	-2.657008007173558	0.0	(-2.657008007173558+0j)
-1.5766023689375699	-2.485675029739557	-0.0009822127572435837	-2.4866574049577013	0.0	(-2.4866574049577013+0j)
-1.5253849116116884	-2.3267991285725986	-0.0009813588612899214	-2.3277806538236208	0.0	(-2.3277806538236208+0j)
-1.475998669706335	-2.1785720729748705	-0.0009804498969869185	-2.17955269326649	0.0	(-2.17955269326649+0j)
-1.4283671401274947	-2.040232686995998	-0.0009794824116735607	-2.041212343881079	0.0	(-2.041212343881079+0j)
-1.3824175707859427	-1.911078340017707	-0.0009784527346851143	-1.9120569713757907	0.0	(-1.9120569713757907+0j)
-1.3380807489440103	-1.7904600906945636	-0.0009773569630452063	-1.791437630499082	0.0	(-1.791437630499082+0j)
-1.2952908030630967	-1.677778264499842	-0.0009761909461624744	-1.6787546425699573	0.0	(-1.6787546425699573+0j)
-1.2539850171922076	-1.572478423342541	-0.0009749502694577675	-1.573453565078534	0.0	(-1.573453565078534+0j)
-1.2141036570130084	-1.4740476899723607	-0.0009736302368419929	-1.475021516073536	0.0	(-1.475021516073536+0j)
-1.1755898067255313	-1.382011393676972	-0.0009722258519583012	-1.3829838198405702	0.0	(-1.3829838198405702+0j)
-1.1383892160216253	-1.2959300071543307	-0.0009707317980953616	-1.2969009437544345	0.0	(-1.2969009437544345+0j)
-1.102450156450796	-1.2153963474583847	-0.0009691424166709327	-1.2163656992031378	0.0	(-1.2163656992031378+0j)
-1.0677232865359136	-1.1400330166110528	-0.0009674516841767388	-1.1410006821768992	0.0	(-1.1410006821768992+0j)
-1.0341615250446599	-1.0694900598826966	-0.0009656531874667475	-1.07045593152352	0.0	(-1.07045593152352+0j)
-1.0017199318670553	-1.003442821899738	-0.000963740097261256	-1.0044067850297627	0.0	(-1.0044067850297627+0j)
-0.9703555959901904	-0.9415899826694776	-0.0009617051397286407	-0.942551915417357	0.0	(-0.942551915417357+0j)
-0.9400275300988208	-0.8836517573436894	-0.0009595405659951602	-0.8846115300762607	0.0	(-0.8846115300762607+0j)
-0.9106965713649502	-0.8293682450958758	-0.0009572381194207055	-0.8303257199088364	0.0	(-0.8303257199088364+0j)
-0.8823252880212902	-0.7784979138818526	-0.0009547890004648757	-0.7794529440553652	0.0	(-0.7794529440553652+0j)
-0.8548778913426676	-0.7308162091064857	-0.0009521838289532893	-0.7317686385228395	0.0	(-0.7317686385228395+0j)
-0.8283201526864177	-0.6861142753464503	-0.0009494126035391661	-0.687063937867146	0.0	(-0.687063937867146+0j)
-0.8026193252675695	-0.6441977812929686	-0.0009464646581416743	-0.6451445000920246	0.0	(-0.6451445000920246+0j)
-0.7777440703675577	-0.6048858389918965	-0.0009433286151347914	-0.6058294258421782	0.0	(-0.6058294258421782+0j)
-0.7536643876962961	-0.5680100092816329	-0.0009399923350687085	-0.5689502637909382	0.0	(-0.5689502637909382+0j)
-0.7303515496469766	-0.53341338607174	-0.0009364428627507279	-0.5343500948646768	0.0	(-0.5343500948646768+0j)
-0.7077780392009602	-0.5009497527751559	-0.000932666369631254	-0.5018826886173635	0.0	(-0.5018826886173635+0j)
-0.6859174912568177	-0.4704828048120465	-0.0009286480926923596	-0.4714117256731724	0.0	(-0.4714117256731724+0j)
-0.6647446371729734	-0.441885432650228	-0.0009243722705055391	-0.44281008070282163	0.0	(-0.44281008070282163+0j)
-0.644235252327683	-0.41503906034171334	-0.0009198220779142032	-0.4159591608947689	0.0	(-0.4159591608947689+0j)
-0.6243661065132793	-0.3898330349625516	-0.0009149795620073591	-0.3907482953304236	0.0	(-0.3907482953304236+0j)
-0.6051149169938791	-0.36616406276850916	-0.0009098255837525102	-0.367074171082956	0.0	(-0.367074171082956+0j)
-0.5864603040670644	-0.3439356882464336	-0.00090433977184009	-0.344840312219947	0.0	(-0.344840312219947+0j)
-0.5683817489806017	-0.3230578125742477	-0.0008985004978312194	-0.3239565982415803	0.0	(-0.3239565982415803+0j)
-0.5508595540650095	-0.3034462483047011	-0.0008922848843210159	-0.30433881876997315	0.0	(-0.30433881876997315+0j)
-0.5338748049518669	-0.2850223073623939	-0.0008856688601142157	-0.2859082616027758	0.0	(-0.2859082616027758+0j)
-0.5174093347561604	-0.2677124196928124	-0.0008786272778434527	-0.2685913314800451	0.0	(-0.2685913314800451+0j)
-0.5014456901088119	-0.2514477801287026	-0.0008711341095134992	-0.25231919714709106	0.0	(-0.25231919714709106+0j)
-0.4859670989327906	-0.2361640212451527	-0.000863162733690699	-0.23702746449455678	0.0	(-0.23702746449455678+0j)
-0.47095743986299343	-0.22180091016230508	-0.0008546863242412603	-0.22265587375431162	0.0	(-0.22265587375431162+0j)
-0.4564012132163665	-0.20830206742537125	-0.0008456783447041054	-0.20914801887138548	0.0	(-0.20914801887138548+0j)
-0.4422835134246209	-0.19561470624722682	-0.000836113144928977	-0.19645108734534047	0.0	(-0.19645108734534047+0j)
-0.4285900028473402	-0.1836893905406831	-0.0008259666481724352	-0.18451561895077573	0.0	(-0.18451561895077573+0j)
-0.41530688688838896	-0.1724798102969251	-0.0008152171082819624	-0.17329528187264281	0.0	(-0.17329528187264281+0j)
-0.4024208903432601	-0.1619425729846622	-0.0008038459088510095	-0.1627466649090772	0.0	(-0.1627466649090772+0j)
-0.389919234909446	-0.15203700975236775	-0.0007918383701772475	-0.1528290844781656	0.0	(-0.1528290844781656+0j)
-0.3777896177960279	-0.14272499531446883	-0.0007791845261999248	-0.14350440528527128	0.0	(-0.14350440528527128+0j)
-0.3660201913725601	-0.13397078049240552	-0.0007658798327509996	-0.1347368735742092	0.0	(-0.1347368735742092+0j)
-0.354599543800905	-0.12574083646380996	-0.000751925770527911	-0.1264929619790629	0.0	(-0.1264929619790629+0j)
-0.3435166805970615	-0.11800370984842355	-0.0007373303109667949	-0.11874122508109759	0.0	(-0.11874122508109759+0j)
-0.3327610070731549	-0.11072988782834026	-0.0007221082201796388	-0.11145216483293043	0.0	(-0.11145216483293043+0j)
-0.3223223116127228	-0.10389167256336918	-0.000706281184645904	-0.10459810510118596	0.0	(-0.10459810510118596+0j)
-0.3121907497351576	-0.0974630642201998	-0.0006898777516531487	-0.09815307463945097	0.0	(-0.09815307463945097+0j)
-0.30235682890776616	-0.09141965198716018	-0.0006729330867961892	-0.09209269786052465	0.0	(-0.09209269786052465+0j)
-0.2928113940662991	-0.08573851249504949	-0.0006554885594824932	-0.08639409284384755	0.0	(-0.08639409284384755+0j)
-0.28354561380707677	-0.08039811510923192	-0.0006375911748012866	-0.08103577605915713	0.0	(-0.08103577605915713+0j)
-0.2745509672159419	-0.07537823359920921	-0.0006192928759126998	-0.07599757333864407	0.0	(-0.07599757333864407+0j)
-0.2658192313012629	-0.0706598637295943	-0.0006006497450969341	-0.07126053666702847	0.0	(-0.07126053666702847+0j)
-0.25734246900006463	-0.06622514635104923	-0.0005817211337347083	-0.06680686640013034	0.0	(-0.06680686640013034+0j)
-0.24911301772811112	-0.06205729560160621	-0.0005625687518738485	-0.06261983855302183	0.0	(-0.06261983855302183+0j)
-0.24112347844640347	-0.0581405318580932	-0.0005432557468850911	-0.058683736827185966	0.0	(-0.058683736827185966+0j)
-0.2333667052180859	-0.054460019104344996	-0.0005238457983059823	-0.05498378907019592	0.0	(-0.05498378907019592+0j)
-0.225835795231207	-0.05100180640771166	-0.0005044022526333971	-0.05150610788444341	0.0	(-0.05150610788444341+0j)
-0.21852407926412534	-0.047752773218233735	-0.00048498731787503075	-0.04823763511826855	0.0	(-0.04823763511826855+0j)
-0.211425112571636	-0.04470057822592895	-0.00046566133341078246	-0.045166089991672764	0.0	(-0.045166089991672764+0j)
-0.20453266617107863	-0.04183361153104989	-0.0004464821264112547	-0.04227992062163504	0.0	(-0.04227992062163504+0j)
-0.19784071850882584	-0.03914094990008846	-0.0004275044619303884	-0.03956825872743663	0.0	(-0.03956825872743663+0j)
-0.19134344748859874	-0.036612314896822144	-0.00040877958999823994	-0.03702087730801588	0.0	(-0.03702087730801588+0j)
-0.18503522284406232	-0.0342380336929518	-0.00039035488970284166	-0.034628151093197515	0.0	(-0.034628151093197515+0j)
-0.17891059883908308	-0.03200900237695932	-0.00037227360743454207	-0.03238101958859917	0.0	(-0.03238101958859917+0j)
-0.17296430727992232	-0.02991665159282339	-0.0003545746841993056	-0.030270952534968996	0.0	(-0.030270952534968996+0j)
-0.16719125082446273	-0.02795291435224841	-0.0003372926651831431	-0.028289917622253795	0.0	(-0.028289917622253795+0j)
-0.1615864965743571	-0.026110195875174724	-0.00032045768353714394	-0.02643035030466142	0.0	(-0.02643035030466142+0j)
-0.15614526993671918	-0.024381345323610897	-0.00030409550960271305	-0.02468512557339665	0.0	(-0.02468512557339665+0j)
-0.15086294874268072	-0.02275962930333671	-0.00028822765645008635	-0.023047531554394696	0.0	(-0.023047531554394696+0j)
-0.14573505761078795	-0.021238707016819684	-0.0002728715325950864	-0.02151124480601721	0.0	(-0.02151124480601721+0j)
-0.1407572625438378	-0.019812606958834883	-0.0002580406330239503	-0.02007030720106208	0.0	(-0.02007030720106208+0j)
-0.1359253657483311	-0.018475705053817584	-0.0002437447601310004	-0.018719104284654654	0.0	(-0.018719104284654654+0j)
-0.13123530066627967	-0.017222704140968825	-0.00022999026680126604	-0.017452345006290736	0.0	(-0.017452345006290736+0j)
-0.12668312720961808	-0.016048614719608275	-0.000216780314598637	-0.016265042732162185	0.0	(-0.016265042732162185+0j)
-0.12226502718796878	-0.014948736873274745	-0.00020411514080595288	-0.015152497448518883	0.0	(-0.015152497448518883+0j)
-0.11797729992097018	-0.01391864329664255	-0.00019199232887021634	-0.01411027907412987	0.0	(-0.01411027907412987+0j)
-0.11381635802681951	-0.012954163354489161	-0.00018040707760480658	-0.013134211804888375	0.0	(-0.013134211804888375+0j)
-0.10977872337909478	-0.01205136810674381	-0.00016935246526880444	-0.012220359419811316	0.0	(-0.012220359419811316+0j)
-0.10586102322431669	-0.011206556238099318	-0.00015881970536507327	-0.011365011481469574	0.0	(-0.011365011481469574+0j)
-0.10205998645307823	-0.010416240834802512	-0.0001487983916623782	-0.01056467037144369	0.0	(-0.01056467037144369+0j)
-0.09837244001792601	-0.009677136955080452	-0.00013927673054601637	-0.009816039103858238	0.0	(-0.009816039103858238+0j)
-0.09479530549150439	-0.008986149943227642	-0.00013024175933289245	-0.00911600986545146	0.0	(-0.00911600986545146+0j)
-0.09132559575879504	-0.008340364440698841	-0.00012167954965060443	-0.008461653235180458	0.0	(-0.008461653235180458+0j)
-0.08796041183757511	-0.007737034050635823	-0.00011357539537757631	-0.007850208038803298	0.0	(-0.007850208038803298+0j)
-0.08469693982150671	-0.007173571615127929	-0.0001059139849762407	-0.007279071798338499	0.0	(-0.007279071798338499+0j)
-0.08153244794053156	-0.0066475400671754895	-9.867955832804574e-05	-0.006745791738575295	0.0	(-0.006745791738575295+0j)
-0.07846428373350321	-0.006156643821811697	-9.185604840296902e-05	-0.00624805631587686	0.0	(-0.00624805631587686+0j)
-0.07548987132822536	-0.005698720673152022	-8.542720827267315e-05	-0.005783687236896471	0.0	(-0.005783687236896471+0j)
-0.0726067088242958	-0.005271734166296074	-7.937672411107224e-05	-0.005350631936878124	0.0	(-0.005350631936878124+0j)
-0.0698123657743687	-0.004873766415014246	-7.368831492430075e-05	-0.004946956489669742	0.0	(-0.004946956489669742+0j)
-0.06710448075965493	-0.004503011338022899	-6.834581981918636e-05	-0.004570838923379812	0.0	(-0.004570838923379812+0j)
-0.06448075905567281	-0.004157768288395731	-6.333327366004892e-05	-0.004220562916997753	0.0	(-0.004220562916997753+0j)
-0.06193897038444741	-0.003836436052285453	-5.863497198255879e-05	-0.0038945118556396744	0.0	(-0.0038945118556396744+0j)
-0.05947694674953034	-0.0035375071946464683	-5.4235526034387976e-05	-0.003591163223080484	0.0	(-0.003591163223080484+0j)
-0.05709258035037935	-0.003259562731064522	-5.0119908799078905e-05	-0.0033090833116372954	0.0	(-0.0033090833116372954+0j)
-0.05478382157279376	-0.003001267106119703	-4.6273492835077756e-05	-0.003046922231252098	0.0	(-0.003046922231252098+0j)
-0.0525486770522525	-0.002761363459941929	-4.268208072882585e-05	-0.0028034091999690727	0.0	(-0.0028034091999690727+0j)
-0.05038520780714346	-0.00253866916576903	-3.93319289216057e-05	-0.002577348099822219	0.0	(-0.002577348099822219+0j)
-0.04829152743900835	-0.0023320716223924963	-3.6209765626356305e-05	-0.0023676132828121576	0.0	(-0.0023676132828121576+0j)
-0.04626580039705615	-0.0021405242863802407	-3.330280350448689e-05	-0.002173145612450869	0.0	(-0.002173145612450869+0j)
-0.04430624030431983	-0.001963042929904135	-3.059874772530225e-05	-0.0019929487273917367	0.0	(-0.0019929487273917367+0j)
-0.0424111083429481	-0.0017987021108772823	-2.8085799982849326e-05	-0.0018260855143963515	0.0	(-0.0018260855143963515+0j)
-0.04057871169623432	-0.0016466318429261037	-2.5752658997976743e-05	-0.0016716747786898513	0.0	(-0.0016716747786898513+0j)
-0.038807402045089236	-0.0015060144534891962	-2.358851798730799e-05	-0.0015288881001422402	0.0	(-0.0015288881001422402+0j)
-0.0370955741167656	-0.0013760816190524503	-2.1583059536903205e-05	-0.0013969468648262005	0.0	(-0.0013969468648262005+0j)
-0.03544166428373683	-0.001256111567201107	-1.9726448276161102e-05	-0.0012751194618058526	0.0	(-0.0012751194618058526+0j)
-0.03384414921072317	-0.0011454264357976939	-1.800932170785696e-05	-0.001162718635663437	0.0	(-0.001162718635663437+0j)
-0.03230154454794487	-0.0010433897801828671	-1.6422779513047826e-05	-0.0010590989858355838	0.0	(-0.0010590989858355838+0j)
-0.030812403668764587	-0.0009494042198468975	-1.4958371614864907e-05	-0.000963654604458623	0.0	(-0.000963654604458623+0j)
-0.029375316449958718	-0.0008629092165352152	-1.3608085253219437e-05	-0.0008758168446849769	0.0	(-0.0008758168446849769+0j)
-0.027988908092932717	-0.0007833789762346345	-1.2364331292902265e-05	-0.0007950522121936658	0.0	(-0.0007950522121936658+0j)
-0.02665183798426606	-0.000710320467939567	-1.1219929960637477e-05	-0.0007208603727318968	0.0	(-0.0007208603727318968+0j)
-0.025362798594040566	-0.0006432715525218661	-1.0168096181933928e-05	-0.0006527722692986756	0.0	(-0.0006527722692986756+0j)
-0.024120514410469796	-0.0005817992154256811	-9.202424666354681e-06	-0.000590348342680815	0.0	(-0.000590348342680815+0j)
-0.022923740909409487	-0.000525497897281734	-8.31687486958499e-06	-0.0005331768495195157	0.0	(-0.0005331768495195157+0j)
-0.021771263557387018	-0.000473987916885208	-7.505755942505133e-06	-0.00048087227251450985	0.0	(-0.00048087227251450985+0j)
-0.02066189684684411	-0.0004269139813096266	-6.763711761292868e-06	-0.0004330738175867927	0.0	(-0.0004330738175867927+0j)
-0.019594483362340376	-0.0003839437782370338	-6.0857061180086274e-06	-0.0003894439931111127	0.0	(-0.0003894439931111127+0j)
-0.01856789287651589	-0.00034476664587376955	-5.4670081379826214e-06	-0.0003496672667329889	0.0	(-0.0003496672667329889+0j)
-0.017581021474659796	-0.00030909231609244894	-4.903177979254104e-06	-0.0003134487954408925	0.0	(-0.0003134487954408925+0j)
-0.0166327907067782	-0.0002766497266954873	-4.390052858860294e-06	-0.00028051322485333975	0.0	(-0.00028051322485333975+0j)
-0.015722146766098555	-0.0002471858989347433	-3.923733441868471e-06	-0.00025060355390123256	0.0	(-0.00025060355390123256+0j)
-0.014848059692990303	-0.0002204648766466033	-3.500570621639554e-06	-0.0002234800613361612	0.0	(-0.0002234800613361612+0j)
-0.01400952260332125	-0.00019626672357296902	-3.1171527123508016e-06	-0.00019891929066211722	0.0	(-0.00019891929066211722+0j)
-0.01320555094030825	-0.0001743865756370761	-2.7702930695427954e-06	-0.00017671309028101183	0.0	(-0.00017671309028101183+0j)
-0.012435181748956657	-0.00015463374512958474	-2.457018148893653e-06	-0.00015666770588797845	0.0	(-0.00015666770588797845+0j)
-0.01169747297221872	-0.00013683087393578743	-2.1745560094821315e-06	-0.00013860292220463466	0.0	(-0.00013860292220463466+0j)
-0.010991502768034012	-0.00012081313309969934	-1.9203252631605495e-06	-0.00012235125142663828	0.0	(-0.00012235125142663828+0j)
-0.0103163688464472	-0.00010642746617594633	-1.6919244701263382e-06	-0.00010775716581358455	0.0	(-0.00010775716581358455+0j)
-0.009671187826028764	-9.353187396632697e-05	-1.4871219759626797e-06	-9.46763720501959e-05	0.0	(-9.46763720501959e-05+0j)
-0.0090550946088535	-8.199473837528773e-05	-1.3038461850634066e-06	-8.297512510724884e-05	0.0	(-8.297512510724884e-05+0j)
-0.008467241773319324	-7.169418324784377e-05	-1.1401762627372136e-06	-7.252957948023511e-05	0.0	(-7.252957948023511e-05+0j)
-0.00790679898411556	-6.251747017521084e-05	-9.943332560879981e-07	-6.322517578260002e-05	0.0	(-6.322517578260002e-05+0j)
-0.007372952418675131	-5.436042736804747e-05	-8.646716246119013e-07	-5.495606080204811e-05	0.0	(-5.495606080204811e-05+0j)
-0.006864904209469354	-4.712690980519006e-05	-7.496711674548351e-07	-4.762453921146542e-05	0.0	(-4.762453921146542e-05+0j)
-0.00638187190152713	-4.0728288967501505e-05	-6.479293374717088e-07	-4.1140555249468185e-05	0.0	(-4.1140555249468185e-05+0j)
-0.0059230879245824606	-3.508297056233456e-05	-5.581539273435965e-07	-3.542120276186875e-05	0.0	(-3.542120276186875e-05+0j)
-0.005487799079275197	-3.0115938734493705e-05	-4.791561165617964e-07	-3.0390262092796876e-05	0.0	(-3.0390262092796876e-05+0j)
-0.005075266036850213	-2.5758325344805268e-05	-4.0984386586728764e-07	-2.5977762396643123e-05	0.0	(-2.5977762396643123e-05+0j)
-0.00468476285181929	-2.1947002977786005e-05	-3.492156444906414e-07	-2.211956801949354e-05	0.0	(-2.211956801949354e-05+0j)
-0.004315576487068442	-1.8624200415737994e-05	-2.963544794454265e-07	-1.875698767962723e-05	0.0	(-1.875698767962723e-05+0j)
-0.003967006350910908	-1.573713938816748e-05	-2.5042231399652337e-07	-1.5836405240012986e-05	0.0	(-1.5836405240012986e-05+0j)
-0.0036383638456027453	-1.3237691472989197e-05	-2.1065465745095936e-07	-1.3308930937021412e-05	0.0	(-1.3308930937021412e-05+0j)
-0.0033289719268539634	-1.108205408978179e-05	-1.7635552147510227e-07	-1.113007199509294e-05	0.0	(-1.113007199509294e-05+0j)
-0.0030381646738833206	-9.230444585632543e-06	-1.4689262570755093e-07	-9.2594216125816e-06	0.0	(-9.2594216125816e-06+0j)
-0.002765286869579454	-7.646811471068537e-06	-1.216928588121391e-07	-7.660365362697414e-06	0.0	(-7.660365362697414e-06+0j)
-0.0025096935903448805	-6.298561917418177e-06	-1.0023799177361071e-07	-6.299804112524304e-06	0.0	(-6.299804112524304e-06+0j)
-0.0022707498052125484	-5.156304677872827e-06	-8.20606246065836e-08	-5.147892606912852e-06	0.0	(-5.147892606912852e-06+0j)
-0.0020478299838372883	-4.193607642703028e-06	-6.674035262221878e-08	-4.1777929145526775e-06	0.0	(-4.1777929145526775e-06+0j)
-0.001840317712976406	-3.386769284694709e-06	-5.3900159002751025e-08	-3.365442004039522e-06	0.0	(-3.365442004039522e-06+0j)
-0.0016476053210851282	-2.7146032940680283e-06	-4.3203002064728935e-08	-2.689332737526665e-06	0.0	(-2.689332737526665e-06+0j)
-0.0014690935106634537	-2.158235743073471e-06	-3.434859934259294e-08	-2.1303076689318396e-06	0.0	(-2.1303076689318396e-06+0j)
-0.0013041909980012522	-1.7009141592675022e-06	-2.707039925553545e-08	-1.6713651068619344e-06	0.0	(-1.6713651068619344e-06+0j)
-0.0011523141599783147	-1.327827923286529e-06	-2.1132737515472402e-08	-1.2974771079115577e-06	0.0	(-1.2974771079115577e-06+0j)
-0.0010128866875853285	-1.0259394418875787e-06	-1.632815838092938e-08	-9.954192857616887e-07	0.0	(-9.954192857616887e-07+0j)
-0.0008853392458406116	-7.83825580225623e-07	-1.24748680718767e-08	-7.536130603073274e-07	0.0	(-7.536130603073274e-07+0j)
-0.0007691091397858128	-5.91528868902073e-07	-9.414418400410796e-09	-5.619822832384653e-07	0.0	(-5.619822832384653e-07+0j)
-0.000663639986251706	-4.404180313521645e-07	-7.009441560512642e-09	-4.118281023140879e-07	0.0	(-4.118281023140879e-07+0j)
-0.0005683813910927198	-3.230574057404953e-07	-5.1416009227978066e-09	-2.957270874161833e-07	0.0	(-2.957270874161833e-07+0j)
-0.0004827886315959191	-2.330848627982601e-07	-3.70964698959142e-09	-2.0744463464154385e-07	0.0	(-2.0744463464154385e-07+0j)
-0.00040632234377683705	-1.6509784705230215e-07	-2.627598405524623e-09	-1.4180055637486787e-07	0.0	(-1.4180055637486787e-07+0j)
-0.0003384482142808416	-1.1454719374989047e-07	-1.823036654968746e-09	-9.437469778785484e-08	0.0	(-9.437469778785484e-08+0j)
-0.0002786366766146315	-7.763839755484672e-08	-1.2356395018287004e-09	-6.11605688019002e-08	0.0	(-6.11605688019002e-08+0j)
-0.0002263626114379906	-5.124003185702671e-08	-8.154529496096075e-10	-3.854304033166349e-08	0.0	(-3.854304033166349e-08+0j)
-0.0001811050506511092	-3.279903937134083e-08	-5.220499588176608e-10	-2.352641610638274e-08	0.0	(-2.352641610638274e-08+0j)
-0.00014234688501760587	-2.0262635674215505e-08	-3.2250682124868037e-10	-1.3821586397623967e-08	0.0	(-1.3821586397623967e-08+0j)
-0.00010957457506787214	-1.2006587501304747e-08	-1.9099388737231493e-10	-7.750204774501108e-09	0.0	(-7.750204774501108e-09+0j)
-8.227786503151151e-05	-6.769647074143624e-09	-1.0768417268991471e-10	-4.1040187352239404e-09	0.0	(-4.1040187352239404e-09+0j)
-5.9949499551469586e-05	-3.593942496471652e-09	-5.820766091346741e-11	-2.0224649546328728e-09	0.0	(-2.0224649546328728e-09+0j)
-4.208494293595911e-05	-1.7711424219229345e-09	-2.9103830456733704e-11	-9.13448938945661e-10	0.0	(-9.13448938945661e-10+0j)
-2.818210070747449e-05	-7.942308002862342e-10	-1.7462298274040225e-11	-3.571455375286602e-10	0.0	(-3.571455375286602e-10+0j)
-1.7741043211075948e-05	-3.14744614217264e-10	-0.0	-1.2067744043006453e-10	0.0	(-1.2067744043006453e-10+0j)
-1.0263731046704024e-05	-1.0534417499907609e-10	-0.0	-3.213520514561422e-11	0.0	(-3.213520514561422e-11+0j)
-5.253742092569803e-06	-2.7601805975239737e-11	-0.0	-5.871682229979812e-12	0.0	(-5.871682229979812e-12+0j)
-2.2159998886550805e-06	-4.910655506519329e-12	-0.0	-5.436417815765283e-13	0.0	(-5.436417815765283e-13+0j)
-6.565031510556671e-07	-4.3099638734602e-13	-0.0	-5.08346447423798e-15	-1.5187130298045224e-07	(-5.08346447423798e-15-1.5187130298045224e-07j)
-8.205618931236921e-08	-6.733218204467375e-15	-0.0	-5.08346447423798e-15	1.5187130298045224e-07	(-5.08346447423798e-15+1.5187130298045224e-07j)
8.205618931236921e-08	6.733218204467375e-15	0.0	9.009625372002685e-15	0.0	(9.009625372002685e-15+0j)
6.565031510556671e-07	4.3099638734602e-13	0.0	9.411089869092973e-15	0.0	(9.411089869092973e-15+0j)
2.2159998886550805e-06	4.910655506519329e-12	0.0	5.38562051724639e-13	0.0	(5.38562051724639e-13+0j)
5.253742092569803e-06	2.7601805975239737e-11	0.0	5.8637448537691856e-12	0.0	(5.8637448537691856e-12+0j)
1.0263731046704024e-05	1.0534417499907609e-10	0.0	3.212104315565609e-11	0.0	(3.212104315565609e-11+0j)
1.7741043211075948e-05	3.14744614217264e-10	0.0	1.2068970600247066e-10	0.0	(1.2068970600247066e-10+0j)
2.818210070747449e-05	7.942308002862342e-10	1.7462298274040225e-11	3.5712702899992e-10	0.0	(3.5712702899992e-10+0j)
4.208494293595911e-05	1.7711424219229345e-09	2.9103830456733704e-11	9.134608304798051e-10	0.0	(9.134608304798051e-10+0j)
5.9949499551469586e-05	3.593942496471652e-09	5.820766091346741e-11	2.0224624753865386e-09	0.0	(2.0224624753865386e-09+0j)
8.227786503151151e-05	6.769647074143624e-09	1.0768417268991471e-10	4.104011267239535e-09	0.0	(4.104011267239535e-09+0j)
0.00010957457506787214	1.2006587501304747e-08	1.9099388737231493e-10	7.7501993981528e-09	0.0	(7.7501993981528e-09+0j)
0.00014234688501760587	2.0262635674215505e-08	3.2250682124868037e-10	1.3821584525623683e-08	0.0	(1.3821584525623683e-08+0j)
0.0001811050506511092	3.279903937134083e-08	5.220499588176608e-10	2.3526401455148476e-08	0.0	(2.3526401455148476e-08+0j)
0.0002263626114379906	5.124003185702671e-08	8.154529496096075e-10	3.8543031637176183e-08	0.0	(3.8543031637176183e-08+0j)
0.0002786366766146315	7.763839755484672e-08	1.2356395018287004e-09	6.116058025594785e-08	0.0	(6.116058025594785e-08+0j)
0.0003384482142808416	1.1454719374989047e-07	1.823036654968746e-09	9.437468557877092e-08	0.0	(9.437468557877092e-08+0j)
0.00040632234377683705	1.6509784705230215e-07	2.627598405524623e-09	1.4180056050189863e-07	0.0	(1.4180056050189863e-07+0j)
0.0004827886315959191	2.330848627982601e-07	3.70964698959142e-09	2.0744464381364327e-07	0.0	(2.0744464381364327e-07+0j)
0.0005683813910927198	3.230574057404953e-07	5.1416009227978066e-09	2.95727087929587e-07	0.0	(2.95727087929587e-07+0j)
0.000663639986251706	4.404180313521645e-07	7.009441560512642e-09	4.118280884450162e-07	0.0	(4.118280884450162e-07+0j)
0.0007691091397858128	5.91528868902073e-07	9.414418400410796e-09	5.619822778026992e-07	0.0	(5.619822778026992e-07+0j)
0.0008853392458406116	7.83825580225623e-07	1.24748680718767e-08	7.53613046272472e-07	0.0	(7.53613046272472e-07+0j)
0.0010128866875853285	1.0259394418875787e-06	1.632815838092938e-08	9.954192846107255e-07	0.0	(9.954192846107255e-07+0j)
0.0011523141599783147	1.327827923286529e-06	2.1132737515472402e-08	1.2974770859330331e-06	0.0	(1.2974770859330331e-06+0j)
0.0013041909980012522	1.7009141592675022e-06	2.707039925553545e-08	1.671365094301372e-06	0.0	(1.671365094301372e-06+0j)
0.0014690935106634537	2.158235743073471e-06	3.434859934259294e-08	2.1303076759916254e-06	0.0	(2.1303076759916254e-06+0j)
0.0016476053210851282	2.7146032940680283e-06	4.3203002064728935e-08	2.689332751388838e-06	0.0	(2.689332751388838e-06+0j)
0.001840317712976406	3.386769284694709e-06	5.3900159002751025e-08	3.3654420140572875e-06	0.0	(3.3654420140572875e-06+0j)
0.0020478299838372883	4.193607642703028e-06	6.674035262221878e-08	4.177792912206333e-06	0.0	(4.177792912206333e-06+0j)
0.0022707498052125484	5.156304677872827e-06	8.20606246065836e-08	5.147892609978726e-06	0.0	(5.147892609978726e-06+0j)
0.0025096935903448805	6.298561917418177e-06	1.0023799177361071e-07	6.2998041116305716e-06	0.0	(6.2998041116305716e-06+0j)
0.002765286869579454	7.646811471068537e-06	1.216928588121391e-07	7.660365352920085e-06	0.0	(7.660365352920085e-06+0j)
0.0030381646738833206	9.230444585632543e-06	1.4689262570755093e-07	9.25942160680176e-06	0.0	(9.25942160680176e-06+0j)
0.0033289719268539634	1.108205408978179e-05	1.7635552147510227e-07	1.1130071992141945e-05	0.0	(1.1130071992141945e-05+0j)
0.0036383638456027453	1.3237691472989197e-05	2.1065465745095936e-07	1.3308930925733232e-05	0.0	(1.3308930925733232e-05+0j)
0.003967006350910908	1.573713938816748e-05	2.5042231399652337e-07	1.583640523844898e-05	0.0	(1.583640523844898e-05+0j)
0.004315576487068442	1.8624200415737994e-05	2.963544794454265e-07	1.8756987677485846e-05	0.0	(1.8756987677485846e-05+0j)
0.00468476285181929	2.1947002977786005e-05	3.492156444906414e-07	2.2119568016754044e-05	0.0	(2.2119568016754044e-05+0j)
0.005075266036850213	2.5758325344805268e-05	4.0984386586728764e-07	2.59777623989251e-05	0.0	(2.59777623989251e-05+0j)
0.005487799079275197	3.0115938734493705e-05	4.791561165617964e-07	3.039026209079315e-05	0.0	(3.039026209079315e-05+0j)
0.0059230879245824606	3.508297056233456e-05	5.581539273435965e-07	3.5421202765352616e-05	0.0	(3.5421202765352616e-05+0j)
0.00638187190152713	4.0728288967501505e-05	6.479293374717088e-07	4.114055524494836e-05	0.0	(4.114055524494836e-05+0j)
0.006864904209469354	4.712690980519006e-05	7.496711674548351e-07	4.76245392093698e-05	0.0	(4.76245392093698e-05+0j)
0.007372952418675131	5.436042736804747e-05	8.646716246119013e-07	5.495606080909225e-05	0.0	(5.495606080909225e-05+0j)
0.00790679898411556	6.251747017521084e-05	9.943332560879981e-07	6.322517578203802e-05	0.0	(6.322517578203802e-05+0j)
0.008467241773319324	7.169418324784377e-05	1.1401762627372136e-06	7.25295794773983e-05	0.0	(7.25295794773983e-05+0j)
0.0090550946088535	8.199473837528773e-05	1.3038461850634066e-06	8.297512509668321e-05	0.0	(8.297512509668321e-05+0j)
0.009671187826028764	9.353187396632697e-05	1.4871219759626797e-06	9.467637204644771e-05	0.0	(9.467637204644771e-05+0j)
0.0103163688464472	0.00010642746617594633	1.6919244701263382e-06	0.00010775716580280412	0.0	(0.00010775716580280412+0j)
0.010991502768034012	0.00012081313309969934	1.9203252631605495e-06	0.00012235125142402652	0.0	(0.00012235125142402652+0j)
0.01169747297221872	0.00013683087393578743	2.1745560094821315e-06	0.00013860292219713705	0.0	(0.00013860292219713705+0j)
0.012435181748956657	0.00015463374512958474	2.457018148893653e-06	0.0001566677058800728	0.0	(0.0001566677058800728+0j)
0.01320555094030825	0.0001743865756370761	2.7702930695427954e-06	0.0001767130902800929	0.0	(0.0001767130902800929+0j)
0.01400952260332125	0.00019626672357296902	3.1171527123508016e-06	0.00019891929066383185	0.0	(0.00019891929066383185+0j)
0.014848059692990303	0.0002204648766466033	3.500570621639554e-06	0.00022348006133221743	0.0	(0.00022348006133221743+0j)
0.015722146766098555	0.0002471858989347433	3.923733441868471e-06	0.00025060355390467686	0.0	(0.00025060355390467686+0j)
0.0166327907067782	0.0002766497266954873	4.390052858860294e-06	0.0002805132248533241	0.0	(0.0002805132248533241+0j)
0.017581021474659796	0.00030909231609244894	4.903177979254104e-06	0.0003134487954303008	0.0	(0.0003134487954303008+0j)
0.01856789287651589	0.00034476664587376955	5.4670081379826214e-06	0.00034966726672695195	0.0	(0.00034966726672695195+0j)
0.019594483362340376	0.0003839437782370338	6.0857061180086274e-06	0.00038944399310972554	0.0	(0.00038944399310972554+0j)
0.02066189684684411	0.0004269139813096266	6.763711761292868e-06	0.00043307381758717886	0.0	(0.00043307381758717886+0j)
0.021771263557387018	0.000473987916885208	7.505755942505133e-06	0.00048087227251583816	0.0	(0.00048087227251583816+0j)
0.022923740909409487	0.000525497897281734	8.31687486958499e-06	0.0005331768495183299	0.0	(0.0005331768495183299+0j)
0.024120514410469796	0.0005817992154256811	9.202424666354681e-06	0.0005903483426904067	0.0	(0.0005903483426904067+0j)
0.025362798594040566	0.0006432715525218661	1.0168096181933928e-05	0.0006527722693024969	0.0	(0.0006527722693024969+0j)
0.02665183798426606	0.000710320467939567	1.1219929960637477e-05	0.0007208603727257061	0.0	(0.0007208603727257061+0j)
0.027988908092932717	0.0007833789762346345	1.2364331292902265e-05	0.0007950522121906862	0.0	(0.0007950522121906862+0j)
0.029375316449958718	0.0008629092165352152	1.3608085253219437e-05	0.0008758168446888271	0.0	(0.0008758168446888271+0j)
0.030812403668764587	0.0009494042198468975	1.4958371614864907e-05	0.0009636546044548028	0.0	(0.0009636546044548028+0j)
0.03230154454794487	0.0010433897801828671	1.6422779513047826e-05	0.0010590989858393232	0.0	(0.0010590989858393232+0j)
0.03384414921072317	0.0011454264357976939	1.800932170785696e-05	0.0011627186356613691	0.0	(0.0011627186356613691+0j)
0.03544166428373683	0.001256111567201107	1.9726448276161102e-05	0.0012751194618050008	0.0	(0.0012751194618050008+0j)
0.0370955741167656	0.0013760816190524503	2.1583059536903205e-05	0.0013969468648312952	0.0	(0.0013969468648312952+0j)
0.038807402045089236	0.0015060144534891962	2.358851798730799e-05	0.0015288881001494668	0.0	(0.0015288881001494668+0j)
0.04057871169623432	0.0016466318429261037	2.5752658997976743e-05	0.001671674778692807	0.0	(0.001671674778692807+0j)
0.0424111083429481	0.0017987021108772823	2.8085799982849326e-05	0.0018260855143991165	0.0	(0.0018260855143991165+0j)
0.04430624030431983	0.001963042929904135	3.059874772530225e-05	0.0019929487273821636	0.0	(0.0019929487273821636+0j)
0.04626580039705615	0.0021405242863802407	3.330280350448689e-05	0.002173145612446362	0.0	(0.002173145612446362+0j)
0.04829152743900835	0.0023320716223924963	3.6209765626356305e-05	0.002367613282815168	0.0	(0.002367613282815168+0j)
0.05038520780714346	0.00253866916576903	3.93319289216057e-05	0.002577348099816784	0.0	(0.002577348099816784+0j)
0.0525486770522525	0.002761363459941929	4.268208072882585e-05	0.0028034091999546173	0.0	(0.0028034091999546173+0j)
0.05478382157279376	0.003001267106119703	4.6273492835077756e-05	0.003046922231249423	0.0	(0.003046922231249423+0j)
0.05709258035037935	0.003259562731064522	5.0119908799078905e-05	0.003309083311641266	0.0	(0.003309083311641266+0j)
0.05947694674953034	0.0035375071946464683	5.4235526034387976e-05	0.0035911632230764315	0.0	(0.0035911632230764315+0j)
0.06193897038444741	0.003836436052285453	5.863497198255879e-05	0.0038945118556357465	0.0	(0.0038945118556357465+0j)
0.06448075905567281	0.004157768288395731	6.333327366004892e-05	0.004220562917006182	0.0	(0.004220562917006182+0j)
0.06710448075965493	0.004503011338022899	6.834581981918636e-05	0.0045708389233748495	0.0	(0.0045708389233748495+0j)
0.0698123657743687	0.004873766415014246	7.368831492430075e-05	0.0049469564896686856	0.0	(0.0049469564896686856+0j)
0.0726067088242958	0.005271734166296074	7.937672411107224e-05	0.005350631936871467	0.0	(0.005350631936871467+0j)
0.07548987132822536	0.005698720673152022	8.542720827267315e-05	0.005783687236910939	0.0	(0.005783687236910939+0j)
0.07846428373350321	0.006156643821811697	9.185604840296902e-05	0.00624805631587203	0.0	(0.00624805631587203+0j)
0.08153244794053156	0.0066475400671754895	9.867955832804574e-05	0.006745791738565065	0.0	(0.006745791738565065+0j)
0.08469693982150671	0.007173571615127929	0.0001059139849762407	0.0072790717983280285	0.0	(0.0072790717983280285+0j)
0.08796041183757511	0.007737034050635823	0.00011357539537757631	0.00785020803879091	0.0	(0.00785020803879091+0j)
0.09132559575879504	0.008340364440698841	0.00012167954965060443	0.008461653235167498	0.0	(0.008461653235167498+0j)
0.09479530549150439	0.008986149943227642	0.00013024175933289245	0.00911600986543113	0.0	(0.00911600986543113+0j)
0.09837244001792601	0.009677136955080452	0.00013927673054601637	0.009816039103828824	0.0	(0.009816039103828824+0j)
0.10205998645307823	0.010416240834802512	0.0001487983916623782	0.010564670371452135	0.0	(0.010564670371452135+0j)
0.10586102322431669	0.011206556238099318	0.00015881970536507327	0.011365011481460753	0.0	(0.011365011481460753+0j)
0.10977872337909478	0.01205136810674381	0.00016935246526880444	0.012220359419804478	0.0	(0.012220359419804478+0j)
0.11381635802681951	0.012954163354489161	0.00018040707760480658	0.01313421180488667	0.0	(0.01313421180488667+0j)
0.11797729992097018	0.01391864329664255	0.00019199232887021634	0.014110279074071213	0.0	(0.014110279074071213+0j)
0.12226502718796878	0.014948736873274745	0.00020411514080595288	0.01515249744849962	0.0	(0.01515249744849962+0j)
0.12668312720961808	0.016048614719608275	0.000216780314598637	0.016265042732156308	0.0	(0.016265042732156308+0j)
0.13123530066627967	0.017222704140968825	0.00022999026680126604	0.01745234500630815	0.0	(0.01745234500630815+0j)
0.1359253657483311	0.018475705053817584	0.0002437447601310004	0.0187191042846625	0.0	(0.0187191042846625+0j)
0.1407572625438378	0.019812606958834883	0.0002580406330239503	0.020070307201063564	0.0	(0.020070307201063564+0j)
0.14573505761078795	0.021238707016819684	0.0002728715325950864	0.021511244806022956	0.0	(0.021511244806022956+0j)
0.15086294874268072	0.02275962930333671	0.00028822765645008635	0.023047531554423094	0.0	(0.023047531554423094+0j)
0.15614526993671918	0.024381345323610897	0.00030409550960271305	0.024685125573426704	0.0	(0.024685125573426704+0j)
0.1615864965743571	0.026110195875174724	0.00032045768353714394	0.026430350304666415	0.0	(0.026430350304666415+0j)
0.16719125082446273	0.02795291435224841	0.0003372926651831431	0.028289917622233124	0.0	(0.028289917622233124+0j)
0.17296430727992232	0.02991665159282339	0.0003545746841993056	0.030270952534948464	0.0	(0.030270952534948464+0j)
0.17891059883908308	0.03200900237695932	0.00037227360743454207	0.032381019588568566	0.0	(0.032381019588568566+0j)
0.18503522284406232	0.0342380336929518	0.00039035488970284166	0.034628151093178496	0.0	(0.034628151093178496+0j)
0.19134344748859874	0.036612314896822144	0.00040877958999823994	0.0370208773079345	0.0	(0.0370208773079345+0j)
0.19784071850882584	0.03914094990008846	0.0004275044619303884	0.039568258727611084	0.0	(0.039568258727611084+0j)
0.20453266617107863	0.04183361153104989	0.0004464821264112547	0.04227992062164386	0.0	(0.04227992062164386+0j)
0.211425112571636	0.04470057822592895	0.00046566133341078246	0.04516608999155065	0.0	(0.04516608999155065+0j)
0.21852407926412534	0.047752773218233735	0.00048498731787503075	0.048237635118216896	0.0	(0.048237635118216896+0j)
0.225835795231207	0.05100180640771166	0.0005044022526333971	0.0515061078843417	0.0	(0.0515061078843417+0j)
0.2333667052180859	0.054460019104344996	0.0005238457983059823	0.05498378907008351	0.0	(0.05498378907008351+0j)
0.24112347844640347	0.0581405318580932	0.0005432557468850911	0.05868373682703655	0.0	(0.05868373682703655+0j)
0.24911301772811112	0.06205729560160621	0.0005625687518738485	0.06261983855293753	0.0	(0.06261983855293753+0j)
0.25734246900006463	0.06622514635104923	0.0005817211337347083	0.06680686640015235	0.0	(0.06680686640015235+0j)
0.2658192313012629	0.0706598637295943	0.0006006497450969341	0.07126053666701153	0.0	(0.07126053666701153+0j)
0.2745509672159419	0.07537823359920921	0.0006192928759126998	0.07599757333855149	0.0	(0.07599757333855149+0j)
0.28354561380707677	0.08039811510923192	0.0006375911748012866	0.08103577605884169	0.0	(0.08103577605884169+0j)
0.2928113940662991	0.08573851249504949	0.0006554885594824932	0.08639409284345184	0.0	(0.08639409284345184+0j)
0.30235682890776616	0.09141965198716018	0.0006729330867961892	0.09209269786040139	0.0	(0.09209269786040139+0j)
0.3121907497351576	0.0974630642201998	0.0006898777516531487	0.09815307463939951	0.0	(0.09815307463939951+0j)
0.3223223116127228	0.10389167256336918	0.000706281184645904	0.10459810510113823	0.0	(0.10459810510113823+0j)
0.3327610070731549	0.11072988782834026	0.0007221082201796388	0.1114521648327787	0.0	(0.1114521648327787+0j)
0.3435166805970615	0.11800370984842355	0.0007373303109667949	0.11874122508119314	0.0	(0.11874122508119314+0j)
0.354599543800905	0.12574083646380996	0.000751925770527911	0.12649296197911877	0.0	(0.12649296197911877+0j)
0.3660201913725601	0.13397078049240552	0.0007658798327509996	0.13473687357419994	0.0	(0.13473687357419994+0j)
0.3777896177960279	0.14272499531446883	0.0007791845261999248	0.14350440528517716	0.0	(0.14350440528517716+0j)
0.389919234909446	0.15203700975236775	0.0007918383701772475	0.1528290844784213	0.0	(0.1528290844784213+0j)
0.4024208903432601	0.1619425729846622	0.0008038459088510095	0.16274666490889894	0.0	(0.16274666490889894+0j)
0.41530688688838896	0.1724798102969251	0.0008152171082819624	0.17329528187256388	0.0	(0.17329528187256388+0j)
0.4285900028473402	0.1836893905406831	0.0008259666481724352	0.18451561895052712	0.0	(0.18451561895052712+0j)
0.4422835134246209	0.19561470624722682	0.000836113144928977	0.19645108734538777	0.0	(0.19645108734538777+0j)
0.4564012132163665	0.20830206742537125	0.0008456783447041054	0.20914801887134452	0.0	(0.20914801887134452+0j)
0.47095743986299343	0.22180091016230508	0.0008546863242412603	0.2226558737542083	0.0	(0.2226558737542083+0j)
0.4859670989327906	0.2361640212451527	0.000863162733690699	0.23702746449462248	0.0	(0.23702746449462248+0j)
0.5014456901088119	0.2514477801287026	0.0008711341095134992	0.25231919714678774	0.0	(0.25231919714678774+0j)
0.5174093347561604	0.2677124196928124	0.0008786272778434527	0.2685913314802532	0.0	(0.2685913314802532+0j)
0.5338748049518669	0.2850223073623939	0.0008856688601142157	0.28590826160305627	0.0	(0.28590826160305627+0j)
0.5508595540650095	0.3034462483047011	0.0008922848843210159	0.30433881876993585	0.0	(0.30433881876993585+0j)
0.5683817489806017	0.3230578125742477	0.0008985004978312194	0.32395659824165196	0.0	(0.32395659824165196+0j)
0.5864603040670644	0.3439356882464336	0.00090433977184009	0.34484031221999967	0.0	(0.34484031221999967+0j)
0.6051149169938791	0.36616406276850916	0.0009098255837525102	0.36707417108307183	0.0	(0.36707417108307183+0j)
0.6243661065132793	0.3898330349625516	0.0009149795620073591	0.3907482953304348	0.0	(0.3907482953304348+0j)
0.644235252327683	0.41503906034171334	0.0009198220779142032	0.41595916089484863	0.0	(0.41595916089484863+0j)
0.6647446371729734	0.441885432650228	0.0009243722705055391	0.44281008070284295	0.0	(0.44281008070284295+0j)
0.6859174912568177	0.4704828048120465	0.0009286480926923596	0.4714117256732081	0.0	(0.4714117256732081+0j)
0.7077780392009602	0.5009497527751559	0.000932666369631254	0.5018826886173556	0.0	(0.5018826886173556+0j)
0.7303515496469766	0.53341338607174	0.0009364428627507279	0.5343500948646672	0.0	(0.5343500948646672+0j)
0.7536643876962961	0.5680100092816329	0.0009399923350687085	0.5689502637909402	0.0	(0.5689502637909402+0j)
0.7777440703675577	0.6048858389918965	0.0009433286151347914	0.6058294258421765	0.0	(0.6058294258421765+0j)
0.8026193252675695	0.6441977812929686	0.0009464646581416743	0.6451445000920345	0.0	(0.6451445000920345+0j)
0.8283201526864177	0.6861142753464503	0.0009494126035391661	0.6870639378671304	0.0	(0.6870639378671304+0j)
0.8548778913426676	0.7308162091064857	0.0009521838289532893	0.7317686385228402	0.0	(0.7317686385228402+0j)
0.8823252880212902	0.7784979138818526	0.0009547890004648757	0.7794529440553583	0.0	(0.7794529440553583+0j)
0.9106965713649502	0.8293682450958758	0.0009572381194207055	0.8303257199088407	0.0	(0.8303257199088407+0j)
0.9400275300988208	0.8836517573436894	0.0009595405659951602	0.8846115300762579	0.0	(0.8846115300762579+0j)
0.9703555959901904	0.9415899826694776	0.0009617051397286407	0.94255191541736	0.0	(0.94255191541736+0j)
1.0017199318670553	1.003442821899738	0.000963740097261256	1.0044067850297689	0.0	(1.0044067850297689+0j)
1.0341615250446599	1.0694900598826966	0.0009656531874667475	1.0704559315235151	0.0	(1.0704559315235151+0j)
1.0677232865359136	1.1400330166110528	0.0009674516841767388	1.1410006821769	0.0	(1.1410006821769+0j)
1.102450156450796	1.2153963474583847	0.0009691424166709327	1.216365699203139	0.0	(1.216365699203139+0j)
1.1383892160216253	1.2959300071543307	0.0009707317980953616	1.2969009437544405	0.0	(1.2969009437544405+0j)
1.1755898067255313	1.382011393676972	0.0009722258519583012	1.3829838198405535	0.0	(1.3829838198405535+0j)
1.2141036570130084	1.4740476899723607	0.0009736302368419929	1.4750215160735363	0.0	(1.4750215160735363+0j)
1.2539850171922076	1.572478423342541	0.0009749502694577675	1.573453565078539	0.0	(1.573453565078539+0j)
1.2952908030630967	1.677778264499842	0.0009761909461624744	1.6787546425699245	0.0	(1.6787546425699245+0j)
1.3380807489440103	1.7904600906945636	0.0009773569630452063	1.7914376304990822	0.0	(1.7914376304990822+0j)
1.3824175707859427	1.911078340017707	0.0009784527346851143	1.9120569713757778	0.0	(1.9120569713757778+0j)
1.4283671401274947	2.040232686995998	0.0009794824116735607	2.0412123438810745	0.0	(2.0412123438810745+0j)
1.475998669706335	2.1785720729748705	0.0009804498969869185	2.1795526932664813	0.0	(2.1795526932664813+0j)
1.5253849116116884	2.3267991285725986	0.0009813588612899214	2.3277806538236225	0.0	(2.3277806538236225+0j)
1.5766023689375699	2.485675029739557	0.0009822127572435837	2.4866574049577097	0.0	(2.4866574049577097+0j)
1.6297315219786033	2.6560248337306946	0.0009830148328862649	2.6570080071735442	0.0	(2.6570080071735442+0j)
1.6848570701003769	2.8387433466672265	0.000983768144151455	2.8397272696497047	0.0	(2.8397272696497047+0j)
1.7420681905148345	3.03480158040363	0.0009844755665812217	3.0357862071173427	0.0	(3.0357862071173427+0j)
1.8014588152994475	3.245253863220089	0.000985139806290006	3.2462391505636146	0.0	(3.2462391505636146+0j)
1.863127928117564	3.4712456765316464	0.0009857634102295022	3.4722315839511166	0.0	(3.4722315839511166+0j)
1.9271798822278001	3.7140222984635574	0.0009863487758017282	3.715008787802823	0.0	(3.715008787802823+0j)
1.9937247415135764	3.974938344923377	0.0009868981598640213	3.9759253802832317	0.0	(3.9759253802832317+0j)
2.0628786464216957	4.255468309862607	0.000987413687166595	4.256455857468224	0.0	(4.256455857468224+0j)
2.134764206872377	4.557218218943449	0.0009878973582604107	4.558206247019362	0.0	(4.558206247019362+0j)
2.2095109243945865	4.88193852501902	0.0009883510569104617	4.882927003670768	0.0	(4.882927003670768+0j)
2.2872556459514426	5.231538389936751	0.0009887765570471064	5.232527291037894	0.0	(5.232527291037894+0j)
2.368143052153487	5.608101515462834	0.000989175529285807	5.609090812546194	0.0	(5.609090812546194+0j)
2.4523261828149674	6.0139037069198285	0.0009895495470435241	6.014893375071783	0.0	(6.014893375071783+0j)
2.5399670030929564	6.451432376801015	0.0009899000922780569	6.452422392557536	0.0	(6.452422392557536+0j)
2.6312370137641037	6.923408222602238	0.0009902285608748094	6.924398563846707	0.0	(6.924398563846707+0j)
2.726317909543103	7.4328093438954745	0.0009905362677037882	7.433799989758668	0.0	(7.433799989758668+0j)
2.825402289733909	7.982898098833615	0.000990824451368068	7.983889029597995	0.0	(7.983889029597995+0j)
2.928694425934691	8.577251040500931	0.0009910942786635292	8.578242237512505	0.0	(8.578242237512505+0j)
3.036411091994994	9.219792319590232	0.0009913468487683158	9.220783765182002	0.0	(9.220783765182002+0j)
3.148782461954948	9.914830992715062	0.0009915831971792333	9.915822670146222	0.0	(9.915822670146222+0j)
3.2660530822878577	10.667102736322017	0.000991804299411133	10.668094629735428	0.0	(10.668094629735428+0j)
3.3884829254269957	11.48181653591029	0.000992011074474267	11.482808630309957	0.0	(11.482808630309957+0j)
3.5163485322931636	12.364707000560285	0.0009922043881435908	12.365699281806751	0.0	(12.365699281806751+0j)
3.64994425236183	13.32209304534916	0.0009923850560330713	13.323085500168803	0.0	(13.323085500168803+0j)
3.789583590727793	14.360943791113352	0.0009925538464871857	14.361936407115062	0.0	(14.361936407115062+0j)
3.9356006726549024	15.48895265460172	0.000992711483300998	15.489945420292825	0.0	(15.489945420292825+0j)
4.088351837252103	16.714620745162645	0.000992858648279457	16.71561364995625	0.0	(16.71561364995625+0j)
4.24821737321238	18.04735085006349	0.0009929959836458542	18.048343884269404	0.0	(18.048343884269404+0j)
4.415603411006232	19.497553483289867	0.0009931240943087426	19.498546638083976	0.0	(19.498546638083976+0j)
4.590943987558804	21.07676669690233	0.0009932435499960077	21.07775996427157	0.0	(21.07775996427157+0j)
4.774703301284134	22.797791615293608	0.0009933548872642242	22.798784987956694	0.0	(22.798784987956694+0j)
4.967378177430783	24.674845957615567	0.000993458611390907	24.675839428925453	0.0	(24.675839428925453+0j)
5.169500766042979	26.723738170118942	0.0009935551981567756	26.724731733953284	0.0	(26.724731733953284+0j)
5.38164149749948	28.962065207608447	0.0009936450955246986	28.963058858261203	0.0	(28.963058858261203+0j)
5.60441232360277	31.4094374929506	0.0009937287252215607	31.4104312250353	0.0	(31.4104312250353+0j)
5.838470275605943	34.087735159134134	0.0009938064842288962	34.088728967511145	0.0	(34.088728967511145+0j)
6.084521374442966	37.02140035605332	0.0009938787461877634	37.022394235784525	0.0	(37.022394235784525+0j)
6.343324932840438	40.237771203595145	0.0009939458627229968	40.23876514992617	0.0	(40.23876514992617+0j)
6.6156982940154645	43.76746391743913	0.0009940081646916381	43.768457925805	0.0	(43.768457925805+0j)
6.902522057400854	47.64481075290532	0.0009940659633600622	47.64580481894541	0.0	(47.64580481894541+0j)
7.204745848394378	51.908362739956026	0.0009941195515140197	51.90935685953329	0.0	(51.90935685953329+0j)
7.523394696634503	56.60146776134816	0.0009941692045055642	56.60246193056006	0.0	(56.60246193056006+0j)
7.8595760959111685	61.77293640741824	0.0009942151812405836	61.77393062260131	0.0	(61.77393062260131+0j)
8.214487828707165	67.47781028797816	0.0009942577251104226	67.47880454570404	0.0	(67.47880454570404+0j)
8.589426649741787	73.77825017129442	0.0009942970648708761	73.77924446835918	0.0	(73.77924446835918+0j)
8.98579793600448	80.74456454670239	0.000994333415471625	80.74555888011774	0.0	(80.74555888011774+0j)
9.405126425913659	88.45640308741945	0.0009943669788390033	88.45739745439822	0.0	(88.45739745439822+0j)
9.849068187765841	97.0041441672611	0.0009943979446148054	97.00513856520571	0.0	(97.00513856520571+0j)
10.319423977963961	106.49051123697754	0.000994426490853684	106.49150566346849	0.0	(106.49150566346849+0j)
10.818154173127459	117.03245971355506	0.000994452784681528	117.03345416633967	0.0	(117.03345416633967+0j)
11.347395487676598	128.76338435374322	0.0009944769829170687	128.76437883072637	0.0	(128.76437883072637+0j)
11.909479720557647	141.83570721437383	0.0009944992326588306	141.83670171360706	0.0	(141.83670171360706+0j)
12.506954812276623	156.42391867632938	0.0009945196718394108	156.42491319600117	0.0	(156.42491319600117+0j)
13.142608537358175	172.72815916623998	0.0009945384297489538	172.72915370466956	0.0	(172.72915370466956+0j)
13.81949520896811	190.97844783069255	0.0009945556275295806	190.97944238632041	0.0	(190.97944238632041+0j)
14.540965833221001	211.43968736290054	0.0009945713786424259	211.44068193427935	0.0	(211.44068193427935+0j)
15.310702222436372	234.41760254411807	0.0009945857893088298	234.4185971299077	0.0	(234.4185971299077+0j)
16.132755661503882	260.26580523378556	0.0009945989589271577	260.26679983274477	0.0	(260.26679983274477+0j)
17.011590822240496	289.3942223033371	0.000994610980466615	289.39521691431736	0.0	(289.39521691431736+0j)
17.95213574044925	322.27917764351537	0.0009946219408393585	322.28017226545563	0.0	(322.28017226545563+0j)
18.959838813335132	359.4754878276494	0.0009946319212521192	359.4764824595702	0.0	(359.4764824595702+0j)
20.040733945957346	401.6310170926471	0.000994640997538491	401.6320117336451	0.0	(401.6320117336451+0j)
21.201515180617427	449.5042459539512	0.0009946492404729586	449.5052406031926	0.0	(449.5052406031926+0j)
22.449622390102537	503.98554545819314	0.000994656716067692	503.98654011490976	0.0	(503.98654011490976+0j)
23.79333991397463	566.1230242619383	0.0009946634858530588	566.1240189254237	0.0	(566.1240189254237+0j)
25.241910378451255	637.1540395537652	0.0009946696071427652	637.1550342233725	0.0	(637.1550342233725+0j)
26.805666379689328	718.5437500592068	0.0009946751332844718	718.5447447343394	0.0	(718.5447447343394+0j)
28.496183246158765	812.0324595986594	0.0009946801138966917	812.033454278775	0.0	(812.033454278775+0j)
30.32645675191463	919.6939791257485	0.0009946845950927232	919.6949738103481	0.0	(919.6949738103481+0j)
32.3111104589992	1044.0078590936475	0.0009946886196923333	1044.0088537822685	0.0	(1044.0088537822685+0j)
34.466638362271254	1187.9491599955884	0.0009946922274218643	1187.950154687814	0.0	(1187.950154687814+0j)
36.81168974285722	1355.1005017243795	0.000994695455103393	1355.1014964198314	0.0	(1355.1014964198314+0j)
39.367404670512954	1549.792550491925	0.0009946983368335465	1549.7935451902665	0.0	(1549.7935451902665+0j)
42.157810512571146	1777.2809872138541	0.000994700904152535	1777.2819819147562	0.0	(1777.2819819147562+0j)
45.2102922146935	2043.9705221379759	0.0009947031862039323	2043.971516841167	0.0	(2043.971516841167+0j)
48.55615215628762	2357.6999122245547	0.0009947052098857067	2357.7009069297665	0.0	(2357.7009069297665+0j)
52.23127923541829	2728.106530568238	0.0009947069999929757	2728.107525275238	0.0	(2728.107525275238+0j)
56.276951748412806	3167.0952980931834	0.00099470857935293	3167.0962928017625	0.0	(3167.0962928017625+0j)
60.740804923448316	3689.445382748403	0.0009947099689523462	3689.446377458372	0.0	(3689.446377458372+0j)
65.678002081681	4313.599957441294	0.0009947111880580883	4313.600952152482	0.0	(4313.600952152482+0j)
71.15265892357522	5062.700871894628	0.000994712254330969	5062.7018666068825	0.0	(5062.7018666068825+0j)
77.23958417424923	5965.953363410932	0.0009947131839333273	5965.954358124116	0.0	(5965.954358124116+0j)
84.02641786968496	7060.438900010912	0.0009947139916306519	7060.439894724904	0.0	(7060.439894724904+0j)
91.6162724451523	8393.541376744373	0.000994714690887569	8393.542371459063	0.0	(8393.542371459063+0j)
100.13101361547054	10026.219887661546	0.0009947152939584882	10026.22088237684	0.0	(10026.22088237684+0j)
109.71536078960258	12037.460393192665	0.0009947158119731848	12037.461387908477	0.0	(12037.461387908477+0j)
120.54204466100386	14530.384531055448	0.000994716255017588	14530.385525771702	0.0	(14530.385525771702+0j)
132.81833870704781	17640.711096900075	0.0009947166322100155	17640.712091616708	0.0	(17640.712091616708+0j)
146.79439036751677	21548.5930433709	0.0009947169517730964	21548.594038087853	0.0	(21548.594038087853+0j)
162.77392945908693	26495.35211155181	0.0009947172211015977	26495.35310626903	0.0	(26495.35310626903+0j)
181.12814487571467	32807.40486611788	0.0009947174468263665	32807.40586083533	0.0	(32807.40586083533+0j)
202.31382423176245	40930.883475280476	0.0009947176348745813	40930.88446999811	0.0	(40930.88446999811+0j)
226.8972879628321	51482.37928488836	0.000994717790526498	51482.38027960615	0.0	(51482.38027960615+0j)
255.58628593832233	65324.34955974587	0.0009947179184688643	65324.35055446379	0.0	(65324.35055446379+0j)
289.2729647092139	83678.84811165811	0.0009947180228451666	83678.84910637613	0.0	(83678.84910637613+0j)
329.0924221029929	108301.82228561444	0.0009947181073028612	108301.82328033255	0.0	(108301.82328033255+0j)
376.5035096990875	141754.89281573085	0.0009947181750377364	141754.89381044902	0.0	(141754.89381044902+0j)
433.40186208964224	187837.17406276928	0.0009947182288355392	187837.1750574875	0.0	(187837.1750574875+0j)
502.28036320721014	252285.56326356693	0.0009947182711109942	252285.56425828522	0.0	(252285.56425828522+0j)
586.4606733385415	343936.1213726955	0.0009947183039443368	343936.1223674138	0.0	(343936.1223674138+0j)
690.4332693822103	476698.0994698077	0.0009947183291154646	476698.10046452604	0.0	(476698.10046452604+0j)
820.3667320751865	673001.5750957208	0.0009947183481358213	673001.5760904392	0.0	(673001.5760904392+0j)
984.887256804191	970002.9086152845	0.000994718362278102	970002.9096100029	0.0	(970002.9096100029+0j)
1196.3009944823236	1431136.0693993964	0.0009947183726038747	1431136.0703941148	0.0	(1431136.0703941148+0j)
1472.5635616933432	2168443.4432269847	0.0009947183799892017	2168443.444221703	0.0	(2168443.444221703+0j)
1840.5523873295315	3387633.0905044377	0.0009947183851483376	3387633.091499156	0.0	(3387633.091499156+0j)
2341.69741959656	5483546.804945188	0.0009947183886555788	5483546.805939906	0.0	(5483546.805939906+0j)
3042.068227295077	9254179.099518213	0.0009947183909653284	9254179.100512931	0.0	(9254179.100512931+0j)
4051.312381594628	16413132.013261935	0.0009947183924304387	16413132.014256652	0.0	(16413132.014256652+0j)
5560.235461968326	30916218.392530117	0.0009947183933188882	30916218.393524837	0.0	(30916218.393524837+0j)
7920.489136472687	62734148.16098186	0.000994718393828843	62734148.161976576	0.0	(62734148.161976576+0j)
11827.838413937889	139897761.54622474	0.0009947183941021484	139897761.54721946	0.0	(139897761.54721946+0j)
18788.82371050371	353019896.42438644	0.0009947183942362915	353019896.4253812	0.0	(353019896.4253812+0j)
32476.81879197138	1054743758.8465452	0.0009947183942948744	1054743758.8475399	0.0	(1054743758.8475399+0j)
63446.8398829024	4025501491.1266546	0.000994718394316624	4025501491.1276493	0.0	(4025501491.1276493+0j)
150421.18686009367	22626533456.399216	0.000994718394322972	22626533456.40021	0.0	(22626533456.40021+0j)
507740.6449570468	257800562541.39783	0.0009947183943242253	257800562541.39883	0.0	(257800562541.39883+0j)
4062257.047599779	16501932320774.072	0.0009947183943243441	16501932320774.074	0.0	(16501932320774.074+0j)
