-1209598.9185262648	-1463129543699.9094	-0.019894367886459725	-1463129543699.9292	0.0	(-1463129543699.9292+0j)
-151172.1627947616	-22853022804.045902	-0.019894367884745846	-22853022804.065796	0.0	(-22853022804.065796+0j)
-44778.073711307276	-2005075885.2952678	-0.019894367866642913	-2005075885.3151622	0.0	(-2005075885.3151622+0j)
-18882.672722805288	-356555329.15657485	-0.01989436777489488	-356555329.1764692	0.0	(-356555329.1764692+0j)
-9662.612764718197	-93366085.44089504	-0.01989436746032858	-93366085.4607894	0.0	(-93366085.4607894+0j)
-5588.031222884966	-31226092.94793725	-0.019894366612272566	-31226092.967831615	0.0	(-31226092.967831615+0j)
-3516.197255818686	-12363643.141826857	-0.01989436466828211	-12363643.161721222	0.0	(-12363643.161721222+0j)
-2353.417045125024	-5538571.788284998	-0.01989436070255263	-5538571.808179359	0.0	(-5538571.808179359+0j)
-1651.1612699663262	-2726333.539436811	-0.019894353292258003	-2726333.559331164	0.0	(-2726333.559331164+0j)
-1202.2970203207008	-1445518.1250720355	-0.01989434036089932	-1445518.1449663758	0.0	(-1445518.1449663758+0j)
-902.1421224679432	-813860.4091309654	-0.019894318997592305	-813860.4290252844	0.0	(-813860.4290252844+0j)
-693.9000596638814	-481497.29280153813	-0.019894285251057044	-481497.3126958234	0.0	(-481497.3126958234+0j)
-544.9348050674845	-296953.9417739373	-0.01989423389690074	-296953.9616681712	0.0	(-296953.9616681712+0j)
-435.5826956730059	-189732.28476976248	-0.01989415817660111	-189732.30466392066	0.0	(-189732.30466392066+0j)
-353.51441291600565	-124972.44013934814	-0.019894049506404648	-124972.46003339764	0.0	(-124972.46003339764+0j)
-290.732144905761	-84525.18008150441	-0.01989389715414734	-84525.19997540157	0.0	(-84525.19997540157+0j)
-241.89345215900826	-58512.44219740242	-0.019893687881785718	-58512.4620910903	0.0	(-58512.4620910903+0j)
-203.33721107049217	-41346.02140592589	-0.019893405551190315	-41346.04129933144	0.0	(-41346.04129933144+0j)
-172.49739387007384	-29755.350891967388	-0.01989303069050098	-29755.370784998096	0.0	(-29755.370784998096+0j)
-147.53926170486494	-21767.833744416628	-0.019892540018071524	-21767.853636956614	0.0	(-21767.853636956614+0j)
-127.12737129116371	-16161.368531401395	-0.01989190592073843	-16161.38842330726	0.0	(-16161.38842330726+0j)
-110.27401318935443	-12160.357984885915	-0.019891095882831892	-12160.377875981798	0.0	(-12160.377875981798+0j)
-96.23802379441496	-9261.75722385438	-0.019890071862005677	-9261.777113926237	0.0	(-9261.777113926237+0j)
-84.4558929953336	-7132.797861639239	-0.019888789607592047	-7132.8177504288315	0.0	(-7132.8177504288315+0j)
-74.494019787306	-5549.358984071538	-0.01988719791678642	-5549.3788712694595	0.0	(-5549.3788712694595+0j)
-66.01508458138542	-4357.991392287471	-0.01988523782353099	-4358.011277525301	0.0	(-4358.011277525301+0j)
-58.754011270063216	-3452.0338403227156	-0.01988284171449283	-3452.0537231644253	0.0	(-3452.0537231644253+0j)
-52.50054922355529	-2756.3076687749517	-0.01987993236601737	-2756.327548707311	0.0	(-2756.327548707311+0j)
-47.08649306653929	-2217.1378293052526	-0.01987642189537754	-2217.157705727156	0.0	(-2217.157705727156+0j)
-42.376196144271574	-1795.7419996577771	-0.019872210619028365	-1795.7618718684002	0.0	(-1795.7618718684002+0j)
-38.25945280426815	-1463.785728882022	-0.019867185809911158	-1463.8055960678353	0.0	(-1463.8055960678353+0j)
-34.64610438705312	-1200.3525491985815	-0.019861220345125392	-1200.372410418931	0.0	(-1200.372410418931+0j)
-31.461913247165306	-989.8519851721558	-0.019854171234493484	-989.8718393433978	0.0	(-989.8718393433978+0j)
-28.64537912446167	-820.5577451841444	-0.019845878019678038	-820.577591062369	0.0	(-820.577591062369+0j)
-26.14526252799216	-683.5747526576309	-0.019836161032564532	-683.5945888211804	0.0	(-683.5945888211804+0j)
-23.918643319342358	-572.1014982379209	-0.019824819500587697	-572.1213230743698	0.0	(-572.1213230743698+0j)
-21.929387844185747	-480.89805122072164	-0.019811629485547315	-480.9178629219171	0.0	(-480.9178629219171+0j)
-20.14693040131219	-405.89880459531736	-0.019796341641219597	-405.91860114909986	0.0	(-405.91860114909986+0j)
-18.545298368552277	-343.92809157862774	-0.019778678773712373	-343.94787073352006	0.0	(-343.94787073352006+0j)
-17.102327529253973	-292.4896069178783	-0.019758333187024434	-292.50936611387095	0.0	(-292.50936611387095+0j)
-15.799026860736173	-249.60924974626312	-0.019734963794637676	-249.62898603459723	0.0	(-249.62898603459723+0j)
-14.619061513616193	-213.7169595388942	-0.019708192976181156	-213.7366695206046	0.0	(-213.7366695206046+0j)
-13.548329813570865	-183.55724073729314	-0.019677603156241712	-183.57692053208288	0.0	(-183.57692053208288+0j)
-12.57461548493147	-158.12095459387834	-0.019642733080238953	-158.14059982899082	0.0	(-158.14059982899082+0j)
-11.687300380670402	-136.59299018801852	-0.019603073759912742	-136.61259598627302	0.0	(-136.61259598627302+0j)
-10.877126133024653	-118.31187291372784	-0.01955806405836658	-118.33143386335892	0.0	(-118.33143386335892+0j)
-10.135995551894553	-102.73840582802616	-0.019507085881745906	-102.75791592912022	0.0	(-102.75791592912022+0j)
-9.456806469667123	-89.43118860473795	-0.0194494589414786	-89.45064119841095	0.0	(-89.45064119841095+0j)
-8.833312191087042	-78.02740426520697	-0.01938443504753541	-78.04679195486143	0.0	(-78.04679195486143+0j)
-8.260003852004482	-68.22766363512889	-0.019311191889346553	-68.24697820514423	0.0	(-68.24697820514423+0j)
-7.732010893868104	-59.783992462895036	-0.019228826256799596	-59.80322479473291	0.0	(-59.80322479473291+0j)
-7.245016576502953	-52.490265193802564	-0.01913634664910303	-52.509405176988366	0.0	(-52.509405176988366+0j)
-6.795186021636264	-46.17455306864087	-0.019032665214236164	-46.19358950433616	0.0	(-46.19358950433616+0j)
-6.379104735595156	-40.692977227692545	-0.018916588956910306	-40.711897723498474	0.0	(-40.711897723498474+0j)
-5.993725926010504	-35.92475047613048	-0.01878681015493928	-35.9435413312722	0.0	(-35.9435413312722+0j)
-5.636325223067443	-31.76816202018626	-0.01864189597074512	-31.78680810026684	0.0	(-31.78680810026684+0j)
-5.30446165546979	-28.137313454349307	-0.018480277484879522	-28.155798055158304	0.0	(-28.155798055158304+0j)
-4.995943926236034	-24.95945571409472	-0.0183002391958087	-24.977760414843903	0.0	(-24.977760414843903+0j)
-4.708801192652311	-22.17280867192383	-0.01809991203605629	-22.190913181510528	0.0	(-22.190913181510528+0j)
-4.441257685203385	-19.72476982637813	-0.01787727652311353	-19.742651832761634	0.0	(-19.742651832761634+0j)
-4.191710607642078	-17.570437818219116	-0.017630187027798016	-17.588072862065967	0.0	(-17.588072862065967+0j)
-3.958710848952246	-15.671391585612211	-0.017356430882130833	-15.688752992969446	0.0	(-15.688752992969446+0j)
-3.7409461113238116	-13.994677807828747	-0.017053834005813676	-14.011736728428684	0.0	(-14.011736728428684+0j)
-3.537226119203227	-12.51196861837352	-0.016720416213586695	-12.52869421921906	0.0	(-12.52869421921906+0j)
-3.3464696252667663	-11.198858952833092	-0.01635458596311292	-11.21521880647871	0.0	(-11.21521880647871+0j)
-3.1676929716073188	-10.034278762370406	-0.01595535063026816	-10.050239445431005	0.0	(-10.050239445431005+0j)
-2.9999999999999973	-8.999999999999984	-0.015522509792596818	-9.015527884930526	0.0	(-9.015527884930526+0j)
-2.842573135012568	-8.080222027895179	-0.015056798797002249	-8.095284218259732	0.0	(-8.095284218259732+0j)
-2.6946654889263955	-7.26122209721093	-0.01455995801905889	-7.275787432195428	0.0	(-7.275787432195428+0j)
-2.5555938587270473	-6.531059970763399	-0.014034716704382477	-6.545100013482798	0.0	(-6.545100013482798+0j)
-2.4247325034618408	-5.879327713344326	-0.013484694890685406	-5.892817641087571	0.0	(-5.892817641087571+0j)
-2.3015076055802877	-5.296937258543909	-0.012914238926804695	-5.309856588606746	0.0	(-5.309856588606746+0j)
-2.1853923329131555	-4.775939648755604	-0.012328213379182449	-4.78827275642812	0.0	(-4.78827275642812+0j)
-2.075902429071858	-4.309370895026441	-0.011731774233760876	-4.3211073051377005	0.0	(-4.3211073051377005+0j)
-1.9725922695643299	-3.8911202619449536	-0.011130146151098672	-3.9022547183452785	0.0	(-3.9022547183452785+0j)
-1.8750513290776138	-3.515817486675726	-0.01052842164415936	-3.526349821682191	0.0	(-3.526349821682191+0j)
-1.7829010123805906	-3.178736019947735	-0.009931394006220277	-3.1886708577296847	0.0	(-3.1886708577296847+0j)
-1.695791807327491	-2.875709853799038	-0.009343429892121943	-2.885056187236388	0.0	(-2.885056187236388+0j)
-1.6134007236404333	-2.603061895043474	-0.008768382464140492	-2.6118325763989976	0.0	(-2.6118325763989976+0j)
-1.5354289856404248	-2.357542169944784	-0.008209542330276334	-2.3657533525994876	0.0	(-2.3657533525994876+0j)
-1.4615999509842248	-2.136274416717088	-0.0076696211688069395	-2.1439449799727868	0.0	(-2.1439449799727868+0j)
-1.39165723083669	-1.936709848140044	-0.007150761780441492	-1.9438608307719074	0.0	(-1.9438608307719074+0j)
-1.3253629898383261	-1.756587054833187	-0.006654568071868868	-1.7632411167641464	0.0	(-1.7632411167641464+0j)
-1.2624964067782076	-1.5938971771278856	-0.006182148867261266	-1.6000781027943949	0.0	(-1.6000781027943949+0j)
-1.202852279106299	-1.4468536053512178	-0.0057341702128382264	-1.4525858573975292	0.0	(-1.4525858573975292+0j)
-1.146239756361531	-1.313865579063742	-0.005310911781858496	-1.3191739070398893	0.0	(-1.3191739070398893+0j)
-1.0924811892911694	-1.193515148955048	-0.004912323958518892	-1.1984242544814963	0.0	(-1.1984242544814963+0j)
-1.0414110829259533	-1.084537043641007	-0.004538083085957278	-1.0890713010223594	0.0	(-1.0890713010223594+0j)
-0.9928751431821456	-0.9858010499489662	-0.004187643154109463	-0.9899842794606762	0.0	(-0.9899842794606762+0j)
-0.946729407710138	-0.8962965714231887	-0.003860282856147701	-0.9001518610618292	0.0	(-0.9001518610618292+0j)
-0.9028394527202239	-0.8151190773881535	-0.0035551474565484013	-0.818668648177585	0.0	(-0.818668648177585+0j)
-0.8610796684073763	-0.741458195344557	-0.0032712853006434048	-0.7447233047363216	0.0	(-0.7447233047363216+0j)
-0.821332596383606	-0.6745872338822354	-0.003007679072187963	-0.6775881117779131	0.0	(-0.6775881117779131+0j)
-0.783488323222002	-0.6138539526252244	-0.0027632720915577585	-0.6166097647636046	0.0	(-0.6166097647636046+0j)
-0.7474439248322069	-0.5586724207685737	-0.0025369900617585248	-0.561201254479105	0.0	(-0.561201254479105+0j)
-0.7131029569328535	-0.5085158271863791	-0.002327758729711943	-0.5108346951124638	0.0	(-0.5108346951124638+0j)
-0.6803749873708325	-0.46291012343986043	-0.0021345179509445478	-0.465034981246447	0.0	(-0.465034981246447+0j)
-0.6491751664677271	-0.4214283967584012	-0.0019562326388400247	-0.42337417150234274	0.0	(-0.42337417150234274+0j)
-0.6194238319567661	-0.383685883596004	-0.001791901054452566	-0.38546650982994635	0.0	(-0.38546650982994635+0j)
-0.591046145414866	-0.3493355460097709	-0.0016405608567095914	-0.350964007284642	0.0	(-0.350964007284642+0j)
-0.5639717573986723	-0.3180641431433469	-0.0015012932909514304	-0.3195525169585064	0.0	(-0.3195525169585064+0j)
-0.5381344987652963	-0.2895887387613767	-0.001373225849931839	-0.29094824343353265	0.0	(-0.29094824343353265+0j)
-0.5134720959014145	-0.2636535932693914	-0.0012555336982037757	-0.2648946355266278	0.0	(-0.2648946355266278+0j)
-0.4899259078018587	-0.24002739513547533	-0.0011474401098943154	-0.24115961754137863	0.0	(-0.24115961754137863+0j)
-0.4674406831336701	-0.2185007922484722	-0.0010482161322109551	-0.21953311977064566	0.0	(-0.21953311977064566+0j)
-0.44596433559636334	-0.19888418862390578	-0.0009571796531075705	-0.19982487391015877	0.0	(-0.19982487391015877+0j)
-0.4254477360460714	-0.18100577610672763	-0.0008736940215299249	-0.18186244311935562	0.0	(-0.18186244311935562+0j)
-0.4058445199922993	-0.16470977440777984	-0.0007971663424805875	-0.16548946022888952	0.0	(-0.16548946022888952+0j)
-0.38711090920292607	-0.14985485602391607	-0.0007270455465818171	-0.15056405070969325	0.0	(-0.15056405070969325+0j)
-0.3692055462674028	-0.13631273539461133	-0.0006628203145707112	-0.13695741981685625	0.0	(-0.13695741981685625+0j)
-0.35208934107114	-0.12396690409590955	-0.0006040169209033941	-0.12455258576773189	0.0	(-0.12455258576773189+0j)
-0.3357253282270783	-0.11271149601317945	-0.000550197047024803	-0.11324324291157815	0.0	(-0.11324324291157815+0j)
-0.3200785345944261	-0.10245026830811522	-0.000500955603540687	-0.10293274073390733	0.0	(-0.10293274073390733+0j)
-0.30511585609049147	-0.09309568563783349	-0.0004559185911971464	-0.09353316616831503	0.0	(-0.09353316616831503+0j)
-0.29080594307025415	-0.0845680965249799	-0.0004147410229344839	-0.08496451811647755	0.0	(-0.08496451811647755+0j)
-0.27711909361055953	-0.07679499204353805	-0.0003771049230838486	-0.0771539643582786	0.0	(-0.0771539643582786+0j)
-0.26402715409224337	-0.06971033809804922	-0.000342717414782423	-0.0700351721238853	0.0	(-0.0700351721238853+0j)
-0.25150342652467966	-0.06325397355365495	-0.0003113089027030336	-0.06354770459093798	0.0	(-0.06354770459093798+0j)
-0.2395225821037321	-0.05737106733763908	-0.000282631355047247	-0.05763647643099405	0.0	(-0.05763647643099405+0j)
-0.22806058053632985	-0.05201162839456779	-0.0002564566862998108	-0.05225126228394734	0.0	(-0.05225126228394734+0j)
-0.2170945947033171	-0.04713006304939752	-0.00023257524035236177	-0.047346252718147304	0.0	(-0.047346252718147304+0j)
-0.20660294026719475	-0.04268477492705004	-0.00021079437218074482	-0.04287965282058665	0.0	(-0.04287965282058665+0j)
-0.19656500986324205	-0.03863780310253644	-0.00019093712520312778	-0.03881331909468092	0.0	(-0.03881331909468092+0j)
-0.1869612115415512	-0.03495449462108466	-0.00017284100069803188	-0.03511243080103961	0.0	(-0.03511243080103961+0j)
-0.1777729111540156	-0.03160320794017353	-0.00015635681514125643	-0.03174519229112081	0.0	(-0.03174519229112081+0j)
-0.16898237840451125	-0.02855504421124543	-0.00014134764100637298	-0.028682563250646012	0.0	(-0.028682563250646012+0j)
-0.16057273630262453	-0.025783603643712193	-0.00012768782638450382	-0.025898014092757143	0.0	(-0.025898014092757143+0j)
-0.152527913781502	-0.023264764482537306	-0.00011526208873080535	-0.023367304029884184	0.0	(-0.023367304029884184+0j)
-0.14483260125889905	-0.020976482387419247	-0.00010396467806517151	-0.021068279608419282	0.0	(-0.021068279608419282+0j)
-0.13747220893745052	-0.01889860823014205	-9.369860504637728e-05	-0.018980691721704655	0.0	(-0.018980691721704655+0j)
-0.13043282765570904	-0.017012722530263896	-8.437492948809577e-05	-0.017086029317104328	0.0	(-0.017086029317104328+0j)
-0.12370119211573812	-0.01530198493085475	-7.59121050468714e-05	-0.01536736819636345	0.0	(-0.01536736819636345+0j)
-0.117264646326104	-0.013750997277986258	-6.823537602462793e-05	-0.013809233470273529	0.0	(-0.013809233470273529+0j)
-0.1111111111111111	-0.012345679012345678	-6.127622242724229e-05	-0.012397474372099577	0.0	(-0.012397474372099577+0j)
-0.10522905354813994	-0.011073153710637303	-5.497184964831092e-05	-0.011119150265614166	0.0	(-0.011119150265614166+0j)
-0.09960745820508124	-0.009921645730077006	-4.926471936661514e-05	-0.009962426797096519	0.0	(-0.009962426797096519+0j)
-0.09423580005917682	-0.00888038601279315	-4.410211846028744e-05	-0.008916481246131872	0.0	(-0.008916481246131872+0j)
-0.08910401898715839	-0.007939526199663883	-3.943576296183693e-05	-0.007971416221529581	0.0	(-0.007971416221529581+0j)
-0.08420249572447475	-0.007090060286230188	-3.522143427669988e-05	-0.00711818093278754	0.0	(-0.00711818093278754+0j)
-0.0795220291986808	-0.006323753127875842	-3.141864510514125e-05	-0.006348499341607912	0.0	(-0.006348499341607912+0j)
-0.07505381514877553	-0.005633075168386567	-2.799033265876716e-05	-0.005654804565438295	0.0	(-0.005654804565438295+0j)
-0.07078942594847114	-0.005011142826114079	-2.4902576992502645e-05	-0.005030178965092899	0.0	(-0.005030178965092899+0j)
-0.06672079155709584	-0.004451664026005432	-2.212434239190486e-05	-0.004468299402527989	0.0	(-0.004468299402527989+0j)
-0.06284018152711322	-0.003948888414360542	-1.962723995951876e-05	-0.0039633872039991445	0.0	(-0.0039633872039991445+0j)
-0.059140188002125955	-0.0034975618369268028	-1.738530962924756e-05	-0.003510162407094255	0.0	(-0.003510162407094255+0j)
-0.05561370964374471	-0.003092884700338743	-1.537482006952473e-05	-0.003103801910328341	0.0	(-0.003103801910328341+0j)
-0.05225393642987957	-0.0027304738724178955	-1.3574084945844334e-05	-0.0027399011790714446	0.0	(-0.0027399011790714446+0j)
-0.049054335270878616	-0.002406327808867766	-1.1963294255679102e-05	-0.0024144391939838845	0.0	(-0.0024144391939838845+0j)
-0.046008636393517745	-0.0021167946227909256	-1.0524359428387697e-05	-0.0021237463570920856	0.0	(-0.0021237463570920856+0j)
-0.043110820446164204	-0.0018585428395414096	-9.240771127849712e-06	-0.0018644750968287765	0.0	(-0.0018644750968287765+0j)
-0.04035510628151127	-0.0016285346029920702	-8.097468644052697e-06	-0.0016335729368362425	0.0	(-0.0016335729368362425+0j)
-0.03773593937613485	-0.0014240011205993246	-7.0807199463729376e-06	-0.0014282578151440994	0.0	(-0.0014282578151440994+0j)
-0.03524798084876816	-0.001242420153915127	-6.178011553004126e-06	-0.001245995459227311	0.0	(-0.001245995459227311+0j)
-0.03288609704164967	-0.0010814953786327994	-5.3779473176973625e-06	-0.001084478640168679	0.0	(-0.001084478640168679+0j)
-0.030645349631579707	-0.0009391374540417626	-4.670155483665894e-06	-0.0009416081451056475	0.0	(-0.0009416081451056475+0j)
-0.02852098623944262	-0.0008134466560704753	-4.045203311875412e-06	-0.000815475321357598	0.0	(-0.000815475321357598+0j)
-0.026508431508921782	-0.0007026969410631971	-3.494518587388029e-06	-0.0007043460586090249	0.0	(-0.0007043460586090249+0j)
-0.024603278626967397	-0.0006053213191961908	-3.010317556118025e-06	-0.0006066460876240951	0.0	(-0.0006066460876240951+0j)
-0.022801281260282438	-0.0005198984271105071	-2.585538609878313e-06	-0.0005209474842614135	0.0	(-0.0005209474842614135+0j)
-0.02109834588367813	-0.00044514019902731797	-2.213781485238542e-06	-0.00044595627784979857	0.0	(-0.00044595627784979857+0j)
-0.019490524477627863	-0.0003798805444130109	-1.8892512088086733e-06	-0.0003805010711412578	0.0	(-0.0003805010711412578+0j)
-0.01797400757372418	-0.00032306494826029415	-1.6067067178937577e-06	-0.0003235225878191586	0.0	(-0.0003235225878191586+0j)
-0.01654511762802453	-0.00027374091732516805	-1.3614134957151691e-06	-0.00027406407021757825	0.0	(-0.00027406407021757825+0j)
-0.015200302703466109	-0.0002310492022769991	-1.1491001998820138e-06	-0.00023126245713744485	0.0	(-0.00023126245713744485+0j)
-0.013936130443643347	-0.0001942157317422429	-9.659185309374152e-07	-0.00019434027698340386	0.0	(-0.00019434027698340386+0j)
-0.012749282321279155	-0.0001625441997076812	-8.084066109859123e-07	-0.0001625981979275705	0.0	(-0.0001625981979275705+0j)
-0.011636548145689705	-0.00013540925274695451	-6.734551902809471e-07	-0.00013540818084767348	0.0	(-0.00013540818084767348+0j)
-0.010594820814445106	-0.00011225022809019927	-5.582763833444915e-07	-0.00011220718577633139	0.0	(-0.00011220718577633139+0j)
-0.009621091295271172	-9.256539771194272e-05	-4.603754177878727e-07	-9.249138745855448e-05	0.0	(-9.249138745855448e-05+0j)
-0.008712443825023735	-7.590667740419422e-05	-3.7752408843516605e-07	-7.581085770442474e-05	0.0	(-7.581085770442474e-05+0j)
-0.00786605131330065	-6.187476326347888e-05	-3.077367409787257e-07	-6.176467775099785e-05	0.0	(-6.176467775099785e-05+0j)
-0.007079170938941881	-5.0114661182759274e-05	-2.4924781882873503e-07	-4.999644525789406e-05	0.0	(-4.999644525789406e-05+0j)
-0.0063491399283072195	-4.031157782922501e-05	-2.0049208160344278e-07	-4.019014550296612e-05	0.0	(-4.019014550296612e-05+0j)
-0.005673371504818021	-3.218714423168109e-05	-1.600849373062374e-07	-3.206635536305412e-05	0.0	(-3.206635536305412e-05+0j)
-0.005049350999806567	-2.5495945519247576e-05	-1.2680607142101508e-07	-2.5378756749098176e-05	0.0	(-2.5378756749098176e-05+0j)
-0.004474632115236381	-2.0022332566704812e-05	-9.95826212601969e-08	-1.991093155728993e-05	0.0	(-1.991093155728993e-05+0j)
-0.0039468333293421	-1.5577493329605645e-05	-7.747621566522866e-08	-1.547342013188796e-05	0.0	(-1.547342013188796e-05+0j)
-0.0034636344366900593	-1.1996763511025264e-05	-5.966694516246207e-08	-1.1901016104493575e-05	0.0	(-1.1901016104493575e-05+0j)
-0.0030227732145828184	-9.137157906799345e-06	-4.544381226878613e-08	-9.050288280826781e-06	0.0	(-9.050288280826781e-06+0j)
-0.0026220422081243964	-6.8751053411858605e-06	-3.419336280785501e-08	-6.797304337699536e-06	0.0	(-6.797304337699536e-06+0j)
-0.0022592856266295245	-5.104371542694764e-06	-2.5386725610587746e-08	-5.035540932494137e-06	0.0	(-5.035540932494137e-06+0j)
-0.0019323963444015978	-3.7341556318566585e-06	-1.8571881810203195e-08	-3.673972521037571e-06	0.0	(-3.673972521037571e-06+0j)
-0.0016393129992216462	-2.687347109417069e-06	-1.3364115147851408e-08	-2.6353189634414662e-06	0.0	(-2.6353189634414662e-06+0j)
-0.0013780171821857227	-1.8989313543990793e-06	-9.447830962017179e-09	-1.8544522450151256e-06	0.0	(-1.8544522450151256e-06+0j)
-0.001146530712802266	-1.3145326753988722e-06	-6.537447916343808e-09	-1.2769020051398752e-06	0.0	(-1.2769020051398752e-06+0j)
-0.000942912993515015	-8.890849133394468e-07	-4.423782229423523e-09	-9.536786003392962e-07	0.0	(-9.536786003392962e-07+0j)
-0.000765258438052294	-5.856204770102366e-07	-2.9103830456733704e-09	-8.575678254814785e-07	0.0	(-8.575678254814785e-07+0j)
-0.0006116939682207532	-3.7416951075765185e-07	-1.8480932340025902e-09	-5.594536345278609e-07	0.0	(-5.594536345278609e-07+0j)
-0.00048037657396195644	-2.30761652811427e-07	-1.1641532182693481e-09	-3.5258884176409994e-07	0.0	(-3.5258884176409994e-07+0j)
-0.0003694909316743242	-1.3652354858956012e-07	-6.984919309616089e-10	-2.1305967340591244e-07	0.0	(-2.1305967340591244e-07+0j)
-0.00027724707597164255	-7.686594113482573e-08	-4.0745362639427185e-10	-1.2196046144124008e-07	0.0	(-1.2196046144124008e-07+0j)
-0.00020187812020332262	-4.075477541682718e-08	-1.1641532182693481e-10	-6.477617372632003e-08	0.0	(-6.477617372632003e-08+0j)
-0.00014163802120147604	-2.0061329049869775e-08	-0.0	-3.069181250060275e-08	0.0	(-3.069181250060275e-08+0j)
-9.47993838462065e-05	-8.986923177620399e-09	-0.0	-1.413259944561298e-08	0.0	(-1.413259944561298e-08+0j)
-5.965130115383321e-05	-3.5582777293453034e-09	-0.0	-1.3157631174296262e-08	0.0	(-1.3157631174296262e-08+0j)
-3.449722569349556e-05	-1.1900585805479704e-09	-3.725290298461914e-09	-5.57165511101845e-09	0.0	(-5.57165511101845e-09+0j)
-1.7652868226157262e-05	-3.1162375661007266e-10	1.4901161193847656e-08	-4.272035020112131e-09	0.0	(-4.272035020112131e-09+0j)
-7.444119536771307e-06	-5.5414915677740256e-11	-0.0	-7.686162219690916e-11	0.0	(-7.686162219690916e-11+0j)
-2.2049914955961543e-06	-4.8619874956513654e-12	-9.5367431640625e-07	-5.675323997187446e-13	0.0	(-5.675323997187446e-13+0j)
-2.7557343862331254e-07	-7.59407200746766e-14	-0.0	-1.5410365006630209e-13	0.0	(-1.5410365006630209e-13+0j)
2.7557343862331254e-07	7.59407200746766e-14	0.0	4.59471150328369e-15	-2.3415036100372607e-08	(4.59471150328369e-15-2.3415036100372607e-08j)
2.2049914955961543e-06	4.8619874956513654e-12	9.5367431640625e-07	4.59471150328369e-15	2.3415036100372607e-08	(4.59471150328369e-15+2.3415036100372607e-08j)
7.444119536771307e-06	5.5414915677740256e-11	0.0	7.68631742190614e-11	0.0	(7.68631742190614e-11+0j)
1.7652868226157262e-05	3.1162375661007266e-10	-1.4901161193847656e-08	4.272042594306924e-09	0.0	(4.272042594306924e-09+0j)
3.449722569349556e-05	1.1900585805479704e-09	3.725290298461914e-09	5.571665599650555e-09	0.0	(5.571665599650555e-09+0j)
5.965130115383321e-05	3.5582777293453034e-09	0.0	1.3157610856073835e-08	0.0	(1.3157610856073835e-08+0j)
9.47993838462065e-05	8.986923177620399e-09	0.0	1.413261586992799e-08	0.0	(1.413261586992799e-08+0j)
0.00014163802120147604	2.0061329049869775e-08	0.0	3.0691812038377416e-08	0.0	(3.0691812038377416e-08+0j)
0.00020187812020332262	4.075477541682718e-08	1.1641532182693481e-10	6.477616975735773e-08	0.0	(6.477616975735773e-08+0j)
0.00027724707597164255	7.686594113482573e-08	4.0745362639427185e-10	1.219604623918387e-07	0.0	(1.219604623918387e-07+0j)
0.0003694909316743242	1.3652354858956012e-07	6.984919309616089e-10	2.130596728344551e-07	0.0	(2.130596728344551e-07+0j)
0.00048037657396195644	2.30761652811427e-07	1.1641532182693481e-09	3.5258884297312205e-07	0.0	(3.5258884297312205e-07+0j)
0.0006116939682207532	3.7416951075765185e-07	1.8480932340025902e-09	5.594536336715248e-07	0.0	(5.594536336715248e-07+0j)
0.000765258438052294	5.856204770102366e-07	2.9103830456733704e-09	8.575678258135859e-07	0.0	(8.575678258135859e-07+0j)
0.000942912993515015	8.890849133394468e-07	4.423782229423523e-09	9.536786005579592e-07	0.0	(9.536786005579592e-07+0j)
0.001146530712802266	1.3145326753988722e-06	6.537447916343808e-09	1.2769020041317368e-06	0.0	(1.2769020041317368e-06+0j)
0.0013780171821857227	1.8989313543990793e-06	9.447830962017179e-09	1.8544522445567331e-06	0.0	(1.8544522445567331e-06+0j)
0.0016393129992216462	2.687347109417069e-06	1.3364115147851408e-08	2.635318963433719e-06	0.0	(2.635318963433719e-06+0j)
0.0019323963444015978	3.7341556318566585e-06	1.8571881810203195e-08	3.6739725199519696e-06	0.0	(3.6739725199519696e-06+0j)
0.0022592856266295245	5.104371542694764e-06	2.5386725610587746e-08	5.035540932370105e-06	0.0	(5.035540932370105e-06+0j)
0.0026220422081243964	6.8751053411858605e-06	3.419336280785501e-08	6.797304337759418e-06	0.0	(6.797304337759418e-06+0j)
0.0030227732145828184	9.137157906799345e-06	4.544381226878613e-08	9.05028827775327e-06	0.0	(9.05028827775327e-06+0j)
0.0034636344366900593	1.1996763511025264e-05	5.966694516246207e-08	1.1901016103360895e-05	0.0	(1.1901016103360895e-05+0j)
0.0039468333293421	1.5577493329605645e-05	7.747621566522866e-08	1.5473420131005803e-05	0.0	(1.5473420131005803e-05+0j)
0.004474632115236381	2.0022332566704812e-05	9.95826212601969e-08	1.9910931558210034e-05	0.0	(1.9910931558210034e-05+0j)
0.005049350999806567	2.5495945519247576e-05	1.2680607142101508e-07	2.537875675060747e-05	0.0	(2.537875675060747e-05+0j)
0.005673371504818021	3.218714423168109e-05	1.600849373062374e-07	3.206635536542523e-05	0.0	(3.206635536542523e-05+0j)
0.0063491399283072195	4.031157782922501e-05	2.0049208160344278e-07	4.0190145500659765e-05	0.0	(4.0190145500659765e-05+0j)
0.007079170938941881	5.0114661182759274e-05	2.4924781882873503e-07	4.9996445261179354e-05	0.0	(4.9996445261179354e-05+0j)
0.00786605131330065	6.187476326347888e-05	3.077367409787257e-07	6.176467775918287e-05	0.0	(6.176467775918287e-05+0j)
0.008712443825023735	7.590667740419422e-05	3.7752408843516605e-07	7.581085772219327e-05	0.0	(7.581085772219327e-05+0j)
0.009621091295271172	9.256539771194272e-05	4.603754177878727e-07	9.249138747039867e-05	0.0	(9.249138747039867e-05+0j)
0.010594820814445106	0.00011225022809019927	5.582763833444915e-07	0.00011220718578654331	0.0	(0.00011220718578654331+0j)
0.011636548145689705	0.00013540925274695451	6.734551902809471e-07	0.00013540818084693904	0.0	(0.00013540818084693904+0j)
0.012749282321279155	0.0001625441997076812	8.084066109859123e-07	0.00016259819792839263	0.0	(0.00016259819792839263+0j)
0.013936130443643347	0.0001942157317422429	9.659185309374152e-07	0.00019434027697337914	0.0	(0.00019434027697337914+0j)
0.015200302703466109	0.0002310492022769991	1.1491001998820138e-06	0.00023126245712711202	0.0	(0.00023126245712711202+0j)
0.01654511762802453	0.00027374091732516805	1.3614134957151691e-06	0.0002740640702181583	0.0	(0.0002740640702181583+0j)
0.01797400757372418	0.00032306494826029415	1.6067067178937577e-06	0.00032352258781536753	0.0	(0.00032352258781536753+0j)
0.019490524477627863	0.0003798805444130109	1.8892512088086733e-06	0.0003805010711320861	0.0	(0.0003805010711320861+0j)
0.02109834588367813	0.00044514019902731797	2.213781485238542e-06	0.0004459562778346735	0.0	(0.0004459562778346735+0j)
0.022801281260282438	0.0005198984271105071	2.585538609878313e-06	0.0005209474842671289	0.0	(0.0005209474842671289+0j)
0.024603278626967397	0.0006053213191961908	3.010317556118025e-06	0.0006066460876108857	0.0	(0.0006066460876108857+0j)
0.026508431508921782	0.0007026969410631971	3.494518587388029e-06	0.0007043460586228888	0.0	(0.0007043460586228888+0j)
0.02852098623944262	0.0008134466560704753	4.045203311875412e-06	0.0008154753213550675	0.0	(0.0008154753213550675+0j)
0.030645349631579707	0.0009391374540417626	4.670155483665894e-06	0.0009416081451116421	0.0	(0.0009416081451116421+0j)
0.03288609704164967	0.0010814953786327994	5.3779473176973625e-06	0.0010844786401792161	0.0	(0.0010844786401792161+0j)
0.03524798084876816	0.001242420153915127	6.178011553004126e-06	0.0012459954592061308	0.0	(0.0012459954592061308+0j)
0.03773593937613485	0.0014240011205993246	7.0807199463729376e-06	0.0014282578151320357	0.0	(0.0014282578151320357+0j)
0.04035510628151127	0.0016285346029920702	8.097468644052697e-06	0.0016335729368239119	0.0	(0.0016335729368239119+0j)
0.043110820446164204	0.0018585428395414096	9.240771127849712e-06	0.0018644750968309118	0.0	(0.0018644750968309118+0j)
0.046008636393517745	0.0021167946227909256	1.0524359428387697e-05	0.002123746357057637	0.0	(0.002123746357057637+0j)
0.049054335270878616	0.002406327808867766	1.1963294255679102e-05	0.002414439193956401	0.0	(0.002414439193956401+0j)
0.05225393642987957	0.0027304738724178955	1.3574084945844334e-05	0.002739901179068852	0.0	(0.002739901179068852+0j)
0.05561370964374471	0.003092884700338743	1.537482006952473e-05	0.0031038019103365963	0.0	(0.0031038019103365963+0j)
0.059140188002125955	0.0034975618369268028	1.738530962924756e-05	0.0035101624070249045	0.0	(0.0035101624070249045+0j)
0.06284018152711322	0.003948888414360542	1.962723995951876e-05	0.003963387204008143	0.0	(0.003963387204008143+0j)
0.06672079155709584	0.004451664026005432	2.212434239190486e-05	0.004468299402454182	0.0	(0.004468299402454182+0j)
0.07078942594847114	0.005011142826114079	2.4902576992502645e-05	0.005030178965017413	0.0	(0.005030178965017413+0j)
0.07505381514877553	0.005633075168386567	2.799033265876716e-05	0.005654804565350194	0.0	(0.005654804565350194+0j)
0.0795220291986808	0.006323753127875842	3.141864510514125e-05	0.00634849934158857	0.0	(0.00634849934158857+0j)
0.08420249572447475	0.007090060286230188	3.522143427669988e-05	0.0071181809328203045	0.0	(0.0071181809328203045+0j)
0.08910401898715839	0.007939526199663883	3.943576296183693e-05	0.007971416221495433	0.0	(0.007971416221495433+0j)
0.09423580005917682	0.00888038601279315	4.410211846028744e-05	0.008916481246095587	0.0	(0.008916481246095587+0j)
0.09960745820508124	0.009921645730077006	4.926471936661514e-05	0.009962426797042673	0.0	(0.009962426797042673+0j)
0.10522905354813994	0.011073153710637303	5.497184964831092e-05	0.011119150265564521	0.0	(0.011119150265564521+0j)
0.1111111111111111	0.012345679012345678	6.127622242724229e-05	0.012397474372054807	0.0	(0.012397474372054807+0j)
0.117264646326104	0.013750997277986258	6.823537602462793e-05	0.013809233470254907	0.0	(0.013809233470254907+0j)
0.12370119211573812	0.01530198493085475	7.59121050468714e-05	0.015367368196286724	0.0	(0.015367368196286724+0j)
0.13043282765570904	0.017012722530263896	8.437492948809577e-05	0.017086029316963233	0.0	(0.017086029316963233+0j)
0.13747220893745052	0.01889860823014205	9.369860504637728e-05	0.01898069172154401	0.0	(0.01898069172154401+0j)
0.14483260125889905	0.020976482387419247	0.00010396467806517151	0.02106827960830626	0.0	(0.02106827960830626+0j)
0.152527913781502	0.023264764482537306	0.00011526208873080535	0.02336730402981847	0.0	(0.02336730402981847+0j)
0.16057273630262453	0.025783603643712193	0.00012768782638450382	0.025898014092679437	0.0	(0.025898014092679437+0j)
0.16898237840451125	0.02855504421124543	0.00014134764100637298	0.02868256325058011	0.0	(0.02868256325058011+0j)
0.1777729111540156	0.03160320794017353	0.00015635681514125643	0.03174519229141756	0.0	(0.03174519229141756+0j)
0.1869612115415512	0.03495449462108466	0.00017284100069803188	0.035112430801333326	0.0	(0.035112430801333326+0j)
0.19656500986324205	0.03863780310253644	0.00019093712520312778	0.03881331909540702	0.0	(0.03881331909540702+0j)
0.20660294026719475	0.04268477492705004	0.00021079437218074482	0.042879652821475316	0.0	(0.042879652821475316+0j)
0.2170945947033171	0.04713006304939752	0.00023257524035236177	0.04734625271881997	0.0	(0.04734625271881997+0j)
0.22806058053632985	0.05201162839456779	0.0002564566862998108	0.05225126228493555	0.0	(0.05225126228493555+0j)
0.2395225821037321	0.05737106733763908	0.000282631355047247	0.0576364764316741	0.0	(0.0576364764316741+0j)
0.25150342652467966	0.06325397355365495	0.0003113089027030336	0.06354770459137431	0.0	(0.06354770459137431+0j)
0.26402715409224337	0.06971033809804922	0.000342717414782423	0.07003517212429951	0.0	(0.07003517212429951+0j)
0.27711909361055953	0.07679499204353805	0.0003771049230838486	0.07715396435945121	0.0	(0.07715396435945121+0j)
0.29080594307025415	0.0845680965249799	0.0004147410229344839	0.08496451811712259	0.0	(0.08496451811712259+0j)
0.30511585609049147	0.09309568563783349	0.0004559185911971464	0.09353316616931215	0.0	(0.09353316616931215+0j)
0.3200785345944261	0.10245026830811522	0.000500955603540687	0.10293274073502341	0.0	(0.10293274073502341+0j)
0.3357253282270783	0.11271149601317945	0.000550197047024803	0.11324324291203047	0.0	(0.11324324291203047+0j)
0.35208934107114	0.12396690409590955	0.0006040169209033941	0.12455258576873296	0.0	(0.12455258576873296+0j)
0.3692055462674028	0.13631273539461133	0.0006628203145707112	0.13695741981811782	0.0	(0.13695741981811782+0j)
0.38711090920292607	0.14985485602391607	0.0007270455465818171	0.15056405071156767	0.0	(0.15056405071156767+0j)
0.4058445199922993	0.16470977440777984	0.0007971663424805875	0.1654894602306563	0.0	(0.1654894602306563+0j)
0.4254477360460714	0.18100577610672763	0.0008736940215299249	0.18186244312073813	0.0	(0.18186244312073813+0j)
0.44596433559636334	0.19888418862390578	0.0009571796531075705	0.1998248739104335	0.0	(0.1998248739104335+0j)
0.4674406831336701	0.2185007922484722	0.0010482161322109551	0.21953311977140144	0.0	(0.21953311977140144+0j)
0.4899259078018587	0.24002739513547533	0.0011474401098943154	0.24115961754087617	0.0	(0.24115961754087617+0j)
0.5134720959014145	0.2636535932693914	0.0012555336982037757	0.2648946355271316	0.0	(0.2648946355271316+0j)
0.5381344987652963	0.2895887387613767	0.001373225849931839	0.290948243433279	0.0	(0.290948243433279+0j)
0.5639717573986723	0.3180641431433469	0.0015012932909514304	0.3195525169592568	0.0	(0.3195525169592568+0j)
0.591046145414866	0.3493355460097709	0.0016405608567095914	0.3509640072849771	0.0	(0.3509640072849771+0j)
0.6194238319567661	0.383685883596004	0.001791901054452566	0.38546650982936154	0.0	(0.38546650982936154+0j)
0.6491751664677271	0.4214283967584012	0.0019562326388400247	0.4233741715018095	0.0	(0.4233741715018095+0j)
0.6803749873708325	0.46291012343986043	0.0021345179509445478	0.4650349812461786	0.0	(0.4650349812461786+0j)
0.7131029569328535	0.5085158271863791	0.002327758729711943	0.5108346951132067	0.0	(0.5108346951132067+0j)
0.7474439248322069	0.5586724207685737	0.0025369900617585248	0.5612012544792224	0.0	(0.5612012544792224+0j)
0.783488323222002	0.6138539526252244	0.0027632720915577585	0.6166097647608517	0.0	(0.6166097647608517+0j)
0.821332596383606	0.6745872338822354	0.003007679072187963	0.6775881117775767	0.0	(0.6775881117775767+0j)
0.8610796684073763	0.741458195344557	0.0032712853006434048	0.744723304734866	0.0	(0.744723304734866+0j)
0.9028394527202239	0.8151190773881535	0.0035551474565484013	0.8186686481776438	0.0	(0.8186686481776438+0j)
0.946729407710138	0.8962965714231887	0.003860282856147701	0.9001518610611056	0.0	(0.9001518610611056+0j)
0.9928751431821456	0.9858010499489662	0.004187643154109463	0.989984279457583	0.0	(0.989984279457583+0j)
1.0414110829259533	1.084537043641007	0.004538083085957278	1.0890713010244735	0.0	(1.0890713010244735+0j)
1.0924811892911694	1.193515148955048	0.004912323958518892	1.1984242544816552	0.0	(1.1984242544816552+0j)
1.146239756361531	1.313865579063742	0.005310911781858496	1.3191739070406634	0.0	(1.3191739070406634+0j)
1.202852279106299	1.4468536053512178	0.0057341702128382264	1.4525858573977597	0.0	(1.4525858573977597+0j)
1.2624964067782076	1.5938971771278856	0.006182148867261266	1.6000781027939868	0.0	(1.6000781027939868+0j)
1.3253629898383261	1.756587054833187	0.006654568071868868	1.763241116764082	0.0	(1.763241116764082+0j)
1.39165723083669	1.936709848140044	0.007150761780441492	1.9438608307716039	0.0	(1.9438608307716039+0j)
1.4615999509842248	2.136274416717088	0.0076696211688069395	2.1439449799727925	0.0	(2.1439449799727925+0j)
1.5354289856404248	2.357542169944784	0.008209542330276334	2.3657533526006054	0.0	(2.3657533526006054+0j)
1.6134007236404333	2.603061895043474	0.008768382464140492	2.6118325763991637	0.0	(2.6118325763991637+0j)
1.695791807327491	2.875709853799038	0.009343429892121943	2.885056187234673	0.0	(2.885056187234673+0j)
1.7829010123805906	3.178736019947735	0.009931394006220277	3.18867085772893	0.0	(3.18867085772893+0j)
1.8750513290776138	3.515817486675726	0.01052842164415936	3.526349821680611	0.0	(3.526349821680611+0j)
1.9725922695643299	3.8911202619449536	0.011130146151098672	3.9022547183443588	0.0	(3.9022547183443588+0j)
2.075902429071858	4.309370895026441	0.011731774233760876	4.321107305136967	0.0	(4.321107305136967+0j)
2.1853923329131555	4.775939648755604	0.012328213379182449	4.788272756422248	0.0	(4.788272756422248+0j)
2.3015076055802877	5.296937258543909	0.012914238926804695	5.30985658861042	0.0	(5.30985658861042+0j)
2.4247325034618408	5.879327713344326	0.013484694890685406	5.8928176410858715	0.0	(5.8928176410858715+0j)
2.5555938587270473	6.531059970763399	0.014034716704382477	6.545100013486604	0.0	(6.545100013486604+0j)
2.6946654889263955	7.26122209721093	0.01455995801905889	7.275787432199701	0.0	(7.275787432199701+0j)
2.842573135012568	8.080222027895179	0.015056798797002249	8.095284218259787	0.0	(8.095284218259787+0j)
2.9999999999999973	8.999999999999984	0.015522509792596818	9.015527884927657	0.0	(9.015527884927657+0j)
3.1676929716073188	10.034278762370406	0.01595535063026816	10.050239445431295	0.0	(10.050239445431295+0j)
3.3464696252667663	11.198858952833092	0.01635458596311292	11.215218806480637	0.0	(11.215218806480637+0j)
3.537226119203227	12.51196861837352	0.016720416213586695	12.528694219221686	0.0	(12.528694219221686+0j)
3.7409461113238116	13.994677807828747	0.017053834005813676	14.011736728433013	0.0	(14.011736728433013+0j)
3.958710848952246	15.671391585612211	0.017356430882130833	15.688752992967784	0.0	(15.688752992967784+0j)
4.191710607642078	17.570437818219116	0.017630187027798016	17.588072862064852	0.0	(17.588072862064852+0j)
4.441257685203385	19.72476982637813	0.01787727652311353	19.742651832766093	0.0	(19.742651832766093+0j)
4.708801192652311	22.17280867192383	0.01809991203605629	22.190913181511	0.0	(22.190913181511+0j)
4.995943926236034	24.95945571409472	0.0183002391958087	24.977760414846777	0.0	(24.977760414846777+0j)
5.30446165546979	28.137313454349307	0.018480277484879522	28.15579805516554	0.0	(28.15579805516554+0j)
5.636325223067443	31.76816202018626	0.01864189597074512	31.786808100273554	0.0	(31.786808100273554+0j)
5.993725926010504	35.92475047613048	0.01878681015493928	35.94354133127172	0.0	(35.94354133127172+0j)
6.379104735595156	40.692977227692545	0.018916588956910306	40.711897723498446	0.0	(40.711897723498446+0j)
6.795186021636264	46.17455306864087	0.019032665214236164	46.19358950433616	0.0	(46.19358950433616+0j)
7.245016576502953	52.490265193802564	0.01913634664910303	52.5094051769885	0.0	(52.5094051769885+0j)
7.732010893868104	59.783992462895036	0.019228826256799596	59.803224794732934	0.0	(59.803224794732934+0j)
8.260003852004482	68.22766363512889	0.019311191889346553	68.24697820514396	0.0	(68.24697820514396+0j)
8.833312191087042	78.02740426520697	0.01938443504753541	78.04679195486145	0.0	(78.04679195486145+0j)
9.456806469667123	89.43118860473795	0.0194494589414786	89.4506411984111	0.0	(89.4506411984111+0j)
10.135995551894553	102.73840582802616	0.019507085881745906	102.7579159291204	0.0	(102.7579159291204+0j)
10.877126133024653	118.31187291372784	0.01955806405836658	118.33143386335888	0.0	(118.33143386335888+0j)
11.687300380670402	136.59299018801852	0.019603073759912742	136.61259598627336	0.0	(136.61259598627336+0j)
12.57461548493147	158.12095459387834	0.019642733080238953	158.14059982899064	0.0	(158.14059982899064+0j)
13.548329813570865	183.55724073729314	0.019677603156241712	183.57692053208282	0.0	(183.57692053208282+0j)
14.619061513616193	213.7169595388942	0.019708192976181156	213.73666952060427	0.0	(213.73666952060427+0j)
15.799026860736173	249.60924974626312	0.019734963794637676	249.62898603459746	0.0	(249.62898603459746+0j)
17.102327529253973	292.4896069178783	0.019758333187024434	292.50936611387147	0.0	(292.50936611387147+0j)
18.545298368552277	343.92809157862774	0.019778678773712373	343.94787073352086	0.0	(343.94787073352086+0j)
20.14693040131219	405.89880459531736	0.019796341641219597	405.9186011490998	0.0	(405.9186011490998+0j)
21.929387844185747	480.89805122072164	0.019811629485547315	480.9178629219175	0.0	(480.9178629219175+0j)
23.918643319342358	572.1014982379209	0.019824819500587697	572.12132307437	0.0	(572.12132307437+0j)
26.14526252799216	683.5747526576309	0.019836161032564532	683.5945888211819	0.0	(683.5945888211819+0j)
28.64537912446167	820.5577451841444	0.019845878019678038	820.5775910623659	0.0	(820.5775910623659+0j)
31.461913247165306	989.8519851721558	0.019854171234493484	989.8718393433969	0.0	(989.8718393433969+0j)
34.64610438705312	1200.3525491985815	0.019861220345125392	1200.3724104189262	0.0	(1200.3724104189262+0j)
38.25945280426815	1463.785728882022	0.019867185809911158	1463.8055960678348	0.0	(1463.8055960678348+0j)
42.376196144271574	1795.7419996577771	0.019872210619028365	1795.7618718684023	0.0	(1795.7618718684023+0j)
47.08649306653929	2217.1378293052526	0.01987642189537754	2217.1577057271575	0.0	(2217.1577057271575+0j)
52.50054922355529	2756.3076687749517	0.01987993236601737	2756.327548707317	0.0	(2756.327548707317+0j)
58.754011270063216	3452.0338403227156	0.01988284171449283	3452.053723164433	0.0	(3452.053723164433+0j)
66.01508458138542	4357.991392287471	0.01988523782353099	4358.011277525312	0.0	(4358.011277525312+0j)
74.494019787306	5549.358984071538	0.01988719791678642	5549.378871269475	0.0	(5549.378871269475+0j)
84.4558929953336	7132.797861639239	0.019888789607592047	7132.817750428838	0.0	(7132.817750428838+0j)
96.23802379441496	9261.75722385438	0.019890071862005677	9261.777113926237	0.0	(9261.777113926237+0j)
110.27401318935443	12160.357984885915	0.019891095882831892	12160.37787598179	0.0	(12160.37787598179+0j)
127.12737129116371	16161.368531401395	0.01989190592073843	16161.388423307351	0.0	(16161.388423307351+0j)
147.53926170486494	21767.833744416628	0.019892540018071524	21767.85363695653	0.0	(21767.85363695653+0j)
172.49739387007384	29755.350891967388	0.01989303069050098	29755.37078499809	0.0	(29755.37078499809+0j)
203.33721107049217	41346.02140592589	0.019893405551190315	41346.04129933144	0.0	(41346.04129933144+0j)
241.89345215900826	58512.44219740242	0.019893687881785718	58512.4620910903	0.0	(58512.4620910903+0j)
290.732144905761	84525.18008150441	0.01989389715414734	84525.19997540157	0.0	(84525.19997540157+0j)
353.51441291600565	124972.44013934814	0.019894049506404648	124972.46003339764	0.0	(124972.46003339764+0j)
435.5826956730059	189732.28476976248	0.01989415817660111	189732.30466392066	0.0	(189732.30466392066+0j)
544.9348050674845	296953.9417739373	0.01989423389690074	296953.9616681712	0.0	(296953.9616681712+0j)
693.9000596638814	481497.29280153813	0.019894285251057044	481497.3126958234	0.0	(481497.3126958234+0j)
902.1421224679432	813860.4091309654	0.019894318997592305	813860.4290252844	0.0	(813860.4290252844+0j)
1202.2970203207008	1445518.1250720355	0.01989434036089932	1445518.1449663758	0.0	(1445518.1449663758+0j)
1651.1612699663262	2726333.539436811	0.019894353292258003	2726333.559331164	0.0	(2726333.559331164+0j)
2353.417045125024	5538571.788284998	0.01989436070255263	5538571.808179359	0.0	(5538571.808179359+0j)
3516.197255818686	12363643.141826857	0.01989436466828211	12363643.161721222	0.0	(12363643.161721222+0j)
5588.031222884966	31226092.94793725	0.019894366612272566	31226092.967831615	0.0	(31226092.967831615+0j)
9662.612764718197	93366085.44089504	0.01989436746032858	93366085.4607894	0.0	(93366085.4607894+0j)
18882.672722805288	356555329.15657485	0.01989436777489488	356555329.1764692	0.0	(356555329.1764692+0j)
44778.073711307276	2005075885.2952678	0.019894367866642913	2005075885.3151622	0.0	(2005075885.3151622+0j)
151172.1627947616	22853022804.045902	0.019894367884745846	22853022804.065796	0.0	(22853022804.065796+0j)
1209598.9185262648	1463129543699.9094	0.019894367886459725	1463129543699.9292	0.0	(1463129543699.9292+0j)
