-1.0	-1.0	-0.0058569038037506235	-1.0058685735351662	0.0	(-1.0058685735351662+0j)
-0.998	-0.996004	-0.005854860597806835	-1.001868293042818	0.0	(-1.001868293042818+0j)
-0.996	-0.992016	-0.005852805076043583	-0.99787706978118	0.0	(-0.99787706978118+0j)
-0.994	-0.988036	-0.005850737139485645	-0.9938942070605179	0.0	(-0.9938942070605179+0j)
-0.992	-0.9840639999999999	-0.005848656688170549	-0.9899195226861562	0.0	(-0.9899195226861562+0j)
-0.99	-0.9801	-0.005846563621137107	-0.9859529420629675	0.0	(-0.9859529420629675+0j)
-0.988	-0.976144	-0.005844457836413794	-0.9819944272827054	0.0	(-0.9819944272827054+0j)
-0.986	-0.972196	-0.005842339231007003	-0.9780439563985024	0.0	(-0.9780439563985024+0j)
-0.984	-0.968256	-0.005840207700889135	-0.9741015155340284	0.0	(-0.9741015155340284+0j)
-0.982	-0.964324	-0.0058380631409865585	-0.9701670953363911	0.0	(-0.9701670953363911+0j)
-0.98	-0.9603999999999999	-0.005835905445167413	-0.9662406891864217	0.0	(-0.9662406891864217+0j)
-0.978	-0.956484	-0.0058337345062292635	-0.9623222922151112	0.0	(-0.9623222922151112+0j)
-0.976	-0.952576	-0.005831550215886609	-0.958411900726113	0.0	(-0.958411900726113+0j)
-0.974	-0.948676	-0.005829352464758236	-0.9545095118384767	0.0	(-0.9545095118384767+0j)
-0.972	-0.944784	-0.005827141142354411	-0.950615123255678	0.0	(-0.950615123255678+0j)
-0.97	-0.9409	-0.0058249161370639395	-0.9467287331111262	0.0	(-0.9467287331111262+0j)
-0.968	-0.937024	-0.005822677336141034	-0.9428503398613844	0.0	(-0.9428503398613844+0j)
-0.966	-0.933156	-0.005820424625692068	-0.9389799422106163	0.0	(-0.9389799422106163+0j)
-0.964	-0.9292959999999999	-0.00581815789066212	-0.935117539055771	0.0	(-0.935117539055771+0j)
-0.962	-0.9254439999999999	-0.005815877014821402	-0.9312631294461021	0.0	(-0.9312631294461021+0j)
-0.96	-0.9216	-0.005813581880751499	-0.9274167125527167	0.0	(-0.9274167125527167+0j)
-0.9580000000000001	-0.9177640000000001	-0.00581127236983145	-0.9235782876452923	0.0	(-0.9235782876452923+0j)
-0.9560000000000001	-0.9139360000000002	-0.005808948362223669	-0.9197478540740475	0.0	(-0.9197478540740475+0j)
-0.9540000000000001	-0.9101160000000001	-0.005806609736859693	-0.9159254112556167	0.0	(-0.9159254112556167+0j)
-0.9520000000000001	-0.9063040000000001	-0.005804256371425768	-0.9121109586618251	0.0	(-0.9121109586618251+0j)
-0.9500000000000001	-0.9025000000000001	-0.005801888142348254	-0.9083044958106714	0.0	(-0.9083044958106714+0j)
-0.9480000000000001	-0.8987040000000002	-0.00579950492477888	-0.9045060222590736	0.0	(-0.9045060222590736+0j)
-0.9460000000000001	-0.8949160000000002	-0.005797106592579803	-0.9007155375968923	0.0	(-0.9007155375968923+0j)
-0.9440000000000001	-0.8911360000000002	-0.005794693018308511	-0.8969330414420644	0.0	(-0.8969330414420644+0j)
-0.9420000000000001	-0.8873640000000002	-0.005792264073202546	-0.8931585334365323	0.0	(-0.8931585334365323+0j)
-0.9400000000000001	-0.8836000000000002	-0.005789819627164043	-0.8893920132428562	0.0	(-0.8893920132428562+0j)
-0.9380000000000001	-0.8798440000000001	-0.005787359548744109	-0.8856334805413727	0.0	(-0.8856334805413727+0j)
-0.936	-0.8760960000000001	-0.005784883705127007	-0.8818829350277692	0.0	(-0.8818829350277692+0j)
-0.934	-0.8723560000000001	-0.0057823919621141735	-0.8781403764110655	0.0	(-0.8781403764110655+0j)
-0.932	-0.8686240000000001	-0.005779884184108042	-0.874405804411845	0.0	(-0.874405804411845+0j)
-0.93	-0.8649000000000001	-0.005777360234095699	-0.8706792187607693	0.0	(-0.8706792187607693+0j)
-0.928	-0.8611840000000001	-0.005774819973632347	-0.8669606191972632	0.0	(-0.8669606191972632+0j)
-0.926	-0.8574760000000001	-0.005772263262824592	-0.8632500054683994	0.0	(-0.8632500054683994+0j)
-0.924	-0.8537760000000001	-0.005769689960313533	-0.8595473773279345	0.0	(-0.8595473773279345+0j)
-0.922	-0.8500840000000001	-0.005767099923257689	-0.8558527345354363	0.0	(-0.8558527345354363+0j)
-0.92	-0.8464	-0.005764493007315711	-0.8521660768555431	0.0	(-0.8521660768555431+0j)
-0.918	-0.842724	-0.005761869066628929	-0.8484874040573084	0.0	(-0.8484874040573084+0j)
-0.916	-0.839056	-0.005759227953803704	-0.8448167159135976	0.0	(-0.8448167159135976+0j)
-0.914	-0.835396	-0.005756569519893585	-0.8411540122006118	0.0	(-0.8411540122006118+0j)
-0.912	-0.831744	-0.005753893614381289	-0.8374992926973907	0.0	(-0.8374992926973907+0j)
-0.91	-0.8281000000000001	-0.005751200085160481	-0.8338525571854112	0.0	(-0.8338525571854112+0j)
-0.908	-0.8244640000000001	-0.005748488778517363	-0.8302138054482293	0.0	(-0.8302138054482293+0j)
-0.906	-0.820836	-0.0057457595391120836	-0.826583037271163	0.0	(-0.826583037271163+0j)
-0.904	-0.817216	-0.005743012209959941	-0.8229602524409653	0.0	(-0.8229602524409653+0j)
-0.902	-0.813604	-0.005740246632412411	-0.8193454507455755	0.0	(-0.8193454507455755+0j)
-0.9	-0.81	-0.005737462646137961	-0.8157386319738736	0.0	(-0.8157386319738736+0j)
-0.898	-0.806404	-0.005734660089102699	-0.8121397959154665	0.0	(-0.8121397959154665+0j)
-0.896	-0.8028160000000001	-0.005731838797550806	-0.8085489423604783	0.0	(-0.8085489423604783+0j)
-0.894	-0.7992360000000001	-0.005728998605984792	-0.804966071099382	0.0	(-0.804966071099382+0j)
-0.892	-0.795664	-0.005726139347145549	-0.8013911819228072	0.0	(-0.8013911819228072+0j)
-0.89	-0.7921	-0.005723260851992228	-0.7978242746214241	0.0	(-0.7978242746214241+0j)
-0.888	-0.788544	-0.0057203629496819	-0.7942653489857568	0.0	(-0.7942653489857568+0j)
-0.886	-0.784996	-0.005717445467549052	-0.7907144048060954	0.0	(-0.7907144048060954+0j)
-0.884	-0.781456	-0.005714508231084875	-0.7871714418723572	0.0	(-0.7871714418723572+0j)
-0.882	-0.7779240000000001	-0.005711551063916364	-0.783636459973972	0.0	(-0.783636459973972+0j)
-0.88	-0.7744	-0.005708573787785234	-0.7801094588997832	0.0	(-0.7801094588997832+0j)
-0.878	-0.770884	-0.005705576222526649	-0.7765904384379468	0.0	(-0.7765904384379468+0j)
-0.876	-0.767376	-0.005702558186047748	-0.7730793983758517	0.0	(-0.7730793983758517+0j)
-0.874	-0.763876	-0.005699519494306008	-0.7695763385000217	0.0	(-0.7695763385000217+0j)
-0.872	-0.760384	-0.0056964599612873935	-0.7660812585960423	0.0	(-0.7660812585960423+0j)
-0.87	-0.7569	-0.0056933793989843535	-0.7625941584484797	0.0	(-0.7625941584484797+0j)
-0.868	-0.753424	-0.005690277617373606	-0.7591150378408341	0.0	(-0.7591150378408341+0j)
-0.866	-0.749956	-0.005687154424393758	-0.7556438965554302	0.0	(-0.7556438965554302+0j)
-0.864	-0.7464959999999999	-0.005684009625922746	-0.7521807343733793	0.0	(-0.7521807343733793+0j)
-0.862	-0.7430439999999999	-0.005680843025755089	-0.7487255510745396	0.0	(-0.7487255510745396+0j)
-0.86	-0.7395999999999999	-0.0056776544255789764	-0.7452783464373814	0.0	(-0.7452783464373814+0j)
-0.858	-0.7361639999999999	-0.005674443624953179	-0.7418391202390343	0.0	(-0.7418391202390343+0j)
-0.856	-0.7327359999999999	-0.005671210421283781	-0.7384078722551579	0.0	(-0.7384078722551579+0j)
-0.854	-0.729316	-0.005667954609800761	-0.7349846022599039	0.0	(-0.7349846022599039+0j)
-0.852	-0.725904	-0.005664675983534388	-0.7315693100258929	0.0	(-0.7315693100258929+0j)
-0.85	-0.7224999999999999	-0.005661374333291466	-0.7281619953241494	0.0	(-0.7281619953241494+0j)
-0.848	-0.719104	-0.005658049447631421	-0.7247626579240346	0.0	(-0.7247626579240346+0j)
-0.846	-0.7157159999999999	-0.005654701112842218	-0.7213712975932419	0.0	(-0.7213712975932419+0j)
-0.844	-0.712336	-0.005651329112916142	-0.7179879140977278	0.0	(-0.7179879140977278+0j)
-0.842	-0.7089639999999999	-0.0056479332295254125	-0.7146125072016534	0.0	(-0.7146125072016534+0j)
-0.84	-0.7055999999999999	-0.00564451324199767	-0.7112450766673788	0.0	(-0.7112450766673788+0j)
-0.838	-0.702244	-0.005641068927291301	-0.707885622255402	0.0	(-0.707885622255402+0j)
-0.836	-0.698896	-0.0056376000599706495	-0.7045341437243133	0.0	(-0.7045341437243133+0j)
-0.834	-0.695556	-0.0056341064121810695	-0.7011906408307607	0.0	(-0.7011906408307607+0j)
-0.8320000000000001	-0.6922240000000002	-0.0056305877536238745	-0.6978551133294227	0.0	(-0.6978551133294227+0j)
-0.8300000000000001	-0.6889000000000001	-0.005627043851531146	-0.6945275609729421	0.0	(-0.6945275609729421+0j)
-0.8280000000000001	-0.6855840000000001	-0.00562347447064043	-0.6912079835119158	0.0	(-0.6912079835119158+0j)
-0.8260000000000001	-0.6822760000000001	-0.00561987937316933	-0.6878963806948354	0.0	(-0.6878963806948354+0j)
-0.8240000000000001	-0.6789760000000001	-0.005616258318789978	-0.6845927522680759	0.0	(-0.6845927522680759+0j)
-0.8220000000000001	-0.6756840000000001	-0.005612611064603412	-0.6812970979758279	0.0	(-0.6812970979758279+0j)
-0.8200000000000001	-0.6724000000000001	-0.005608937365113868	-0.6780094175600822	0.0	(-0.6780094175600822+0j)
-0.8180000000000001	-0.669124	-0.005605236972202972	-0.6747297107605819	0.0	(-0.6747297107605819+0j)
-0.8160000000000001	-0.6658560000000001	-0.0056015096351038525	-0.6714579773147907	0.0	(-0.6714579773147907+0j)
-0.8140000000000001	-0.6625960000000001	-0.005597755100375185	-0.6681942169578755	0.0	(-0.6681942169578755+0j)
-0.812	-0.659344	-0.005593973111875174	-0.664938429422636	0.0	(-0.664938429422636+0j)
-0.81	-0.6561000000000001	-0.00559016341073546	-0.6616906144394891	0.0	(-0.6616906144394891+0j)
-0.808	-0.6528640000000001	-0.00558632573533499	-0.6584507717364362	0.0	(-0.6584507717364362+0j)
-0.806	-0.6496360000000001	-0.0055824598212738455	-0.6552189010390285	0.0	(-0.6552189010390285+0j)
-0.804	-0.6464160000000001	-0.005578565401347031	-0.651995002070316	0.0	(-0.651995002070316+0j)
-0.802	-0.6432040000000001	-0.005574642205518239	-0.6487790745508331	0.0	(-0.6487790745508331+0j)
-0.8	-0.6400000000000001	-0.005570689960893604	-0.645571118198563	0.0	(-0.645571118198563+0j)
-0.798	-0.636804	-0.005566708391695444	-0.6423711327288832	0.0	(-0.6423711327288832+0j)
-0.796	-0.6336160000000001	-0.005562697219236021	-0.6391791178545563	0.0	(-0.6391791178545563+0j)
-0.794	-0.6304360000000001	-0.0055586561618912915	-0.6359950732856885	0.0	(-0.6359950732856885+0j)
-0.792	-0.627264	-0.0055545849350747125	-0.6328189987296787	0.0	(-0.6328189987296787+0j)
-0.79	-0.6241000000000001	-0.0055504832512110564	-0.6296508938912196	0.0	(-0.6296508938912196+0j)
-0.788	-0.620944	-0.005546350819710297	-0.6264907584722296	0.0	(-0.6264907584722296+0j)
-0.786	-0.617796	-0.005542187346941539	-0.6233385921718467	0.0	(-0.6233385921718467+0j)
-0.784	-0.6146560000000001	-0.00553799253620703	-0.620194394686382	0.0	(-0.620194394686382+0j)
-0.782	-0.6115240000000001	-0.005533766087716249	-0.6170581657092796	0.0	(-0.6170581657092796+0j)
-0.78	-0.6084	-0.005529507698560107	-0.6139299049311148	0.0	(-0.6139299049311148+0j)
-0.778	-0.605284	-0.005525217062685242	-0.6108096120395219	0.0	(-0.6108096120395219+0j)
-0.776	-0.602176	-0.00552089387086845	-0.6076972867191883	0.0	(-0.6076972867191883+0j)
-0.774	-0.599076	-0.005516537810691257	-0.6045929286518308	0.0	(-0.6045929286518308+0j)
-0.772	-0.5959840000000001	-0.005512148566514639	-0.6014965375161314	0.0	(-0.6014965375161314+0j)
-0.77	-0.5929	-0.00550772581945391	-0.5984081129877394	0.0	(-0.5984081129877394+0j)
-0.768	-0.589824	-0.005503269247353813	-0.5953276547392233	0.0	(-0.5953276547392233+0j)
-0.766	-0.586756	-0.005498778524763788	-0.592255162440037	0.0	(-0.592255162440037+0j)
-0.764	-0.583696	-0.005494253322913477	-0.5891906357565052	0.0	(-0.5891906357565052+0j)
-0.762	-0.580644	-0.005489693309688453	-0.5861340743517857	0.0	(-0.5861340743517857+0j)
-0.76	-0.5776	-0.0054850981496062075	-0.583085477885831	0.0	(-0.583085477885831+0j)
-0.758	-0.574564	-0.005480467503792405	-0.5800448460153766	0.0	(-0.5800448460153766+0j)
-0.756	-0.571536	-0.005475801029957431	-0.5770121783939007	0.0	(-0.5770121783939007+0j)
-0.754	-0.568516	-0.005471098382373244	-0.573987474671594	0.0	(-0.573987474671594+0j)
-0.752	-0.565504	-0.005466359211850552	-0.5709707344953472	0.0	(-0.5709707344953472+0j)
-0.75	-0.5625	-0.00546158316571635	-0.5679619575087043	0.0	(-0.5679619575087043+0j)
-0.748	-0.559504	-0.0054567698877918	-0.5649611433518413	0.0	(-0.5649611433518413+0j)
-0.746	-0.556516	-0.005451919018370534	-0.5619682916615609	0.0	(-0.5619682916615609+0j)
-0.744	-0.553536	-0.0054470301941973295	-0.5589834020712274	0.0	(-0.5589834020712274+0j)
-0.742	-0.5505639999999999	-0.005442103048447251	-0.5560064742107679	0.0	(-0.5560064742107679+0j)
-0.74	-0.5476	-0.005437137210705223	-0.5530375077066612	0.0	(-0.5530375077066612+0j)
-0.738	-0.544644	-0.0054321323069460884	-0.5500765021818711	0.0	(-0.5500765021818711+0j)
-0.736	-0.541696	-0.0054270879595151745	-0.5471234572558434	0.0	(-0.5471234572558434+0j)
-0.734	-0.538756	-0.0054220037871093715	-0.544178372544515	0.0	(-0.544178372544515+0j)
-0.732	-0.535824	-0.005416879404758771	-0.5412412476602305	0.0	(-0.5412412476602305+0j)
-0.73	-0.5328999999999999	-0.005411714423808879	-0.5383120822117716	0.0	(-0.5383120822117716+0j)
-0.728	-0.529984	-0.005406508451903422	-0.5353908758043125	0.0	(-0.5353908758043125+0j)
-0.726	-0.527076	-0.005401261092967791	-0.5324776280393979	0.0	(-0.5324776280393979+0j)
-0.724	-0.524176	-0.005395971947193129	-0.5295723385149304	0.0	(-0.5295723385149304+0j)
-0.722	-0.521284	-0.005390640611021113	-0.5266750068251608	0.0	(-0.5266750068251608+0j)
-0.72	-0.5184	-0.005385266677129432	-0.5237856325606397	0.0	(-0.5237856325606397+0j)
-0.718	-0.515524	-0.005379849734418011	-0.5209042153082429	0.0	(-0.5209042153082429+0j)
-0.716	-0.512656	-0.0053743893679959985	-0.5180307546511226	0.0	(-0.5180307546511226+0j)
-0.714	-0.5097959999999999	-0.005368885159169557	-0.5151652501686876	0.0	(-0.5151652501686876+0j)
-0.712	-0.506944	-0.0053633366854304735	-0.5123077014366351	0.0	(-0.5123077014366351+0j)
-0.71	-0.5041	-0.005357743520445628	-0.5094581080268765	0.0	(-0.5094581080268765+0j)
-0.708	-0.5012639999999999	-0.005352105234047359	-0.5066164695075723	0.0	(-0.5066164695075723+0j)
-0.706	-0.49843599999999993	-0.005346421392224739	-0.5037827854430835	0.0	(-0.5037827854430835+0j)
-0.704	-0.49561599999999995	-0.005340691557115815	-0.5009570553940005	0.0	(-0.5009570553940005+0j)
-0.7020000000000001	-0.4928040000000001	-0.005334915287000824	-0.49813927891709725	0.0	(-0.49813927891709725+0j)
-0.7000000000000001	-0.4900000000000001	-0.005329092136296437	-0.49532945556533975	0.0	(-0.49532945556533975+0j)
-0.6980000000000001	-0.4872040000000001	-0.00532322165555106	-0.49252758488788456	0.0	(-0.49252758488788456+0j)
-0.6960000000000001	-0.48441600000000007	-0.005317303391441208	-0.4897336664300623	0.0	(-0.4897336664300623+0j)
-0.6940000000000001	-0.48163600000000006	-0.005311336886769025	-0.486947699733365	0.0	(-0.486947699733365+0j)
-0.6920000000000001	-0.47886400000000007	-0.005305321680460944	-0.4841696843354748	0.0	(-0.4841696843354748+0j)
-0.6900000000000001	-0.4761000000000001	-0.005299257307567561	-0.48139961977021967	0.0	(-0.48139961977021967+0j)
-0.6880000000000001	-0.4733440000000001	-0.005293143299264729	-0.47863750556760437	0.0	(-0.47863750556760437+0j)
-0.686	-0.47059600000000007	-0.005286979182855927	-0.47588334125379295	0.0	(-0.47588334125379295+0j)
-0.684	-0.46785600000000005	-0.005280764481775943	-0.47313712635113125	0.0	(-0.47313712635113125+0j)
-0.682	-0.4651240000000001	-0.005274498715595898	-0.4703988603781071	0.0	(-0.4703988603781071+0j)
-0.68	-0.4624000000000001	-0.005268181400029652	-0.46766854284941445	0.0	(-0.46766854284941445+0j)
-0.678	-0.45968400000000004	-0.005261812046941649	-0.4649461732759074	0.0	(-0.4649461732759074+0j)
-0.676	-0.45697600000000005	-0.005255390164356214	-0.46223175116463916	0.0	(-0.46223175116463916+0j)
-0.674	-0.45427600000000007	-0.005248915256468367	-0.4595252760188442	0.0	(-0.4595252760188442+0j)
-0.672	-0.45158400000000004	-0.005242386823656172	-0.4568267473379841	0.0	(-0.4568267473379841+0j)
-0.67	-0.4489000000000001	-0.005235804362494688	-0.45413616461774475	0.0	(-0.45413616461774475+0j)
-0.668	-0.44622400000000007	-0.005229167365771535	-0.4514535273500245	0.0	(-0.4514535273500245+0j)
-0.666	-0.44355600000000006	-0.005222475322504149	-0.44877883502298044	0.0	(-0.44877883502298044+0j)
-0.664	-0.44089600000000007	-0.005215727717958736	-0.44611208712105016	0.0	(-0.44611208712105016+0j)
-0.662	-0.438244	-0.005208924033670997	-0.4434532831249472	0.0	(-0.4434532831249472+0j)
-0.66	-0.43560000000000004	-0.005202063747468647	-0.4408024225116971	0.0	(-0.4408024225116971+0j)
-0.658	-0.432964	-0.005195146333495784	-0.4381595047546584	0.0	(-0.4381595047546584+0j)
-0.656	-0.43033600000000005	-0.005188171262239146	-0.435524529323538	0.0	(-0.435524529323538+0j)
-0.654	-0.42771600000000004	-0.0051811380005563025	-0.4328974956844414	0.0	(-0.4328974956844414+0j)
-0.652	-0.42510400000000004	-0.005174046011705831	-0.4302784032998738	0.0	(-0.4302784032998738+0j)
-0.65	-0.42250000000000004	-0.005166894755379505	-0.42766725162879526	0.0	(-0.42766725162879526+0j)
-0.648	-0.419904	-0.005159683687736571	-0.4250640401266364	0.0	(-0.4250640401266364+0j)
-0.646	-0.417316	-0.00515241226144013	-0.42246876824534124	0.0	(-0.42246876824534124+0j)
-0.644	-0.41473600000000005	-0.005145079925695685	-0.419881435433407	0.0	(-0.419881435433407+0j)
-0.642	-0.41216400000000003	-0.005137686126291894	-0.4173020411359229	0.0	(-0.4173020411359229+0j)
-0.64	-0.4096	-0.005130230305643588	-0.4147305847946049	0.0	(-0.4147305847946049+0j)
-0.638	-0.407044	-0.005122711902837084	-0.41216706584784935	0.0	(-0.41216706584784935+0j)
-0.636	-0.404496	-0.005115130353677846	-0.4096114837307741	0.0	(-0.4096114837307741+0j)
-0.634	-0.40195600000000004	-0.005107485090740556	-0.4070638378752731	0.0	(-0.4070638378752731+0j)
-0.632	-0.399424	-0.00509977554342161	-0.4045241277100655	0.0	(-0.4045241277100655+0j)
-0.63	-0.39690000000000003	-0.005092001137994121	-0.40199235266074873	0.0	(-0.40199235266074873+0j)
-0.628	-0.394384	-0.005084161297665455	-0.39946851214985424	0.0	(-0.39946851214985424+0j)
-0.626	-0.391876	-0.005076255442637356	-0.39695260559691303	0.0	(-0.39695260559691303+0j)
-0.624	-0.389376	-0.0050682829901686965	-0.39444463241851196	0.0	(-0.39444463241851196+0j)
-0.622	-0.386884	-0.005060243354640926	-0.3919445920283589	0.0	(-0.3919445920283589+0j)
-0.62	-0.3844	-0.005052135947626231	-0.38945248383735326	0.0	(-0.38945248383735326+0j)
-0.618	-0.381924	-0.005043960177958485	-0.38696830725365877	0.0	(-0.38696830725365877+0j)
-0.616	-0.379456	-0.0050357154518070124	-0.38449206168276817	0.0	(-0.38449206168276817+0j)
-0.614	-0.376996	-0.005027401172753232	-0.3820237465275821	0.0	(-0.3820237465275821+0j)
-0.612	-0.374544	-0.0050190167418702105	-0.3795633611884972	0.0	(-0.3795633611884972+0j)
-0.61	-0.3721	-0.005010561557805187	-0.3771109050634768	0.0	(-0.3771109050634768+0j)
-0.608	-0.369664	-0.005002035016865103	-0.3746663775481507	0.0	(-0.3746663775481507+0j)
-0.606	-0.367236	-0.0049934365131051985	-0.37222977803586915	0.0	(-0.37222977803586915+0j)
-0.604	-0.364816	-0.004984765438420694	-0.36980110591784443	0.0	(-0.36980110591784443+0j)
-0.602	-0.36240399999999995	-0.004976021182641648	-0.3673803605832077	0.0	(-0.3673803605832077+0j)
-0.6	-0.36	-0.004967203133630984	-0.3649675414191138	0.0	(-0.3649675414191138+0j)
-0.598	-0.357604	-0.004958310677385763	-0.3625626478108573	0.0	(-0.3625626478108573+0j)
-0.596	-0.355216	-0.004949343198141752	-0.3601656791419538	0.0	(-0.3601656791419538+0j)
-0.594	-0.352836	-0.004940300078481301	-0.35777663479426847	0.0	(-0.35777663479426847+0j)
-0.592	-0.35046399999999994	-0.0049311806994446015	-0.3553955141481206	0.0	(-0.3553955141481206+0j)
-0.59	-0.34809999999999997	-0.004921984440644349	-0.35302231658238453	0.0	(-0.35302231658238453+0j)
-0.588	-0.34574399999999994	-0.00491271068038387	-0.3506570414746247	0.0	(-0.3506570414746247+0j)
-0.586	-0.343396	-0.004903358795778735	-0.348299688201213	0.0	(-0.348299688201213+0j)
-0.584	-0.34105599999999997	-0.004893928162881915	-0.3459502561374462	0.0	(-0.3459502561374462+0j)
-0.582	-0.33872399999999997	-0.004884418156812505	-0.3436087446576866	0.0	(-0.3436087446576866+0j)
-0.58	-0.3364	-0.00487482815188807	-0.34127515313548046	0.0	(-0.34127515313548046+0j)
-0.578	-0.33408399999999994	-0.004865157521760641	-0.33894948094370037	0.0	(-0.33894948094370037+0j)
-0.5760000000000001	-0.33177600000000007	-0.004855405639556397	-0.33663172745469816	0.0	(-0.33663172745469816+0j)
-0.5740000000000001	-0.3294760000000001	-0.004845571878019077	-0.334321892040415	0.0	(-0.334321892040415+0j)
-0.5720000000000001	-0.3271840000000001	-0.004835655609657149	-0.33201997407256206	0.0	(-0.33201997407256206+0j)
-0.5700000000000001	-0.3249000000000001	-0.004825656206894775	-0.32972597292275646	0.0	(-0.32972597292275646+0j)
-0.5680000000000001	-0.3226240000000001	-0.004815573042226607	-0.3274398879626695	0.0	(-0.3274398879626695+0j)
-0.5660000000000001	-0.3203560000000001	-0.00480540548837643	-0.3251617185642026	0.0	(-0.3251617185642026+0j)
-0.5640000000000001	-0.31809600000000005	-0.004795152918459705	-0.32289146409963027	0.0	(-0.32289146409963027+0j)
-0.562	-0.31584400000000007	-0.004784814706150033	-0.3206291239417832	0.0	(-0.3206291239417832+0j)
-0.56	-0.31360000000000005	-0.004774390225849546	-0.31837469746421015	0.0	(-0.31837469746421015+0j)
-0.558	-0.3113640000000001	-0.004763878852863295	-0.31612818404134974	0.0	(-0.31612818404134974+0j)
-0.556	-0.3091360000000001	-0.00475327996357761	-0.3138895830487163	0.0	(-0.3138895830487163+0j)
-0.554	-0.3069160000000001	-0.004742592935642508	-0.3116588938630733	0.0	(-0.3116588938630733+0j)
-0.552	-0.30470400000000003	-0.004731817148158114	-0.30943611586262976	0.0	(-0.30943611586262976+0j)
-0.55	-0.30250000000000005	-0.0047209519818651674	-0.3072212484272262	0.0	(-0.3072212484272262+0j)
-0.548	-0.30030400000000007	-0.004709996819339594	-0.30501429093852694	0.0	(-0.30501429093852694+0j)
-0.546	-0.29811600000000005	-0.004698951045191185	-0.30281524278021704	0.0	(-0.30281524278021704+0j)
-0.544	-0.29593600000000003	-0.004687814046266383	-0.30062410333821077	0.0	(-0.30062410333821077+0j)
-0.542	-0.293764	-0.004676585211855201	-0.29844087200085484	0.0	(-0.29844087200085484+0j)
-0.54	-0.2916	-0.004665263933902262	-0.29626554815914613	0.0	(-0.29626554815914613+0j)
-0.538	-0.28944400000000003	-0.004653849607222003	-0.2940981312069373	0.0	(-0.2940981312069373+0j)
-0.536	-0.28729600000000005	-0.0046423416297180255	-0.2919386205411572	0.0	(-0.2919386205411572+0j)
-0.534	-0.285156	-0.0046307394026065965	-0.28978701556204256	0.0	(-0.28978701556204256+0j)
-0.532	-0.28302400000000005	-0.004619042330644324	-0.2876433156733565	0.0	(-0.2876433156733565+0j)
-0.53	-0.28090000000000004	-0.004607249822359986	-0.28550752028263143	0.0	(-0.28550752028263143+0j)
-0.528	-0.27878400000000003	-0.004595361290290525	-0.28337962880138673	0.0	(-0.28337962880138673+0j)
-0.526	-0.27667600000000003	-0.0045833761512211945	-0.281259640645391	0.0	(-0.281259640645391+0j)
-0.524	-0.27457600000000004	-0.0045712938264298635	-0.27914755523489054	0.0	(-0.27914755523489054+0j)
-0.522	-0.272484	-0.004559113741935457	-0.27704337199486445	0.0	(-0.27704337199486445+0j)
-0.52	-0.27040000000000003	-0.004546835328750533	-0.27494709035527476	0.0	(-0.27494709035527476+0j)
-0.518	-0.268324	-0.004534458023137977	-0.27285870975132476	0.0	(-0.27285870975132476+0j)
-0.516	-0.266256	-0.004521981266871797	-0.27077822962372056	0.0	(-0.27077822962372056+0j)
-0.514	-0.264196	-0.0045094045075020055	-0.26870564941893055	0.0	(-0.26870564941893055+0j)
-0.512	-0.262144	-0.004496727198623558	-0.2666409685894715	0.0	(-0.2666409685894715+0j)
-0.51	-0.2601	-0.004483948800149337	-0.2645841865941521	0.0	(-0.2645841865941521+0j)
-0.508	-0.258064	-0.004471068778587142	-0.2625353028983782	0.0	(-0.2625353028983782+0j)
-0.506	-0.256036	-0.00445808660732066	-0.2604943169744192	0.0	(-0.2604943169744192+0j)
-0.504	-0.254016	-0.004445001766894398	-0.2584612283017001	0.0	(-0.2584612283017001+0j)
-0.502	-0.252004	-0.004431813745302512	-0.25643603636708384	0.0	(-0.25643603636708384+0j)
-0.5	-0.25	-0.004418522038281515	-0.25441874066516523	0.0	(-0.25441874066516523+0j)
-0.498	-0.248004	-0.004405126149606834	-0.2524093406985776	0.0	(-0.2524093406985776+0j)
-0.496	-0.24601599999999998	-0.004391625591393136	-0.2504078359782803	0.0	(-0.2504078359782803+0j)
-0.494	-0.244036	-0.004378019884398404	-0.2484142260238727	0.0	(-0.2484142260238727+0j)
-0.492	-0.242064	-0.004364308558331705	-0.2464285103638921	0.0	(-0.2464285103638921+0j)
-0.49	-0.24009999999999998	-0.004350491152164595	-0.24445068853614066	0.0	(-0.24445068853614066+0j)
-0.488	-0.238144	-0.004336567214446091	-0.2424807600879783	0.0	(-0.2424807600879783+0j)
-0.486	-0.236196	-0.00432253630362118	-0.24051872457666879	0.0	(-0.24051872457666879+0j)
-0.484	-0.234256	-0.0043083979883527706	-0.23856458156968086	0.0	(-0.23856458156968086+0j)
-0.482	-0.23232399999999997	-0.004294151847847029	-0.2366183306450206	0.0	(-0.2366183306450206+0j)
-0.48	-0.2304	-0.004279797472182039	-0.2346799713915614	0.0	(-0.2346799713915614+0j)
-0.47800000000000004	-0.22848400000000005	-0.004265334462639701	-0.23274950340937672	0.0	(-0.23274950340937672+0j)
-0.47600000000000003	-0.22657600000000003	-0.004250762432040789	-0.23082692631007587	0.0	(-0.23082692631007587+0j)
-0.47400000000000003	-0.22467600000000004	-0.00423608100508311	-0.22891223971713892	0.0	(-0.22891223971713892+0j)
-0.47200000000000003	-0.22278400000000004	-0.004221289818682633	-0.2270054432662614	0.0	(-0.2270054432662614+0j)
-0.47000000000000003	-0.22090000000000004	-0.004206388522317547	-0.2251065366056978	0.0	(-0.2251065366056978+0j)
-0.468	-0.21902400000000002	-0.004191376778375142	-0.22321551939661077	0.0	(-0.22321551939661077+0j)
-0.466	-0.21715600000000002	-0.004176254262501397	-0.22133239131341464	0.0	(-0.22133239131341464+0j)
-0.464	-0.21529600000000002	-0.004161020663953201	-0.21945715204414043	0.0	(-0.21945715204414043+0j)
-0.462	-0.21344400000000002	-0.0041456756859530935	-0.21758980129077693	0.0	(-0.21758980129077693+0j)
-0.46	-0.2116	-0.004130219046046422	-0.2157303387696404	0.0	(-0.2157303387696404+0j)
-0.458	-0.209764	-0.0041146504764608	-0.21387876421172755	0.0	(-0.21387876421172755+0j)
-0.456	-0.207936	-0.004098969724467761	-0.21203507736307586	0.0	(-0.21203507736307586+0j)
-0.454	-0.20611600000000002	-0.004083176552746485	-0.2101992779851374	0.0	(-0.2101992779851374+0j)
-0.452	-0.204304	-0.004067270739749472	-0.20837136585513868	0.0	(-0.20837136585513868+0j)
-0.45	-0.2025	-0.004051252080070059	-0.20655134076644638	0.0	(-0.20655134076644638+0j)
-0.448	-0.20070400000000002	-0.004035120384811617	-0.2047392025289395	0.0	(-0.2047392025289395+0j)
-0.446	-0.198916	-0.0040188754819583325	-0.20293495096938952	0.0	(-0.20293495096938952+0j)
-0.444	-0.197136	-0.004002517216747413	-0.20113858593181544	0.0	(-0.20113858593181544+0j)
-0.442	-0.195364	-0.003986045452042586	-0.19935010727787397	0.0	(-0.19935010727787397+0j)
-0.44	-0.1936	-0.003969460068708748	-0.19756951488722804	0.0	(-0.19756951488722804+0j)
-0.438	-0.191844	-0.00395276096598762	-0.19579680865792445	0.0	(-0.19579680865792445+0j)
-0.436	-0.190096	-0.003935948061874251	-0.19403198850676764	0.0	(-0.19403198850676764+0j)
-0.434	-0.188356	-0.00391902129349422	-0.1922750543697066	0.0	(-0.1922750543697066+0j)
-0.432	-0.18662399999999998	-0.0039019806174813826	-0.19052600620220175	0.0	(-0.19052600620220175+0j)
-0.43	-0.18489999999999998	-0.0038848260103559996	-0.18878484397961215	0.0	(-0.18878484397961215+0j)
-0.428	-0.18318399999999999	-0.0038675574689030715	-0.18705156769757414	0.0	(-0.18705156769757414+0j)
-0.426	-0.181476	-0.003850175010550732	-0.1853261773723791	0.0	(-0.1853261773723791+0j)
-0.424	-0.179776	-0.003832678673748509	-0.18360867304134756	0.0	(-0.18360867304134756+0j)
-0.422	-0.178084	-0.0038150685183452908	-0.18189905476321813	0.0	(-0.18189905476321813+0j)
-0.42	-0.17639999999999997	-0.003797344625966817	-0.18019732261851823	0.0	(-0.18019732261851823+0j)
-0.418	-0.174724	-0.0037795071003925013	-0.17850347670994454	0.0	(-0.17850347670994454+0j)
-0.41600000000000004	-0.17305600000000004	-0.0037615560679314223	-0.17681751716274224	0.0	(-0.17681751716274224+0j)
-0.41400000000000003	-0.17139600000000002	-0.003743491677797275	-0.1751394441250749	0.0	(-0.1751394441250749+0j)
-0.41200000000000003	-0.16974400000000003	-0.003725314102482101	-0.17346925776840735	0.0	(-0.17346925776840735+0j)
-0.41000000000000003	-0.16810000000000003	-0.0037070235381285992	-0.17180695828786735	0.0	(-0.17180695828786735+0j)
-0.40800000000000003	-0.16646400000000003	-0.0036886202049008277	-0.1701525459026334	0.0	(-0.1701525459026334+0j)
-0.406	-0.164836	-0.00367010434735308	-0.1685060208562929	0.0	(-0.1685060208562929+0j)
-0.404	-0.16321600000000003	-0.0036514762347967557	-0.166867383417208	0.0	(-0.166867383417208+0j)
-0.402	-0.16160400000000003	-0.0036327361616649936	-0.16523663387889495	0.0	(-0.16523663387889495+0j)
-0.4	-0.16000000000000003	-0.0036138844478748795	-0.16361377256037565	0.0	(-0.16361377256037565+0j)
-0.398	-0.15840400000000002	-0.003594921439187006	-0.16199879980654192	0.0	(-0.16199879980654192+0j)
-0.396	-0.156816	-0.0035758475075621733	-0.16039171598851434	0.0	(-0.16039171598851434+0j)
-0.394	-0.155236	-0.0035566630515150174	-0.15879252150399695	0.0	(-0.15879252150399695+0j)
-0.392	-0.15366400000000002	-0.0035373684964643388	-0.15720121677763035	0.0	(-0.15720121677763035+0j)
-0.39	-0.1521	-0.0035179642950799164	-0.15561780226133554	0.0	(-0.15561780226133554+0j)
-0.388	-0.150544	-0.0034984509276255863	-0.15404227843466198	0.0	(-0.15404227843466198+0j)
-0.386	-0.14899600000000002	-0.003478828902298355	-0.1524746458051295	0.0	(-0.1524746458051295+0j)
-0.384	-0.147456	-0.003459098755563313	-0.1509149049085607	0.0	(-0.1509149049085607+0j)
-0.382	-0.145924	-0.003439261052484138	-0.14936305630941896	0.0	(-0.14936305630941896+0j)
-0.38	-0.1444	-0.003419316387048936	-0.14781910060113007	0.0	(-0.14781910060113007+0j)
-0.378	-0.142884	-0.003399265382491205	-0.14628303840640763	0.0	(-0.14628303840640763+0j)
-0.376	-0.141376	-0.0033791086916056716	-0.14475487037757137	0.0	(-0.14475487037757137+0j)
-0.374	-0.139876	-0.003358846997058779	-0.14323459719685933	0.0	(-0.14323459719685933+0j)
-0.372	-0.138384	-0.0033384810116935774	-0.14172221957673553	0.0	(-0.14172221957673553+0j)
-0.37	-0.1369	-0.0033180114788287874	-0.14021773826018474	0.0	(-0.14021773826018474+0j)
-0.368	-0.135424	-0.003297439172551792	-0.1387211540210254	0.0	(-0.1387211540210254+0j)
-0.366	-0.133956	-0.003276764898005326	-0.1372324676641764	0.0	(-0.1372324676641764+0j)
-0.364	-0.132496	-0.0032559894916676024	-0.1357516800259531	0.0	(-0.1357516800259531+0j)
-0.362	-0.131044	-0.0032351138216256603	-0.13427879197434264	0.0	(-0.13427879197434264+0j)
-0.36	-0.1296	-0.0032141387878416765	-0.13281380440927043	0.0	(-0.13281380440927043+0j)
-0.358	-0.128164	-0.0031930653224119996	-0.13135671826286185	0.0	(-0.13135671826286185+0j)
-0.356	-0.126736	-0.0031718943898186667	-0.12990753449969916	0.0	(-0.12990753449969916+0j)
-0.354	-0.12531599999999998	-0.003150626987173174	-0.12846625411706739	0.0	(-0.12846625411706739+0j)
-0.352	-0.12390399999999999	-0.0031292641444522298	-0.12703287814519504	0.0	(-0.12703287814519504+0j)
-0.35000000000000003	-0.12250000000000003	-0.0031078069247252736	-0.12560740764748152	0.0	(-0.12560740764748152+0j)
-0.34800000000000003	-0.12110400000000002	-0.0030862564243735163	-0.12418984372072585	0.0	(-0.12418984372072585+0j)
-0.34600000000000003	-0.11971600000000002	-0.0030646137733002536	-0.12278018749533688	0.0	(-0.12278018749533688+0j)
-0.34400000000000003	-0.11833600000000002	-0.0030428801351322144	-0.12137844013554056	0.0	(-0.12137844013554056+0j)
-0.342	-0.11696400000000001	-0.0030210567074117137	-0.11998460283957724	0.0	(-0.11998460283957724+0j)
-0.34	-0.11560000000000002	-0.0029991447217793633	-0.11859867683988473	0.0	(-0.11859867683988473+0j)
-0.338	-0.11424400000000001	-0.0029771454441471115	-0.11722066340328732	0.0	(-0.11722066340328732+0j)
-0.336	-0.11289600000000001	-0.0029550601748613756	-0.1158505638311493	0.0	(-0.1158505638311493+0j)
-0.334	-0.11155600000000002	-0.0029328902488560305	-0.1144883794595464	0.0	(-0.1144883794595464+0j)
-0.332	-0.11022400000000002	-0.0029106370357950243	-0.11313411165940655	0.0	(-0.11313411165940655+0j)
-0.33	-0.10890000000000001	-0.0028883019402044024	-0.11178776183665229	0.0	(-0.11178776183665229+0j)
-0.328	-0.10758400000000001	-0.002865886401593499	-0.1104493314323251	0.0	(-0.1104493314323251+0j)
-0.326	-0.10627600000000001	-0.002843391894565077	-0.10911882192270152	0.0	(-0.10911882192270152+0j)
-0.324	-0.104976	-0.0028208199289142056	-0.10779623481940424	0.0	(-0.10779623481940424+0j)
-0.322	-0.10368400000000001	-0.002798172049715633	-0.10648157166948953	0.0	(-0.10648157166948953+0j)
-0.32	-0.1024	-0.002775449837399469	-0.10517483405553313	0.0	(-0.10517483405553313+0j)
-0.318	-0.101124	-0.002752654907814944	-0.10387602359570153	0.0	(-0.10387602359570153+0j)
-0.316	-0.099856	-0.002729788912282041	-0.10258514194381108	0.0	(-0.10258514194381108+0j)
-0.314	-0.098596	-0.002706853537630793	-0.10130219078937071	0.0	(-0.10130219078937071+0j)
-0.312	-0.097344	-0.00268385050622806	-0.10002717185762351	0.0	(-0.10002717185762351+0j)
-0.31	-0.0961	-0.0026607815759915584	-0.09876008690956074	0.0	(-0.09876008690956074+0j)
-0.308	-0.094864	-0.002637648540390979	-0.0975009377419352	0.0	(-0.0975009377419352+0j)
-0.306	-0.093636	-0.0026144532284359877	-0.09624972618725575	0.0	(-0.09624972618725575+0j)
-0.304	-0.092416	-0.002591197504650926	-0.09500645411376468	0.0	(-0.09500645411376468+0j)
-0.302	-0.091204	-0.0025678832690360417	-0.09377112342541137	0.0	(-0.09377112342541137+0j)
-0.3	-0.09	-0.0025445124570150565	-0.09254373606180723	0.0	(-0.09254373606180723+0j)
-0.298	-0.088804	-0.0025210870393689204	-0.09132429399815734	0.0	(-0.09132429399815734+0j)
-0.296	-0.08761599999999999	-0.002497609022155573	-0.090112799245195	0.0	(-0.090112799245195+0j)
-0.294	-0.08643599999999999	-0.0024740804466155614	-0.08890925384908661	0.0	(-0.08890925384908661+0j)
-0.292	-0.08526399999999999	-0.0024505033890633602	-0.08771365989132923	0.0	(-0.08771365989132923+0j)
-0.29	-0.0841	-0.0024268799607642375	-0.08652601948863002	0.0	(-0.08652601948863002+0j)
-0.28800000000000003	-0.08294400000000002	-0.0024032123077965396	-0.08534633479277173	0.0	(-0.08534633479277173+0j)
-0.28600000000000003	-0.08179600000000002	-0.0023795026108992404	-0.08417460799045999	0.0	(-0.08417460799045999+0j)
-0.28400000000000003	-0.08065600000000002	-0.0023557530853046487	-0.08301084130315656	0.0	(-0.08301084130315656+0j)
-0.28200000000000003	-0.07952400000000001	-0.0023319659805561333	-0.08185503698689382	0.0	(-0.08185503698689382+0j)
-0.28	-0.07840000000000001	-0.0023081435803107464	-0.08070719733207678	0.0	(-0.08070719733207678+0j)
-0.278	-0.07728400000000002	-0.0022842882021266624	-0.07956732466326102	0.0	(-0.07956732466326102+0j)
-0.276	-0.07617600000000001	-0.002260402197235294	-0.07843542133892134	0.0	(-0.07843542133892134+0j)
-0.274	-0.07507600000000002	-0.0022364879502980235	-0.07731148975119527	0.0	(-0.07731148975119527+0j)
-0.272	-0.07398400000000001	-0.0022125478791474354	-0.07619553232561387	0.0	(-0.07619553232561387+0j)
-0.27	-0.0729	-0.002188584434512994	-0.07508755152081165	0.0	(-0.07508755152081165+0j)
-0.268	-0.07182400000000001	-0.0021646000997310637	-0.07398754982821688	0.0	(-0.07398754982821688+0j)
-0.266	-0.07075600000000001	-0.002140597390439243	-0.0728955297717278	0.0	(-0.0728955297717278+0j)
-0.264	-0.06969600000000001	-0.002116578854254928	-0.07181149390736331	0.0	(-0.07181149390736331+0j)
-0.262	-0.06864400000000001	-0.002092547070438065	-0.07073544482289879	0.0	(-0.07073544482289879+0j)
-0.26	-0.06760000000000001	-0.0020685046495380506	-0.06966738513747985	0.0	(-0.06966738513747985+0j)
-0.258	-0.066564	-0.0020444542330247586	-0.06860731750121607	0.0	(-0.06860731750121607+0j)
-0.256	-0.065536	-0.0020203984929036494	-0.06755524459475602	0.0	(-0.06755524459475602+0j)
-0.254	-0.064516	-0.0019963401313149646	-0.0665111691288419	0.0	(-0.0665111691288419+0j)
-0.252	-0.063504	-0.0019722818801169886	-0.06547509384383769	0.0	(-0.06547509384383769+0j)
-0.25	-0.0625	-0.001948226500453391	-0.06444702150924522	0.0	(-0.06444702150924522+0j)
-0.248	-0.061503999999999996	-0.0019241767823046443	-0.06342695492319286	0.0	(-0.06342695492319286+0j)
-0.246	-0.060516	-0.0019001355440235613	-0.062414896911904126	0.0	(-0.062414896911904126+0j)
-0.244	-0.059536	-0.0018761056318549523	-0.061410850329146734	0.0	(-0.061410850329146734+0j)
-0.242	-0.058564	-0.0018520899194394728	-0.06041481805565667	0.0	(-0.06041481805565667+0j)
-0.24	-0.0576	-0.001828091307301681	-0.059426802998544685	0.0	(-0.059426802998544685+0j)
-0.23800000000000002	-0.05664400000000001	-0.0018041127223223808	-0.058446808090677774	0.0	(-0.058446808090677774+0j)
-0.23600000000000002	-0.05569600000000001	-0.0017801571171953117	-0.057474836290041624	0.0	(-0.057474836290041624+0j)
-0.234	-0.054756000000000006	-0.0017562274698682554	-0.056510890579079424	0.0	(-0.056510890579079424+0j)
-0.232	-0.053824000000000004	-0.001732326782968664	-0.05555497396400978	0.0	(-0.05555497396400978+0j)
-0.23	-0.0529	-0.0017084580832138763	-0.05460708947412506	0.0	(-0.05460708947412506+0j)
-0.228	-0.051984	-0.0016846244208060645	-0.053667240161066575	0.0	(-0.053667240161066575+0j)
-0.226	-0.051076	-0.0016608288688119794	-0.05273542909807932	0.0	(-0.05273542909807932+0j)
-0.224	-0.050176000000000005	-0.00163707452252767	-0.05181165937924858	0.0	(-0.05181165937924858+0j)
-0.222	-0.049284	-0.001613364498828278	-0.05089593411871283	0.0	(-0.05089593411871283+0j)
-0.22	-0.0484	-0.0015897019355030515	-0.04998825644985848	0.0	(-0.04998825644985848+0j)
-0.218	-0.047524	-0.0015660899905757608	-0.04908862952449898	0.0	(-0.04908862952449898+0j)
-0.216	-0.046655999999999996	-0.0015425318416106403	-0.048197056512028005	0.0	(-0.048197056512028005+0j)
-0.214	-0.045795999999999996	-0.0015190306850040684	-0.047313540598561535	0.0	(-0.047313540598561535+0j)
-0.212	-0.044944	-0.001495589735262138	-0.04643808498605833	0.0	(-0.04643808498605833+0j)
-0.21	-0.04409999999999999	-0.0014722122242643333	-0.045570692891427476	0.0	(-0.045570692891427476+0j)
-0.20800000000000002	-0.04326400000000001	-0.0014489014005135041	-0.044711367545614396	0.0	(-0.044711367545614396+0j)
-0.20600000000000002	-0.04243600000000001	-0.001425660528372355	-0.04386011219267874	0.0	(-0.04386011219267874+0j)
-0.20400000000000001	-0.04161600000000001	-0.0014024928872866608	-0.043016930088850984	0.0	(-0.043016930088850984+0j)
-0.202	-0.04080400000000001	-0.0013794017709954694	-0.042181824501582095	0.0	(-0.042181824501582095+0j)
-0.2	-0.04000000000000001	-0.0013563904867284985	-0.04135479870857575	0.0	(-0.04135479870857575+0j)
-0.198	-0.039204	-0.0013334623543909989	-0.04053585599681058	0.0	(-0.04053585599681058+0j)
-0.196	-0.038416000000000006	-0.001310620705736335	-0.03972499966155317	0.0	(-0.03972499966155317+0j)
-0.194	-0.037636	-0.0012878688835265733	-0.038922233005358825	0.0	(-0.038922233005358825+0j)
-0.192	-0.036864	-0.0012652102406813222	-0.038127559337064715	0.0	(-0.038127559337064715+0j)
-0.19	-0.0361	-0.0012426481394151407	-0.0373409819707764	0.0	(-0.0373409819707764+0j)
-0.188	-0.035344	-0.0012201859503638054	-0.03656250422484431	0.0	(-0.03656250422484431+0j)
-0.186	-0.034596	-0.0011978270516997541	-0.03579212942083677	0.0	(-0.03579212942083677+0j)
-0.184	-0.033856	-0.0011755748282369742	-0.03502986088250719	0.0	(-0.03502986088250719+0j)
-0.182	-0.033124	-0.0011534326705257367	-0.03427570193475636	0.0	(-0.03427570193475636+0j)
-0.18	-0.0324	-0.0011314039739374424	-0.03352965590259205	0.0	(-0.03352965590259205+0j)
-0.178	-0.031684	-0.0011094921377399463	-0.03279172611008631	0.0	(-0.03279172611008631+0j)
-0.176	-0.030975999999999997	-0.0010877005641637266	-0.03206191587932941	0.0	(-0.03206191587932941+0j)
-0.17400000000000002	-0.030276000000000004	-0.0010660326574592188	-0.031340228529385075	0.0	(-0.031340228529385075+0j)
-0.17200000000000001	-0.029584000000000006	-0.001044491822945727	-0.030626667375243728	0.0	(-0.030626667375243728+0j)
-0.17	-0.028900000000000006	-0.0010230814660522267	-0.0299212357267768	0.0	(-0.0299212357267768+0j)
-0.168	-0.028224000000000003	-0.0010018049913505037	-0.029223936887692755	0.0	(-0.029223936887692755+0j)
-0.166	-0.027556000000000004	-0.000980665801580972	-0.028534774154494628	0.0	(-0.028534774154494628+0j)
-0.164	-0.026896000000000003	-0.0009596672966715857	-0.02785375081544063	0.0	(-0.02785375081544063+0j)
-0.162	-0.026244	-0.0009388128727502495	-0.02718087014950806	0.0	(-0.02718087014950806+0j)
-0.16	-0.0256	-0.0009181059211511317	-0.026516135425361905	0.0	(-0.026516135425361905+0j)
-0.158	-0.024964	-0.0008975498274152848	-0.025859549900328033	0.0	(-0.025859549900328033+0j)
-0.156	-0.024336	-0.0008771479702860251	-0.025211116819373477	0.0	(-0.025211116819373477+0j)
-0.154	-0.023716	-0.0008569037206994888	-0.024570839414093132	0.0	(-0.024570839414093132+0j)
-0.152	-0.023104	-0.0008368204407707691	-0.023938720901704454	0.0	(-0.023938720901704454+0j)
-0.15	-0.0225	-0.000816901482776123	-0.023314764484051988	0.0	(-0.023314764484051988+0j)
-0.148	-0.021903999999999996	-0.0007971501881316768	-0.022698973346622645	0.0	(-0.022698973346622645+0j)
-0.146	-0.021315999999999998	-0.0007775698863690464	-0.022091350657572194	0.0	(-0.022091350657572194+0j)
-0.14400000000000002	-0.020736000000000004	-0.000758163894108408	-0.021491899566767038	0.0	(-0.021491899566767038+0j)
-0.14200000000000002	-0.020164000000000005	-0.0007389355140293881	-0.020900623204838712	0.0	(-0.020900623204838712+0j)
-0.14	-0.019600000000000003	-0.0007198880338402901	-0.02031752468225803	0.0	(-0.02031752468225803+0j)
-0.138	-0.019044000000000002	-0.0007010247252461528	-0.019742607088427205	0.0	(-0.019742607088427205+0j)
-0.136	-0.018496000000000002	-0.0006823488429160487	-0.019175873490792368	0.0	(-0.019175873490792368+0j)
-0.134	-0.017956000000000003	-0.0006638636234501186	-0.01861732693398109	0.0	(-0.01861732693398109+0j)
-0.132	-0.017424000000000002	-0.0006455722843468938	-0.018066970438963596	0.0	(-0.018066970438963596+0j)
-0.13	-0.016900000000000002	-0.0006274780229712645	-0.017524807002243608	0.0	(-0.017524807002243608+0j)
-0.128	-0.016384	-0.0006095840155236898	-0.016990839595078328	0.0	(-0.016990839595078328+0j)
-0.126	-0.015876	-0.0005918934160110863	-0.016465071162731153	0.0	(-0.016465071162731153+0j)
-0.124	-0.015375999999999999	-0.0005744093552199	-0.015947504623760395	0.0	(-0.015947504623760395+0j)
-0.122	-0.014884	-0.0005571349396918217	-0.01543814286934256	0.0	(-0.01543814286934256+0j)
-0.12	-0.0144	-0.0005400732507027141	-0.014936988762637174	0.0	(-0.014936988762637174+0j)
-0.11800000000000001	-0.013924000000000002	-0.000523227343245166	-0.014444045138190576	0.0	(-0.014444045138190576+0j)
-0.116	-0.013456000000000001	-0.0005066002450151985	-0.013959314801381717	0.0	(-0.013959314801381717+0j)
-0.114	-0.012996	-0.0004901949554036722	-0.013482800527911055	0.0	(-0.013482800527911055+0j)
-0.112	-0.012544000000000001	-0.0004740144444927777	-0.013014505063331558	0.0	(-0.013014505063331558+0j)
-0.11	-0.0121	-0.0004580616520582226	-0.012554431122623303	0.0	(-0.012554431122623303+0j)
-0.108	-0.011663999999999999	-0.0004423394865775421	-0.01210258138980766	0.0	(-0.01210258138980766+0j)
-0.106	-0.011236	-0.0004268508242450536	-0.01165895851760209	0.0	(-0.01165895851760209+0j)
-0.10400000000000001	-0.010816000000000003	-0.0004115985079939516	-0.01122356512710848	0.0	(-0.01122356512710848+0j)
-0.10200000000000001	-0.010404000000000002	-0.00039658534652600025	-0.01079640380753469	0.0	(-0.01079640380753469+0j)
-0.1	-0.010000000000000002	-0.00038181411334935883	-0.010377477115939459	0.0	(-0.010377477115939459+0j)
-0.098	-0.009604000000000001	-0.00036728754582506656	-0.009966787576994655	0.0	(-0.009966787576994655+0j)
-0.096	-0.009216	-0.0003530083442225135	-0.00956433768275541	0.0	(-0.00956433768275541+0j)
-0.094	-0.008836	-0.0003389791707845702	-0.009170129892425717	0.0	(-0.009170129892425717+0j)
-0.092	-0.008464	-0.0003252026488027651	-0.008784166632104863	0.0	(-0.008784166632104863+0j)
-0.09	-0.0081	-0.00031168136170295346	-0.008406450294498203	0.0	(-0.008406450294498203+0j)
-0.088	-0.007743999999999999	-0.00029841785214206745	-0.008036983238571483	0.0	(-0.008036983238571483+0j)
-0.08600000000000001	-0.0073960000000000015	-0.0002854146211162742	-0.007675767789123336	0.0	(-0.007675767789123336+0j)
-0.084	-0.007056000000000001	-0.00027267412708111005	-0.007322806236249168	0.0	(-0.007322806236249168+0j)
-0.082	-0.006724000000000001	-0.0002601987850840426	-0.006978100834659959	0.0	(-0.006978100834659959+0j)
-0.08	-0.0064	-0.00024799096590982783	-0.00664165380281683	0.0	(-0.00664165380281683+0j)
-0.078	-0.006084	-0.00023605299523928036	-0.0063134673218332455	0.0	(-0.0063134673218332455+0j)
-0.076	-0.005776	-0.00022438715282166455	-0.0059935435340870875	0.0	(-0.0059935435340870875+0j)
-0.074	-0.005475999999999999	-0.0002129956716614423	-0.005681884541475268	0.0	(-0.005681884541475268+0j)
-0.07200000000000001	-0.005184000000000001	-0.00020188073721943978	-0.005378492403227906	0.0	(-0.005378492403227906+0j)
-0.07	-0.004900000000000001	-0.00019104448662933537	-0.005083369133184006	0.0	(-0.005083369133184006+0j)
-0.068	-0.0046240000000000005	-0.000180489007929302	-0.004796516696408503	0.0	(-0.004796516696408503+0j)
-0.066	-0.0043560000000000005	-0.00017021633930983104	-0.004517937005003054	0.0	(-0.004517937005003054+0j)
-0.064	-0.004096	-0.0001602284683776406	-0.004247631912930896	0.0	(-0.004247631912930896+0j)
-0.062	-0.0038439999999999998	-0.00015052733143633423	-0.003985603209631947	0.0	(-0.003985603209631947+0j)
-0.06	-0.0036	-0.0001411148127841988	-0.003731852612148842	0.0	(-0.003731852612148842+0j)
-0.058	-0.0033640000000000002	-0.00013199274402922456	-0.003486381755414664	0.0	(-0.003486381755414664+0j)
-0.056	-0.0031360000000000003	-0.00012316290342234693	-0.003249192180261014	0.0	(-0.003249192180261014+0j)
-0.054	-0.0029159999999999998	-0.00011462701520834062	-0.0030202853185868866	0.0	(-0.0030202853185868866+0j)
-0.052000000000000005	-0.0027040000000000007	-0.00010638674899585143	-0.002799662474977083	0.0	(-0.002799662474977083+0j)
-0.05	-0.0025000000000000005	-9.844371914571881e-05	-0.002587324803861356	0.0	(-0.002587324803861356+0j)
-0.048	-0.002304	-9.079948417894945e-05	-0.002383273281057589	0.0	(-0.002383273281057589+0j)
-0.046	-0.002116	-8.345554620406426e-05	-0.002187508668228422	0.0	(-0.002187508668228422+0j)
-0.044	-0.0019359999999999998	-7.641335036429053e-05	-0.002000031468403629	0.0	(-0.002000031468403629+0j)
-0.042	-0.0017640000000000002	-6.96742843049325e-05	-0.0018208418702936856	0.0	(-0.0018208418702936856+0j)
-0.04	-0.0016	-6.323967766103111e-05	-0.001649939678709807	0.0	(-0.001649939678709807+0j)
-0.038	-0.001444	-5.7110801566229163e-05	-0.001487324228189685	0.0	(-0.001487324228189685+0j)
-0.036000000000000004	-0.0012960000000000003	-5.128886818206446e-05	-0.0013329942773461505	0.0	(-0.0013329942773461505+0j)
-0.034	-0.0011560000000000001	-4.577503024888463e-05	-0.0011869478835398483	0.0	(-0.0011869478835398483+0j)
-0.032	-0.001024	-4.0570380658133676e-05	-0.0010491822636002409	0.0	(-0.0010491822636002409+0j)
-0.03	-0.0009	-3.567595204645446e-05	-0.00091969366192753	0.0	(-0.00091969366192753+0j)
-0.028	-0.0007840000000000001	-3.1092716411551535e-05	-0.0007984772849239995	0.0	(-0.0007984772849239995+0j)
-0.026000000000000002	-0.0006760000000000002	-2.6821584750869043e-05	-0.0006855274492169322	0.0	(-0.0006855274492169322+0j)
-0.024	-0.000576	-2.2863406721640445e-05	-0.0005808382970217059	0.0	(-0.0005808382970217059+0j)
-0.022	-0.00048399999999999995	-1.921897032453046e-05	-0.0004844059046192607	0.0	(-0.0004844059046192607+0j)
-0.02	-0.0004	-1.588900160953699e-05	-0.00039623365927051997	0.0	(-0.00039623365927051997+0j)
-0.018000000000000002	-0.00032400000000000007	-1.2874164404097499e-05	-0.0003163449013755417	0.0	(-0.0003163449013755417+0j)
-0.016	-0.000256	-1.0175060066730524e-05	-0.00024481002991758114	0.0	(-0.00024481002991758114+0j)
-0.014	-0.00019600000000000002	-7.792227260328133e-06	-0.00018179510989820336	0.0	(-0.00018179510989820336+0j)
-0.012	-0.000144	-5.726141751427605e-06	-0.00012761643975087324	0.0	(-0.00012761643975087324+0j)
-0.01	-0.0001	-3.97721623102143e-06	-8.271957368866499e-05	0.0	(-8.271957368866499e-05+0j)
-0.008	-6.4e-05	-2.5458001635669802e-06	-4.749126294302028e-05	0.0	(-4.749126294302028e-05+0j)
-0.006	-3.6e-05	-1.4321796530936126e-06	-2.2042251268675327e-05	0.0	(-2.2042251268675327e-05+0j)
-0.004	-1.6e-05	-6.365773330685442e-07	-6.229849515536555e-06	0.0	(-6.229849515536555e-06+0j)
-0.002	-4e-06	-1.5915229312213341e-07	7.453889935837843e-20	-0.00018170965052291806	(7.453889935837843e-20-0.00018170965052291806j)
0.002	4e-06	1.5915229312213341e-07	7.453889935837843e-20	0.00018170965052291806	(7.453889935837843e-20+0.00018170965052291806j)
0.004	1.6e-05	6.365773330685442e-07	6.2298495155393315e-06	0.0	(6.2298495155393315e-06+0j)
0.006	3.6e-05	1.4321796530936126e-06	2.204225126866744e-05	0.0	(2.204225126866744e-05+0j)
0.008	6.4e-05	2.5458001635669802e-06	4.7491262943008014e-05	0.0	(4.7491262943008014e-05+0j)
0.01	0.0001	3.97721623102143e-06	8.27195736886683e-05	0.0	(8.27195736886683e-05+0j)
0.012	0.000144	5.726141751427605e-06	0.00012761643975087264	0.0	(0.00012761643975087264+0j)
0.014	0.00019600000000000002	7.792227260328133e-06	0.0001817951098982221	0.0	(0.0001817951098982221+0j)
0.016	0.000256	1.0175060066730524e-05	0.0002448100299175596	0.0	(0.0002448100299175596+0j)
0.018000000000000002	0.00032400000000000007	1.2874164404097499e-05	0.00031634490137555284	0.0	(0.00031634490137555284+0j)
0.02	0.0004	1.588900160953699e-05	0.0003962336592705724	0.0	(0.0003962336592705724+0j)
0.022	0.00048399999999999995	1.921897032453046e-05	0.0004844059046192585	0.0	(0.0004844059046192585+0j)
0.024	0.000576	2.2863406721640445e-05	0.0005808382970216671	0.0	(0.0005808382970216671+0j)
0.026000000000000002	0.0006760000000000002	2.6821584750869043e-05	0.0006855274492169624	0.0	(0.0006855274492169624+0j)
0.028	0.0007840000000000001	3.1092716411551535e-05	0.0007984772849239721	0.0	(0.0007984772849239721+0j)
0.03	0.0009	3.567595204645446e-05	0.0009196936619275405	0.0	(0.0009196936619275405+0j)
0.032	0.001024	4.0570380658133676e-05	0.0010491822636002697	0.0	(0.0010491822636002697+0j)
0.034	0.0011560000000000001	4.577503024888463e-05	0.001186947883539879	0.0	(0.001186947883539879+0j)
0.036000000000000004	0.0012960000000000003	5.128886818206446e-05	0.0013329942773461709	0.0	(0.0013329942773461709+0j)
0.038	0.001444	5.7110801566229163e-05	0.0014873242281897385	0.0	(0.0014873242281897385+0j)
0.04	0.0016	6.323967766103111e-05	0.001649939678709839	0.0	(0.001649939678709839+0j)
0.042	0.0017640000000000002	6.96742843049325e-05	0.0018208418702937575	0.0	(0.0018208418702937575+0j)
0.044	0.0019359999999999998	7.641335036429053e-05	0.002000031468403672	0.0	(0.002000031468403672+0j)
0.046	0.002116	8.345554620406426e-05	0.0021875086682284694	0.0	(0.0021875086682284694+0j)
0.048	0.002304	9.079948417894945e-05	0.0023832732810576216	0.0	(0.0023832732810576216+0j)
0.05	0.0025000000000000005	9.844371914571881e-05	0.002587324803861392	0.0	(0.002587324803861392+0j)
0.052000000000000005	0.0027040000000000007	0.00010638674899585143	0.002799662474977135	0.0	(0.002799662474977135+0j)
0.054	0.0029159999999999998	0.00011462701520834062	0.0030202853185868996	0.0	(0.0030202853185868996+0j)
0.056	0.0031360000000000003	0.00012316290342234693	0.003249192180261047	0.0	(0.003249192180261047+0j)
0.058	0.0033640000000000002	0.00013199274402922456	0.003486381755414704	0.0	(0.003486381755414704+0j)
0.06	0.0036	0.0001411148127841988	0.0037318526121488853	0.0	(0.0037318526121488853+0j)
0.062	0.0038439999999999998	0.00015052733143633423	0.0039856032096319965	0.0	(0.0039856032096319965+0j)
0.064	0.004096	0.0001602284683776406	0.0042476319129309366	0.0	(0.0042476319129309366+0j)
0.066	0.0043560000000000005	0.00017021633930983104	0.004517937005003087	0.0	(0.004517937005003087+0j)
0.068	0.0046240000000000005	0.000180489007929302	0.004796516696408522	0.0	(0.004796516696408522+0j)
0.07	0.004900000000000001	0.00019104448662933537	0.005083369133184012	0.0	(0.005083369133184012+0j)
0.07200000000000001	0.005184000000000001	0.00020188073721943978	0.005378492403227901	0.0	(0.005378492403227901+0j)
0.074	0.005475999999999999	0.0002129956716614423	0.0056818845414753055	0.0	(0.0056818845414753055+0j)
0.076	0.005776	0.00022438715282166455	0.0059935435340871335	0.0	(0.0059935435340871335+0j)
0.078	0.006084	0.00023605299523928036	0.006313467321833289	0.0	(0.006313467321833289+0j)
0.08	0.0064	0.00024799096590982783	0.006641653802816877	0.0	(0.006641653802816877+0j)
0.082	0.006724000000000001	0.0002601987850840426	0.006978100834659978	0.0	(0.006978100834659978+0j)
0.084	0.007056000000000001	0.00027267412708111005	0.0073228062362492245	0.0	(0.0073228062362492245+0j)
0.08600000000000001	0.0073960000000000015	0.0002854146211162742	0.007675767789123378	0.0	(0.007675767789123378+0j)
0.088	0.007743999999999999	0.00029841785214206745	0.008036983238571497	0.0	(0.008036983238571497+0j)
0.09	0.0081	0.00031168136170295346	0.008406450294498265	0.0	(0.008406450294498265+0j)
0.092	0.008464	0.0003252026488027651	0.008784166632104903	0.0	(0.008784166632104903+0j)
0.094	0.008836	0.0003389791707845702	0.00917012989242571	0.0	(0.00917012989242571+0j)
0.096	0.009216	0.0003530083442225135	0.009564337682755417	0.0	(0.009564337682755417+0j)
0.098	0.009604000000000001	0.00036728754582506656	0.00996678757699466	0.0	(0.00996678757699466+0j)
0.1	0.010000000000000002	0.00038181411334935883	0.010377477115939502	0.0	(0.010377477115939502+0j)
0.10200000000000001	0.010404000000000002	0.00039658534652600025	0.010796403807534698	0.0	(0.010796403807534698+0j)
0.10400000000000001	0.010816000000000003	0.0004115985079939516	0.01122356512710854	0.0	(0.01122356512710854+0j)
0.106	0.011236	0.0004268508242450536	0.011658958517602042	0.0	(0.011658958517602042+0j)
0.108	0.011663999999999999	0.0004423394865775421	0.012102581389807797	0.0	(0.012102581389807797+0j)
0.11	0.0121	0.0004580616520582226	0.012554431122623307	0.0	(0.012554431122623307+0j)
0.112	0.012544000000000001	0.0004740144444927777	0.013014505063331598	0.0	(0.013014505063331598+0j)
0.114	0.012996	0.0004901949554036722	0.013482800527911024	0.0	(0.013482800527911024+0j)
0.116	0.013456000000000001	0.0005066002450151985	0.01395931480138173	0.0	(0.01395931480138173+0j)
0.11800000000000001	0.013924000000000002	0.000523227343245166	0.014444045138190717	0.0	(0.014444045138190717+0j)
0.12	0.0144	0.0005400732507027141	0.014936988762637196	0.0	(0.014936988762637196+0j)
0.122	0.014884	0.0005571349396918217	0.015438142869342553	0.0	(0.015438142869342553+0j)
0.124	0.015375999999999999	0.0005744093552199	0.01594750462376049	0.0	(0.01594750462376049+0j)
0.126	0.015876	0.0005918934160110863	0.016465071162731226	0.0	(0.016465071162731226+0j)
0.128	0.016384	0.0006095840155236898	0.016990839595078397	0.0	(0.016990839595078397+0j)
0.13	0.016900000000000002	0.0006274780229712645	0.017524807002243813	0.0	(0.017524807002243813+0j)
0.132	0.017424000000000002	0.0006455722843468938	0.018066970438963596	0.0	(0.018066970438963596+0j)
0.134	0.017956000000000003	0.0006638636234501186	0.018617326933981142	0.0	(0.018617326933981142+0j)
0.136	0.018496000000000002	0.0006823488429160487	0.019175873490792406	0.0	(0.019175873490792406+0j)
0.138	0.019044000000000002	0.0007010247252461528	0.019742607088427344	0.0	(0.019742607088427344+0j)
0.14	0.019600000000000003	0.0007198880338402901	0.020317524682258118	0.0	(0.020317524682258118+0j)
0.14200000000000002	0.020164000000000005	0.0007389355140293881	0.02090062320483871	0.0	(0.02090062320483871+0j)
0.14400000000000002	0.020736000000000004	0.000758163894108408	0.021491899566766844	0.0	(0.021491899566766844+0j)
0.146	0.021315999999999998	0.0007775698863690464	0.022091350657572336	0.0	(0.022091350657572336+0j)
0.148	0.021903999999999996	0.0007971501881316768	0.022698973346622648	0.0	(0.022698973346622648+0j)
0.15	0.0225	0.000816901482776123	0.023314764484052158	0.0	(0.023314764484052158+0j)
0.152	0.023104	0.0008368204407707691	0.023938720901704465	0.0	(0.023938720901704465+0j)
0.154	0.023716	0.0008569037206994888	0.024570839414093416	0.0	(0.024570839414093416+0j)
0.156	0.024336	0.0008771479702860251	0.025211116819373602	0.0	(0.025211116819373602+0j)
0.158	0.024964	0.0008975498274152848	0.02585954990032786	0.0	(0.02585954990032786+0j)
0.16	0.0256	0.0009181059211511317	0.026516135425361825	0.0	(0.026516135425361825+0j)
0.162	0.026244	0.0009388128727502495	0.02718087014950808	0.0	(0.02718087014950808+0j)
0.164	0.026896000000000003	0.0009596672966715857	0.027853750815440597	0.0	(0.027853750815440597+0j)
0.166	0.027556000000000004	0.000980665801580972	0.028534774154494683	0.0	(0.028534774154494683+0j)
0.168	0.028224000000000003	0.0010018049913505037	0.029223936887692616	0.0	(0.029223936887692616+0j)
0.17	0.028900000000000006	0.0010230814660522267	0.02992123572677675	0.0	(0.02992123572677675+0j)
0.17200000000000001	0.029584000000000006	0.001044491822945727	0.030626667375243652	0.0	(0.030626667375243652+0j)
0.17400000000000002	0.030276000000000004	0.0010660326574592188	0.031340228529385214	0.0	(0.031340228529385214+0j)
0.176	0.030975999999999997	0.0010877005641637266	0.03206191587932947	0.0	(0.03206191587932947+0j)
0.178	0.031684	0.0011094921377399463	0.032791726110086135	0.0	(0.032791726110086135+0j)
0.18	0.0324	0.0011314039739374424	0.03352965590259178	0.0	(0.03352965590259178+0j)
0.182	0.033124	0.0011534326705257367	0.03427570193475624	0.0	(0.03427570193475624+0j)
0.184	0.033856	0.0011755748282369742	0.0350298608825071	0.0	(0.0350298608825071+0j)
0.186	0.034596	0.0011978270516997541	0.035792129420836684	0.0	(0.035792129420836684+0j)
0.188	0.035344	0.0012201859503638054	0.036562504224844306	0.0	(0.036562504224844306+0j)
0.19	0.0361	0.0012426481394151407	0.03734098197077678	0.0	(0.03734098197077678+0j)
0.192	0.036864	0.0012652102406813222	0.03812755933706493	0.0	(0.03812755933706493+0j)
0.194	0.037636	0.0012878688835265733	0.03892223300535874	0.0	(0.03892223300535874+0j)
0.196	0.038416000000000006	0.001310620705736335	0.039724999661553295	0.0	(0.039724999661553295+0j)
0.198	0.039204	0.0013334623543909989	0.04053585599681094	0.0	(0.04053585599681094+0j)
0.2	0.04000000000000001	0.0013563904867284985	0.04135479870857601	0.0	(0.04135479870857601+0j)
0.202	0.04080400000000001	0.0013794017709954694	0.042181824501582386	0.0	(0.042181824501582386+0j)
0.20400000000000001	0.04161600000000001	0.0014024928872866608	0.043016930088851255	0.0	(0.043016930088851255+0j)
0.20600000000000002	0.04243600000000001	0.001425660528372355	0.04386011219267882	0.0	(0.04386011219267882+0j)
0.20800000000000002	0.04326400000000001	0.0014489014005135041	0.04471136754561416	0.0	(0.04471136754561416+0j)
0.21	0.04409999999999999	0.0014722122242643333	0.04557069289142747	0.0	(0.04557069289142747+0j)
0.212	0.044944	0.001495589735262138	0.0464380849860585	0.0	(0.0464380849860585+0j)
0.214	0.045795999999999996	0.0015190306850040684	0.04731354059856133	0.0	(0.04731354059856133+0j)
0.216	0.046655999999999996	0.0015425318416106403	0.048197056512027915	0.0	(0.048197056512027915+0j)
0.218	0.047524	0.0015660899905757608	0.04908862952449894	0.0	(0.04908862952449894+0j)
0.22	0.0484	0.0015897019355030515	0.049988256449858395	0.0	(0.049988256449858395+0j)
0.222	0.049284	0.001613364498828278	0.050895934118712544	0.0	(0.050895934118712544+0j)
0.224	0.050176000000000005	0.00163707452252767	0.051811659379248635	0.0	(0.051811659379248635+0j)
0.226	0.051076	0.0016608288688119794	0.05273542909807946	0.0	(0.05273542909807946+0j)
0.228	0.051984	0.0016846244208060645	0.05366724016106633	0.0	(0.05366724016106633+0j)
0.23	0.0529	0.0017084580832138763	0.05460708947412517	0.0	(0.05460708947412517+0j)
0.232	0.053824000000000004	0.001732326782968664	0.05555497396400994	0.0	(0.05555497396400994+0j)
0.234	0.054756000000000006	0.0017562274698682554	0.05651089057907913	0.0	(0.05651089057907913+0j)
0.23600000000000002	0.05569600000000001	0.0017801571171953117	0.0574748362900419	0.0	(0.0574748362900419+0j)
0.23800000000000002	0.05664400000000001	0.0018041127223223808	0.05844680809067764	0.0	(0.05844680809067764+0j)
0.24	0.0576	0.001828091307301681	0.0594268029985446	0.0	(0.0594268029985446+0j)
0.242	0.058564	0.0018520899194394728	0.0604148180556565	0.0	(0.0604148180556565+0j)
0.244	0.059536	0.0018761056318549523	0.0614108503291469	0.0	(0.0614108503291469+0j)
0.246	0.060516	0.0019001355440235613	0.06241489691190384	0.0	(0.06241489691190384+0j)
0.248	0.061503999999999996	0.0019241767823046443	0.063426954923193	0.0	(0.063426954923193+0j)
0.25	0.0625	0.001948226500453391	0.06444702150924549	0.0	(0.06444702150924549+0j)
0.252	0.063504	0.0019722818801169886	0.06547509384383794	0.0	(0.06547509384383794+0j)
0.254	0.064516	0.0019963401313149646	0.06651116912884183	0.0	(0.06651116912884183+0j)
0.256	0.065536	0.0020203984929036494	0.0675552445947562	0.0	(0.0675552445947562+0j)
0.258	0.066564	0.0020444542330247586	0.06860731750121585	0.0	(0.06860731750121585+0j)
0.26	0.06760000000000001	0.0020685046495380506	0.06966738513747978	0.0	(0.06966738513747978+0j)
0.262	0.06864400000000001	0.002092547070438065	0.07073544482289865	0.0	(0.07073544482289865+0j)
0.264	0.06969600000000001	0.002116578854254928	0.07181149390736326	0.0	(0.07181149390736326+0j)
0.266	0.07075600000000001	0.002140597390439243	0.07289552977172789	0.0	(0.07289552977172789+0j)
0.268	0.07182400000000001	0.0021646000997310637	0.07398754982821701	0.0	(0.07398754982821701+0j)
0.27	0.0729	0.002188584434512994	0.07508755152081217	0.0	(0.07508755152081217+0j)
0.272	0.07398400000000001	0.0022125478791474354	0.07619553232561432	0.0	(0.07619553232561432+0j)
0.274	0.07507600000000002	0.0022364879502980235	0.0773114897511951	0.0	(0.0773114897511951+0j)
0.276	0.07617600000000001	0.002260402197235294	0.07843542133892101	0.0	(0.07843542133892101+0j)
0.278	0.07728400000000002	0.0022842882021266624	0.07956732466326111	0.0	(0.07956732466326111+0j)
0.28	0.07840000000000001	0.0023081435803107464	0.08070719733207615	0.0	(0.08070719733207615+0j)
0.28200000000000003	0.07952400000000001	0.0023319659805561333	0.08185503698689398	0.0	(0.08185503698689398+0j)
0.28400000000000003	0.08065600000000002	0.0023557530853046487	0.08301084130315602	0.0	(0.08301084130315602+0j)
0.28600000000000003	0.08179600000000002	0.0023795026108992404	0.0841746079904601	0.0	(0.0841746079904601+0j)
0.28800000000000003	0.08294400000000002	0.0024032123077965396	0.08534633479277207	0.0	(0.08534633479277207+0j)
0.29	0.0841	0.0024268799607642375	0.08652601948863015	0.0	(0.08652601948863015+0j)
0.292	0.08526399999999999	0.0024505033890633602	0.08771365989132919	0.0	(0.08771365989132919+0j)
0.294	0.08643599999999999	0.0024740804466155614	0.08890925384908636	0.0	(0.08890925384908636+0j)
0.296	0.08761599999999999	0.002497609022155573	0.09011279924519462	0.0	(0.09011279924519462+0j)
0.298	0.088804	0.0025210870393689204	0.09132429399815731	0.0	(0.09132429399815731+0j)
0.3	0.09	0.0025445124570150565	0.0925437360618069	0.0	(0.0925437360618069+0j)
0.302	0.091204	0.0025678832690360417	0.09377112342541175	0.0	(0.09377112342541175+0j)
0.304	0.092416	0.002591197504650926	0.09500645411376472	0.0	(0.09500645411376472+0j)
0.306	0.093636	0.0026144532284359877	0.0962497261872556	0.0	(0.0962497261872556+0j)
0.308	0.094864	0.002637648540390979	0.09750093774193612	0.0	(0.09750093774193612+0j)
0.31	0.0961	0.0026607815759915584	0.0987600869095615	0.0	(0.0987600869095615+0j)
0.312	0.097344	0.00268385050622806	0.10002717185762368	0.0	(0.10002717185762368+0j)
0.314	0.098596	0.002706853537630793	0.10130219078937108	0.0	(0.10130219078937108+0j)
0.316	0.099856	0.002729788912282041	0.10258514194381059	0.0	(0.10258514194381059+0j)
0.318	0.101124	0.002752654907814944	0.1038760235957016	0.0	(0.1038760235957016+0j)
0.32	0.1024	0.002775449837399469	0.105174834055533	0.0	(0.105174834055533+0j)
0.322	0.10368400000000001	0.002798172049715633	0.10648157166948904	0.0	(0.10648157166948904+0j)
0.324	0.104976	0.0028208199289142056	0.10779623481940459	0.0	(0.10779623481940459+0j)
0.326	0.10627600000000001	0.002843391894565077	0.10911882192270154	0.0	(0.10911882192270154+0j)
0.328	0.10758400000000001	0.002865886401593499	0.11044933143232588	0.0	(0.11044933143232588+0j)
0.33	0.10890000000000001	0.0028883019402044024	0.1117877618366528	0.0	(0.1117877618366528+0j)
0.332	0.11022400000000002	0.0029106370357950243	0.11313411165940686	0.0	(0.11313411165940686+0j)
0.334	0.11155600000000002	0.0029328902488560305	0.11448837945954508	0.0	(0.11448837945954508+0j)
0.336	0.11289600000000001	0.0029550601748613756	0.11585056383114857	0.0	(0.11585056383114857+0j)
0.338	0.11424400000000001	0.0029771454441471115	0.1172206634032874	0.0	(0.1172206634032874+0j)
0.34	0.11560000000000002	0.0029991447217793633	0.11859867683988547	0.0	(0.11859867683988547+0j)
0.342	0.11696400000000001	0.0030210567074117137	0.11998460283957632	0.0	(0.11998460283957632+0j)
0.34400000000000003	0.11833600000000002	0.0030428801351322144	0.12137844013554097	0.0	(0.12137844013554097+0j)
0.34600000000000003	0.11971600000000002	0.0030646137733002536	0.12278018749533723	0.0	(0.12278018749533723+0j)
0.34800000000000003	0.12110400000000002	0.0030862564243735163	0.12418984372072635	0.0	(0.12418984372072635+0j)
0.35000000000000003	0.12250000000000003	0.0031078069247252736	0.12560740764748007	0.0	(0.12560740764748007+0j)
0.352	0.12390399999999999	0.0031292641444522298	0.12703287814519415	0.0	(0.12703287814519415+0j)
0.354	0.12531599999999998	0.003150626987173174	0.12846625411706708	0.0	(0.12846625411706708+0j)
0.356	0.126736	0.0031718943898186667	0.12990753449969894	0.0	(0.12990753449969894+0j)
0.358	0.128164	0.0031930653224119996	0.1313567182628616	0.0	(0.1313567182628616+0j)
0.36	0.1296	0.0032141387878416765	0.13281380440927068	0.0	(0.13281380440927068+0j)
0.362	0.131044	0.0032351138216256603	0.13427879197434317	0.0	(0.13427879197434317+0j)
0.364	0.132496	0.0032559894916676024	0.13575168002595298	0.0	(0.13575168002595298+0j)
0.366	0.133956	0.003276764898005326	0.13723246766417602	0.0	(0.13723246766417602+0j)
0.368	0.135424	0.003297439172551792	0.13872115402102622	0.0	(0.13872115402102622+0j)
0.37	0.1369	0.0033180114788287874	0.1402177382601851	0.0	(0.1402177382601851+0j)
0.372	0.138384	0.0033384810116935774	0.14172221957673348	0.0	(0.14172221957673348+0j)
0.374	0.139876	0.003358846997058779	0.14323459719685824	0.0	(0.14323459719685824+0j)
0.376	0.141376	0.0033791086916056716	0.14475487037757054	0.0	(0.14475487037757054+0j)
0.378	0.142884	0.003399265382491205	0.1462830384064068	0.0	(0.1462830384064068+0j)
0.38	0.1444	0.003419316387048936	0.14781910060113	0.0	(0.14781910060113+0j)
0.382	0.145924	0.003439261052484138	0.149363056309419	0.0	(0.149363056309419+0j)
0.384	0.147456	0.003459098755563313	0.15091490490856146	0.0	(0.15091490490856146+0j)
0.386	0.14899600000000002	0.003478828902298355	0.15247464580512865	0.0	(0.15247464580512865+0j)
0.388	0.150544	0.0034984509276255863	0.1540422784346612	0.0	(0.1540422784346612+0j)
0.39	0.1521	0.0035179642950799164	0.1556178022613347	0.0	(0.1556178022613347+0j)
0.392	0.15366400000000002	0.0035373684964643388	0.1572012167776309	0.0	(0.1572012167776309+0j)
0.394	0.155236	0.0035566630515150174	0.1587925215039985	0.0	(0.1587925215039985+0j)
0.396	0.156816	0.0035758475075621733	0.1603917159885145	0.0	(0.1603917159885145+0j)
0.398	0.15840400000000002	0.003594921439187006	0.16199879980654186	0.0	(0.16199879980654186+0j)
0.4	0.16000000000000003	0.0036138844478748795	0.1636137725603754	0.0	(0.1636137725603754+0j)
0.402	0.16160400000000003	0.0036327361616649936	0.165236633878894	0.0	(0.165236633878894+0j)
0.404	0.16321600000000003	0.0036514762347967557	0.1668673834172077	0.0	(0.1668673834172077+0j)
0.406	0.164836	0.00367010434735308	0.16850602085629074	0.0	(0.16850602085629074+0j)
0.40800000000000003	0.16646400000000003	0.0036886202049008277	0.1701525459026349	0.0	(0.1701525459026349+0j)
0.41000000000000003	0.16810000000000003	0.0037070235381285992	0.17180695828786924	0.0	(0.17180695828786924+0j)
0.41200000000000003	0.16974400000000003	0.003725314102482101	0.17346925776840771	0.0	(0.17346925776840771+0j)
0.41400000000000003	0.17139600000000002	0.003743491677797275	0.17513944412507657	0.0	(0.17513944412507657+0j)
0.41600000000000004	0.17305600000000004	0.0037615560679314223	0.17681751716274324	0.0	(0.17681751716274324+0j)
0.418	0.174724	0.0037795071003925013	0.1785034767099461	0.0	(0.1785034767099461+0j)
0.42	0.17639999999999997	0.003797344625966817	0.18019732261851806	0.0	(0.18019732261851806+0j)
0.422	0.178084	0.0038150685183452908	0.18189905476321955	0.0	(0.18189905476321955+0j)
0.424	0.179776	0.003832678673748509	0.18360867304134845	0.0	(0.18360867304134845+0j)
0.426	0.181476	0.003850175010550732	0.18532617737237878	0.0	(0.18532617737237878+0j)
0.428	0.18318399999999999	0.0038675574689030715	0.18705156769757492	0.0	(0.18705156769757492+0j)
0.43	0.18489999999999998	0.0038848260103559996	0.188784843979612	0.0	(0.188784843979612+0j)
0.432	0.18662399999999998	0.0039019806174813826	0.19052600620220034	0.0	(0.19052600620220034+0j)
0.434	0.188356	0.00391902129349422	0.19227505436970513	0.0	(0.19227505436970513+0j)
0.436	0.190096	0.003935948061874251	0.19403198850676684	0.0	(0.19403198850676684+0j)
0.438	0.191844	0.00395276096598762	0.19579680865792448	0.0	(0.19579680865792448+0j)
0.44	0.1936	0.003969460068708748	0.19756951488722752	0.0	(0.19756951488722752+0j)
0.442	0.195364	0.003986045452042586	0.19935010727787536	0.0	(0.19935010727787536+0j)
0.444	0.197136	0.004002517216747413	0.20113858593181566	0.0	(0.20113858593181566+0j)
0.446	0.198916	0.0040188754819583325	0.20293495096938904	0.0	(0.20293495096938904+0j)
0.448	0.20070400000000002	0.004035120384811617	0.20473920252893946	0.0	(0.20473920252893946+0j)
0.45	0.2025	0.004051252080070059	0.2065513407664443	0.0	(0.2065513407664443+0j)
0.452	0.204304	0.004067270739749472	0.20837136585514004	0.0	(0.20837136585514004+0j)
0.454	0.20611600000000002	0.004083176552746485	0.21019927798513982	0.0	(0.21019927798513982+0j)
0.456	0.207936	0.004098969724467761	0.2120350773630748	0.0	(0.2120350773630748+0j)
0.458	0.209764	0.0041146504764608	0.21387876421172713	0.0	(0.21387876421172713+0j)
0.46	0.2116	0.004130219046046422	0.2157303387696402	0.0	(0.2157303387696402+0j)
0.462	0.21344400000000002	0.0041456756859530935	0.2175898012907765	0.0	(0.2175898012907765+0j)
0.464	0.21529600000000002	0.004161020663953201	0.2194571520441388	0.0	(0.2194571520441388+0j)
0.466	0.21715600000000002	0.004176254262501397	0.22133239131341495	0.0	(0.22133239131341495+0j)
0.468	0.21902400000000002	0.004191376778375142	0.2232155193966096	0.0	(0.2232155193966096+0j)
0.47000000000000003	0.22090000000000004	0.004206388522317547	0.2251065366056977	0.0	(0.2251065366056977+0j)
0.47200000000000003	0.22278400000000004	0.004221289818682633	0.22700544326626193	0.0	(0.22700544326626193+0j)
0.47400000000000003	0.22467600000000004	0.00423608100508311	0.228912239717139	0.0	(0.228912239717139+0j)
0.47600000000000003	0.22657600000000003	0.004250762432040789	0.23082692631007667	0.0	(0.23082692631007667+0j)
0.47800000000000004	0.22848400000000005	0.004265334462639701	0.23274950340937814	0.0	(0.23274950340937814+0j)
0.48	0.2304	0.004279797472182039	0.23467997139156144	0.0	(0.23467997139156144+0j)
0.482	0.23232399999999997	0.004294151847847029	0.23661833064501914	0.0	(0.23661833064501914+0j)
0.484	0.234256	0.0043083979883527706	0.2385645815696808	0.0	(0.2385645815696808+0j)
0.486	0.236196	0.00432253630362118	0.24051872457666867	0.0	(0.24051872457666867+0j)
0.488	0.238144	0.004336567214446091	0.24248076008797978	0.0	(0.24248076008797978+0j)
0.49	0.24009999999999998	0.004350491152164595	0.244450688536139	0.0	(0.244450688536139+0j)
0.492	0.242064	0.004364308558331705	0.24642851036389232	0.0	(0.24642851036389232+0j)
0.494	0.244036	0.004378019884398404	0.24841422602387092	0.0	(0.24841422602387092+0j)
0.496	0.24601599999999998	0.004391625591393136	0.25040783597828103	0.0	(0.25040783597828103+0j)
0.498	0.248004	0.004405126149606834	0.2524093406985764	0.0	(0.2524093406985764+0j)
0.5	0.25	0.004418522038281515	0.25441874066516373	0.0	(0.25441874066516373+0j)
0.502	0.252004	0.004431813745302512	0.2564360363670825	0.0	(0.2564360363670825+0j)
0.504	0.254016	0.004445001766894398	0.25846122830169993	0.0	(0.25846122830169993+0j)
0.506	0.256036	0.00445808660732066	0.26049431697441916	0.0	(0.26049431697441916+0j)
0.508	0.258064	0.004471068778587142	0.2625353028983774	0.0	(0.2625353028983774+0j)
0.51	0.2601	0.004483948800149337	0.2645841865941506	0.0	(0.2645841865941506+0j)
0.512	0.262144	0.004496727198623558	0.26664096858947095	0.0	(0.26664096858947095+0j)
0.514	0.264196	0.0045094045075020055	0.2687056494189329	0.0	(0.2687056494189329+0j)
0.516	0.266256	0.004521981266871797	0.27077822962372083	0.0	(0.27077822962372083+0j)
0.518	0.268324	0.004534458023137977	0.27285870975132315	0.0	(0.27285870975132315+0j)
0.52	0.27040000000000003	0.004546835328750533	0.274947090355275	0.0	(0.274947090355275+0j)
0.522	0.272484	0.004559113741935457	0.277043371994865	0.0	(0.277043371994865+0j)
0.524	0.27457600000000004	0.0045712938264298635	0.2791475552348896	0.0	(0.2791475552348896+0j)
0.526	0.27667600000000003	0.0045833761512211945	0.28125964064539244	0.0	(0.28125964064539244+0j)
0.528	0.27878400000000003	0.004595361290290525	0.2833796288013881	0.0	(0.2833796288013881+0j)
0.53	0.28090000000000004	0.004607249822359986	0.28550752028263154	0.0	(0.28550752028263154+0j)
0.532	0.28302400000000005	0.004619042330644324	0.2876433156733574	0.0	(0.2876433156733574+0j)
0.534	0.285156	0.0046307394026065965	0.28978701556204106	0.0	(0.28978701556204106+0j)
0.536	0.28729600000000005	0.0046423416297180255	0.2919386205411572	0.0	(0.2919386205411572+0j)
0.538	0.28944400000000003	0.004653849607222003	0.2940981312069361	0.0	(0.2940981312069361+0j)
0.54	0.2916	0.004665263933902262	0.29626554815914885	0.0	(0.29626554815914885+0j)
0.542	0.293764	0.004676585211855201	0.29844087200085667	0.0	(0.29844087200085667+0j)
0.544	0.29593600000000003	0.004687814046266383	0.30062410333820966	0.0	(0.30062410333820966+0j)
0.546	0.29811600000000005	0.004698951045191185	0.30281524278021493	0.0	(0.30281524278021493+0j)
0.548	0.30030400000000007	0.004709996819339594	0.30501429093852833	0.0	(0.30501429093852833+0j)
0.55	0.30250000000000005	0.0047209519818651674	0.30722124842722653	0.0	(0.30722124842722653+0j)
0.552	0.30470400000000003	0.004731817148158114	0.3094361158626284	0.0	(0.3094361158626284+0j)
0.554	0.3069160000000001	0.004742592935642508	0.3116588938630724	0.0	(0.3116588938630724+0j)
0.556	0.3091360000000001	0.00475327996357761	0.3138895830487146	0.0	(0.3138895830487146+0j)
0.558	0.3113640000000001	0.004763878852863295	0.31612818404134924	0.0	(0.31612818404134924+0j)
0.56	0.31360000000000005	0.004774390225849546	0.31837469746420716	0.0	(0.31837469746420716+0j)
0.562	0.31584400000000007	0.004784814706150033	0.3206291239417821	0.0	(0.3206291239417821+0j)
0.5640000000000001	0.31809600000000005	0.004795152918459705	0.322891464099629	0.0	(0.322891464099629+0j)
0.5660000000000001	0.3203560000000001	0.00480540548837643	0.3251617185642012	0.0	(0.3251617185642012+0j)
0.5680000000000001	0.3226240000000001	0.004815573042226607	0.3274398879626692	0.0	(0.3274398879626692+0j)
0.5700000000000001	0.3249000000000001	0.004825656206894775	0.3297259729227557	0.0	(0.3297259729227557+0j)
0.5720000000000001	0.3271840000000001	0.004835655609657149	0.3320199740725616	0.0	(0.3320199740725616+0j)
0.5740000000000001	0.3294760000000001	0.004845571878019077	0.33432189204041424	0.0	(0.33432189204041424+0j)
0.5760000000000001	0.33177600000000007	0.004855405639556397	0.33663172745469655	0.0	(0.33663172745469655+0j)
0.578	0.33408399999999994	0.004865157521760641	0.3389494809437025	0.0	(0.3389494809437025+0j)
0.58	0.3364	0.00487482815188807	0.3412751531354785	0.0	(0.3412751531354785+0j)
0.582	0.33872399999999997	0.004884418156812505	0.3436087446576855	0.0	(0.3436087446576855+0j)
0.584	0.34105599999999997	0.004893928162881915	0.34595025613744634	0.0	(0.34595025613744634+0j)
0.586	0.343396	0.004903358795778735	0.3482996882012116	0.0	(0.3482996882012116+0j)
0.588	0.34574399999999994	0.00491271068038387	0.350657041474623	0.0	(0.350657041474623+0j)
0.59	0.34809999999999997	0.004921984440644349	0.3530223165823841	0.0	(0.3530223165823841+0j)
0.592	0.35046399999999994	0.0049311806994446015	0.35539551414812165	0.0	(0.35539551414812165+0j)
0.594	0.352836	0.004940300078481301	0.3577766347942695	0.0	(0.3577766347942695+0j)
0.596	0.355216	0.004949343198141752	0.36016567914195574	0.0	(0.36016567914195574+0j)
0.598	0.357604	0.004958310677385763	0.3625626478108563	0.0	(0.3625626478108563+0j)
0.6	0.36	0.004967203133630984	0.36496754141911597	0.0	(0.36496754141911597+0j)
0.602	0.36240399999999995	0.004976021182641648	0.36738036058320883	0.0	(0.36738036058320883+0j)
0.604	0.364816	0.004984765438420694	0.36980110591784615	0.0	(0.36980110591784615+0j)
0.606	0.367236	0.0049934365131051985	0.37222977803586627	0.0	(0.37222977803586627+0j)
0.608	0.369664	0.005002035016865103	0.3746663775481491	0.0	(0.3746663775481491+0j)
0.61	0.3721	0.005010561557805187	0.3771109050634784	0.0	(0.3771109050634784+0j)
0.612	0.374544	0.0050190167418702105	0.3795633611884973	0.0	(0.3795633611884973+0j)
0.614	0.376996	0.005027401172753232	0.3820237465275804	0.0	(0.3820237465275804+0j)
0.616	0.379456	0.0050357154518070124	0.38449206168276545	0.0	(0.38449206168276545+0j)
0.618	0.381924	0.005043960177958485	0.386968307253658	0.0	(0.386968307253658+0j)
0.62	0.3844	0.005052135947626231	0.38945248383735365	0.0	(0.38945248383735365+0j)
0.622	0.386884	0.005060243354640926	0.3919445920283601	0.0	(0.3919445920283601+0j)
0.624	0.389376	0.0050682829901686965	0.39444463241851135	0.0	(0.39444463241851135+0j)
0.626	0.391876	0.005076255442637356	0.39695260559691353	0.0	(0.39695260559691353+0j)
0.628	0.394384	0.005084161297665455	0.39946851214985374	0.0	(0.39946851214985374+0j)
0.63	0.39690000000000003	0.005092001137994121	0.4019923526607488	0.0	(0.4019923526607488+0j)
0.632	0.399424	0.00509977554342161	0.4045241277100648	0.0	(0.4045241277100648+0j)
0.634	0.40195600000000004	0.005107485090740556	0.40706383787527245	0.0	(0.40706383787527245+0j)
0.636	0.404496	0.005115130353677846	0.40961148373077305	0.0	(0.40961148373077305+0j)
0.638	0.407044	0.005122711902837084	0.4121670658478468	0.0	(0.4121670658478468+0j)
0.64	0.4096	0.005130230305643588	0.41473058479460456	0.0	(0.41473058479460456+0j)
0.642	0.41216400000000003	0.005137686126291894	0.4173020411359224	0.0	(0.4173020411359224+0j)
0.644	0.41473600000000005	0.005145079925695685	0.4198814354334071	0.0	(0.4198814354334071+0j)
0.646	0.417316	0.00515241226144013	0.4224687682453431	0.0	(0.4224687682453431+0j)
0.648	0.419904	0.005159683687736571	0.42506404012663673	0.0	(0.42506404012663673+0j)
0.65	0.42250000000000004	0.005166894755379505	0.42766725162879343	0.0	(0.42766725162879343+0j)
0.652	0.42510400000000004	0.005174046011705831	0.4302784032998733	0.0	(0.4302784032998733+0j)
0.654	0.42771600000000004	0.0051811380005563025	0.4328974956844393	0.0	(0.4328974956844393+0j)
0.656	0.43033600000000005	0.005188171262239146	0.43552452932353725	0.0	(0.43552452932353725+0j)
0.658	0.432964	0.005195146333495784	0.4381595047546574	0.0	(0.4381595047546574+0j)
0.66	0.43560000000000004	0.005202063747468647	0.4408024225116945	0.0	(0.4408024225116945+0j)
0.662	0.438244	0.005208924033670997	0.44345328312495114	0.0	(0.44345328312495114+0j)
0.664	0.44089600000000007	0.005215727717958736	0.4461120871210503	0.0	(0.4461120871210503+0j)
0.666	0.44355600000000006	0.005222475322504149	0.44877883502298066	0.0	(0.44877883502298066+0j)
0.668	0.44622400000000007	0.005229167365771535	0.45145352735002475	0.0	(0.45145352735002475+0j)
0.67	0.4489000000000001	0.005235804362494688	0.454136164617746	0.0	(0.454136164617746+0j)
0.672	0.45158400000000004	0.005242386823656172	0.45682674733798845	0.0	(0.45682674733798845+0j)
0.674	0.45427600000000007	0.005248915256468367	0.4595252760188457	0.0	(0.4595252760188457+0j)
0.676	0.45697600000000005	0.005255390164356214	0.46223175116463244	0.0	(0.46223175116463244+0j)
0.678	0.45968400000000004	0.005261812046941649	0.4649461732759073	0.0	(0.4649461732759073+0j)
0.68	0.4624000000000001	0.005268181400029652	0.46766854284941145	0.0	(0.46766854284941145+0j)
0.682	0.4651240000000001	0.005274498715595898	0.4703988603781085	0.0	(0.4703988603781085+0j)
0.684	0.46785600000000005	0.005280764481775943	0.47313712635113214	0.0	(0.47313712635113214+0j)
0.686	0.47059600000000007	0.005286979182855927	0.4758833412537932	0.0	(0.4758833412537932+0j)
0.6880000000000001	0.4733440000000001	0.005293143299264729	0.4786375055676031	0.0	(0.4786375055676031+0j)
0.6900000000000001	0.4761000000000001	0.005299257307567561	0.48139961977021933	0.0	(0.48139961977021933+0j)
0.6920000000000001	0.47886400000000007	0.005305321680460944	0.48416968433547036	0.0	(0.48416968433547036+0j)
0.6940000000000001	0.48163600000000006	0.005311336886769025	0.48694769973336427	0.0	(0.48694769973336427+0j)
0.6960000000000001	0.48441600000000007	0.005317303391441208	0.4897336664300551	0.0	(0.4897336664300551+0j)
0.6980000000000001	0.4872040000000001	0.00532322165555106	0.4925275848878843	0.0	(0.4925275848878843+0j)
0.7000000000000001	0.4900000000000001	0.005329092136296437	0.4953294555653364	0.0	(0.4953294555653364+0j)
0.7020000000000001	0.4928040000000001	0.005334915287000824	0.4981392789170914	0.0	(0.4981392789170914+0j)
0.704	0.49561599999999995	0.005340691557115815	0.5009570553940028	0.0	(0.5009570553940028+0j)
0.706	0.49843599999999993	0.005346421392224739	0.503782785443087	0.0	(0.503782785443087+0j)
0.708	0.5012639999999999	0.005352105234047359	0.5066164695075704	0.0	(0.5066164695075704+0j)
0.71	0.5041	0.005357743520445628	0.5094581080268753	0.0	(0.5094581080268753+0j)
0.712	0.506944	0.0053633366854304735	0.5123077014366343	0.0	(0.5123077014366343+0j)
0.714	0.5097959999999999	0.005368885159169557	0.5151652501686894	0.0	(0.5151652501686894+0j)
0.716	0.512656	0.0053743893679959985	0.5180307546511205	0.0	(0.5180307546511205+0j)
0.718	0.515524	0.005379849734418011	0.5209042153082415	0.0	(0.5209042153082415+0j)
0.72	0.5184	0.005385266677129432	0.5237856325606383	0.0	(0.5237856325606383+0j)
0.722	0.521284	0.005390640611021113	0.526675006825161	0.0	(0.526675006825161+0j)
0.724	0.524176	0.005395971947193129	0.5295723385149305	0.0	(0.5295723385149305+0j)
0.726	0.527076	0.005401261092967791	0.5324776280393954	0.0	(0.5324776280393954+0j)
0.728	0.529984	0.005406508451903422	0.5353908758043131	0.0	(0.5353908758043131+0j)
0.73	0.5328999999999999	0.005411714423808879	0.5383120822117717	0.0	(0.5383120822117717+0j)
0.732	0.535824	0.005416879404758771	0.5412412476602303	0.0	(0.5412412476602303+0j)
0.734	0.538756	0.0054220037871093715	0.5441783725445091	0.0	(0.5441783725445091+0j)
0.736	0.541696	0.0054270879595151745	0.5471234572558454	0.0	(0.5471234572558454+0j)
0.738	0.544644	0.0054321323069460884	0.5500765021818647	0.0	(0.5500765021818647+0j)
0.74	0.5476	0.005437137210705223	0.5530375077066605	0.0	(0.5530375077066605+0j)
0.742	0.5505639999999999	0.005442103048447251	0.5560064742107739	0.0	(0.5560064742107739+0j)
0.744	0.553536	0.0054470301941973295	0.558983402071223	0.0	(0.558983402071223+0j)
0.746	0.556516	0.005451919018370534	0.5619682916615634	0.0	(0.5619682916615634+0j)
0.748	0.559504	0.0054567698877918	0.5649611433518471	0.0	(0.5649611433518471+0j)
0.75	0.5625	0.00546158316571635	0.5679619575087087	0.0	(0.5679619575087087+0j)
0.752	0.565504	0.005466359211850552	0.5709707344953505	0.0	(0.5709707344953505+0j)
0.754	0.568516	0.005471098382373244	0.5739874746715945	0.0	(0.5739874746715945+0j)
0.756	0.571536	0.005475801029957431	0.5770121783939004	0.0	(0.5770121783939004+0j)
0.758	0.574564	0.005480467503792405	0.5800448460153784	0.0	(0.5800448460153784+0j)
0.76	0.5776	0.0054850981496062075	0.5830854778858319	0.0	(0.5830854778858319+0j)
0.762	0.580644	0.005489693309688453	0.586134074351784	0.0	(0.586134074351784+0j)
0.764	0.583696	0.005494253322913477	0.5891906357565015	0.0	(0.5891906357565015+0j)
0.766	0.586756	0.005498778524763788	0.5922551624400361	0.0	(0.5922551624400361+0j)
0.768	0.589824	0.005503269247353813	0.5953276547392182	0.0	(0.5953276547392182+0j)
0.77	0.5929	0.00550772581945391	0.5984081129877384	0.0	(0.5984081129877384+0j)
0.772	0.5959840000000001	0.005512148566514639	0.601496537516132	0.0	(0.601496537516132+0j)
0.774	0.599076	0.005516537810691257	0.6045929286518317	0.0	(0.6045929286518317+0j)
0.776	0.602176	0.00552089387086845	0.6076972867191879	0.0	(0.6076972867191879+0j)
0.778	0.605284	0.005525217062685242	0.610809612039521	0.0	(0.610809612039521+0j)
0.78	0.6084	0.005529507698560107	0.6139299049311122	0.0	(0.6139299049311122+0j)
0.782	0.6115240000000001	0.005533766087716249	0.6170581657092827	0.0	(0.6170581657092827+0j)
0.784	0.6146560000000001	0.00553799253620703	0.6201943946863813	0.0	(0.6201943946863813+0j)
0.786	0.617796	0.005542187346941539	0.6233385921718511	0.0	(0.6233385921718511+0j)
0.788	0.620944	0.005546350819710297	0.626490758472231	0.0	(0.626490758472231+0j)
0.79	0.6241000000000001	0.0055504832512110564	0.6296508938912185	0.0	(0.6296508938912185+0j)
0.792	0.627264	0.0055545849350747125	0.632818998729681	0.0	(0.632818998729681+0j)
0.794	0.6304360000000001	0.0055586561618912915	0.6359950732856865	0.0	(0.6359950732856865+0j)
0.796	0.6336160000000001	0.005562697219236021	0.6391791178545535	0.0	(0.6391791178545535+0j)
0.798	0.636804	0.005566708391695444	0.6423711327288807	0.0	(0.6423711327288807+0j)
0.8	0.6400000000000001	0.005570689960893604	0.6455711181985603	0.0	(0.6455711181985603+0j)
0.802	0.6432040000000001	0.005574642205518239	0.6487790745508332	0.0	(0.6487790745508332+0j)
0.804	0.6464160000000001	0.005578565401347031	0.6519950020703149	0.0	(0.6519950020703149+0j)
0.806	0.6496360000000001	0.0055824598212738455	0.6552189010390282	0.0	(0.6552189010390282+0j)
0.808	0.6528640000000001	0.00558632573533499	0.6584507717364402	0.0	(0.6584507717364402+0j)
0.81	0.6561000000000001	0.00559016341073546	0.661690614439495	0.0	(0.661690614439495+0j)
0.812	0.659344	0.005593973111875174	0.6649384294226359	0.0	(0.6649384294226359+0j)
0.8140000000000001	0.6625960000000001	0.005597755100375185	0.6681942169578775	0.0	(0.6681942169578775+0j)
0.8160000000000001	0.6658560000000001	0.0056015096351038525	0.671457977314791	0.0	(0.671457977314791+0j)
0.8180000000000001	0.669124	0.005605236972202972	0.674729710760582	0.0	(0.674729710760582+0j)
0.8200000000000001	0.6724000000000001	0.005608937365113868	0.6780094175600784	0.0	(0.6780094175600784+0j)
0.8220000000000001	0.6756840000000001	0.005612611064603412	0.681297097975829	0.0	(0.681297097975829+0j)
0.8240000000000001	0.6789760000000001	0.005616258318789978	0.6845927522680744	0.0	(0.6845927522680744+0j)
0.8260000000000001	0.6822760000000001	0.00561987937316933	0.6878963806948372	0.0	(0.6878963806948372+0j)
0.8280000000000001	0.6855840000000001	0.00562347447064043	0.6912079835119109	0.0	(0.6912079835119109+0j)
0.8300000000000001	0.6889000000000001	0.005627043851531146	0.6945275609729453	0.0	(0.6945275609729453+0j)
0.8320000000000001	0.6922240000000002	0.0056305877536238745	0.6978551133294243	0.0	(0.6978551133294243+0j)
0.834	0.695556	0.0056341064121810695	0.7011906408307651	0.0	(0.7011906408307651+0j)
0.836	0.698896	0.0056376000599706495	0.7045341437243133	0.0	(0.7045341437243133+0j)
0.838	0.702244	0.005641068927291301	0.7078856222554003	0.0	(0.7078856222554003+0j)
0.84	0.7055999999999999	0.00564451324199767	0.7112450766673799	0.0	(0.7112450766673799+0j)
0.842	0.7089639999999999	0.0056479332295254125	0.7146125072016513	0.0	(0.7146125072016513+0j)
0.844	0.712336	0.005651329112916142	0.7179879140977276	0.0	(0.7179879140977276+0j)
0.846	0.7157159999999999	0.005654701112842218	0.721371297593245	0.0	(0.721371297593245+0j)
0.848	0.719104	0.005658049447631421	0.7247626579240338	0.0	(0.7247626579240338+0j)
0.85	0.7224999999999999	0.005661374333291466	0.7281619953241468	0.0	(0.7281619953241468+0j)
0.852	0.725904	0.005664675983534388	0.7315693100258942	0.0	(0.7315693100258942+0j)
0.854	0.729316	0.005667954609800761	0.7349846022599054	0.0	(0.7349846022599054+0j)
0.856	0.7327359999999999	0.005671210421283781	0.7384078722551549	0.0	(0.7384078722551549+0j)
0.858	0.7361639999999999	0.005674443624953179	0.7418391202390381	0.0	(0.7418391202390381+0j)
0.86	0.7395999999999999	0.0056776544255789764	0.7452783464373822	0.0	(0.7452783464373822+0j)
0.862	0.7430439999999999	0.005680843025755089	0.7487255510745399	0.0	(0.7487255510745399+0j)
0.864	0.7464959999999999	0.005684009625922746	0.752180734373388	0.0	(0.752180734373388+0j)
0.866	0.749956	0.005687154424393758	0.755643896555436	0.0	(0.755643896555436+0j)
0.868	0.753424	0.005690277617373606	0.7591150378408377	0.0	(0.7591150378408377+0j)
0.87	0.7569	0.0056933793989843535	0.7625941584484849	0.0	(0.7625941584484849+0j)
0.872	0.760384	0.0056964599612873935	0.7660812585960424	0.0	(0.7660812585960424+0j)
0.874	0.763876	0.005699519494306008	0.7695763385000216	0.0	(0.7695763385000216+0j)
0.876	0.767376	0.005702558186047748	0.7730793983758515	0.0	(0.7730793983758515+0j)
0.878	0.770884	0.005705576222526649	0.7765904384379525	0.0	(0.7765904384379525+0j)
0.88	0.7744	0.005708573787785234	0.7801094588997859	0.0	(0.7801094588997859+0j)
0.882	0.7779240000000001	0.005711551063916364	0.78363645997398	0.0	(0.78363645997398+0j)
0.884	0.781456	0.005714508231084875	0.7871714418723614	0.0	(0.7871714418723614+0j)
0.886	0.784996	0.005717445467549052	0.7907144048061	0.0	(0.7907144048061+0j)
0.888	0.788544	0.0057203629496819	0.7942653489857515	0.0	(0.7942653489857515+0j)
0.89	0.7921	0.005723260851992228	0.7978242746214178	0.0	(0.7978242746214178+0j)
0.892	0.795664	0.005726139347145549	0.8013911819228092	0.0	(0.8013911819228092+0j)
0.894	0.7992360000000001	0.005728998605984792	0.8049660710993849	0.0	(0.8049660710993849+0j)
0.896	0.8028160000000001	0.005731838797550806	0.8085489423604767	0.0	(0.8085489423604767+0j)
0.898	0.806404	0.005734660089102699	0.8121397959154634	0.0	(0.8121397959154634+0j)
0.9	0.81	0.005737462646137961	0.8157386319738732	0.0	(0.8157386319738732+0j)
0.902	0.813604	0.005740246632412411	0.8193454507455701	0.0	(0.8193454507455701+0j)
0.904	0.817216	0.005743012209959941	0.822960252440966	0.0	(0.822960252440966+0j)
0.906	0.820836	0.0057457595391120836	0.8265830372711628	0.0	(0.8265830372711628+0j)
0.908	0.8244640000000001	0.005748488778517363	0.8302138054482316	0.0	(0.8302138054482316+0j)
0.91	0.8281000000000001	0.005751200085160481	0.8338525571854103	0.0	(0.8338525571854103+0j)
0.912	0.831744	0.005753893614381289	0.8374992926973883	0.0	(0.8374992926973883+0j)
0.914	0.835396	0.005756569519893585	0.8411540122006154	0.0	(0.8411540122006154+0j)
0.916	0.839056	0.005759227953803704	0.8448167159136007	0.0	(0.8448167159136007+0j)
0.918	0.842724	0.005761869066628929	0.8484874040573044	0.0	(0.8484874040573044+0j)
0.92	0.8464	0.005764493007315711	0.8521660768555471	0.0	(0.8521660768555471+0j)
0.922	0.8500840000000001	0.005767099923257689	0.8558527345354399	0.0	(0.8558527345354399+0j)
0.924	0.8537760000000001	0.005769689960313533	0.85954737732794	0.0	(0.85954737732794+0j)
0.926	0.8574760000000001	0.005772263262824592	0.8632500054683988	0.0	(0.8632500054683988+0j)
0.928	0.8611840000000001	0.005774819973632347	0.8669606191972609	0.0	(0.8669606191972609+0j)
0.93	0.8649000000000001	0.005777360234095699	0.8706792187607698	0.0	(0.8706792187607698+0j)
0.932	0.8686240000000001	0.005779884184108042	0.874405804411853	0.0	(0.874405804411853+0j)
0.934	0.8723560000000001	0.0057823919621141735	0.878140376411068	0.0	(0.878140376411068+0j)
0.936	0.8760960000000001	0.005784883705127007	0.8818829350277623	0.0	(0.8818829350277623+0j)
0.9380000000000001	0.8798440000000001	0.005787359548744109	0.8856334805413695	0.0	(0.8856334805413695+0j)
0.9400000000000001	0.8836000000000002	0.005789819627164043	0.8893920132428612	0.0	(0.8893920132428612+0j)
0.9420000000000001	0.8873640000000002	0.005792264073202546	0.8931585334365273	0.0	(0.8931585334365273+0j)
0.9440000000000001	0.8911360000000002	0.005794693018308511	0.8969330414420622	0.0	(0.8969330414420622+0j)
0.9460000000000001	0.8949160000000002	0.005797106592579803	0.9007155375968935	0.0	(0.9007155375968935+0j)
0.9480000000000001	0.8987040000000002	0.00579950492477888	0.904506022259077	0.0	(0.904506022259077+0j)
0.9500000000000001	0.9025000000000001	0.005801888142348254	0.9083044958106686	0.0	(0.9083044958106686+0j)
0.9520000000000001	0.9063040000000001	0.005804256371425768	0.9121109586618271	0.0	(0.9121109586618271+0j)
0.9540000000000001	0.9101160000000001	0.005806609736859693	0.915925411255616	0.0	(0.915925411255616+0j)
0.9560000000000001	0.9139360000000002	0.005808948362223669	0.9197478540740449	0.0	(0.9197478540740449+0j)
0.9580000000000001	0.9177640000000001	0.00581127236983145	0.92357828764529	0.0	(0.92357828764529+0j)
0.96	0.9216	0.005813581880751499	0.9274167125527174	0.0	(0.9274167125527174+0j)
0.962	0.9254439999999999	0.005815877014821402	0.9312631294461036	0.0	(0.9312631294461036+0j)
0.964	0.9292959999999999	0.00581815789066212	0.9351175390557713	0.0	(0.9351175390557713+0j)
0.966	0.933156	0.005820424625692068	0.9389799422106158	0.0	(0.9389799422106158+0j)
0.968	0.937024	0.005822677336141034	0.9428503398613886	0.0	(0.9428503398613886+0j)
0.97	0.9409	0.0058249161370639395	0.9467287331111277	0.0	(0.9467287331111277+0j)
0.972	0.944784	0.005827141142354411	0.9506151232556814	0.0	(0.9506151232556814+0j)
0.974	0.948676	0.005829352464758236	0.9545095118384807	0.0	(0.9545095118384807+0j)
0.976	0.952576	0.005831550215886609	0.9584119007261205	0.0	(0.9584119007261205+0j)
0.978	0.956484	0.0058337345062292635	0.9623222922151095	0.0	(0.9623222922151095+0j)
0.98	0.9603999999999999	0.005835905445167413	0.9662406891864234	0.0	(0.9662406891864234+0j)
0.982	0.964324	0.0058380631409865585	0.970167095336391	0.0	(0.970167095336391+0j)
0.984	0.968256	0.005840207700889135	0.9741015155340301	0.0	(0.9741015155340301+0j)
0.986	0.972196	0.005842339231007003	0.9780439563985052	0.0	(0.9780439563985052+0j)
0.988	0.976144	0.005844457836413794	0.9819944272827088	0.0	(0.9819944272827088+0j)
0.99	0.9801	0.005846563621137107	0.9859529420629664	0.0	(0.9859529420629664+0j)
0.992	0.9840639999999999	0.005848656688170549	0.9899195226861547	0.0	(0.9899195226861547+0j)
0.994	0.988036	0.005850737139485645	0.9938942070605172	0.0	(0.9938942070605172+0j)
0.996	0.992016	0.005852805076043583	0.9978770697811802	0.0	(0.9978770697811802+0j)
0.998	0.996004	0.005854860597806835	1.0018682930428178	0.0	(1.0018682930428178+0j)
1.0	1.0	0.0058569038037506235	1.0058685735351605	0.0	(1.0058685735351605+0j)
