-191.62081194867162	-36718.53557186817	-0.39786568544071416	-36718.933437553605	0.0	(-36718.933437553605+0j)
-95.80779665442321	-9179.133899775308	-0.3978006638516287	-9179.53170043916	0.0	(-9179.53170043916+0j)
-63.868965149824504	-4079.244709309497	-0.39769227879425717	-4079.64240158829	0.0	(-4079.64240158829+0j)
-47.89867954526018	-2294.283502179526	-0.39754050664760165	-2294.6810426861744	0.0	(-2294.6810426861744+0j)
-38.31581224764096	-1468.1014681964732	-0.3973453143269502	-1468.4988135107926	0.0	(-1468.4988135107926+0j)
-31.92665404663059	-1019.3112386132333	-0.39710665926854793	-1019.7083452725036	0.0	(-1019.7083452725036+0j)
-27.362472412674148	-748.7048965343538	-0.39682448940986625	-749.1017210237669	0.0	(-749.1017210237669+0j)
-23.938901071506148	-573.0709845113582	-0.3964987431654571	-573.4674832747354	0.0	(-573.4674832747354+0j)
-21.27573652898499	-452.65696485078627	-0.3961293493983703	-453.05309715669307	0.0	(-453.05309715669307+0j)
-19.14485668102724	-366.52553733707333	-0.3957162273871133	-366.92130466937226	0.0	(-366.92130466937226+0j)
-17.40109290903076	-302.79803442872054	-0.39525928678812594	-303.19355568830076	0.0	(-303.19355568830076+0j)
-15.947666127586315	-254.32805491696388	-0.39475842759374025	-254.72346138601694	0.0	(-254.72346138601694+0j)
-14.717575425552228	-216.60702640681885	-0.39421354008559184	-217.00226867611582	0.0	(-217.00226867611582+0j)
-13.66296300381141	-186.6765580435193	-0.3936245047834463	-187.07143250702885	0.0	(-187.07143250702885+0j)
-12.748733137924708	-162.53019662201956	-0.3929911923893978	-162.9244958781259	0.0	(-162.9244958781259+0j)
-11.948564029789118	-142.76818237397038	-0.3923134637273968	-143.16177531144046	0.0	(-143.16177531144046+0j)
-11.242327241063164	-126.38992179515088	-0.39159116967805774	-126.78274114727213	0.0	(-126.78274114727213+0j)
-10.614367315450416	-112.66479350730206	-0.39082415110869306	-113.05679762751758	0.0	(-113.05679762751758+0j)
-10.052324678156053	-101.0492314350652	-0.39001223879851876	-101.44038252260965	0.0	(-101.44038252260965+0j)
-9.54631166550631	-91.13206641498188	-0.38915525335896933	-91.52232520247296	0.0	(-91.52232520247296+0j)
-9.088323974676241	-82.59763266867495	-0.38825300514905875	-82.986958462202	0.0	(-82.986958462202+0j)
-8.671812627127995	-75.20033424001653	-0.38730529418571735	-75.58868530584732	0.0	(-75.58868530584732+0j)
-8.291367593760423	-68.7467765748605	-0.3863119100490325	-69.13411031825748	0.0	(-69.13411031825748+0j)
-7.942480513771104	-63.0829967116337	-0.38527263178231513	-63.46926979598118	0.0	(-63.46926979598118+0j)
-7.621364360991174	-58.0851947229864	-0.38418722778691206	-58.47036316093901	0.0	(-58.47036316093901+0j)
-7.3248147256812395	-53.65291076555673	-0.38305545571169247	-54.03692998699467	0.0	(-54.03692998699467+0j)
-7.050101922594505	-49.70393711897074	-0.38187706233720425	-50.086762021643125	0.0	(-50.086762021643125+0j)
-6.794886218740517	-46.170478725629806	-0.38065178345481226	-46.552063712726635	0.0	(-46.552063712726635+0j)
-6.5571506002319895	-42.99622399412274	-0.37937934374224075	-43.37652300183801	0.0	(-43.37652300183801+0j)
-6.3351469857621545	-40.13408733121131	-0.37805945664011353	-40.51305384857022	0.0	(-40.51305384857022+0j)
-6.127352850376532	-37.54445295301741	-0.3766918242415762	-37.92204003566321	0.0	(-37.92204003566321+0j)
-5.932435982287334	-35.193796683937485	-0.3752761372220591	-35.56995696320423	0.0	(-35.56995696320423+0j)
-5.749225647539572	-33.05359554632681	-0.3738120748618292	-33.42828123465614	0.0	(-33.42828123465614+0j)
-5.576688843265378	-31.099458454600544	-0.37229930525169863	-31.47262134823806	0.0	(-31.47262134823806+0j)
-5.4139106218087605	-29.31042822093372	-0.370737485820158	-29.6820197008067	0.0	(-29.6820197008067+0j)
-5.260077694162765	-27.668417348628676	-0.36912626437195567	-28.038388380374148	0.0	(-28.038388380374148+0j)
-5.11446469230851	-26.157749088870382	-0.36746528087348024	-26.52605022311995	0.0	(-26.52605022311995+0j)
-4.976422600658465	-24.764781900344357	-0.365754170247259	-25.13136327456595	0.0	(-25.13136327456595+0j)
-4.845368967277471	-23.477600429055546	-0.3639925664357973	-23.84241177245091	0.0	(-23.84241177245091+0j)
-4.720779583420475	-22.28575987523959	-0.3621801079575162	-22.64875051837894	0.0	(-22.64875051837894+0j)
-4.602181380698693	-21.180073460849727	-0.36031644510446265	-21.541192351833356	0.0	(-21.541192351833356+0j)
-4.489146342936222	-20.15243488829766	-0.3584012488289179	-20.511630617256344	0.0	(-20.511630617256344+0j)
-4.381286267534822	-19.195669358089212	-0.35643422124519075	-19.55289019173807	0.0	(-19.55289019173807+0j)
-4.278248241197923	-18.303408013313117	-0.35441510754772865	-18.6586019410497	0.0	(-18.6586019410497+0j)
-4.1797107188912594	-17.46998169361449	-0.35234370903132006	-17.823096486324996	0.0	(-17.823096486324996+0j)
-4.085380114243313	-16.690330677854707	-0.35021989680565696	-17.0413139601721	0.0	(-17.0413139601721+0j)
-3.9949878252136055	-15.959927723604933	-0.34804362573328357	-16.308727059874784	0.0	(-16.308727059874784+0j)
-3.908287631552308	-15.274712210944749	-0.34581494809114044	-15.621275204654026	0.0	(-15.621275204654026+0j)
-3.8250534109381644	-14.631033596529686	-0.34353402646151393	-14.975308002444152	0.0	(-14.975308002444152+0j)
-3.745077129179684	-14.025602703504743	-0.34120114539475244	-14.36753655130541	0.0	(-14.36753655130541+0j)
-3.66816706686314	-13.45544963041933	-0.3388167214477399	-13.79499135822251	0.0	(-13.79499135822251+0j)
-3.5941462506179493	-12.917887270831063	-0.3363813112815791	-13.25498586666186	0.0	(-13.25498586666186+0j)
-3.522851061974551	-12.410479604855222	-0.33389561759167374	-12.745084753912785	0.0	(-12.745084753912785+0j)
-3.454130000793466	-11.931014062381468	-0.3313604927363087	-12.26307629780239	0.0	(-12.26307629780239+0j)
-3.3878425835928954	-11.477477371205385	-0.3287769400198213	-11.806948225983787	0.0	(-11.806948225983787+0j)
-3.323858359912498	-11.048034396760201	-0.32614611266876736	-11.374866554525191	0.0	(-11.374866554525191+0j)
-3.262056032217725	-10.641009557328049	-0.3234693106107609	-10.96515699978653	0.0	(-10.96515699978653+0j)
-3.2023226668483793	-10.254870462610915	-0.3207479752239124	-10.576288611632874	0.0	(-10.576288611632874+0j)
-3.144552985209584	-9.888213476790508	-0.31798368226921847	-10.206859329326585	0.0	(-10.206859329326585+0j)
-3.0886487258435147	-9.539750951654767	-0.3151781332490293	-9.85558320591954	0.0	(-9.85558320591954+0j)
-3.034518069248077	-9.208299912593077	-0.31233314545276064	-9.521279084207881	0.0	(-9.521279084207881+0j)
-2.982075118358144	-8.89277201153074	-0.30945064095770947	-9.202860538589496	0.0	(-9.202860538589496+0j)
-2.931239428504668	-8.592164587220372	-0.30653263484990373	-8.899326923505003	0.0	(-8.899326923505003+0j)
-2.8819355814399845	-8.305552695569821	-0.3035812229191517	-8.60975539139719	0.0	(-8.60975539139719+0j)
-2.8340927986837694	-8.0320819915512	-0.30059856906569044	-8.33329376197053	0.0	(-8.33329376197053+0j)
-2.7876445900192137	-7.77096236026339	-0.2975868926347355	-8.069154140538455	0.0	(-8.069154140538455+0j)
-2.7425284334670543	-7.521462208375255	-0.294548455871352	-7.816607196878596	0.0	(-7.816607196878596+0j)
-2.6986854834970577	-7.282903338837748	-0.29148555166270435	-7.574977027650418	0.0	(-7.574977027650418+0j)
-2.6560603046123226	-7.054656341737304	-0.2884004917089931	-7.343636535389151	0.0	(-7.343636535389151+0j)
-2.6146006277690774	-6.836136442730454	-0.2852955952391361	-7.122003265630479	0.0	(-7.122003265630479+0j)
-2.5742571273806174	-6.626799757869908	-0.2821731783631634	-6.9095356510696	0.0	(-6.9095356510696+0j)
-2.5349832169041195	-6.426139909985558	-0.2790355441308555	-6.705729617985475	0.0	(-6.705729617985475+0j)
-2.496734861228448	-6.2336849672734385	-0.2758849733456876	-6.510115515633443	0.0	(-6.510115515633443+0j)
-2.4594704042736235	-6.048994669497861	-0.27272371616483887	-6.322255334041329	0.0	(-6.322255334041329+0j)
-2.423150410382236	-5.871657911335598	-0.2695539844999615	-6.14174017975212	0.0	(-6.14174017975212+0j)
-2.3877375182324627	-5.70129045597492	-0.26637794521957475	-5.968187982627153	0.0	(-5.968187982627153+0j)
-2.3531963061343935	-5.537532855204554	-0.2631977141422731	-5.801241409933489	0.0	(-5.801241409933489+0j)
-2.3194931676880453	-5.3800485549515225	-0.2600153508003011	-5.6405659666541474	0.0	(-5.6405659666541474+0j)
-2.286596196884975	-5.228522167608831	-0.25683285394529265	-5.485848263332924	0.0	(-5.485848263332924+0j)
-2.254475081827145	-5.082657894579511	-0.2536521577619226	-5.33679443484697	0.0	(-5.33679443484697+0j)
-2.223101006318373	-4.942178084293763	-0.2504751287507017	-5.1931286953241225	0.0	(-5.1931286953241225+0j)
-2.1924465586562807	-4.806821912563768	-0.2473035632379586	-5.054592016027581	0.0	(-5.054592016027581+0j)
-2.1624856470174922	-4.676344173556662	-0.24413918546904126	-4.920940914444465	0.0	(-4.920940914444465+0j)
-2.133193420886631	-4.550514170914008	-0.24098364623973637	-4.7919463440609125	0.0	(-4.7919463440609125+0j)
-2.1045461980314064	-4.429114699648448	-0.2378385220207141	-4.6673926754095065	0.0	(-4.6673926754095065+0j)
-2.0765213965723364	-4.311941110422726	-0.23470531453028814	-4.547076759948727	0.0	(-4.547076759948727+0j)
-2.049097471737219	-4.1988004486798625	-0.231585450711832	-4.43080706919952	0.0	(-4.43080706919952+0j)
-2.0222538569276787	-4.089510661858872	-0.22848028307366464	-4.318402902331084	0.0	(-4.318402902331084+0j)
-1.9959709087586568	-3.9838998686108584	-0.2253910903510416	-4.209693656069478	0.0	(-4.209693656069478+0j)
-1.9702298557618156	-3.881805684535225	-0.2223190784519394	-4.104518151410809	0.0	(-4.104518151410809+0j)
-1.9450127504710306	-3.7830745994948836	-0.21926538165055692	-4.00272401216077	0.0	(-4.00272401216077+0j)
-1.9203024246326275	-3.6875614020499476	-0.2162310639947868	-3.9041670908064487	0.0	(-3.9041670908064487+0j)
-1.8960824473051814	-3.595128646978806	-0.21321712089629918	-3.808710937657245	0.0	(-3.808710937657245+0j)
-1.872337085633676	-3.5056461622392074	-0.2102244808742646	-3.716226309578408	0.0	(-3.716226309578408+0j)
-1.8490512681009823	-3.4189905920658505	-0.20725400742611327	-3.6265907149863486	0.0	(-3.6265907149863486+0j)
-1.826210550076001	-3.3350449732088903	-0.20430650100102482	-3.5396879920858706	0.0	(-3.5396879920858706+0j)
-1.8038010814927508	-3.253698341594417	-0.20138270105407535	-3.4554079176076824	0.0	(-3.4554079176076824+0j)
-1.7818095765081643	-3.174845366936204	-0.19848328816109054	-3.3736458435551424	0.0	(-3.3736458435551424+0j)
-1.760223284998705	-3.098386013051632	-0.19560888617628147	-3.29430235969516	0.0	(-3.29430235969516+0j)
-1.7390299657670674	-3.0242252218358074	-0.19276006441664284	-3.2172829797305136	0.0	(-3.2172829797305136+0j)
-1.7182178613404582	-2.9522726190293778	-0.18993733985887978	-3.142497849275204	0.0	(-3.142497849275204+0j)
-1.6977756742512127	-2.88244224007916	-0.18714117933629476	-3.0698614739185057	0.0	(-3.0698614739185057+0j)
-1.6776925446990145	-2.8146522745386546	-0.18437200172460694	-2.999292465813881	0.0	(-2.999292465813881+0j)
-1.6579580295017198	-2.7488248275892255	-0.1816301801070999	-2.930713307364125	0.0	(-2.930713307364125+0j)
-1.6385620822488856	-2.6848856973838036	-0.17891604391079982	-2.8640501306953485	0.0	(-2.8640501306953485+0j)
-1.6194950345785646	-2.6227641670246262	-0.17622988100657866	-2.7992325117250783	0.0	(-2.7992325117250783+0j)
-1.600747578503893	-2.562392810086077	-0.17357193976716465	-2.7361932777290714	0.0	(-2.7361932777290714+0j)
-1.5823107497214135	-2.503707308683942	-0.17094243107802587	-2.6748683274032468	0.0	(-2.6748683274032468+0j)
-1.5641759118381064	-2.4466462831745717	-0.1683415302969849	-2.6151964625001027	0.0	(-2.6151964625001027+0j)
-1.5463347414586395	-2.3911511326419572	-0.1657693791592162	-2.557119230194845	0.0	(-2.557119230194845+0j)
-1.5287792140786036	-2.337165885398793	-0.16322608762499857	-2.5005807754044507	0.0	(-2.5005807754044507+0j)
-1.5115015907333542	-2.2846370587894604	-0.16071173566823163	-2.445527702346029	0.0	(-2.445527702346029+0j)
-1.4944944053556504	-2.233513527639339	-0.1582263750042888	-2.391908944677912	0.0	(-2.391908944677912+0j)
-1.4777504527985619	-2.1837464007463545	-0.15577003075628393	-2.3396756436187167	0.0	(-2.3396756436187167+0j)
-1.4612627774831597	-2.135288904857798	-0.1533427030592644	-2.2887810334870484	0.0	(-2.2887810334870484+0j)
-1.445024662633272	-2.088096275618401	-0.15094436860223057	-2.2391803341484917	0.0	(-2.2391803341484917+0j)
-1.4290296200621948	-2.042125655015101	-0.14857498210821535	-2.1908306498959282	0.0	(-2.1908306498959282+0j)
-1.4132713804785997	-1.9973359948798868	-0.14623447775294407	-2.1436908743251823	0.0	(-2.1436908743251823+0j)
-1.3977438842811067	-1.953687966045236	-0.143922770522846	-2.0977216008021053	0.0	(-2.0977216008021053+0j)
-1.3824412728130073	-1.9111438727768477	-0.14163975751339397	-2.052885038147003	0.0	(-2.052885038147003+0j)
-1.367357880050523	-1.8696675721362606	-0.13938531916893132	-2.0091449311906975	0.0	(-2.0091449311906975+0j)
-1.3524882246997147	-1.829224397951386	-0.13715932046528473	-1.966466485881746	0.0	(-1.966466485881746+0j)
-1.3378270026787948	-1.7897810890965282	-0.13496161203658916	-1.9248162986485913	0.0	(-1.9248162986485913+0j)
-1.3233690799640727	-1.7513057218049564	-0.13279203124784003	-1.88416228974129	0.0	(-1.88416228974129+0j)
-1.3091094857791792	-1.713767645757027	-0.13065040321476878	-1.8444736402978354	0.0	(-1.8444736402978354+0j)
-1.2950434061084883	-1.6771374237050751	-0.12853654177269058	-1.8057207328984082	0.0	(-1.8057207328984082+0j)
-1.281166177516874	-1.641386774413198	-0.12645025039601332	-1.7678750953875835	0.0	(-1.7678750953875835+0j)
-1.2674732812590377	-1.6064885187055518	-0.12439132307012529	-1.7309093477599773	0.0	(-1.7309093477599773+0j)
-1.253960337662704	-1.5724165284311626	-0.12235954511738797	-1.6947971519196017	0.0	(-1.6947971519196017+0j)
-1.2406231007709225	-1.5391456781664585	-0.12035469397896545	-1.6595131641356589	0.0	(-1.6595131641356589+0j)
-1.2274574532296423	-1.5066517994889994	-0.11837653995421468	-1.6250329900305827	0.0	(-1.6250329900305827+0j)
-1.2144594014075378	-1.4749116376671552	-0.11642484689934149	-1.5913331419465222	0.0	(-1.5913331419465222+0j)
-1.2016250707358727	-1.443902810620991	-0.11449937288701276	-1.5583909985475222	0.0	(-1.5583909985475222+0j)
-1.188950701256894	-1.41360377001926	-0.11259987082857838	-1.5261847665239605	0.0	(-1.5261847665239605+0j)
-1.1764326433699523	-1.3839937643864135	-0.11072608906053039	-1.4946934442747533	0.0	(-1.4946934442747533+0j)
-1.1640673537651605	-1.3550528041018233	-0.10887777189678725	-1.4638967874512356	0.0	(-1.4638967874512356+0j)
-1.1518513915350144	-1.326761628181149	-0.10705466014835141	-1.433775276253917	0.0	(-1.433775276253917+0j)
-1.1397814144549399	-1.2991016727369034	-0.10525649161184585	-1.4043100843808651	0.0	(-1.4043100843808651+0j)
-1.127854175424264	-1.2720550410219462	-0.10348300152839177	-1.3754830495326487	0.0	(-1.3754830495326487+0j)
-1.1160665190595802	-1.2456044749657682	-0.10173392301424201	-1.3472766453849472	0.0	(-1.3472766453849472+0j)
-1.1044153784329473	-1.2197333281191902	-0.10000898746453879	-1.3196739549460041	0.0	(-1.3196739549460041+0j)
-1.0928977719477735	-1.1944255399284076	-0.09830792493151788	-1.29265864522049	0.0	(-1.29265864522049+0j)
-1.0815108003456506	-1.1696656112642898	-0.09663046447843035	-1.2662149431072718	0.0	(-1.2662149431072718+0j)
-1.0702516438377647	-1.1454385811374377	-0.09497633451040932	-1.2403276124623885	0.0	(-1.2403276124623885+0j)
-1.0591175593548718	-1.1217300045338205	-0.09334526308345824	-1.2149819322630615	0.0	(-1.2149819322630615+0j)
-1.0481058779101498	-1.0985259313098057	-0.09173697819269175	-1.1901636758124896	0.0	(-1.1901636758124896+0j)
-1.0372140020695502	-1.0758128860891327	-0.09015120804091392	-1.1658590909289015	0.0	(-1.1658590909289015+0j)
-1.0264394035245619	-1.0535778491078585	-0.08858768128857317	-1.142054881065639	0.0	(-1.142054881065639+0j)
-1.015779620762577	-1.031808237956565	-0.08704612728608653	-1.1187381873124855	0.0	(-1.1187381873124855+0j)
-1.005232256830298	-1.0104918901721343	-0.08552627628948657	-1.0958965712310196	0.0	(-1.0958965712310196+0j)
-0.9947949771858732	-0.9896170466342419	-0.08402785966029773	-1.0735179984802308	0.0	(-1.0735179984802308+0j)
-0.9844655076356713	-0.96917233572436	-0.08255061005050912	-1.0515908231904791	0.0	(-1.0515908231904791+0j)
-0.9742416323518225	-0.9491467582075437	-0.08109426157347263	-1.0301037730470006	0.0	(-1.0301037730470006+0j)
-0.9641211919668486	-0.929529672799577	-0.07965854996151364	-1.0090459350459096	0.0	(-1.0090459350459096+0j)
-0.9541020817419043	-0.9103107823842354	-0.07824321271100637	-0.9884067418882694	0.0	(-0.9884067418882694+0j)
-0.9441822498053177	-0.8914801208474314	-0.07684798921562756	-0.9681759589793093	0.0	(-0.9681759589793093+0j)
-0.9343596954583013	-0.8730280404969296	-0.0754726208884722	-0.9483436720022071	0.0	(-0.9483436720022071+0j)
-0.9246324675448458	-0.8549452000380704	-0.07411685127367396	-0.928900275037263	0.0	(-0.928900275037263+0j)
-0.9149986628829794	-0.8372225530776402	-0.07278042614814968	-0.9098364591991344	0.0	(-0.9098364591991344+0j)
-0.9054564247546951	-0.8198513371295548	-0.07146309361404778	-0.8911432017663095	0.0	(-0.8911432017663095+0j)
-0.8960039414520024	-0.8028230630975233	-0.07016460418245947	-0.8728117557783307	0.0	(-0.8728117557783307+0j)
-0.8866394448766667	-0.7861295052112036	-0.0688847108489151	-0.8548336400778758	0.0	(-0.8548336400778758+0j)
-0.8773612091913384	-0.7697626913936875	-0.06762316916116659	-0.8372006297757842	0.0	(-0.8372006297757842+0j)
-0.8681675495198651	-0.7537148940393273	-0.06637973727973132	-0.8199047471186223	0.0	(-0.8199047471186223+0j)
-0.8590568206947075	-0.7379786211820988	-0.06515417603163862	-0.8029382527392718	0.0	(-0.8029382527392718+0j)
-0.850027416049463	-0.7225466080357268	-0.06394624895781437	-0.7862936372721667	0.0	(-0.7862936372721667+0j)
-0.8410777662546096	-0.7074118088878437	-0.06275572235449695	-0.7699636133158478	0.0	(-0.7699636133158478+0j)
-0.8322063381946602	-0.6925673893313651	-0.06158236530906788	-0.7539411077263698	0.0	(-0.7539411077263698+0j)
-0.8234116338850167	-0.6780067188171928	-0.060425949730660844	-0.7382192542260376	0.0	(-0.7382192542260376+0j)
-0.8146921894268805	-0.6637233635131641	-0.059286250375883975	-0.7227913863126934	0.0	(-0.7227913863126934+0j)
-0.8060465739986629	-0.6497110794549819	-0.058163044869982	-0.707651030455586	0.0	(-0.707651030455586+0j)
-0.7974733888824039	-0.6359638059755859	-0.05705611372374131	-0.6927918995647153	0.0	(-0.6927918995647153+0j)
-0.7889712665237847	-0.6224756594001449	-0.055965240346424056	-0.6782078867210034	0.0	(-0.6782078867210034+0j)
-0.7805388696243736	-0.6092409269944948	-0.05489021105500563	-0.6638930591554939	0.0	(-0.6638930591554939+0j)
-0.7721748902648196	-0.5962540611554862	-0.0538308150799692	-0.6498416524662066	0.0	(-0.6498416524662066+0j)
-0.7638780490577551	-0.5835096738322821	-0.05278684456790139	-0.6360480650621306	0.0	(-0.6360480650621306+0j)
-0.7556470943292316	-0.5710025311682106	-0.05175809458111663	-0.6225068528240075	0.0	(-0.6225068528240075+0j)
-0.7474808013275652	-0.5587275483532991	-0.05074436309452493	-0.6092127239724233	0.0	(-0.6092127239724233+0j)
-0.7393779714585126	-0.5466797846781051	-0.0497454509899474	-0.5961605341339614	0.0	(-0.5961605341339614+0j)
-0.7313374315457567	-0.5348544387799443	-0.04876116204806935	-0.5833452815967526	0.0	(-0.5833452815967526+0j)
-0.7233580331157132	-0.5232468440730332	-0.04779130293821279	-0.5707621027471359	0.0	(-0.5707621027471359+0j)
-0.7154386517057267	-0.5118524643545082	-0.04683568320609663	-0.5584062676795649	0.0	(-0.5584062676795649+0j)
-0.7075781861947515	-0.5006668895786545	-0.045894115259745016	-0.546273175972256	0.0	(-0.546273175972256+0j)
-0.6997755581556651	-0.4896858317920726	-0.04496641435369514	-0.5343583526214591	0.0	(-0.5343583526214591+0j)
-0.6920297112283867	-0.47890512122284434	-0.04405239857164317	-0.5226574441275342	0.0	(-0.5226574441275342+0j)
-0.6843396105130207	-0.4683207025171129	-0.04315188880766513	-0.5111662147264115	0.0	(-0.5111662147264115+0j)
-0.6767042419822653	-0.4579286311167923	-0.042264708746135304	-0.4998805427601724	0.0	(-0.4998805427601724+0j)
-0.6691226119123722	-0.4477250697724351	-0.041390684840458825	-0.4887964171809588	0.0	(-0.4887964171809588+0j)
-0.6615937463319622	-0.43770628518556076	-0.04052964629073286	-0.47790993418248723	0.0	(-0.47790993418248723+0j)
-0.6541166904880383	-0.4278686447750241	-0.03968142502043498	-0.4672172939539233	0.0	(-0.4672172939539233+0j)
-0.6466905083285601	-0.4182086135622515	-0.038845855652238914	-0.45671479755083316	0.0	(-0.45671479755083316+0j)
-0.6393142820009755	-0.40872275117042284	-0.038022775483049776	-0.44639884387845113	0.0	(-0.44639884387845113+0j)
-0.6319871113661227	-0.399407708932896	-0.037212024458339876	-0.436265926782489	0.0	(-0.436265926782489+0j)
-0.6247081135269501	-0.3902602271064008	-0.03641344514587086	-0.426312632243042	0.0	(-0.426312632243042+0j)
-0.6174764223715118	-0.38127713218472165	-0.03562688270887182	-0.4165356356672432	0.0	(-0.4165356356672432+0j)
-0.610291188129732	-0.3724553343088	-0.03485218487874919	-0.40693169927662476	0.0	(-0.40693169927662476+0j)
-0.6031515769434397	-0.36379182476935806	-0.03408920192738807	-0.39749766958519706	0.0	(-0.39749766958519706+0j)
-0.5960567704492034	-0.3552836735983343	-0.03333778663911102	-0.3882304749644918	0.0	(-0.3882304749644918+0j)
-0.5890059653735115	-0.3469280272455822	-0.03259779428235021	-0.37912712329193643	0.0	(-0.37912712329193643+0j)
-0.5819983731398622	-0.3387221063374463	-0.031869082581085784	-0.37018469967911916	0.0	(-0.37018469967911916+0j)
-0.5750332194873428	-0.3306632035139785	-0.03115151168610053	-0.3614003642765798	0.0	(-0.3614003642765798+0j)
-0.5681097441002981	-0.3227486813417062	-0.03044494414609994	-0.35277135015200506	0.0	(-0.35277135015200506+0j)
-0.5612272002487005	-0.31497597029899504	-0.02974924487873648	-0.3442949612387017	0.0	(-0.3442949612387017+0j)
-0.5543848544388508	-0.30734256683118577	-0.029064281141583936	-0.33596857035149275	0.0	(-0.33596857035149275+0j)
-0.5475819860740501	-0.29984603147280114	-0.02838992250309369	-0.3277896172672123	0.0	(-0.3277896172672123+0j)
-0.5408178871249055	-0.29248398703424705	-0.02772604081357294	-0.319755606867132	0.0	(-0.319755606867132+0j)
-0.5340918618089321	-0.2852541168505314	-0.02707251017621426	-0.31186410733875014	0.0	(-0.31186410733875014+0j)
-0.52740322627914	-0.2781541630896458	-0.026429206918208437	-0.3041127484345559	0.0	(-0.3041127484345559+0j)
-0.5207513083212973	-0.2711819251183429	-0.02579600956196526	-0.2964992197854027	0.0	(-0.2964992197854027+0j)
-0.5141354470595768	-0.26433525792315093	-0.025172798796472273	-0.2890212692663138	0.0	(-0.2890212692663138+0j)
-0.5075549926703028	-0.2576120705845511	-0.024559457448813382	-0.2816767014126432	0.0	(-0.2816767014126432+0j)
-0.5010093061035267	-0.2510103248023373	-0.023955870455866224	-0.2744633758845884	0.0	(-0.2744633758845884+0j)
-0.4944977588121683	-0.24452803347025737	-0.023361924836204917	-0.26737920597822057	0.0	(-0.26737920597822057+0j)
-0.4880197324884713	-0.2381632592981191	-0.022777509662221807	-0.2604221571812848	0.0	(-0.2604221571812848+0j)
-0.48157461880752866	-0.23191411347961655	-0.022202516032485686	-0.2535902457721083	0.0	(-0.2535902457721083+0j)
-0.47516181917764533	-0.2257787544042093	-0.021636837044355928	-0.2468815374601038	0.0	(-0.2468815374601038+0j)
-0.4687807444973108	-0.21975538641145298	-0.021080367766860286	-0.24029414606646587	0.0	(-0.24029414606646587+0j)
-0.4624308149185655	-0.2138422585862486	-0.02053300521385637	-0.23382623224372248	0.0	(-0.23382623224372248+0j)
-0.4561114596165508	-0.20803766359354045	-0.019994648317483987	-0.22747600223294098	0.0	(-0.22747600223294098+0j)
-0.4498221165650396	-0.2023399365510521	-0.01946519790192114	-0.22124170665748297	0.0	(-0.22124170665748297+0j)
-0.4435622323177543	-0.19674745393870946	-0.018944556657451983	-0.21512163935229425	0.0	(-0.21512163935229425+0j)
-0.43733126179528253	-0.19125863254345396	-0.018432629114857324	-0.2091141362278255	0.0	(-0.2091141362278255+0j)
-0.4311286680774101	-0.18587192843820166	-0.0179293216201315	-0.2032175741677117	0.0	(-0.2032175741677117+0j)
-0.424953922200696	-0.1805858359937552	-0.017434542309541223	-0.19743036995951352	0.0	(-0.19743036995951352+0j)
-0.4188065029611196	-0.17539888692252228	-0.016948201085020265	-0.1917509792577782	0.0	(-0.1917509792577782+0j)
-0.41268589672163897	-0.17030964935294327	-0.016470209589917184	-0.18617789557886158	0.0	(-0.18617789557886158+0j)
-0.4065915972245003	-0.16531672693357027	-0.01600048118509112	-0.18070964932690176	0.0	(-0.18070964932690176+0j)
-0.4005231054081483	-0.16041875796578667	-0.015538930925368954	-0.17534480685047138	0.0	(-0.17534480685047138+0j)
-0.3944799292285899	-0.15561441456419328	-0.015085475536359416	-0.17008196952940338	0.0	(-0.17008196952940338+0j)
-0.3884615834850694	-0.15090240184372752	-0.014640033391630225	-0.16491977289134946	0.0	(-0.16491977289134946+0j)
-0.3824675896499174	-0.1462814571326176	-0.014202524490253277	-0.15985688575764861	0.0	(-0.15985688575764861+0j)
-0.3764974757024426	-0.14175034921031135	-0.01377287043471509	-0.1548920094180689	0.0	(-0.1548920094180689+0j)
-0.3705507759667358	-0.13730787756955	-0.013350994409196959	-0.15002387683400575	0.0	(-0.15002387683400575+0j)
-0.3646270309532649	-0.13295287170179318	-0.0129368211582237	-0.1452512518696969	0.0	(-0.1452512518696969+0j)
-0.35872578720413834	-0.12868419040522874	-0.012530276965686538	-0.14057292855100634	0.0	(-0.14057292855100634+0j)
-0.35284659714192407	-0.12450072111463525	-0.012131289634234044	-0.13598773035129533	0.0	(-0.13598773035129533+0j)
-0.34698901892190853	-0.1204013792523886	-0.011739788465038314	-0.13149450950387342	0.0	(-0.13149450950387342+0j)
-0.34115261628768995	-0.11638510759993581	-0.011355704237921982	-0.1270921463405002	0.0	(-0.1270921463405002+0j)
-0.3353369584299992	-0.11245087568908303	-0.010978969191869359	-0.12277954865534121	0.0	(-0.12277954865534121+0j)
-0.32954161984864705	-0.10859767921247021	-0.010609517005892855	-0.11855565109378279	0.0	(-0.11855565109378279+0j)
-0.3237661802174991	-0.1048245394526301	-0.010247282780285749	-0.1144194145654297	0.0	(-0.1144194145654297+0j)
-0.3180102242523831	-0.101130502729051	-0.009892203018219137	-0.11036982568060767	0.0	(-0.11036982568060767+0j)
-0.312273341581836	-0.09751463986268603	-0.009544215607723006	-0.10640589620963928	0.0	(-0.10640589620963928+0j)
-0.3065551266206011	-0.09397604565737276	-0.009203259804028141	-0.1025266625641295	0.0	(-0.1025266625641295+0j)
-0.30085517844578846	-0.09051383839764722	-0.008869276212258859	-0.09873118529947916	0.0	(-0.09873118529947916+0j)
-0.2951731006756148	-0.08712715936245663	-0.008542206770502103	-0.0950185486378049	0.0	(-0.0950185486378049+0j)
-0.2895085013506396	-0.0838151723542933	-0.008221994733221827	-0.09138786001046569	0.0	(-0.09138786001046569+0j)
-0.2838609928174205	-0.08057706324329166	-0.00790858465503863	-0.08783824961933676	0.0	(-0.08783824961933676+0j)
-0.2782301916145088	-0.07741203952584629	-0.007601922374859127	-0.08436887001599543	0.0	(-0.08436887001599543+0j)
-0.27261571836071197	-0.07431932989732702	-0.00730195500035391	-0.0809788956980081	0.0	(-0.0809788956980081+0j)
-0.2670171976455498	-0.07129818383848262	-0.007008630892793022	-0.07766752272145519	0.0	(-0.07766752272145519+0j)
-0.26143425792183433	-0.0683478712151402	-0.00672189965221115	-0.0744339683289369	0.0	(-0.0744339683289369+0j)
-0.2558665314003045	-0.06546768189082301	-0.0064417121029514135	-0.0712774705922129	0.0	(-0.0712774705922129+0j)
-0.2503136539462501	-0.06265692535192305	-0.0061680202795000305	-0.0681972880687779	0.0	(-0.0681972880687779+0j)
-0.24477526497805904	-0.05991493034507902	-0.005900777412710667	-0.06519269947159564	0.0	(-0.06519269947159564+0j)
-0.23925100736762656	-0.0572410445264241	-0.005639937916321891	-0.06226300335134902	0.0	(-0.06226300335134902+0j)
-0.23374052734256429	-0.054634634122380045	-0.005385457373845437	-0.05940751779050908	0.0	(-0.05940751779050908+0j)
-0.22824347439014997	-0.05209508360168705	-0.0051372925257542335	-0.056625580108656946	0.0	(-0.056625580108656946+0j)
-0.22275950116296023	-0.04962179535837088	-0.0048954012570234795	-0.05391654657845453	0.0	(-0.05391654657845453+0j)
-0.21728826338612986	-0.047214189405360145	-0.004659742584964821	-0.05127979215180315	0.0	(-0.05127979215180315+0j)
-0.21182941976618266	-0.04487170307847762	-0.004430276647433562	-0.04871471019564935	0.0	(-0.04871471019564935+0j)
-0.2063826319013808	-0.04259379075054084	-0.0042069646912978875	-0.046220712237078035	0.0	(-0.046220712237078035+0j)
-0.20094756419354	-0.04037992355531688	-0.0039897690612678005	-0.04379722771728552	0.0	(-0.04379722771728552+0j)
-0.19552388376126056	-0.03822958912108693	-0.003778653189017156	-0.041443703754122936	0.0	(-0.041443703754122936+0j)
-0.1901112603545238	-0.03614229131358553	-0.0035735815826321016	-0.03915960491291549	0.0	(-0.03915960491291549+0j)
-0.18470936627060622	-0.03411754998808896	-0.003374519816352617	-0.03694441298534716	0.0	(-0.03694441298534716+0j)
-0.1793178762712641	-0.03215490075043639	-0.0031814345206315764	-0.03479762677622723	0.0	(-0.03479762677622723+0j)
-0.17393646750114228	-0.030253894726775924	-0.0029942933725024545	-0.032718761897991874	0.0	(-0.032718761897991874+0j)
-0.168564819407362	-0.028414098341836568	-0.002813065086231248	-0.030707350572878586	0.0	(-0.030707350572878586+0j)
-0.16320261366024463	-0.02663509310553507	-0.0026377194042748187	-0.028762941442780514	0.0	(-0.028762941442780514+0j)
-0.1578495340751268	-0.024916475407734617	-0.0024682270885767466	-0.02688509938669329	0.0	(-0.02688509938669329+0j)
-0.15250526653522659	-0.023257856320980503	-0.0023045599120496973	-0.0250734053460619	0.0	(-0.0250734053460619+0j)
-0.14716949891551803	-0.02165886141104466	-0.0021466906505018812	-0.023327456157973308	0.0	(-0.023327456157973308+0j)
-0.14184192100757462	-0.020119130555119037	-0.0019945930747145013	-0.021646864396618434	0.0	(-0.021646864396618434+0j)
-0.13652222444534198	-0.018638317767504332	-0.0018482419428789143	-0.02003125822334456	0.0	(-0.02003125822334456+0j)
-0.13121010263180077	-0.017216091032647693	-0.0017076129933180084	-0.018480281245785365	0.0	(-0.018480281245785365+0j)
-0.1259052506664822	-0.015852132145389716	-0.0015726829374784757	-0.016993592386740232	0.0	(-0.016993592386740232+0j)
-0.12060736527379859	-0.014546136558287478	-0.0014434294531895375	-0.015570865763727248	0.0	(-0.015570865763727248+0j)
-0.11531614473215258	-0.013297813235886762	-0.0013198311782147698	-0.014211790580432895	0.0	(-0.014211790580432895+0j)
-0.11003128880378898	-0.012106884515822819	-0.0012018677041236714	-0.012916071031536951	0.0	(-0.012916071031536951+0j)
-0.10475249866535383	-0.010973085976634956	-0.0010895195703408689	-0.011683426223251057	0.0	(-0.011683426223251057+0j)
-0.09947947683912602	-0.009896166312186209	-0.0009827682585594744	-0.010513590112454781	0.0	(-0.010513590112454781+0j)
-0.09421192712488732	-0.00887588721258508	-0.0008815961874120148	-0.00940631146850736	0.0	(-0.00940631146850736+0j)
-0.08894955453239707	-0.00791202325151188	-0.0007859867073456428	-0.00836135386375334	0.0	(-0.00836135386375334+0j)
-0.08369206521443823	-0.007004361779857781	-0.000695924095897027	-0.007378495700837228	0.0	(-0.007378495700837228+0j)
-0.07843916640040235	-0.00615270282559001	-0.0006113935530471792	-0.00645753028956692	0.0	(-0.00645753028956692+0j)
-0.07319056633038099	-0.005356858999761899	-0.0005323811970647796	-0.005598265991526829	0.0	(-0.005598265991526829+0j)
-0.06794597418973171	-0.004616655408591687	-0.0004588740603495012	-0.004800526461985385	0.0	(-0.004800526461985385+0j)
-0.06270510004408732	-0.003931929571538999	-0.00039086008598587796	-0.004064151034165971	0.0	(-0.004064151034165971+0j)
-0.057467654774777006	-0.0033025313453129506	-0.00032832812383531973	-0.0033889953237859686	0.0	(-0.0033889953237859686+0j)
-0.052233350014628824	-0.002728322853750725	-0.0002712679277294683	-0.0027749321842457306	0.0	(-0.0027749321842457306+0j)
-0.04700189808412285	-0.002209178423510271	-0.0002196701522194644	-0.0022218532520667284	0.0	(-0.0022218532520667284+0j)
-0.04177301192786488	-0.0017449845255255417	-0.00017352635005352113	-0.0017296715385079011	0.0	(-0.0017296715385079011+0j)
-0.03654640505135073	-0.0013356397221773943	-0.00013282896972555136	-0.0012983260031419572	0.0	(-0.0012983260031419572+0j)
-0.031321791457991424	-0.0009810546201379044	-9.757135316590393e-05	-0.0009277901968042602	0.0	(-0.0009277901968042602+0j)
-0.026098885586369688	-0.0006811518288504155	-6.774773410711532e-05	-0.0006180901578091159	0.0	(-0.0006180901578091159+0j)
-0.020877402247698552	-0.0004358659246122086	-4.335323581017292e-05	-0.00036934645440586726	0.0	(-0.00036934645440586726+0j)
-0.01565705656345282	-0.0002451434202311611	-2.4383870709243638e-05	-0.00018189307565334614	0.0	(-0.00018189307565334614+0j)
-0.010437563903144379	-0.00010894274023222252	-1.0836537285285885e-05	-5.673740975644873e-05	0.0	(-5.673740975644873e-05+0j)
-0.0052186398222124454	-2.7234201593981543e-05	-2.709025466174353e-06	-2.2924370735033506e-15	-0.24673231958953162	(-2.2924370735033506e-15-0.24673231958953162j)
0.0052186398222124454	2.7234201593981543e-05	2.709025466174353e-06	-2.2924370735033506e-15	0.24673231958953162	(-2.2924370735033506e-15+0.24673231958953162j)
0.010437563903144379	0.00010894274023222252	1.0836537285285885e-05	5.673740975634053e-05	0.0	(5.673740975634053e-05+0j)
0.01565705656345282	0.0002451434202311611	2.4383870709243638e-05	0.00018189307565319755	0.0	(0.00018189307565319755+0j)
0.020877402247698552	0.0004358659246122086	4.335323581017292e-05	0.00036934645440597243	0.0	(0.00036934645440597243+0j)
0.026098885586369688	0.0006811518288504155	6.774773410711532e-05	0.000618090157808822	0.0	(0.000618090157808822+0j)
0.031321791457991424	0.0009810546201379044	9.757135316590393e-05	0.0009277901968040799	0.0	(0.0009277901968040799+0j)
0.03654640505135073	0.0013356397221773943	0.00013282896972555136	0.0012983260031417003	0.0	(0.0012983260031417003+0j)
0.04177301192786488	0.0017449845255255417	0.00017352635005352113	0.0017296715385074946	0.0	(0.0017296715385074946+0j)
0.04700189808412285	0.002209178423510271	0.0002196701522194644	0.002221853252066955	0.0	(0.002221853252066955+0j)
0.052233350014628824	0.002728322853750725	0.0002712679277294683	0.002774932184246643	0.0	(0.002774932184246643+0j)
0.057467654774777006	0.0033025313453129506	0.00032832812383531973	0.0033889953237866747	0.0	(0.0033889953237866747+0j)
0.06270510004408732	0.003931929571538999	0.00039086008598587796	0.004064151034166235	0.0	(0.004064151034166235+0j)
0.06794597418973171	0.004616655408591687	0.0004588740603495012	0.004800526461986264	0.0	(0.004800526461986264+0j)
0.07319056633038099	0.005356858999761899	0.0005323811970647796	0.0055982659915270825	0.0	(0.0055982659915270825+0j)
0.07843916640040235	0.00615270282559001	0.0006113935530471792	0.006457530289566223	0.0	(0.006457530289566223+0j)
0.08369206521443823	0.007004361779857781	0.000695924095897027	0.007378495700837915	0.0	(0.007378495700837915+0j)
0.08894955453239707	0.00791202325151188	0.0007859867073456428	0.008361353863755219	0.0	(0.008361353863755219+0j)
0.09421192712488732	0.00887588721258508	0.0008815961874120148	0.009406311468508627	0.0	(0.009406311468508627+0j)
0.09947947683912602	0.009896166312186209	0.0009827682585594744	0.010513590112453338	0.0	(0.010513590112453338+0j)
0.10475249866535383	0.010973085976634956	0.0010895195703408689	0.011683426223248155	0.0	(0.011683426223248155+0j)
0.11003128880378898	0.012106884515822819	0.0012018677041236714	0.012916071031533987	0.0	(0.012916071031533987+0j)
0.11531614473215258	0.013297813235886762	0.0013198311782147698	0.01421179058043103	0.0	(0.01421179058043103+0j)
0.12060736527379859	0.014546136558287478	0.0014434294531895375	0.015570865763728514	0.0	(0.015570865763728514+0j)
0.1259052506664822	0.015852132145389716	0.0015726829374784757	0.016993592386743327	0.0	(0.016993592386743327+0j)
0.13121010263180077	0.017216091032647693	0.0017076129933180084	0.01848028124578352	0.0	(0.01848028124578352+0j)
0.13652222444534198	0.018638317767504332	0.0018482419428789143	0.020031258223350383	0.0	(0.020031258223350383+0j)
0.14184192100757462	0.020119130555119037	0.0019945930747145013	0.021646864396618812	0.0	(0.021646864396618812+0j)
0.14716949891551803	0.02165886141104466	0.0021466906505018812	0.023327456157976253	0.0	(0.023327456157976253+0j)
0.15250526653522659	0.023257856320980503	0.0023045599120496973	0.025073405346061638	0.0	(0.025073405346061638+0j)
0.1578495340751268	0.024916475407734617	0.0024682270885767466	0.026885099386693083	0.0	(0.026885099386693083+0j)
0.16320261366024463	0.02663509310553507	0.0026377194042748187	0.02876294144276873	0.0	(0.02876294144276873+0j)
0.168564819407362	0.028414098341836568	0.002813065086231248	0.03070735057287011	0.0	(0.03070735057287011+0j)
0.17393646750114228	0.030253894726775924	0.0029942933725024545	0.03271876189799414	0.0	(0.03271876189799414+0j)
0.1793178762712641	0.03215490075043639	0.0031814345206315764	0.034797626776240216	0.0	(0.034797626776240216+0j)
0.18470936627060622	0.03411754998808896	0.003374519816352617	0.03694441298534624	0.0	(0.03694441298534624+0j)
0.1901112603545238	0.03614229131358553	0.0035735815826321016	0.0391596049129116	0.0	(0.0391596049129116+0j)
0.19552388376126056	0.03822958912108693	0.003778653189017156	0.04144370375411933	0.0	(0.04144370375411933+0j)
0.20094756419354	0.04037992355531688	0.0039897690612678005	0.04379722771728452	0.0	(0.04379722771728452+0j)
0.2063826319013808	0.04259379075054084	0.0042069646912978875	0.04622071223707802	0.0	(0.04622071223707802+0j)
0.21182941976618266	0.04487170307847762	0.004430276647433562	0.0487147101956485	0.0	(0.0487147101956485+0j)
0.21728826338612986	0.047214189405360145	0.004659742584964821	0.05127979215180381	0.0	(0.05127979215180381+0j)
0.22275950116296023	0.04962179535837088	0.0048954012570234795	0.053916546578454905	0.0	(0.053916546578454905+0j)
0.22824347439014997	0.05209508360168705	0.0051372925257542335	0.05662558010865642	0.0	(0.05662558010865642+0j)
0.23374052734256429	0.054634634122380045	0.005385457373845437	0.059407517790509255	0.0	(0.059407517790509255+0j)
0.23925100736762656	0.0572410445264241	0.005639937916321891	0.06226300335134896	0.0	(0.06226300335134896+0j)
0.24477526497805904	0.05991493034507902	0.005900777412710667	0.06519269947159614	0.0	(0.06519269947159614+0j)
0.2503136539462501	0.06265692535192305	0.0061680202795000305	0.06819728806877778	0.0	(0.06819728806877778+0j)
0.2558665314003045	0.06546768189082301	0.0064417121029514135	0.07127747059221277	0.0	(0.07127747059221277+0j)
0.26143425792183433	0.0683478712151402	0.00672189965221115	0.07443396832893716	0.0	(0.07443396832893716+0j)
0.2670171976455498	0.07129818383848262	0.007008630892793022	0.07766752272145544	0.0	(0.07766752272145544+0j)
0.27261571836071197	0.07431932989732702	0.00730195500035391	0.08097889569800856	0.0	(0.08097889569800856+0j)
0.2782301916145088	0.07741203952584629	0.007601922374859127	0.0843688700159955	0.0	(0.0843688700159955+0j)
0.2838609928174205	0.08057706324329166	0.00790858465503863	0.08783824961933699	0.0	(0.08783824961933699+0j)
0.2895085013506396	0.0838151723542933	0.008221994733221827	0.09138786001046587	0.0	(0.09138786001046587+0j)
0.2951731006756148	0.08712715936245663	0.008542206770502103	0.09501854863780494	0.0	(0.09501854863780494+0j)
0.30085517844578846	0.09051383839764722	0.008869276212258859	0.0987311852994797	0.0	(0.0987311852994797+0j)
0.3065551266206011	0.09397604565737276	0.009203259804028141	0.10252666256412986	0.0	(0.10252666256412986+0j)
0.312273341581836	0.09751463986268603	0.009544215607723006	0.10640589620964025	0.0	(0.10640589620964025+0j)
0.3180102242523831	0.101130502729051	0.009892203018219137	0.11036982568060857	0.0	(0.11036982568060857+0j)
0.3237661802174991	0.1048245394526301	0.010247282780285749	0.11441941456542948	0.0	(0.11441941456542948+0j)
0.32954161984864705	0.10859767921247021	0.010609517005892855	0.11855565109378317	0.0	(0.11855565109378317+0j)
0.3353369584299992	0.11245087568908303	0.010978969191869359	0.12277954865534173	0.0	(0.12277954865534173+0j)
0.34115261628768995	0.11638510759993581	0.011355704237921982	0.12709214634050084	0.0	(0.12709214634050084+0j)
0.34698901892190853	0.1204013792523886	0.011739788465038314	0.13149450950387226	0.0	(0.13149450950387226+0j)
0.35284659714192407	0.12450072111463525	0.012131289634234044	0.135987730351297	0.0	(0.135987730351297+0j)
0.35872578720413834	0.12868419040522874	0.012530276965686538	0.1405729285510145	0.0	(0.1405729285510145+0j)
0.3646270309532649	0.13295287170179318	0.0129368211582237	0.1452512518696955	0.0	(0.1452512518696955+0j)
0.3705507759667358	0.13730787756955	0.013350994409196959	0.15002387683400595	0.0	(0.15002387683400595+0j)
0.3764974757024426	0.14175034921031135	0.01377287043471509	0.15489200941806824	0.0	(0.15489200941806824+0j)
0.3824675896499174	0.1462814571326176	0.014202524490253277	0.1598568857576497	0.0	(0.1598568857576497+0j)
0.3884615834850694	0.15090240184372752	0.014640033391630225	0.16491977289134938	0.0	(0.16491977289134938+0j)
0.3944799292285899	0.15561441456419328	0.015085475536359416	0.17008196952940471	0.0	(0.17008196952940471+0j)
0.4005231054081483	0.16041875796578667	0.015538930925368954	0.17534480685047346	0.0	(0.17534480685047346+0j)
0.4065915972245003	0.16531672693357027	0.01600048118509112	0.18070964932690253	0.0	(0.18070964932690253+0j)
0.41268589672163897	0.17030964935294327	0.016470209589917184	0.18617789557886202	0.0	(0.18617789557886202+0j)
0.4188065029611196	0.17539888692252228	0.016948201085020265	0.19175097925777848	0.0	(0.19175097925777848+0j)
0.424953922200696	0.1805858359937552	0.017434542309541223	0.19743036995951405	0.0	(0.19743036995951405+0j)
0.4311286680774101	0.18587192843820166	0.0179293216201315	0.20321757416771302	0.0	(0.20321757416771302+0j)
0.43733126179528253	0.19125863254345396	0.018432629114857324	0.20911413622782626	0.0	(0.20911413622782626+0j)
0.4435622323177543	0.19674745393870946	0.018944556657451983	0.21512163935229456	0.0	(0.21512163935229456+0j)
0.4498221165650396	0.2023399365510521	0.01946519790192114	0.2212417066574835	0.0	(0.2212417066574835+0j)
0.4561114596165508	0.20803766359354045	0.019994648317483987	0.2274760022329416	0.0	(0.2274760022329416+0j)
0.4624308149185655	0.2138422585862486	0.02053300521385637	0.2338262322437245	0.0	(0.2338262322437245+0j)
0.4687807444973108	0.21975538641145298	0.021080367766860286	0.24029414606646785	0.0	(0.24029414606646785+0j)
0.47516181917764533	0.2257787544042093	0.021636837044355928	0.24688153746010288	0.0	(0.24688153746010288+0j)
0.48157461880752866	0.23191411347961655	0.022202516032485686	0.25359024577210987	0.0	(0.25359024577210987+0j)
0.4880197324884713	0.2381632592981191	0.022777509662221807	0.2604221571812888	0.0	(0.2604221571812888+0j)
0.4944977588121683	0.24452803347025737	0.023361924836204917	0.26737920597821924	0.0	(0.26737920597821924+0j)
0.5010093061035267	0.2510103248023373	0.023955870455866224	0.2744633758845871	0.0	(0.2744633758845871+0j)
0.5075549926703028	0.2576120705845511	0.024559457448813382	0.28167670141264217	0.0	(0.28167670141264217+0j)
0.5141354470595768	0.26433525792315093	0.025172798796472273	0.28902126926631494	0.0	(0.28902126926631494+0j)
0.5207513083212973	0.2711819251183429	0.02579600956196526	0.2964992197854003	0.0	(0.2964992197854003+0j)
0.52740322627914	0.2781541630896458	0.026429206918208437	0.3041127484345543	0.0	(0.3041127484345543+0j)
0.5340918618089321	0.2852541168505314	0.02707251017621426	0.3118641073387493	0.0	(0.3118641073387493+0j)
0.5408178871249055	0.29248398703424705	0.02772604081357294	0.31975560686713	0.0	(0.31975560686713+0j)
0.5475819860740501	0.29984603147280114	0.02838992250309369	0.3277896172672116	0.0	(0.3277896172672116+0j)
0.5543848544388508	0.30734256683118577	0.029064281141583936	0.33596857035148925	0.0	(0.33596857035148925+0j)
0.5612272002487005	0.31497597029899504	0.02974924487873648	0.3442949612387024	0.0	(0.3442949612387024+0j)
0.5681097441002981	0.3227486813417062	0.03044494414609994	0.35277135015200667	0.0	(0.35277135015200667+0j)
0.5750332194873428	0.3306632035139785	0.03115151168610053	0.3614003642765842	0.0	(0.3614003642765842+0j)
0.5819983731398622	0.3387221063374463	0.031869082581085784	0.3701846996791194	0.0	(0.3701846996791194+0j)
0.5890059653735115	0.3469280272455822	0.03259779428235021	0.3791271232919383	0.0	(0.3791271232919383+0j)
0.5960567704492034	0.3552836735983343	0.03333778663911102	0.3882304749644947	0.0	(0.3882304749644947+0j)
0.6031515769434397	0.36379182476935806	0.03408920192738807	0.39749766958519667	0.0	(0.39749766958519667+0j)
0.610291188129732	0.3724553343088	0.03485218487874919	0.4069316992766241	0.0	(0.4069316992766241+0j)
0.6174764223715118	0.38127713218472165	0.03562688270887182	0.41653563566724355	0.0	(0.41653563566724355+0j)
0.6247081135269501	0.3902602271064008	0.03641344514587086	0.42631263224304455	0.0	(0.42631263224304455+0j)
0.6319871113661227	0.399407708932896	0.037212024458339876	0.4362659267824899	0.0	(0.4362659267824899+0j)
0.6393142820009755	0.40872275117042284	0.038022775483049776	0.4463988438784486	0.0	(0.4463988438784486+0j)
0.6466905083285601	0.4182086135622515	0.038845855652238914	0.4567147975508325	0.0	(0.4567147975508325+0j)
0.6541166904880383	0.4278686447750241	0.03968142502043498	0.4672172939539257	0.0	(0.4672172939539257+0j)
0.6615937463319622	0.43770628518556076	0.04052964629073286	0.4779099341824876	0.0	(0.4779099341824876+0j)
0.6691226119123722	0.4477250697724351	0.041390684840458825	0.4887964171809605	0.0	(0.4887964171809605+0j)
0.6767042419822653	0.4579286311167923	0.042264708746135304	0.4998805427601709	0.0	(0.4998805427601709+0j)
0.6843396105130207	0.4683207025171129	0.04315188880766513	0.5111662147264089	0.0	(0.5111662147264089+0j)
0.6920297112283867	0.47890512122284434	0.04405239857164317	0.5226574441275325	0.0	(0.5226574441275325+0j)
0.6997755581556651	0.4896858317920726	0.04496641435369514	0.5343583526214548	0.0	(0.5343583526214548+0j)
0.7075781861947515	0.5006668895786545	0.045894115259745016	0.5462731759722552	0.0	(0.5462731759722552+0j)
0.7154386517057267	0.5118524643545082	0.04683568320609663	0.5584062676795642	0.0	(0.5584062676795642+0j)
0.7233580331157132	0.5232468440730332	0.04779130293821279	0.5707621027471335	0.0	(0.5707621027471335+0j)
0.7313374315457567	0.5348544387799443	0.04876116204806935	0.5833452815967517	0.0	(0.5833452815967517+0j)
0.7393779714585126	0.5466797846781051	0.0497454509899474	0.5961605341339598	0.0	(0.5961605341339598+0j)
0.7474808013275652	0.5587275483532991	0.05074436309452493	0.6092127239724208	0.0	(0.6092127239724208+0j)
0.7556470943292316	0.5710025311682106	0.05175809458111663	0.6225068528240078	0.0	(0.6225068528240078+0j)
0.7638780490577551	0.5835096738322821	0.05278684456790139	0.6360480650621306	0.0	(0.6360480650621306+0j)
0.7721748902648196	0.5962540611554862	0.0538308150799692	0.6498416524662051	0.0	(0.6498416524662051+0j)
0.7805388696243736	0.6092409269944948	0.05489021105500563	0.6638930591554945	0.0	(0.6638930591554945+0j)
0.7889712665237847	0.6224756594001449	0.055965240346424056	0.6782078867210064	0.0	(0.6782078867210064+0j)
0.7974733888824039	0.6359638059755859	0.05705611372374131	0.6927918995647131	0.0	(0.6927918995647131+0j)
0.8060465739986629	0.6497110794549819	0.058163044869982	0.7076510304555859	0.0	(0.7076510304555859+0j)
0.8146921894268805	0.6637233635131641	0.059286250375883975	0.7227913863126953	0.0	(0.7227913863126953+0j)
0.8234116338850167	0.6780067188171928	0.060425949730660844	0.7382192542260418	0.0	(0.7382192542260418+0j)
0.8322063381946602	0.6925673893313651	0.06158236530906788	0.7539411077263674	0.0	(0.7539411077263674+0j)
0.8410777662546096	0.7074118088878437	0.06275572235449695	0.7699636133158508	0.0	(0.7699636133158508+0j)
0.850027416049463	0.7225466080357268	0.06394624895781437	0.7862936372721744	0.0	(0.7862936372721744+0j)
0.8590568206947075	0.7379786211820988	0.06515417603163862	0.8029382527392749	0.0	(0.8029382527392749+0j)
0.8681675495198651	0.7537148940393273	0.06637973727973132	0.8199047471186215	0.0	(0.8199047471186215+0j)
0.8773612091913384	0.7697626913936875	0.06762316916116659	0.8372006297757818	0.0	(0.8372006297757818+0j)
0.8866394448766667	0.7861295052112036	0.0688847108489151	0.8548336400778807	0.0	(0.8548336400778807+0j)
0.8960039414520024	0.8028230630975233	0.07016460418245947	0.8728117557783351	0.0	(0.8728117557783351+0j)
0.9054564247546951	0.8198513371295548	0.07146309361404778	0.8911432017663092	0.0	(0.8911432017663092+0j)
0.9149986628829794	0.8372225530776402	0.07278042614814968	0.9098364591991337	0.0	(0.9098364591991337+0j)
0.9246324675448458	0.8549452000380704	0.07411685127367396	0.9289002750372644	0.0	(0.9289002750372644+0j)
0.9343596954583013	0.8730280404969296	0.0754726208884722	0.9483436720022036	0.0	(0.9483436720022036+0j)
0.9441822498053177	0.8914801208474314	0.07684798921562756	0.9681759589793096	0.0	(0.9681759589793096+0j)
0.9541020817419043	0.9103107823842354	0.07824321271100637	0.9884067418882668	0.0	(0.9884067418882668+0j)
0.9641211919668486	0.929529672799577	0.07965854996151364	1.0090459350459142	0.0	(1.0090459350459142+0j)
0.9742416323518225	0.9491467582075437	0.08109426157347263	1.0301037730469969	0.0	(1.0301037730469969+0j)
0.9844655076356713	0.96917233572436	0.08255061005050912	1.0515908231904825	0.0	(1.0515908231904825+0j)
0.9947949771858732	0.9896170466342419	0.08402785966029773	1.0735179984802266	0.0	(1.0735179984802266+0j)
1.005232256830298	1.0104918901721343	0.08552627628948657	1.0958965712310194	0.0	(1.0958965712310194+0j)
1.015779620762577	1.031808237956565	0.08704612728608653	1.1187381873124815	0.0	(1.1187381873124815+0j)
1.0264394035245619	1.0535778491078585	0.08858768128857317	1.1420548810656403	0.0	(1.1420548810656403+0j)
1.0372140020695502	1.0758128860891327	0.09015120804091392	1.1658590909288922	0.0	(1.1658590909288922+0j)
1.0481058779101498	1.0985259313098057	0.09173697819269175	1.1901636758124918	0.0	(1.1901636758124918+0j)
1.0591175593548718	1.1217300045338205	0.09334526308345824	1.2149819322630648	0.0	(1.2149819322630648+0j)
1.0702516438377647	1.1454385811374377	0.09497633451040932	1.24032761246239	0.0	(1.24032761246239+0j)
1.0815108003456506	1.1696656112642898	0.09663046447843035	1.2662149431072691	0.0	(1.2662149431072691+0j)
1.0928977719477735	1.1944255399284076	0.09830792493151788	1.2926586452204865	0.0	(1.2926586452204865+0j)
1.1044153784329473	1.2197333281191902	0.10000898746453879	1.3196739549460068	0.0	(1.3196739549460068+0j)
1.1160665190595802	1.2456044749657682	0.10173392301424201	1.3472766453849547	0.0	(1.3472766453849547+0j)
1.127854175424264	1.2720550410219462	0.10348300152839177	1.37548304953265	0.0	(1.37548304953265+0j)
1.1397814144549399	1.2991016727369034	0.10525649161184585	1.4043100843808736	0.0	(1.4043100843808736+0j)
1.1518513915350144	1.326761628181149	0.10705466014835141	1.433775276253918	0.0	(1.433775276253918+0j)
1.1640673537651605	1.3550528041018233	0.10887777189678725	1.46389678745123	0.0	(1.46389678745123+0j)
1.1764326433699523	1.3839937643864135	0.11072608906053039	1.4946934442747526	0.0	(1.4946934442747526+0j)
1.188950701256894	1.41360377001926	0.11259987082857838	1.5261847665239614	0.0	(1.5261847665239614+0j)
1.2016250707358727	1.443902810620991	0.11449937288701276	1.558390998547531	0.0	(1.558390998547531+0j)
1.2144594014075378	1.4749116376671552	0.11642484689934149	1.59133314194652	0.0	(1.59133314194652+0j)
1.2274574532296423	1.5066517994889994	0.11837653995421468	1.625032990030586	0.0	(1.625032990030586+0j)
1.2406231007709225	1.5391456781664585	0.12035469397896545	1.659513164135661	0.0	(1.659513164135661+0j)
1.253960337662704	1.5724165284311626	0.12235954511738797	1.694797151919598	0.0	(1.694797151919598+0j)
1.2674732812590377	1.6064885187055518	0.12439132307012529	1.7309093477599777	0.0	(1.7309093477599777+0j)
1.281166177516874	1.641386774413198	0.12645025039601332	1.7678750953875781	0.0	(1.7678750953875781+0j)
1.2950434061084883	1.6771374237050751	0.12853654177269058	1.8057207328984037	0.0	(1.8057207328984037+0j)
1.3091094857791792	1.713767645757027	0.13065040321476878	1.8444736402978308	0.0	(1.8444736402978308+0j)
1.3233690799640727	1.7513057218049564	0.13279203124784003	1.8841622897412993	0.0	(1.8841622897412993+0j)
1.3378270026787948	1.7897810890965282	0.13496161203658916	1.924816298648592	0.0	(1.924816298648592+0j)
1.3524882246997147	1.829224397951386	0.13715932046528473	1.9664664858817402	0.0	(1.9664664858817402+0j)
1.367357880050523	1.8696675721362606	0.13938531916893132	2.0091449311906953	0.0	(2.0091449311906953+0j)
1.3824412728130073	1.9111438727768477	0.14163975751339397	2.0528850381470116	0.0	(2.0528850381470116+0j)
1.3977438842811067	1.953687966045236	0.143922770522846	2.097721600802095	0.0	(2.097721600802095+0j)
1.4132713804785997	1.9973359948798868	0.14623447775294407	2.1436908743251797	0.0	(2.1436908743251797+0j)
1.4290296200621948	2.042125655015101	0.14857498210821535	2.1908306498959327	0.0	(2.1908306498959327+0j)
1.445024662633272	2.088096275618401	0.15094436860223057	2.239180334148487	0.0	(2.239180334148487+0j)
1.4612627774831597	2.135288904857798	0.1533427030592644	2.2887810334870524	0.0	(2.2887810334870524+0j)
1.4777504527985619	2.1837464007463545	0.15577003075628393	2.3396756436187234	0.0	(2.3396756436187234+0j)
1.4944944053556504	2.233513527639339	0.1582263750042888	2.391908944677916	0.0	(2.391908944677916+0j)
1.5115015907333542	2.2846370587894604	0.16071173566823163	2.4455277023460114	0.0	(2.4455277023460114+0j)
1.5287792140786036	2.337165885398793	0.16322608762499857	2.500580775404444	0.0	(2.500580775404444+0j)
1.5463347414586395	2.3911511326419572	0.1657693791592162	2.5571192301948824	0.0	(2.5571192301948824+0j)
1.5641759118381064	2.4466462831745717	0.1683415302969849	2.6151964625001085	0.0	(2.6151964625001085+0j)
1.5823107497214135	2.503707308683942	0.17094243107802587	2.67486832740326	0.0	(2.67486832740326+0j)
1.600747578503893	2.562392810086077	0.17357193976716465	2.7361932777290767	0.0	(2.7361932777290767+0j)
1.6194950345785646	2.6227641670246262	0.17622988100657866	2.7992325117250783	0.0	(2.7992325117250783+0j)
1.6385620822488856	2.6848856973838036	0.17891604391079982	2.8640501306953454	0.0	(2.8640501306953454+0j)
1.6579580295017198	2.7488248275892255	0.1816301801070999	2.930713307364129	0.0	(2.930713307364129+0j)
1.6776925446990145	2.8146522745386546	0.18437200172460694	2.999292465813891	0.0	(2.999292465813891+0j)
1.6977756742512127	2.88244224007916	0.18714117933629476	3.069861473918498	0.0	(3.069861473918498+0j)
1.7182178613404582	2.9522726190293778	0.18993733985887978	3.1424978492752005	0.0	(3.1424978492752005+0j)
1.7390299657670674	3.0242252218358074	0.19276006441664284	3.217282979730503	0.0	(3.217282979730503+0j)
1.760223284998705	3.098386013051632	0.19560888617628147	3.294302359695142	0.0	(3.294302359695142+0j)
1.7818095765081643	3.174845366936204	0.19848328816109054	3.373645843555149	0.0	(3.373645843555149+0j)
1.8038010814927508	3.253698341594417	0.20138270105407535	3.4554079176076757	0.0	(3.4554079176076757+0j)
1.826210550076001	3.3350449732088903	0.20430650100102482	3.5396879920858715	0.0	(3.5396879920858715+0j)
1.8490512681009823	3.4189905920658505	0.20725400742611327	3.626590714986347	0.0	(3.626590714986347+0j)
1.872337085633676	3.5056461622392074	0.2102244808742646	3.716226309578406	0.0	(3.716226309578406+0j)
1.8960824473051814	3.595128646978806	0.21321712089629918	3.808710937657253	0.0	(3.808710937657253+0j)
1.9203024246326275	3.6875614020499476	0.2162310639947868	3.9041670908064403	0.0	(3.9041670908064403+0j)
1.9450127504710306	3.7830745994948836	0.21926538165055692	4.002724012160764	0.0	(4.002724012160764+0j)
1.9702298557618156	3.881805684535225	0.2223190784519394	4.104518151410815	0.0	(4.104518151410815+0j)
1.9959709087586568	3.9838998686108584	0.2253910903510416	4.209693656069476	0.0	(4.209693656069476+0j)
2.0222538569276787	4.089510661858872	0.22848028307366464	4.318402902331065	0.0	(4.318402902331065+0j)
2.049097471737219	4.1988004486798625	0.231585450711832	4.430807069199532	0.0	(4.430807069199532+0j)
2.0765213965723364	4.311941110422726	0.23470531453028814	4.547076759948745	0.0	(4.547076759948745+0j)
2.1045461980314064	4.429114699648448	0.2378385220207141	4.66739267540954	0.0	(4.66739267540954+0j)
2.133193420886631	4.550514170914008	0.24098364623973637	4.791946344060912	0.0	(4.791946344060912+0j)
2.1624856470174922	4.676344173556662	0.24413918546904126	4.920940914444465	0.0	(4.920940914444465+0j)
2.1924465586562807	4.806821912563768	0.2473035632379586	5.054592016027574	0.0	(5.054592016027574+0j)
2.223101006318373	4.942178084293763	0.2504751287507017	5.193128695324098	0.0	(5.193128695324098+0j)
2.254475081827145	5.082657894579511	0.2536521577619226	5.3367944348469765	0.0	(5.3367944348469765+0j)
2.286596196884975	5.228522167608831	0.25683285394529265	5.485848263332909	0.0	(5.485848263332909+0j)
2.3194931676880453	5.3800485549515225	0.2600153508003011	5.6405659666541705	0.0	(5.6405659666541705+0j)
2.3531963061343935	5.537532855204554	0.2631977141422731	5.801241409933543	0.0	(5.801241409933543+0j)
2.3877375182324627	5.70129045597492	0.26637794521957475	5.968187982627144	0.0	(5.968187982627144+0j)
2.423150410382236	5.871657911335598	0.2695539844999615	6.141740179752092	0.0	(6.141740179752092+0j)
2.4594704042736235	6.048994669497861	0.27272371616483887	6.32225533404133	0.0	(6.32225533404133+0j)
2.496734861228448	6.2336849672734385	0.2758849733456876	6.510115515633435	0.0	(6.510115515633435+0j)
2.5349832169041195	6.426139909985558	0.2790355441308555	6.705729617985453	0.0	(6.705729617985453+0j)
2.5742571273806174	6.626799757869908	0.2821731783631634	6.909535651069563	0.0	(6.909535651069563+0j)
2.6146006277690774	6.836136442730454	0.2852955952391361	7.122003265630469	0.0	(7.122003265630469+0j)
2.6560603046123226	7.054656341737304	0.2884004917089931	7.3436365353890825	0.0	(7.3436365353890825+0j)
2.6986854834970577	7.282903338837748	0.29148555166270435	7.574977027650426	0.0	(7.574977027650426+0j)
2.7425284334670543	7.521462208375255	0.294548455871352	7.816607196878565	0.0	(7.816607196878565+0j)
2.7876445900192137	7.77096236026339	0.2975868926347355	8.069154140538489	0.0	(8.069154140538489+0j)
2.8340927986837694	8.0320819915512	0.30059856906569044	8.33329376197054	0.0	(8.33329376197054+0j)
2.8819355814399845	8.305552695569821	0.3035812229191517	8.609755391397181	0.0	(8.609755391397181+0j)
2.931239428504668	8.592164587220372	0.30653263484990373	8.899326923505003	0.0	(8.899326923505003+0j)
2.982075118358144	8.89277201153074	0.30945064095770947	9.202860538589466	0.0	(9.202860538589466+0j)
3.034518069248077	9.208299912593077	0.31233314545276064	9.521279084207865	0.0	(9.521279084207865+0j)
3.0886487258435147	9.539750951654767	0.3151781332490293	9.855583205919553	0.0	(9.855583205919553+0j)
3.144552985209584	9.888213476790508	0.31798368226921847	10.2068593293266	0.0	(10.2068593293266+0j)
3.2023226668483793	10.254870462610915	0.3207479752239124	10.576288611632839	0.0	(10.576288611632839+0j)
3.262056032217725	10.641009557328049	0.3234693106107609	10.965156999786489	0.0	(10.965156999786489+0j)
3.323858359912498	11.048034396760201	0.32614611266876736	11.37486655452515	0.0	(11.37486655452515+0j)
3.3878425835928954	11.477477371205385	0.3287769400198213	11.806948225983747	0.0	(11.806948225983747+0j)
3.454130000793466	11.931014062381468	0.3313604927363087	12.26307629780239	0.0	(12.26307629780239+0j)
3.522851061974551	12.410479604855222	0.33389561759167374	12.745084753912797	0.0	(12.745084753912797+0j)
3.5941462506179493	12.917887270831063	0.3363813112815791	13.254985866661784	0.0	(13.254985866661784+0j)
3.66816706686314	13.45544963041933	0.3388167214477399	13.794991358222541	0.0	(13.794991358222541+0j)
3.745077129179684	14.025602703504743	0.34120114539475244	14.367536551305424	0.0	(14.367536551305424+0j)
3.8250534109381644	14.631033596529686	0.34353402646151393	14.975308002444175	0.0	(14.975308002444175+0j)
3.908287631552308	15.274712210944749	0.34581494809114044	15.621275204654001	0.0	(15.621275204654001+0j)
3.9949878252136055	15.959927723604933	0.34804362573328357	16.308727059874805	0.0	(16.308727059874805+0j)
4.085380114243313	16.690330677854707	0.35021989680565696	17.0413139601721	0.0	(17.0413139601721+0j)
4.1797107188912594	17.46998169361449	0.35234370903132006	17.823096486324914	0.0	(17.823096486324914+0j)
4.278248241197923	18.303408013313117	0.35441510754772865	18.658601941049696	0.0	(18.658601941049696+0j)
4.381286267534822	19.195669358089212	0.35643422124519075	19.552890191738	0.0	(19.552890191738+0j)
4.489146342936222	20.15243488829766	0.3584012488289179	20.51163061725624	0.0	(20.51163061725624+0j)
4.602181380698693	21.180073460849727	0.36031644510446265	21.541192351833267	0.0	(21.541192351833267+0j)
4.720779583420475	22.28575987523959	0.3621801079575162	22.648750518379032	0.0	(22.648750518379032+0j)
4.845368967277471	23.477600429055546	0.3639925664357973	23.842411772450962	0.0	(23.842411772450962+0j)
4.976422600658465	24.764781900344357	0.365754170247259	25.131363274565842	0.0	(25.131363274565842+0j)
5.11446469230851	26.157749088870382	0.36746528087348024	26.526050223119935	0.0	(26.526050223119935+0j)
5.260077694162765	27.668417348628676	0.36912626437195567	28.038388380374144	0.0	(28.038388380374144+0j)
5.4139106218087605	29.31042822093372	0.370737485820158	29.68201970080677	0.0	(29.68201970080677+0j)
5.576688843265378	31.099458454600544	0.37229930525169863	31.472621348238054	0.0	(31.472621348238054+0j)
5.749225647539572	33.05359554632681	0.3738120748618292	33.42828123465619	0.0	(33.42828123465619+0j)
5.932435982287334	35.193796683937485	0.3752761372220591	35.56995696320439	0.0	(35.56995696320439+0j)
6.127352850376532	37.54445295301741	0.3766918242415762	37.92204003566314	0.0	(37.92204003566314+0j)
6.3351469857621545	40.13408733121131	0.37805945664011353	40.51305384857016	0.0	(40.51305384857016+0j)
6.5571506002319895	42.99622399412274	0.37937934374224075	43.37652300183803	0.0	(43.37652300183803+0j)
6.794886218740517	46.170478725629806	0.38065178345481226	46.55206371272637	0.0	(46.55206371272637+0j)
7.050101922594505	49.70393711897074	0.38187706233720425	50.086762021643345	0.0	(50.086762021643345+0j)
7.3248147256812395	53.65291076555673	0.38305545571169247	54.03692998699476	0.0	(54.03692998699476+0j)
7.621364360991174	58.0851947229864	0.38418722778691206	58.47036316093908	0.0	(58.47036316093908+0j)
7.942480513771104	63.0829967116337	0.38527263178231513	63.46926979598114	0.0	(63.46926979598114+0j)
8.291367593760423	68.7467765748605	0.3863119100490325	69.13411031825761	0.0	(69.13411031825761+0j)
8.671812627127995	75.20033424001653	0.38730529418571735	75.58868530584742	0.0	(75.58868530584742+0j)
9.088323974676241	82.59763266867495	0.38825300514905875	82.98695846220227	0.0	(82.98695846220227+0j)
9.54631166550631	91.13206641498188	0.38915525335896933	91.52232520247313	0.0	(91.52232520247313+0j)
10.052324678156053	101.0492314350652	0.39001223879851876	101.44038252260974	0.0	(101.44038252260974+0j)
10.614367315450416	112.66479350730206	0.39082415110869306	113.05679762751777	0.0	(113.05679762751777+0j)
11.242327241063164	126.38992179515088	0.39159116967805774	126.78274114727164	0.0	(126.78274114727164+0j)
11.948564029789118	142.76818237397038	0.3923134637273968	143.16177531143953	0.0	(143.16177531143953+0j)
12.748733137924708	162.53019662201956	0.3929911923893978	162.92449587812573	0.0	(162.92449587812573+0j)
13.66296300381141	186.6765580435193	0.3936245047834463	187.07143250702833	0.0	(187.07143250702833+0j)
14.717575425552228	216.60702640681885	0.39421354008559184	217.0022686761159	0.0	(217.0022686761159+0j)
15.947666127586315	254.32805491696388	0.39475842759374025	254.72346138601625	0.0	(254.72346138601625+0j)
17.40109290903076	302.79803442872054	0.39525928678812594	303.1935556882999	0.0	(303.1935556882999+0j)
19.14485668102724	366.52553733707333	0.3957162273871133	366.9213046693727	0.0	(366.9213046693727+0j)
21.27573652898499	452.65696485078627	0.3961293493983703	453.0530971566918	0.0	(453.0530971566918+0j)
23.938901071506148	573.0709845113582	0.3964987431654571	573.467483274734	0.0	(573.467483274734+0j)
27.362472412674148	748.7048965343538	0.39682448940986625	749.1017210237655	0.0	(749.1017210237655+0j)
31.92665404663059	1019.3112386132333	0.39710665926854793	1019.7083452725021	0.0	(1019.7083452725021+0j)
38.31581224764096	1468.1014681964732	0.3973453143269502	1468.4988135107967	0.0	(1468.4988135107967+0j)
47.89867954526018	2294.283502179526	0.39754050664760165	2294.681042686178	0.0	(2294.681042686178+0j)
63.868965149824504	4079.244709309497	0.39769227879425717	4079.6424015882885	0.0	(4079.6424015882885+0j)
95.80779665442321	9179.133899775308	0.3978006638516287	9179.53170043916	0.0	(9179.53170043916+0j)
191.62081194867162	36718.53557186817	0.39786568544071416	36718.933437553605	0.0	(36718.933437553605+0j)
