-2922.9269445448313	-8543501.923146183	-0.0007957747080079682	-8543501.923941957	0.0	-8543501.923941957
-730.3782255109697	-533452.352300553	-0.0007957745961199012	-533452.3530963276	0.0	-533452.3530963276
-324.3507356530824	-105203.39971869573	-0.0007957741103271576	-105203.40051446983	0.0	-105203.40051446983
-182.2411741313547	-33211.84554877475	-0.0007957727986139602	-33211.84634454755	0.0	-33211.84634454755
-116.46481431594222	-13564.0529736469	-0.0007957700220262262	-13564.053769416922	0.0	-13564.053769416922
-80.73451590796027	-6518.06205889269	-0.0007957649484494879	-6518.062854657639	0.0	-6518.062854657639
-59.190345807090225	-3503.4970367629235	-0.0007957565444787198	-3503.497832519468	0.0	-3503.497832519468
-45.20742604651833	-2043.7113697514237	-0.0007957435652793783	-2043.712165494989	0.0	-2043.712165494989
-35.62085944399189	-1268.8456275286262	-0.0007957245423132282	-1268.8464232531685	0.0	-1268.8464232531685
-28.763723473922568	-827.3517880842842	-0.0007956977687747004	-827.3525837820507	0.0	-827.3525837820507
-23.6902984280254	-561.2302396089027	-0.0007956612825530796	-561.231035270186	0.0	-561.231035270186
-19.831623870901822	-393.293305356923	-0.0007956128465022134	-393.2941009697691	0.0	-393.2941009697691
-16.828750051181775	-283.2068282851506	-0.0007955499257620592	-283.2076238350766	0.0	-283.2076238350766
-14.446144892058085	-208.6911022423359	-0.0007954696618345127	-208.69189771199808	0.0	-208.69189771199808
-12.52406481953676	-156.85219960395833	-0.0007953688430687962	-156.85299497280062	0.0	-156.85299497280062
-10.951068153486302	-119.92589370230189	-0.0007952438711582886	-119.92668894617331	0.0	-119.92668894617331
-9.647492837318621	-93.07411804611411	-0.0007950907231899478	-93.0749131368374	0.0	-93.0749131368374
-8.555170650192927	-73.19094485392247	-0.0007949049087181672	-73.19173975883169	0.0	-73.19173975883169
-7.630825786480474	-58.229502183615345	-0.0007946814212555178	-58.23029686503669	0.0	-58.23029686503669
-6.841723229580946	-46.80917675018753	-0.0007944146834816337	-46.809971164871136	0.0	-46.809971164871136
-6.162731474956152	-37.979259232415224	-0.0007940984853664362	-37.980053330900546	0.0	-37.980053330900546
-5.57429763791447	-31.07279415605884	-0.0007937259142825685	-31.07358788197761	0.0	-31.07358788197761
-5.061024860040284	-25.613972633945778	-0.0007932892760414464	-25.61476592330841	0.0	-25.61476592330841
-4.610655641410415	-21.258145443669687	-0.0007927800056243478	-21.25893822441831	0.0	-21.25893822441831
-4.213333924838965	-17.752182762198917	-0.0007921885661904235	-17.75297495430247	0.0	-17.75297495430247
-3.8610618871651003	-14.907798896518926	-0.0007915043347226112	-14.90859041177458	0.0	-14.90859041177458
-3.5472948616811224	-12.583300835709293	-0.0007907154724144327	-12.58409157565765	0.0	-12.58409157565765
-3.266635659935717	-10.670908534763658	-0.0007898087775986694	-10.6716983867787	0.0	-10.6716983867787
-3.0146013641703693	-9.087821384857852	-0.0007887695186646946	-9.088610218348311	0.0	-9.088610218348311
-2.787443599427465	-7.769841819989143	-0.0007875812439948482	-7.770629484244	0.0	-7.770629484244
-2.582008715008632	-6.6667690043805266	-0.00078622556545969	-6.667555327948925	0.0	-6.667555327948925
-2.395628059436423	-5.739033799159123	-0.000784681911432763	-5.739818589610333	0.0	-5.739818589610333
-2.2260311678918274	-4.955214760425853	-0.0007829272446000528	-4.955997803332294	0.0	-4.955997803332294
-2.0712765528960047	-4.290186558576756	-0.0007809357390262753	-4.290967615198506	0.0	-4.290967615198506
-1.929696133983497	-3.7237271695108545	-0.0007786784099734008	-3.724505973345776	0.0	-3.724505973345776
-1.7998503189008417	-3.2394611704474614	-0.0007761226888145749	-3.240237423106659	0.0	-3.240237423106659
-1.6804914653719552	-2.824051565187981	-0.0007732319340097617	-2.8248249319033256	0.0	-2.8248249319033256
-1.5705339830061318	-2.4665769917771048	-0.0007699648674600073	-2.4673470965634268	0.0	-2.4673470965634268
-1.4690297312372158	-2.1580483512588864	-0.0007662749235759915	-2.1588147715665578	0.0	-2.1588147715665578
-1.3751476677030152	-1.8910311079890423	-0.0007621094960115505	-1.8917933686548327	0.0	-1.8917933686548327
-1.2881569281055145	-1.6593482714262358	-0.0007574090641549738	-1.6601058377580526	0.0	-1.6601058377580526
-1.2074126919297783	-1.4578454086331136	-0.0007521061782579001	-1.4585976784776638	0.0	-1.4585976784776638
-1.1323443219109504	-1.28220366336397	-0.0007461242799739202	-1.2829499579934251	0.0	-1.2829499579934251
-1.0624453686634734	-1.128790161394464	-0.0007393763413544779	-1.129529715029703	0.0	-1.129529715029703
-0.9972651126700055	-0.9945377049487187	-0.0007317633432317583	-0.9952696527590196	0.0	-0.9952696527590196
-0.9364013792464617	-0.8768475430546758	-0.0007231727315198673	-0.8775709076107393	0.0	-0.8775709076107393
-0.8794944121732711	-0.7735104210440076	-0.0007134772431099143	-0.7742240975938997	0.0	-0.7742240975938997
-0.8262216314366629	-0.6826421842538609	-0.0007025348801139406	-0.6833449259684317	0.0	-0.6833449259684317
-0.7762931322498838	-0.6026310271783356	-0.0006901911940622868	-0.6033214326762405	0.0	-0.6033214326762405
-0.7294478079704336	-0.5320941045528707	-0.0006762851486063325	-0.5327706112812939	0.0	-0.5327706112812939
-0.6854500000365563	-0.46984170255011504	-0.00066065940038945	-0.47050259043895565	0.0	-0.47050259043895565
-0.6440865946486989	-0.41484754140615737	-0.0006431748331506505	-0.4154909510462317	0.0	-0.4154909510462317
-0.6051644994220042	-0.36622407136068497	-0.0006237278787583718	-0.36684803948998373	0.0	-0.36684803948998373
-0.5685084442600112	-0.3232018511949383	-0.0006022680475975231	-0.32380436369967597	0.0	-0.32380436369967597
-0.5339590597382056	-0.2851122774765086	-0.0005788126143635029	-0.2856913370591186	0.0	-0.2856913370591186
-0.5013711937253436	-0.25137307389757596	-0.0005534557486754806	-0.2519267768523064	0.0	-0.2519267768523064
-0.47061243311642975	-0.22147606220376606	-0.0005263704078534202	-0.22200267706337895	0.0	-0.22200267706337895
-0.44156180264691647	-0.1949768255567944	-0.0004978026675065186	-0.1954748660564693	0.0	-0.1954748660564693
-0.4141086169972771	-0.17148594667139752	-0.0004680594544884785	-0.17195423245769323	0.0	-0.17195423245769323
-0.3881514659361784	-0.15066156050840426	-0.0004374915677871061	-0.15109926092960474	0.0	-0.15109926092960474
-0.3635973152142833	-0.13220300763103487	-0.00040647429589751947	-0.13260966627797524	0.0	-0.13260966627797524
-0.34036070841050975	-0.11584541182970404	-0.0003753878912301137	-0.11622095176469109	0.0	-0.11622095176469109
-0.3183630570304238	-0.10135503608175686	-0.0003445997707083704	-0.10169974753284343	0.0	-0.10169974753284343
-0.29753200792919887	-0.08852529574238086	-0.0003144497394710659	-0.08883980925341196	0.0	-0.08883980925341196
-0.2778008786338116	-0.07717332816971771	-0.00028523892863285214	-0.07745857676028946	0.0	-0.07745857676028946
-0.2591081524156049	-0.06713703464822834	-0.0002572226032460872	-0.06739420857462836	0.0	-0.06739420857462836
-0.24139702605183883	-0.058272524186672156	-0.00023060658958662015	-0.05850302161486395	0.0	-0.05850302161486395
-0.2246150041436872	-0.050451900086468625	-0.00020554680739399208	-0.050657276591286854	0.0	-0.050657276591286854
-0.20871353465346604	-0.04356133954754357	-0.00018215126051397484	-0.04374325894675108	0.0	-0.04374325894675108
-0.193647681006502	-0.03749942435919596	-0.00016048381142930873	-0.037659612973354885	0.0	-0.037659612973354885
-0.17937582669034033	-0.03217568720084301	-0.00014056910978788137	-0.03231589315050059	0.0	-0.03231589315050059
-0.1658594087903896	-0.027509343484297566	-0.0001223981327742468	-0.027631302082202377	0.0	-0.027631302082202377
-0.15306267733875137	-0.02342818319410671	-0.00010593390215841254	-0.023533588915186362	0.0	-0.023533588915186362
-0.14095247773201489	-0.019867600978794153	-9.111705189361911e-05	-0.019958085970596364	0.0	-0.019958085970596364
-0.12949805380278778	-0.01676974593870972	-7.787102025513717e-05	-0.016846864614420906	0.0	-0.016846864614420906
-0.11867086941586528	-0.01408277524791735	-6.61067258315288e-05	-0.01414799418992753	0.0	-0.01414799418992753
-0.10844444670932915	-0.01176019802209253	-5.572665504091721e-05	-0.011814890215046461	0.0	-0.011814890215046461
-0.09879421931865788	-0.009760297770783074	-4.662834055254271e-05	-0.009805740091823527	0.0	-0.009805740091823527
-0.08969739911252146	-0.008045623407550965	-3.8707246786236216e-05	-0.008082996343691775	0.0	-0.008082996343691775
-0.08113285513605101	-0.006582540182527438	-3.18591029511827e-05	-0.006612928912909843	0.0	-0.006612928912909843
-0.07308100360420813	-0.005340833087798282	-2.598173844426191e-05	-0.005365229318652128	0.0	-0.005365229318652128
-0.06552370791714959	-0.004293356299211932	-2.097648228247158e-05	-0.004312660506631189	0.0	-0.004312660506631189
-0.05844418778352761	-0.003415723085676238	-1.6749189706399825e-05	-0.003430747044601568	0.0	-0.003430747044601568
-0.05182693663849014	-0.0026860313613300715	-1.321095690150903e-05	-0.002697500982687026	0.0	-0.002697500982687026
-0.04565764663247233	-0.0020846206960157118	-1.0278580305909946e-05	-0.0020931792525359628	0.0	-0.0020931792525359628
-0.039923140546193156	-0.001593857151071092	-7.874811234494239e-06	-0.0016000689642817814	0.0	-0.0016000689642817814
-0.034611310057874316	-0.0011979427839223118	-5.928450289252596e-06	-0.0012022973986369238	0.0	-0.0012022973986369238
-0.029711059851702245	-0.0008827470775114331	-4.374319752503686e-06	-0.0008856638931751431	0.0	-0.0008856638931751431
-0.025212257112925088	-0.0006356579087282417	-3.153146201695378e-06	-0.0006374911885200188	0.0	-0.0006374911885200188
-0.021105686005563538	-0.00044544998176544053	-2.2113801357581675e-06	-0.0004464941301705094	0.0	-0.0004464941301705094
-0.017383006774255177	-0.00030216892451380135	-1.5009745595595536e-06	-0.000302663914087748	0.0	-0.000302663914087748
-0.014036719152893245	-0.00019702948457720005	-9.791402664771631e-07	-0.00019716631967815342	0.0	-0.00019716631967815342
-0.011060129800035528	-0.0001223264711936339	-6.080919749962277e-07	-0.0001222525954753394	0.0	-0.0001222525954753394
-0.008447323515047022	-7.135727456786637e-05	-3.54796471202512e-07	-7.11818548136918e-05	0.0	-7.11818548136918e-05
-0.006193138020050975	-3.8354958535400906e-05	-1.9073143131542736e-07	-3.815400677354716e-05	0.0	-3.815400677354716e-05
-0.004293142121393118	-1.84310692744798e-05	-9.166157877160686e-08	-1.8252394627127787e-05	0.0	-1.8252394627127787e-05
-0.0027436170908315717	-7.5274347411030965e-06	-3.743721599391847e-08	-7.395449627099745e-06	0.0	-7.395449627099745e-06
-0.001541541131372016	-2.376349059711715e-06	-1.1818876544111845e-08	-2.296793717456859e-06	0.0	-2.296793717456859e-06
-0.000684576815868511	-4.686454168246692e-07	-2.3308643903874326e-09	-4.3336536827787424e-07	0.0	-4.3336536827787424e-07
-0.0001710614084738449	-2.926200546905562e-08	-1.4506440493278205e-10	-2.1082989292434572e-08	0.0	-2.1082989292434572e-08
0.0001710614084738449	2.926200546905562e-08	1.4506440493278205e-10	2.1082990040783433e-08	0.0	2.1082990040783433e-08
0.000684576815868511	4.686454168246692e-07	2.3308643903874326e-09	4.333653651860286e-07	0.0	4.333653651860286e-07
0.001541541131372016	2.376349059711715e-06	1.1818876544111845e-08	2.2967937119926243e-06	0.0	2.2967937119926243e-06
0.0027436170908315717	7.5274347411030965e-06	3.743721599391847e-08	7.3954496259656534e-06	0.0	7.3954496259656534e-06
0.004293142121393118	1.84310692744798e-05	9.166157877160686e-08	1.8252394626260544e-05	0.0	1.8252394626260544e-05
0.006193138020050975	3.8354958535400906e-05	1.9073143131542736e-07	3.815400675278783e-05	0.0	3.815400675278783e-05
0.008447323515047022	7.135727456786637e-05	3.54796471202512e-07	7.118185480461339e-05	0.0	7.118185480461339e-05
0.011060129800035528	0.0001223264711936339	6.080919749962277e-07	0.00012225259546256808	0.0	0.00012225259546256808
0.014036719152893245	0.00019702948457720005	9.791402664771631e-07	0.00019716631967981466	0.0	0.00019716631967981466
0.017383006774255177	0.00030216892451380135	1.5009745595595536e-06	0.000302663914100172	0.0	0.000302663914100172
0.021105686005563538	0.00044544998176544053	2.2113801357581675e-06	0.00044649413017808226	0.0	0.00044649413017808226
0.025212257112925088	0.0006356579087282417	3.153146201695378e-06	0.0006374911885056407	0.0	0.0006374911885056407
0.029711059851702245	0.0008827470775114331	4.374319752503686e-06	0.0008856638931707765	0.0	0.0008856638931707765
0.034611310057874316	0.0011979427839223118	5.928450289252596e-06	0.0012022973986230768	0.0	0.0012022973986230768
0.039923140546193156	0.001593857151071092	7.874811234494239e-06	0.0016000689642742087	0.0	0.0016000689642742087
0.04565764663247233	0.0020846206960157118	1.0278580305909946e-05	0.002093179252552737	0.0	0.002093179252552737
0.05182693663849014	0.0026860313613300715	1.321095690150903e-05	0.002697500982694209	0.0	0.002697500982694209
0.05844418778352761	0.003415723085676238	1.6749189706399825e-05	0.0034307470446020174	0.0	0.0034307470446020174
0.06552370791714959	0.004293356299211932	2.097648228247158e-05	0.0043126605066279525	0.0	0.0043126605066279525
0.07308100360420813	0.005340833087798282	2.598173844426191e-05	0.0053652293186495555	0.0	0.0053652293186495555
0.08113285513605101	0.006582540182527438	3.18591029511827e-05	0.006612928912915084	0.0	0.006612928912915084
0.08969739911252146	0.008045623407550965	3.8707246786236216e-05	0.008082996343690986	0.0	0.008082996343690986
0.09879421931865788	0.009760297770783074	4.662834055254271e-05	0.009805740091823952	0.0	0.009805740091823952
0.10844444670932915	0.01176019802209253	5.572665504091721e-05	0.011814890215046977	0.0	0.011814890215046977
0.11867086941586528	0.01408277524791735	6.61067258315288e-05	0.014147994189917752	0.0	0.014147994189917752
0.12949805380278778	0.01676974593870972	7.787102025513717e-05	0.016846864614413468	0.0	0.016846864614413468
0.14095247773201489	0.019867600978794153	9.111705189361911e-05	0.019958085970601468	0.0	0.019958085970601468
0.15306267733875137	0.02342818319410671	0.00010593390215841254	0.023533588915176797	0.0	0.023533588915176797
0.1658594087903896	0.027509343484297566	0.0001223981327742468	0.02763130208220536	0.0	0.02763130208220536
0.17937582669034033	0.03217568720084301	0.00014056910978788137	0.03231589315050184	0.0	0.03231589315050184
0.193647681006502	0.03749942435919596	0.00016048381142930873	0.03765961297336155	0.0	0.03765961297336155
0.20871353465346604	0.04356133954754357	0.00018215126051397484	0.043743258946759074	0.0	0.043743258946759074
0.2246150041436872	0.050451900086468625	0.00020554680739399208	0.05065727659129505	0.0	0.05065727659129505
0.24139702605183883	0.058272524186672156	0.00023060658958662015	0.05850302161486937	0.0	0.05850302161486937
0.2591081524156049	0.06713703464822834	0.0002572226032460872	0.06739420857462933	0.0	0.06739420857462933
0.2778008786338116	0.07717332816971771	0.00028523892863285214	0.07745857676028339	0.0	0.07745857676028339
0.29753200792919887	0.08852529574238086	0.0003144497394710659	0.08883980925339326	0.0	0.08883980925339326
0.3183630570304238	0.10135503608175686	0.0003445997707083704	0.1016997475328323	0.0	0.1016997475328323
0.34036070841050975	0.11584541182970404	0.0003753878912301137	0.11622095176468317	0.0	0.11622095176468317
0.3635973152142833	0.13220300763103487	0.00040647429589751947	0.13260966627797163	0.0	0.13260966627797163
0.3881514659361784	0.15066156050840426	0.0004374915677871061	0.15109926092960593	0.0	0.15109926092960593
0.4141086169972771	0.17148594667139752	0.0004680594544884785	0.1719542324577186	0.0	0.1719542324577186
0.44156180264691647	0.1949768255567944	0.0004978026675065186	0.1954748660565277	0.0	0.1954748660565277
0.47061243311642975	0.22147606220376606	0.0005263704078534202	0.22200267706341753	0.0	0.22200267706341753
0.5013711937253436	0.25137307389757596	0.0005534557486754806	0.25192677685235715	0.0	0.25192677685235715
0.5339590597382056	0.2851122774765086	0.0005788126143635029	0.2856913370591748	0.0	0.2856913370591748
0.5685084442600112	0.3232018511949383	0.0006022680475975231	0.3238043636997578	0.0	0.3238043636997578
0.6051644994220042	0.36622407136068497	0.0006237278787583718	0.36684803948998584	0.0	0.36684803948998584
0.6440865946486989	0.41484754140615737	0.0006431748331506505	0.41549095104632083	0.0	0.41549095104632083
0.6854500000365563	0.46984170255011504	0.00066065940038945	0.4705025904390635	0.0	0.4705025904390635
0.7294478079704336	0.5320941045528707	0.0006762851486063325	0.5327706112813112	0.0	0.5327706112813112
0.7762931322498838	0.6026310271783356	0.0006901911940622868	0.6033214326760907	0.0	0.6033214326760907
0.8262216314366629	0.6826421842538609	0.0007025348801139406	0.6833449259684689	0.0	0.6833449259684689
0.8794944121732711	0.7735104210440076	0.0007134772431099143	0.7742240975938725	0.0	0.7742240975938725
0.9364013792464617	0.8768475430546758	0.0007231727315198673	0.8775709076107414	0.0	0.8775709076107414
0.9972651126700055	0.9945377049487187	0.0007317633432317583	0.9952696527589804	0.0	0.9952696527589804
1.0624453686634734	1.128790161394464	0.0007393763413544779	1.1295297150297037	0.0	1.1295297150297037
1.1323443219109504	1.28220366336397	0.0007461242799739202	1.2829499579933672	0.0	1.2829499579933672
1.2074126919297783	1.4578454086331136	0.0007521061782579001	1.4585976784776713	0.0	1.4585976784776713
1.2881569281055145	1.6593482714262358	0.0007574090641549738	1.6601058377578701	0.0	1.6601058377578701
1.3751476677030152	1.8910311079890423	0.0007621094960115505	1.8917933686549	0.0	1.8917933686549
1.4690297312372158	2.1580483512588864	0.0007662749235759915	2.1588147715668393	0.0	2.1588147715668393
1.5705339830061318	2.4665769917771048	0.0007699648674600073	2.467347096563445	0.0	2.467347096563445
1.6804914653719552	2.824051565187981	0.0007732319340097617	2.8248249319033754	0.0	2.8248249319033754
1.7998503189008417	3.2394611704474614	0.0007761226888145749	3.2402374231067044	0.0	3.2402374231067044
1.929696133983497	3.7237271695108545	0.0007786784099734008	3.7245059733458294	0.0	3.7245059733458294
2.0712765528960047	4.290186558576756	0.0007809357390262753	4.290967615198255	0.0	4.290967615198255
2.2260311678918274	4.955214760425853	0.0007829272446000528	4.955997803332426	0.0	4.955997803332426
2.395628059436423	5.739033799159123	0.000784681911432763	5.73981858961033	0.0	5.73981858961033
2.582008715008632	6.6667690043805266	0.00078622556545969	6.667555327948939	0.0	6.667555327948939
2.787443599427465	7.769841819989143	0.0007875812439948482	7.770629484244054	0.0	7.770629484244054
3.0146013641703693	9.087821384857852	0.0007887695186646946	9.088610218348427	0.0	9.088610218348427
3.266635659935717	10.670908534763658	0.0007898087775986694	10.67169838677862	0.0	10.67169838677862
3.5472948616811224	12.583300835709293	0.0007907154724144327	12.58409157565764	0.0	12.58409157565764
3.8610618871651003	14.907798896518926	0.0007915043347226112	14.908590411774599	0.0	14.908590411774599
4.213333924838965	17.752182762198917	0.0007921885661904235	17.752974954302584	0.0	17.752974954302584
4.610655641410415	21.258145443669687	0.0007927800056243478	21.258938224418305	0.0	21.258938224418305
5.061024860040284	25.613972633945778	0.0007932892760414464	25.614765923308315	0.0	25.614765923308315
5.57429763791447	31.07279415605884	0.0007937259142825685	31.073587881977666	0.0	31.073587881977666
6.162731474956152	37.979259232415224	0.0007940984853664362	37.980053330900624	0.0	37.980053330900624
6.841723229580946	46.80917675018753	0.0007944146834816337	46.809971164871016	0.0	46.809971164871016
7.630825786480474	58.229502183615345	0.0007946814212555178	58.23029686503624	0.0	58.23029686503624
8.555170650192927	73.19094485392247	0.0007949049087181672	73.19173975883132	0.0	73.19173975883132
9.647492837318621	93.07411804611411	0.0007950907231899478	93.07491313683694	0.0	93.07491313683694
10.951068153486302	119.92589370230189	0.0007952438711582886	119.92668894617287	0.0	119.92668894617287
12.52406481953676	156.85219960395833	0.0007953688430687962	156.85299497280184	0.0	156.85299497280184
14.446144892058085	208.6911022423359	0.0007954696618345127	208.6918977119981	0.0	208.6918977119981
16.828750051181775	283.2068282851506	0.0007955499257620592	283.20762383507844	0.0	283.20762383507844
19.831623870901822	393.293305356923	0.0007956128465022134	393.2941009697689	0.0	393.2941009697689
23.6902984280254	561.2302396089027	0.0007956612825530796	561.2310352701884	0.0	561.2310352701884
28.763723473922568	827.3517880842842	0.0007956977687747004	827.3525837820602	0.0	827.3525837820602
35.62085944399189	1268.8456275286262	0.0007957245423132282	1268.8464232531685	0.0	1268.8464232531685
45.20742604651833	2043.7113697514237	0.0007957435652793783	2043.712165494989	0.0	2043.712165494989
59.190345807090225	3503.4970367629235	0.0007957565444787198	3503.497832519468	0.0	3503.497832519468
80.73451590796027	6518.06205889269	0.0007957649484494879	6518.062854657639	0.0	6518.062854657639
116.46481431594222	13564.0529736469	0.0007957700220262262	13564.053769416922	0.0	13564.053769416922
182.2411741313547	33211.84554877475	0.0007957727986139602	33211.84634454755	0.0	33211.84634454755
324.3507356530824	105203.39971869573	0.0007957741103271576	105203.40051446983	0.0	105203.40051446983
730.3782255109697	533452.352300553	0.0007957745961199012	533452.3530963276	0.0	533452.3530963276
2922.9269445448313	8543501.923146183	0.0007957747080079682	8543501.923941957	0.0	8543501.923941957
