-4062257.047599779	-16501932320774.072	-0.0039788735772973306	-16501932320774.076	0.0	(-16501932320774.076+0j)
-507740.6449570468	-257800562541.39783	-0.003978873577293954	-257800562541.4018	0.0	(-257800562541.4018+0j)
-150421.18686009367	-22626533456.399216	-0.003978873577258306	-22626533456.403194	0.0	(-22626533456.403194+0j)
-63446.8398829024	-4025501491.1266546	-0.003978873577077735	-4025501491.1306334	0.0	(-4025501491.1306334+0j)
-32476.81879197138	-1054743758.8465452	-0.003978873576459082	-1054743758.8505241	0.0	(-1054743758.8505241+0j)
-18788.82371050371	-353019896.42438644	-0.0039788735747927255	-353019896.4283653	0.0	(-353019896.4283653+0j)
-11827.838413937889	-139897761.54622474	-0.003978873570977096	-139897761.55020362	0.0	(-139897761.55020362+0j)
-7920.489136472687	-62734148.16098186	-0.0039788735632030805	-62734148.16496073	0.0	(-62734148.16496073+0j)
-5560.235461968326	-30916218.392530117	-0.003978873548697698	-30916218.39650899	0.0	(-30916218.39650899+0j)
-4051.312381594628	-16413132.013261935	-0.003978873523426244	-16413132.017240807	0.0	(-16413132.017240807+0j)
-3042.068227295077	-9254179.099518213	-0.003978873481751997	-9254179.103497086	0.0	(-9254179.103497086+0j)
-2341.69741959656	-5483546.804945188	-0.003978873416052453	-5483546.808924061	0.0	(-5483546.808924061+0j)
-1840.5523873295315	-3387633.0905044377	-0.003978873316290921	-3387633.094483311	0.0	(-3387633.094483311+0j)
-1472.5635616933432	-2168443.4432269847	-0.003978873169542166	-2168443.447205858	0.0	(-2168443.447205858+0j)
-1196.3009944823236	-1431136.0693993964	-0.003978872959470647	-1431136.0733782693	0.0	(-1431136.0733782693+0j)
-984.887256804191	-970002.9086152845	-0.003978872665759779	-970002.9125941572	0.0	(-970002.9125941572+0j)
-820.3667320751865	-673001.5750957208	-0.003978872263490462	-673001.579074593	0.0	(-673001.579074593+0j)
-690.4332693822103	-476698.0994698077	-0.0039788717224669805	-476698.10344867944	0.0	(-476698.10344867944+0j)
-586.4606733385415	-343936.1213726955	-0.003978871006488233	-343936.1253515665	0.0	(-343936.1253515665+0j)
-502.28036320721014	-252285.56326356693	-0.003978870072562048	-252285.567242437	0.0	(-252285.567242437+0j)
-433.40186208964224	-187837.17406276928	-0.0039788688700602105	-187837.17804163814	0.0	(-187837.17804163814+0j)
-376.5035096990875	-141754.89281573085	-0.003978867339811603	-141754.8967945982	0.0	(-141754.8967945982+0j)
-329.0924221029929	-108301.82228561444	-0.003978865413130709	-108301.82626447985	0.0	(-108301.82626447985+0j)
-289.2729647092139	-83678.84811165811	-0.003978863010778506	-83678.85209052112	0.0	(-83678.85209052112+0j)
-255.58628593832233	-65324.34955974587	-0.003978860041852573	-65324.35353860591	0.0	(-65324.35353860591+0j)
-226.8972879628321	-51482.37928488836	-0.0039788564026030405	-51482.38326374476	0.0	(-51482.38326374476+0j)
-202.31382423176245	-40930.883475280476	-0.003978851975170745	-40930.88745413245	0.0	(-40930.88745413245+0j)
-181.12814487571467	-32807.40486611788	-0.0039788466262437455	-32807.408844964506	0.0	(-32807.408844964506+0j)
-162.77392945908693	-26495.35211155181	-0.003978840205628098	-26495.356090392015	0.0	(-26495.356090392015+0j)
-146.79439036751677	-21548.5930433709	-0.003978832544728505	-21548.597022203445	0.0	(-21548.597022203445+0j)
-132.81833870704781	-17640.711096900075	-0.003978823454934208	-17640.71507572353	0.0	(-17640.71507572353+0j)
-120.54204466100386	-14530.384531055448	-0.003978812725905158	-14530.388509868173	0.0	(-14530.388509868173+0j)
-109.71536078960258	-12037.460393192665	-0.0039788001237532475	-12037.464371992788	0.0	(-12037.464371992788+0j)
-100.13101361547054	-10026.219887661546	-0.0039787853891129835	-10026.223866446933	0.0	(-10026.223866446933+0j)
-91.6162724451523	-8393.541376744373	-0.003978768235095732	-8393.545355512575	0.0	(-8393.545355512575+0j)
-84.02641786968496	-7060.438900010912	-0.003978748345121196	-7060.442878759235	0.0	(-7060.442878759235+0j)
-77.23958417424923	-5965.953363410932	-0.003978725370619519	-5965.957342136334	0.0	(-5965.957342136334+0j)
-71.15265892357522	-5062.700871894628	-0.003978698928596885	-5062.704850593555	0.0	(-5062.704850593555+0j)
-65.678002081681	-4313.599957441294	-0.003978668599057164	-4313.603936109905	0.0	(-4313.603936109905+0j)
-60.740804923448316	-3689.445382748403	-0.003978633922271612	-3689.4493613823247	0.0	(-3689.4493613823247+0j)
-56.276951748412806	-3167.0952980931834	-0.0039785943958882165	-3167.099276687582	0.0	(-3167.099276687582+0j)
-52.23127923541829	-2728.106530568238	-0.003978549471871741	-2728.1105091177096	0.0	(-2728.1105091177096+0j)
-48.55615215628762	-2357.6999122245547	-0.003978498553264977	-2357.7038907231054	0.0	(-2357.7038907231054+0j)
-45.2102922146935	-2043.9705221379759	-0.003978440990761173	-2043.974500578963	0.0	(-2043.974500578963+0j)
-42.157810512571146	-1777.2809872138541	-0.003978376079076984	-1777.2849655899354	0.0	(-1777.2849655899354+0j)
-39.367404670512954	-1549.792550491925	-0.003978303053114643	-1549.7965287949753	0.0	(-1549.7965287949753+0j)
-36.81168974285722	-1355.1005017243795	-0.003978221083901386	-1355.104479945464	0.0	(-1355.104479945464+0j)
-34.466638362271254	-1187.9491599955884	-0.003978129274293465	-1187.9531381248626	0.0	(-1187.9531381248626+0j)
-32.3111104589992	-1044.0078590936475	-0.003978026654431251	-1044.0118371202993	0.0	(-1044.0118371202993+0j)
-30.32645675191463	-919.6939791257485	-0.003977912176931222	-919.6979570379244	0.0	(-919.6979570379244+0j)
-28.496183246158765	-812.0324595986594	-0.003977784711799661	-812.0364373833714	0.0	(-812.0364373833714+0j)
-26.805666379689328	-718.5437500592068	-0.003977643041052074	-718.5477277022488	0.0	(-718.5477277022488+0j)
-25.241910378451255	-637.1540395537652	-0.003977485853021308	-637.1580170396164	0.0	(-637.1580170396164+0j)
-23.79333991397463	-566.1230242619383	-0.0039773117363363295	-566.1270015736751	0.0	(-566.1270015736751+0j)
-22.449622390102537	-503.98554545819314	-0.0039771191735525615	-503.98952257736664	0.0	(-503.98952257736664+0j)
-21.201515180617427	-449.5042459539512	-0.00397690653441348	-449.50822286048617	0.0	(-449.50822286048617+0j)
-20.040733945957346	-401.6310170926471	-0.003976672068721954	-401.6349937647141	0.0	(-401.6349937647141+0j)
-18.959838813335132	-359.4754878276494	-0.003976413898798492	-359.4794642415477	0.0	(-359.4794642415477+0j)
-17.95213574044925	-322.27917764351537	-0.0039761300115021825	-322.28315377352845	0.0	(-322.28315377352845+0j)
-17.011590822240496	-289.3942223033371	-0.003975818249788594	-289.39819812159647	0.0	(-289.39819812159647+0j)
-16.132755661503882	-260.26580523378556	-0.003975476303777361	-260.26978071014	0.0	(-260.26978071014+0j)
-15.310702222436372	-234.41760254411807	-0.003975101701300479	-234.42157764602678	0.0	(-234.42157764602678+0j)
-14.540965833221001	-211.43968736290054	-0.003974691797900545	-211.44366205539924	0.0	(-211.44366205539924+0j)
-13.81949520896811	-190.97844783069255	-0.003974243766246285	-190.98242207642977	0.0	(-190.98242207642977+0j)
-13.142608537358175	-172.72815916623998	-0.003973754584930672	-172.73213292557637	0.0	(-172.73213292557637+0j)
-12.506954812276623	-156.42391867632938	-0.0039732210266147875	-156.4278919073891	0.0	(-156.4278919073891+0j)
-11.909479720557647	-141.83570721437383	-0.003972639645478284	-141.83967987293724	0.0	(-141.83967987293724+0j)
-11.347395487676598	-128.76338435374322	-0.003972006763934827	-128.76735639286858	0.0	(-128.76735639286858+0j)
-10.818154173127459	-117.03245971355506	-0.0039713184585683375	-117.03643108292256	0.0	(-117.03643108292256+0j)
-10.319423977963961	-106.49051123697754	-0.003970570545243001	-106.49448188202527	0.0	(-106.49448188202527+0j)
-9.849068187765841	-97.0041441672611	-0.003969758563337117	-97.00811402825995	0.0	(-97.00811402825995+0j)
-9.405126425913659	-88.45640308741945	-0.0039688777590476355	-88.46037209862992	0.0	(-88.46037209862992+0j)
-8.98579793600448	-80.74456454670239	-0.003967923067708879	-80.74853263572136	0.0	(-80.74853263572136+0j)
-8.589426649741787	-73.77825017129442	-0.003966889095065352	-73.78221725864572	0.0	(-73.78221725864572+0j)
-8.214487828707165	-67.47781028797816	-0.0039657700974346745	-67.48177628693851	0.0	(-67.48177628693851+0j)
-7.8595760959111685	-61.77293640741824	-0.003964559960692587	-61.7769012240183	0.0	(-61.7769012240183+0j)
-7.523394696634503	-56.60146776134816	-0.003963252178007592	-56.60543129446208	0.0	(-56.60543129446208+0j)
-7.204745848394378	-51.908362739956026	-0.003961839826248101	-51.91232488138306	0.0	(-51.91232488138306+0j)
-6.902522057400854	-47.64481075290532	-0.0039603155409799785	-47.648771387352184	0.0	(-47.648771387352184+0j)
-6.6156982940154645	-43.76746391743913	-0.003958671489967028	-43.77142292234283	0.0	(-43.77142292234283+0j)
-6.343324932840438	-40.237771203595145	-0.003956899345081229	-40.241728448765315	0.0	(-40.241728448765315+0j)
-6.084521374442966	-37.02140035605332	-0.003954990252523481	-37.025355703142964	0.0	(-37.025355703142964+0j)
-5.838470275605943	-34.087735159134134	-0.003952934801249032	-34.091688460984344	0.0	(-34.091688460984344+0j)
-5.60441232360277	-31.4094374929506	-0.003950722989484828	-31.413388592853565	0.0	(-31.413388592853565+0j)
-5.38164149749948	-28.962065207608447	-0.003948344189218525	-28.96601393853258	0.0	(-28.96601393853258+0j)
-5.169500766042979	-26.723738170118942	-0.003945787108530939	-26.7276843539242	0.0	(-26.7276843539242+0j)
-4.967378177430783	-24.674845957615567	-0.003943039751635124	-24.678789404262954	0.0	(-24.678789404262954+0j)
-4.774703301284134	-22.797791615293608	-0.0039400893764761444	-22.80173212204838	0.0	(-22.80173212204838+0j)
-4.590943987558804	-21.07676669690233	-0.0039369224497357615	-21.080704047515145	0.0	(-21.080704047515145+0j)
-4.415603411006232	-19.497553483289867	-0.003933524599075778	-19.501487447147255	0.0	(-19.501487447147255+0j)
-4.24821737321238	-18.04735085006349	-0.0039298805624425085	-18.051281181293103	0.0	(-18.051281181293103+0j)
-4.088351837252103	-16.714620745162645	-0.003925974134242764	-16.718547181689114	0.0	(-16.718547181689114+0j)
-3.9356006726549024	-15.48895265460172	-0.003921788108188818	-15.492874917145267	0.0	(-15.492874917145267+0j)
-3.789583590727793	-14.360943791113352	-0.003917304216595934	-14.364861582128569	0.0	(-14.364861582128569+0j)
-3.64994425236183	-13.32209304534916	-0.0039125030659011295	-13.326006047898645	0.0	(-13.326006047898645+0j)
-3.5163485322931636	-12.364707000560285	-0.003907364068155903	-12.368614877119647	0.0	(-12.368614877119647+0j)
-3.3884829254269957	-11.48181653591029	-0.0039018653682284686	-11.485718927101027	0.0	(-11.485718927101027+0j)
-3.2660530822878577	-10.667102736322017	-0.003895983766432661	-10.670999259566173	0.0	(-10.670999259566173+0j)
-3.148782461954948	-9.914830992715062	-0.003889694636280843	-9.918721240807518	0.0	(-9.918721240807518+0j)
-3.036411091994994	-9.219792319590232	-0.00388297183703697	-9.22367585918477	0.0	(-9.22367585918477+0j)
-2.928694425934691	-8.577251040500931	-0.003875787620723042	-8.581127410501143	0.0	(-8.581127410501143+0j)
-2.825402289733909	-7.982898098833615	-0.003868112533207707	-7.98676680868627	0.0	(-7.98676680868627+0j)
-2.726317909543103	-7.4328093438954745	-0.003859915308979296	-7.436669871778138	0.0	(-7.436669871778138+0j)
-2.6312370137641037	-6.923408222602238	-0.003851162759177238	-6.927260013498881	0.0	(-6.927260013498881+0j)
-2.5399670030929564	-6.451432376801015	-0.0038418196524251957	-6.455274840458254	0.0	(-6.455274840458254+0j)
-2.4523261828149674	-6.0139037069198285	-0.0038318485879764944	-6.017736215675783	0.0	(-6.017736215675783+0j)
-2.368143052153487	-5.608101515462834	-0.0038212098606473397	-5.611923401941478	0.0	(-5.611923401941478+0j)
-2.2872556459514426	-5.231538389936751	-0.0038098613169771037	-5.235348944598046	0.0	(-5.235348944598046+0j)
-2.2095109243945865	-4.88193852501902	-0.0037977582020212518	-4.885736993554528	0.0	(-4.885736993554528+0j)
-2.134764206872377	-4.557218218943449	-0.0037848529961639747	-4.561003799510562	0.0	(-4.561003799510562+0j)
-2.0628786464216957	-4.255468309862607	-0.003771095241368179	-4.259240150142951	0.0	(-4.259240150142951+0j)
-1.9937247415135764	-3.974938344923377	-0.0037564313564403826	-3.978695538997533	0.0	(-3.978695538997533+0j)
-1.9271798822278001	-3.7140222984635574	-0.003740804441340533	-3.717763883488392	0.0	(-3.717763883488392+0j)
-1.863127928117564	-3.4712456765316464	-0.0037241540716015987	-3.474970629213382	0.0	(-3.474970629213382+0j)
-1.8014588152994475	-3.245253863220089	-0.00370641608598307	-3.248961096073434	0.0	(-3.248961096073434+0j)
-1.7420681905148345	-3.03480158040363	-0.0036875223741335643	-3.0384899377985803	0.0	(-3.0384899377985803+0j)
-1.6848570701003769	-2.8387433466672265	-0.003667400676856412	-2.8424116006759887	0.0	(-2.8424116006759887+0j)
-1.6297315219786033	-2.6560248337306946	-0.0036459744199207034	-2.65967167980754	0.0	(-2.65967167980754+0j)
-1.5766023689375699	-2.485675029739557	-0.003623162613098173	-2.489299082299557	0.0	(-2.489299082299557+0j)
-1.5253849116116884	-2.3267991285725986	-0.003598879858320586	-2.3303989165778356	0.0	(-2.3303989165778356+0j)
-1.475998669706335	-2.1785720729748705	-0.003573036522735865	-2.18214603569286	0.0	(-2.18214603569286+0j)
-1.4283671401274947	-2.040232686995998	-0.0035455391414232016	-2.043779170161198	0.0	(-2.043779170161198+0j)
-1.3824175707859427	-1.911078340017707	-0.0035162911176946704	-1.914595592691812	0.0	(-1.914595592691812+0j)
-1.3380807489440103	-1.7904600906945636	-0.003485193783649888	-1.793946263186735	0.0	(-1.793946263186735+0j)
-1.2952908030630967	-1.677778264499842	-0.0034521478683519347	-1.6812314077551838	0.0	(-1.6812314077551838+0j)
-1.2539850171922076	-1.572478423342541	-0.0034170553956127587	-1.575896490226841	0.0	(-1.575896490226841+0j)
-1.2141036570130084	-1.4740476899723607	-0.0033798219996808224	-1.4774285388720245	0.0	(-1.4774285388720245+0j)
-1.1755898067255313	-1.382011393676972	-0.003340359608530919	-1.3853527947819453	0.0	(-1.3853527947819453+0j)
-1.1383892160216253	-1.2959300071543307	-0.003298589405506579	-1.2992296517004953	0.0	(-1.2992296517004953+0j)
-1.102450156450796	-1.2153963474583847	-0.0032544449456479965	-1.218651860086767	0.0	(-1.218651860086767+0j)
-1.0677232865359136	-1.1400330166110528	-0.003207875277559436	-1.1432419708463761	0.0	(-1.1432419708463761+0j)
-1.0341615250446599	-1.0694900598826966	-0.0031588479083461316	-1.0726499965773004	0.0	(-1.0726499965773004+0j)
-1.0017199318670553	-1.003442821899738	-0.003107351449561402	-1.0065512703204869	0.0	(-1.0065512703204869+0j)
-0.9703555959901904	-0.9415899826694776	-0.0030533977960617276	-0.9446444837638046	0.0	(-0.9446444837638046+0j)
-0.9400275300988208	-0.8836517573436894	-0.002997023715385999	-0.8866498885920511	0.0	(-0.8866498885920511+0j)
-0.9106965713649502	-0.8293682450958758	-0.002938291759769746	-0.8323076462760205	0.0	(-0.8323076462760205+0j)
-0.8823252880212902	-0.7784979138818526	-0.002877290452510038	-0.7813763130175766	0.0	(-0.7813763130175766+0j)
-0.8548778913426676	-0.7308162091064857	-0.002814133741300139	-0.7336314478685334	0.0	(-0.7336314478685334+0j)
-0.8283201526864177	-0.6861142753464503	-0.0027489597498641543	-0.6888643332052862	0.0	(-0.6888643332052862+0j)
-0.8026193252675695	-0.6441977812929686	-0.002681928892910561	-0.6468807977851178	0.0	(-0.6468807977851178+0j)
-0.7777440703675577	-0.6048858389918965	-0.002613221446115438	-0.6075001335622803	0.0	(-0.6075001335622803+0j)
-0.7536643876962961	-0.5680100092816329	-0.002543034681475314	-0.5705540982554574	0.0	(-0.5705540982554574+0j)
-0.7303515496469766	-0.53341338607174	-0.002471579688716664	-0.5358859964678663	0.0	(-0.5358859964678663+0j)
-0.7077780392009602	-0.5009497527751559	-0.0023990780059996776	-0.5033498327425788	0.0	(-0.5033498327425788+0j)
-0.6859174912568177	-0.4704828048120465	-0.0023257581789134017	-0.472809530649313	0.0	(-0.472809530649313+0j)
-0.6647446371729734	-0.441885432650228	-0.0022518523570573545	-0.44413821243204976	0.0	(-0.44413821243204976+0j)
-0.644235252327683	-0.41503906034171334	-0.002177593023813752	-0.41721753429276437	0.0	(-0.41721753429276437+0j)
-0.6243661065132793	-0.3898330349625516	-0.0021032099386987463	-0.3919370728005542	0.0	(-0.3919370728005542+0j)
-0.6051149169938791	-0.36616406276850916	-0.002028927354282994	-0.36819375828131434	0.0	(-0.36819375828131434+0j)
-0.5864603040670644	-0.3439356882464336	-0.00195496155223738	-0.3458913514348429	0.0	(-0.3458913514348429+0j)
-0.5683817489806017	-0.3230578125742477	-0.0018815187265003165	-0.32493995969393963	0.0	(-0.32493995969393963+0j)
-0.5508595540650095	-0.3034462483047011	-0.0018087932265449403	-0.3052555901765949	0.0	(-0.3052555901765949+0j)
-0.5338748049518669	-0.2850223073623939	-0.0017369661606823417	-0.2867597362909276	0.0	(-0.2867597362909276+0j)
-0.5174093347561604	-0.2677124196928124	-0.001666204348499634	-0.2693789953447243	0.0	(-0.2693789953447243+0j)
-0.5014456901088119	-0.2514477801287026	-0.0015966596029582648	-0.2530447146795427	0.0	(-0.2530447146795427+0j)
-0.4859670989327906	-0.2361640212451527	-0.001528468316295034	-0.23769266409369996	0.0	(-0.23769266409369996+0j)
-0.47095743986299343	-0.22180091016230508	-0.0014617513195076	-0.22326273246881723	0.0	(-0.22326273246881723+0j)
-0.4564012132163665	-0.20830206742537125	-0.001396613982637274	-0.2096986467059737	0.0	(-0.2096986467059737+0j)
-0.4422835134246209	-0.19561470624722682	-0.0013331465220212538	-0.19694771122674246	0.0	(-0.19694771122674246+0j)
-0.4285900028473402	-0.1836893905406831	-0.0012714244808996196	-0.1849605664259034	0.0	(-0.1849605664259034+0j)
-0.41530688688838896	-0.1724798102969251	-0.00121150935096207	-0.17369096461904115	0.0	(-0.17369096461904115+0j)
-0.4024208903432601	-0.1619425729846622	-0.0011534493043562253	-0.16309556211873927	0.0	(-0.16309556211873927+0j)
-0.389919234909446	-0.15203700975236775	-0.0010972800081312255	-0.15313372621579363	0.0	(-0.15313372621579363+0j)
-0.3777896177960279	-0.14272499531446883	-0.0010430254958648214	-0.14376735590684828	0.0	(-0.14376735590684828+0j)
-0.3660201913725601	-0.13397078049240552	-0.0009906990741594107	-0.13496071533008144	0.0	(-0.13496071533008144+0j)
-0.354599543800905	-0.12574083646380996	-0.0009403042446627529	-0.12668027893563552	0.0	(-0.12668027893563552+0j)
-0.3435166805970615	-0.11800370984842355	-0.0008918356251725764	-0.11889458751294159	0.0	(-0.11889458751294159+0j)
-0.3327610070731549	-0.11072988782834026	-0.0008452798561460402	-0.11157411424442845	0.0	(-0.11157411424442845+0j)
-0.3223223116127228	-0.10389167256336918	-0.0008006164815033607	-0.10469114004603008	0.0	(-0.10469114004603008+0j)
-0.3121907497351576	-0.0974630642201998	-0.0007578187949563787	-0.09821963748369149	0.0	(-0.09821963748369149+0j)
-0.30235682890776616	-0.09141965198716018	-0.0007168546451898823	-0.0921351626467851	0.0	(-0.0921351626467851+0j)
-0.2928113940662991	-0.08573851249504949	-0.0006776871950702712	-0.08641475437512654	0.0	(-0.08641475437512654+0j)
-0.28354561380707677	-0.08039811510923192	-0.0006402756316566302	-0.08103684031384192	0.0	(-0.08103684031384192+0j)
-0.2745509672159419	-0.07537823359920921	-0.0006045758251536552	-0.07598114928198826	0.0	(-0.07598114928198826+0j)
-0.2658192313012629	-0.0706598637295943	-0.0005705409360898365	-0.07122862951053009	0.0	(-0.07122862951053009+0j)
-0.25734246900006463	-0.06622514635104923	-0.0005381219709456349	-0.06676137231800812	0.0	(-0.06676137231800812+0j)
-0.24911301772811112	-0.06205729560160621	-0.0005072682872154475	-0.06256254084227168	0.0	(-0.06256254084227168+0j)
-0.24112347844640347	-0.0581405318580932	-0.00047792804948411843	-0.05861630346657663	0.0	(-0.05861630346657663+0j)
-0.2333667052180859	-0.054460019104344996	-0.00045004863855381934	-0.054907771598399484	0.0	(-0.054907771598399484+0j)
-0.225835795231207	-0.05100180640771166	-0.0004235770159900324	-0.051422941517608844	0.0	(-0.051422941517608844+0j)
-0.21852407926412534	-0.047752773218233735	-0.0003984600466838448	-0.04814863998895606	0.0	(-0.04814863998895606+0j)
-0.211425112571636	-0.04470057822592895	-0.0003746447821688467	-0.045072473392507445	0.0	(-0.045072473392507445+0j)
-0.20453266617107863	-0.04183361153104989	-0.00035207870749975683	-0.04218278012215183	0.0	(-0.04218278012215183+0j)
-0.19784071850882584	-0.03914094990008846	-0.0003307099545095324	-0.03946858603295864	0.0	(-0.03946858603295864+0j)
-0.19134344748859874	-0.036612314896822144	-0.0003104874842247477	-0.03691956273276398	0.0	(-0.03691956273276398+0j)
-0.18503522284406232	-0.0342380336929518	-0.00029136124114500193	-0.03452598851310558	0.0	(-0.03452598851310558+0j)
-0.17891059883908308	-0.03200900237695932	-0.00027328228199029436	-0.03227871176502799	0.0	(-0.03227871176502799+0j)
-0.17296430727992232	-0.02991665159282339	-0.00025620288139824104	-0.03016911668852115	0.0	(-0.03016911668852115+0j)
-0.16719125082446273	-0.02795291435224841	-0.00024007661691675017	-0.028189091164778995	0.0	(-0.028189091164778995+0j)
-0.1615864965743571	-0.026110195875174724	-0.00022485843549263363	-0.026330996634945227	0.0	(-0.026330996634945227+0j)
-0.15614526993671918	-0.024381345323610897	-0.00021050470350707646	-0.0245876398594486	0.0	(-0.0245876398594486+0j)
-0.15086294874268072	-0.02275962930333671	-0.0001969732422578946	-0.02295224643150918	0.0	(-0.02295224643150918+0j)
-0.14573505761078795	-0.021238707016819684	-0.0001842233506393086	-0.021418435936135967	0.0	(-0.021418435936135967+0j)
-0.1407572625438378	-0.019812606958834883	-0.00017221581662439924	-0.019980198640528316	0.0	(-0.019980198640528316+0j)
-0.1359253657483311	-0.018475705053817584	-0.00016091291901473918	-0.0186318736199531	0.0	(-0.0186318736199531+0j)
-0.13123530066627967	-0.017222704140968825	-0.00015027842078795816	-0.017368128229347003	0.0	(-0.017368128229347003+0j)
-0.12668312720961808	-0.016048614719608275	-0.00014027755524689754	-0.016183938828262804	0.0	(-0.016183938828262804+0j)
-0.12226502718796878	-0.014948736873274745	-0.0001308770060549365	-0.01507457268297941	0.0	(-0.01507457268297941+0j)
-0.11797729992097018	-0.01391864329664255	-0.00012204488213072434	-0.014035570969090763	0.0	(-0.014035570969090763+0j)
-0.11381635802681951	-0.012954163354489161	-0.00011375068827229746	-0.013062732803625448	0.0	(-0.013062732803625448+0j)
-0.10977872337909478	-0.01205136810674381	-0.00010596529228513035	-0.012152100242478547	0.0	(-0.012152100242478547+0j)
-0.10586102322431669	-0.011206556238099318	-9.866088930102768e-05	-0.011299944181018373	0.0	(-0.011299944181018373+0j)
-0.10205998645307823	-0.010416240834802512	-9.181096389465904e-05	-0.01050275110116634	0.0	(-0.01050275110116634+0j)
-0.09837244001792601	-0.009677136955080452	-8.539025053116017e-05	-0.009757210610778154	0.0	(-0.009757210610778154+0j)
-0.09479530549150439	-0.008986149943227642	-7.937469281205783e-05	-0.00906020372725652	0.0	(-0.00906020372725652+0j)
-0.09132559575879504	-0.008340364440698841	-7.37414019267052e-05	-0.008408791856930393	0.0	(-0.008408791856930393+0j)
-0.08796041183757511	-0.007737034050635823	-6.846861466209554e-05	-0.0078002064275987295	0.0	(-0.0078002064275987295+0j)
-0.08469693982150671	-0.007173571615127929	-6.353565127532324e-05	-0.007231839133754719	0.0	(-0.007231839133754719+0j)
-0.08153244794053156	-0.0066475400671754895	-5.8922873489433707e-05	-0.006701232756233627	0.0	(-0.006701232756233627+0j)
-0.07846428373350321	-0.006156643821811697	-5.461164283415976e-05	-0.0062060725211724515	0.0	(-0.0062060725211724515+0j)
-0.07548987132822536	-0.005698720673152022	-5.0584279518869905e-05	-0.005744177964372471	0.0	(-0.005744177964372471+0j)
-0.0726067088242958	-0.005271734166296074	-4.682402199354119e-05	-0.005313495271074932	0.0	(-0.005313495271074932+0j)
-0.0698123657743687	-0.004873766415014246	-4.331498732702832e-05	-0.004912090061334984	0.0	(-0.004912090061334984+0j)
-0.06710448075965493	-0.004503011338022899	-4.004213250749511e-05	-0.004538140594335968	0.0	(-0.004538140594335968+0j)
-0.06448075905567281	-0.004157768288395731	-3.6991216748641366e-05	-0.004189931366094178	0.0	(-0.004189931366094178+0j)
-0.06193897038444741	-0.003836436052285453	-3.4148764867547586e-05	-0.0038658470770131887	0.0	(-0.0038658470770131887+0j)
-0.05947694674953034	-0.0035375071946464683	-3.1502031782648654e-05	-0.003564366946237056	0.0	(-0.003564366946237056+0j)
-0.05709258035037935	-0.003259562731064522	-2.903896816758289e-05	-0.0032840593535849332	0.0	(-0.0032840593535849332+0j)
-0.05478382157279376	-0.003001267106119703	-2.6748187283748282e-05	-0.003023576787621224	0.0	(-0.003023576787621224+0j)
-0.0525486770522525	-0.002761363459941929	-2.461893300380602e-05	-0.0027816510831604733	0.0	(-0.0027816510831604733+0j)
-0.05038520780714346	-0.00253866916576903	-2.2641049030752703e-05	-0.0025570889301821296	0.0	(-0.0025570889301821296+0j)
-0.04829152743900835	-0.0023320716223924963	-2.080494930754018e-05	-0.0023487676382359214	0.0	(-0.0023487676382359214+0j)
-0.04626580039705615	-0.0021405242863802407	-1.910158960710118e-05	-0.0021556311417391706	0.0	(-0.0021556311417391706+0j)
-0.04430624030431983	-0.001963042929904135	-1.752244028769279e-05	-0.0019766862311954322	0.0	(-0.0019766862311954322+0j)
-0.0424111083429481	-0.0017987021108772823	-1.6059460192574538e-05	-0.0018109989977723021	0.0	(-0.0018109989977723021+0j)
-0.04057871169623432	-0.0016466318429261037	-1.4705071670140235e-05	-0.0016576914786232133	0.0	(-0.0016576914786232133+0j)
-0.038807402045089236	-0.0015060144534891962	-1.3452136688174577e-05	-0.0015159384908935418	0.0	(-0.0015159384908935418+0j)
-0.0370955741167656	-0.0013760816190524503	-1.2293934012708175e-05	-0.0013849646438878174	0.0	(-0.0013849646438878174+0j)
-0.03544166428373683	-0.001256111567201107	-1.1224137419796331e-05	-0.0012640415189628532	0.0	(-0.0012640415189628532+0j)
-0.03384414921072317	-0.0011454264357976939	-1.023679490994578e-05	-0.0011524850071863305	0.0	(-0.0011524850071863305+0j)
-0.03230154454794487	-0.0010433897801828671	-9.32630888876851e-06	-0.0010496527959657337	0.0	(-0.0010496527959657337+0j)
-0.030812403668764587	-0.0009494042198468975	-8.48741728338709e-06	-0.0009549419960686493	0.0	(-0.0009549419960686493+0j)
-0.029375316449958718	-0.0008629092165352152	-7.715175558020705e-06	-0.0008677869006987838	0.0	(-0.0008677869006987838+0j)
-0.027988908092932717	-0.0007833789762346345	-7.004939595378623e-06	-0.000787656869488459	0.0	(-0.000787656869488459+0j)
-0.02665183798426606	-0.000710320467939567	-6.3523494096884295e-06	-0.0007140543299037817	0.0	(-0.0007140543299037817+0j)
-0.025362798594040566	-0.0006432715525218661	-5.753313659284665e-06	-0.0006465128895511866	0.0	(-0.0006465128895511866+0j)
-0.024120514410469796	-0.0005817992154256811	-5.203994921587629e-06	-0.0005845955530798441	0.0	(-0.0005845955530798441+0j)
-0.022923740909409487	-0.000525497897281734	-4.70079570389359e-06	-0.000527893037804009	0.0	(-0.000527893037804009+0j)
-0.021771263557387018	-0.000473987916885208	-4.240345152206615e-06	-0.00047602218225480407	0.0	(-0.00047602218225480407+0j)
-0.02066189684684411	-0.0004269139813096266	-3.819486430334252e-06	-0.0004286244426618066	0.0	(-0.0004286244426618066+0j)
-0.019594483362340376	-0.0003839437782370338	-3.435264739870547e-06	-0.00038536447227703526	0.0	(-0.00038536447227703526+0j)
-0.01856789287651589	-0.00034476664587376955	-3.0849159490919933e-06	-0.0003459287789353834	0.0	(-0.0003459287789353834+0j)
-0.017581021474659796	-0.00030909231609244894	-2.7658558051868455e-06	-0.00031002445635677604	0.0	(-0.00031002445635677604+0j)
-0.0166327907067782	-0.0002766497266954873	-2.47566970084101e-06	-0.0002773779854055427	0.0	(-0.0002773779854055427+0j)
-0.015722146766098555	-0.0002471858989347433	-2.212102967202867e-06	-0.0002477341007873819	0.0	(-0.0002477341007873819+0j)
-0.014848059692990303	-0.0002204648766466033	-1.973051676440463e-06	-0.0002208547202904673	0.0	(-0.0002208547202904673+0j)
-0.01400952260332125	-0.00019626672357296902	-1.7565539135233622e-06	-0.00019651793245819343	0.0	(-0.00019651793245819343+0j)
-0.01320555094030825	-0.0001743865756370761	-1.5607815144313975e-06	-0.00017451703984216427	0.0	(-0.00017451703984216427+0j)
-0.012435181748956657	-0.00015463374512958474	-1.3840322304226049e-06	-0.00015465965452857123	0.0	(-0.00015465965452857123+0j)
-0.01169747297221872	-0.00013683087393578743	-1.2247223019734577e-06	-0.00013676684331698322	0.0	(-0.00013676684331698322+0j)
-0.010991502768034012	-0.00012081313309969934	-1.081379437195551e-06	-0.00012067231948175069	0.0	(-0.00012067231948175069+0j)
-0.0103163688464472	-0.00010642746617594633	-9.5263613957286e-07	-0.00010622167887481971	0.0	(-0.00010622167887481971+0j)
-0.009671187826028764	-9.353187396632697e-05	-8.372234153952718e-07	-9.327167774636167e-05	0.0	(-9.327167774636167e-05+0j)
-0.0090550946088535	-8.199473837528773e-05	-7.339647977389063e-07	-8.16895501067672e-05	0.0	(-8.16895501067672e-05+0j)
-0.008467241773319324	-7.169418324784377e-05	-6.417706877925866e-07	-7.135236245313091e-05	0.0	(-7.135236245313091e-05+0j)
-0.00790679898411556	-6.251747017521084e-05	-5.596330167279006e-07	-6.214640388966193e-05	0.0	(-6.214640388966193e-05+0j)
-0.007372952418675131	-5.436042736804747e-05	-4.866201713582541e-07	-5.396660972245902e-05	0.0	(-5.396660972245902e-05+0j)
-0.006864904209469354	-4.712690980519006e-05	-4.218722107651729e-07	-4.6716016884068536e-05	0.0	(-4.6716016884068536e-05+0j)
-0.00638187190152713	-4.0728288967501505e-05	-3.645963275289432e-07	-4.030524949442639e-05	0.0	(-4.030524949442639e-05+0j)
-0.0059230879245824606	-3.508297056233456e-05	-3.1406255835975115e-07	-3.465203321538553e-05	0.0	(-3.465203321538553e-05+0j)
-0.005487799079275197	-3.0115938734493705e-05	-2.6959972814211143e-07	-2.968073716552733e-05	0.0	(-2.968073716552733e-05+0j)
-0.005075266036850213	-2.5758325344805268e-05	-2.3059160980665183e-07	-2.532194236665916e-05	0.0	(-2.532194236665916e-05+0j)
-0.00468476285181929	-2.1947002977786005e-05	-1.9647332081262902e-07	-2.151203617754904e-05	0.0	(-2.151203617754904e-05+0j)
-0.004315576487068442	-1.8624200415737994e-05	-1.6672785392302105e-07	-1.819283234548141e-05	0.0	(-1.819283234548141e-05+0j)
-0.003967006350910908	-1.573713938816748e-05	-1.4088287016988943e-07	-1.531121707814661e-05	0.0	(-1.531121707814661e-05+0j)
-0.0036383638456027453	-1.3237691472989197e-05	-1.1850763570464551e-07	-1.2818821704419078e-05	0.0	(-1.2818821704419078e-05+0j)
-0.0033289719268539634	-1.108205408978179e-05	-9.921006096647034e-08	-1.0671722515167637e-05	0.0	(-1.0671722515167637e-05+0j)
-0.0030381646738833206	-9.230444585632543e-06	-8.263409796427368e-08	-8.830166653359117e-06	0.0	(-8.830166653359117e-06+0j)
-0.002765286869579454	-7.646811471068537e-06	-6.845700966096046e-08	-7.258316709911315e-06	0.0	(-7.258316709911315e-06+0j)
-0.0025096935903448805	-6.298561917418177e-06	-5.638712536892854e-08	-5.9239945038304705e-06	0.0	(-5.9239945038304705e-06+0j)
-0.0022707498052125484	-5.156304677872827e-06	-4.616127000645065e-08	-4.79838505666591e-06	0.0	(-4.79838505666591e-06+0j)
-0.0020478299838372883	-4.193607642703028e-06	-3.754288400159567e-08	-3.855653283527333e-06	0.0	(-3.855653283527333e-06+0j)
-0.001840317712976406	-3.386769284694709e-06	-3.031978508261091e-08	-3.072461609018381e-06	0.0	(-3.072461609018381e-06+0j)
-0.0016476053210851282	-2.7146032940680283e-06	-2.4302249812535593e-08	-2.4274786394993227e-06	0.0	(-2.4274786394993227e-06+0j)
-0.0014690935106634537	-2.158235743073471e-06	-1.9321453237353128e-08	-1.9010537806602386e-06	0.0	(-1.9010537806602386e-06+0j)
-0.0013041909980012522	-1.7009141592675022e-06	-1.5227396943373606e-08	-1.475166504144631e-06	0.0	(-1.475166504144631e-06+0j)
-0.0011523141599783147	-1.327827923286529e-06	-1.1887323125847615e-08	-1.1335678469765448e-06	0.0	(-1.1335678469765448e-06+0j)
-0.0010128866875853285	-1.0259394418875787e-06	-9.184793725580676e-09	-8.619229440218869e-07	0.0	(-8.619229440218869e-07+0j)
-0.0008853392458406116	-7.83825580225623e-07	-7.017183634161484e-09	-6.478330380187888e-07	0.0	(-6.478330380187888e-07+0j)
-0.0007691091397858128	-5.91528868902073e-07	-5.2955783758079635e-09	-4.807282275377628e-07	0.0	(-4.807282275377628e-07+0j)
-0.000663639986251706	-4.404180313521645e-07	-3.942932380596176e-09	-3.5168469313923693e-07	0.0	(-3.5168469313923693e-07+0j)
-0.0005683813910927198	-3.230574057404953e-07	-2.892329575843178e-09	-2.532201019463266e-07	0.0	(-2.532201019463266e-07+0j)
-0.0004827886315959191	-2.330848627982601e-07	-2.0864717953372746e-09	-1.7909807653159244e-07	0.0	(-1.7909807653159244e-07+0j)
-0.00040632234377683705	-1.6509784705230215e-07	-1.4782926882617176e-09	-1.2414696329542366e-07	0.0	(-1.2414696329542366e-07+0j)
-0.0003384482142808416	-1.1454719374989047e-07	-1.0248186299577355e-09	-8.411318871853076e-08	0.0	(-8.411318871853076e-08+0j)
-0.0002786366766146315	-7.763839755484672e-08	-6.941263563930989e-10	-5.552279021078461e-08	0.0	(-5.552279021078461e-08+0j)
-0.0002263626114379906	-5.124003185702671e-08	-4.5838532969355583e-10	-3.5567508341768814e-08	0.0	(-3.5567508341768814e-08+0j)
-0.0001811050506511092	-3.279903937134083e-08	-2.9467628337442875e-10	-2.1997193498620483e-08	0.0	(-2.1997193498620483e-08+0j)
-0.00014234688501760587	-2.0262635674215505e-08	-1.7680577002465725e-10	-1.306087943316603e-08	0.0	(-1.306087943316603e-08+0j)
-0.00010957457506787214	-1.2006587501304747e-08	-1.0477378964424134e-10	-7.405463752534784e-09	0.0	(-7.405463752534784e-09+0j)
-8.227786503151151e-05	-6.769647074143624e-09	-7.8580342233181e-11	-6.737258570128985e-09	0.0	(-6.737258570128985e-09+0j)
-5.9949499551469586e-05	-3.593942496471652e-09	-0.0	-3.904105969478208e-09	0.0	(-3.904105969478208e-09+0j)
-4.208494293595911e-05	-1.7711424219229345e-09	-0.0	-1.933721039665262e-09	0.0	(-1.933721039665262e-09+0j)
-2.818210070747449e-05	-7.942308002862342e-10	-0.0	-8.730979616097339e-10	0.0	(-8.730979616097339e-10+0j)
-1.7741043211075948e-05	-3.14744614217264e-10	-0.0	-3.4920978072254385e-10	0.0	(-3.4920978072254385e-10+0j)
-1.0263731046704024e-05	-1.0534417499907609e-10	-0.0	-1.1851847457848595e-10	0.0	(-1.1851847457848595e-10+0j)
-5.253742092569803e-06	-2.7601805975239737e-11	-6.7055225372314455e-09	-5.352093444895111e-12	0.0	(-5.352093444895111e-12+0j)
-2.2159998886550805e-06	-4.910655506519329e-12	-0.0	-6.25261184678138e-13	0.0	(-6.25261184678138e-13+0j)
-6.565031510556671e-07	-4.3099638734602e-13	-0.0	-1.2675508336602489e-13	0.0	(-1.2675508336602489e-13+0j)
-8.205618931236921e-08	-6.733218204467375e-15	-0.0	2.1697446475550967e-14	-3.7321869177031812e-06	(2.1697446475550967e-14-3.7321869177031812e-06j)
8.205618931236921e-08	6.733218204467375e-15	0.0	2.1697446475550967e-14	3.7321869177031812e-06	(2.1697446475550967e-14+3.7321869177031812e-06j)
6.565031510556671e-07	4.3099638734602e-13	0.0	5.2498818969936733e-14	0.0	(5.2498818969936733e-14+0j)
2.2159998886550805e-06	4.910655506519329e-12	0.0	4.971731285088635e-13	0.0	(4.971731285088635e-13+0j)
5.253742092569803e-06	2.7601805975239737e-11	6.7055225372314455e-09	5.9571536778162136e-12	0.0	(5.9571536778162136e-12+0j)
1.0263731046704024e-05	1.0534417499907609e-10	0.0	1.1843644284731016e-10	0.0	(1.1843644284731016e-10+0j)
1.7741043211075948e-05	3.14744614217264e-10	0.0	3.492027838966403e-10	0.0	(3.492027838966403e-10+0j)
2.818210070747449e-05	7.942308002862342e-10	0.0	8.731720111214929e-10	0.0	(8.731720111214929e-10+0j)
4.208494293595911e-05	1.7711424219229345e-09	0.0	1.9337877684657413e-09	0.0	(1.9337877684657413e-09+0j)
5.9949499551469586e-05	3.593942496471652e-09	0.0	3.904083248041397e-09	0.0	(3.904083248041397e-09+0j)
8.227786503151151e-05	6.769647074143624e-09	7.8580342233181e-11	6.73722662256222e-09	0.0	(6.73722662256222e-09+0j)
0.00010957457506787214	1.2006587501304747e-08	1.0477378964424134e-10	7.405446464244441e-09	0.0	(7.405446464244441e-09+0j)
0.00014234688501760587	2.0262635674215505e-08	1.7680577002465725e-10	1.3060870299982396e-08	0.0	(1.3060870299982396e-08+0j)
0.0001811050506511092	3.279903937134083e-08	2.9467628337442875e-10	2.1997171863504605e-08	0.0	(2.1997171863504605e-08+0j)
0.0002263626114379906	5.124003185702671e-08	4.5838532969355583e-10	3.5567606016283346e-08	0.0	(3.5567606016283346e-08+0j)
0.0002786366766146315	7.763839755484672e-08	6.941263563930989e-10	5.552282218784587e-08	0.0	(5.552282218784587e-08+0j)
0.0003384482142808416	1.1454719374989047e-07	1.0248186299577355e-09	8.411320434809146e-08	0.0	(8.411320434809146e-08+0j)
0.00040632234377683705	1.6509784705230215e-07	1.4782926882617176e-09	1.2414693657579763e-07	0.0	(1.2414693657579763e-07+0j)
0.0004827886315959191	2.330848627982601e-07	2.0864717953372746e-09	1.7909804276130776e-07	0.0	(1.7909804276130776e-07+0j)
0.0005683813910927198	3.230574057404953e-07	2.892329575843178e-09	2.532200972258269e-07	0.0	(2.532200972258269e-07+0j)
0.000663639986251706	4.404180313521645e-07	3.942932380596176e-09	3.516846400801968e-07	0.0	(3.516846400801968e-07+0j)
0.0007691091397858128	5.91528868902073e-07	5.2955783758079635e-09	4.807281300099807e-07	0.0	(4.807281300099807e-07+0j)
0.0008853392458406116	7.83825580225623e-07	7.017183634161484e-09	6.478329685259612e-07	0.0	(6.478329685259612e-07+0j)
0.0010128866875853285	1.0259394418875787e-06	9.184793725580676e-09	8.619230226736688e-07	0.0	(8.619230226736688e-07+0j)
0.0011523141599783147	1.327827923286529e-06	1.1887323125847615e-08	1.1335679297179556e-06	0.0	(1.1335679297179556e-06+0j)
0.0013041909980012522	1.7009141592675022e-06	1.5227396943373606e-08	1.4751664941260356e-06	0.0	(1.4751664941260356e-06+0j)
0.0014690935106634537	2.158235743073471e-06	1.9321453237353128e-08	1.9010536834162776e-06	0.0	(1.9010536834162776e-06+0j)
0.0016476053210851282	2.7146032940680283e-06	2.4302249812535593e-08	2.4274786406395527e-06	0.0	(2.4274786406395527e-06+0j)
0.001840317712976406	3.386769284694709e-06	3.031978508261091e-08	3.0724614316940954e-06	0.0	(3.0724614316940954e-06+0j)
0.0020478299838372883	4.193607642703028e-06	3.754288400159567e-08	3.8556532885194524e-06	0.0	(3.8556532885194524e-06+0j)
0.0022707498052125484	5.156304677872827e-06	4.616127000645065e-08	4.798384843891836e-06	0.0	(4.798384843891836e-06+0j)
0.0025096935903448805	6.298561917418177e-06	5.638712536892854e-08	5.923994507875092e-06	0.0	(5.923994507875092e-06+0j)
0.002765286869579454	7.646811471068537e-06	6.845700966096046e-08	7.258317178962023e-06	0.0	(7.258317178962023e-06+0j)
0.0030381646738833206	9.230444585632543e-06	8.263409796427368e-08	8.830166656080693e-06	0.0	(8.830166656080693e-06+0j)
0.0033289719268539634	1.108205408978179e-05	9.921006096647034e-08	1.0671722356395755e-05	0.0	(1.0671722356395755e-05+0j)
0.0036383638456027453	1.3237691472989197e-05	1.1850763570464551e-07	1.2818821676847285e-05	0.0	(1.2818821676847285e-05+0j)
0.003967006350910908	1.573713938816748e-05	1.4088287016988943e-07	1.531121703113728e-05	0.0	(1.531121703113728e-05+0j)
0.004315576487068442	1.8624200415737994e-05	1.6672785392302105e-07	1.8192832346427274e-05	0.0	(1.8192832346427274e-05+0j)
0.00468476285181929	2.1947002977786005e-05	1.9647332081262902e-07	2.1512036132842598e-05	0.0	(2.1512036132842598e-05+0j)
0.005075266036850213	2.5758325344805268e-05	2.3059160980665183e-07	2.532194244827873e-05	0.0	(2.532194244827873e-05+0j)
0.005487799079275197	3.0115938734493705e-05	2.6959972814211143e-07	2.968073732723658e-05	0.0	(2.968073732723658e-05+0j)
0.0059230879245824606	3.508297056233456e-05	3.1406255835975115e-07	3.4652033186659814e-05	0.0	(3.4652033186659814e-05+0j)
0.00638187190152713	4.0728288967501505e-05	3.645963275289432e-07	4.030524983603281e-05	0.0	(4.030524983603281e-05+0j)
0.006864904209469354	4.712690980519006e-05	4.218722107651729e-07	4.671601685800308e-05	0.0	(4.671601685800308e-05+0j)
0.007372952418675131	5.436042736804747e-05	4.866201713582541e-07	5.396660975350458e-05	0.0	(5.396660975350458e-05+0j)
0.00790679898411556	6.251747017521084e-05	5.596330167279006e-07	6.214640391633626e-05	0.0	(6.214640391633626e-05+0j)
0.008467241773319324	7.169418324784377e-05	6.417706877925866e-07	7.135236239015635e-05	0.0	(7.135236239015635e-05+0j)
0.0090550946088535	8.199473837528773e-05	7.339647977389063e-07	8.168955009847947e-05	0.0	(8.168955009847947e-05+0j)
0.009671187826028764	9.353187396632697e-05	8.372234153952718e-07	9.32716777466371e-05	0.0	(9.32716777466371e-05+0j)
0.0103163688464472	0.00010642746617594633	9.5263613957286e-07	0.00010622167884326553	0.0	(0.00010622167884326553+0j)
0.010991502768034012	0.00012081313309969934	1.081379437195551e-06	0.00012067231931103437	0.0	(0.00012067231931103437+0j)
0.01169747297221872	0.00013683087393578743	1.2247223019734577e-06	0.00013676684324042795	0.0	(0.00013676684324042795+0j)
0.012435181748956657	0.00015463374512958474	1.3840322304226049e-06	0.000154659654417899	0.0	(0.000154659654417899+0j)
0.01320555094030825	0.0001743865756370761	1.5607815144313975e-06	0.00017451703983755953	0.0	(0.00017451703983755953+0j)
0.01400952260332125	0.00019626672357296902	1.7565539135233622e-06	0.00019651793242102673	0.0	(0.00019651793242102673+0j)
0.014848059692990303	0.0002204648766466033	1.973051676440463e-06	0.00022085472026315742	0.0	(0.00022085472026315742+0j)
0.015722146766098555	0.0002471858989347433	2.212102967202867e-06	0.0002477341007879321	0.0	(0.0002477341007879321+0j)
0.0166327907067782	0.0002766497266954873	2.47566970084101e-06	0.00027737798535976057	0.0	(0.00027737798535976057+0j)
0.017581021474659796	0.00030909231609244894	2.7658558051868455e-06	0.00031002445636118186	0.0	(0.00031002445636118186+0j)
0.01856789287651589	0.00034476664587376955	3.0849159490919933e-06	0.0003459287788891717	0.0	(0.0003459287788891717+0j)
0.019594483362340376	0.0003839437782370338	3.435264739870547e-06	0.0003853644722633552	0.0	(0.0003853644722633552+0j)
0.02066189684684411	0.0004269139813096266	3.819486430334252e-06	0.00042862444267330915	0.0	(0.00042862444267330915+0j)
0.021771263557387018	0.000473987916885208	4.240345152206615e-06	0.0004760221822368852	0.0	(0.0004760221822368852+0j)
0.022923740909409487	0.000525497897281734	4.70079570389359e-06	0.0005278930377939673	0.0	(0.0005278930377939673+0j)
0.024120514410469796	0.0005817992154256811	5.203994921587629e-06	0.0005845955531227452	0.0	(0.0005845955531227452+0j)
0.025362798594040566	0.0006432715525218661	5.753313659284665e-06	0.0006465128895430934	0.0	(0.0006465128895430934+0j)
0.02665183798426606	0.000710320467939567	6.3523494096884295e-06	0.0007140543299553337	0.0	(0.0007140543299553337+0j)
0.027988908092932717	0.0007833789762346345	7.004939595378623e-06	0.0007876568695075582	0.0	(0.0007876568695075582+0j)
0.029375316449958718	0.0008629092165352152	7.715175558020705e-06	0.0008677869006668579	0.0	(0.0008677869006668579+0j)
0.030812403668764587	0.0009494042198468975	8.48741728338709e-06	0.0009549419960812416	0.0	(0.0009549419960812416+0j)
0.03230154454794487	0.0010433897801828671	9.32630888876851e-06	0.0010496527959689163	0.0	(0.0010496527959689163+0j)
0.03384414921072317	0.0011454264357976939	1.023679490994578e-05	0.0011524850072042441	0.0	(0.0011524850072042441+0j)
0.03544166428373683	0.001256111567201107	1.1224137419796331e-05	0.0012640415189170892	0.0	(0.0012640415189170892+0j)
0.0370955741167656	0.0013760816190524503	1.2293934012708175e-05	0.0013849646438227105	0.0	(0.0013849646438227105+0j)
0.038807402045089236	0.0015060144534891962	1.3452136688174577e-05	0.0015159384909156407	0.0	(0.0015159384909156407+0j)
0.04057871169623432	0.0016466318429261037	1.4705071670140235e-05	0.001657691478657624	0.0	(0.001657691478657624+0j)
0.0424111083429481	0.0017987021108772823	1.6059460192574538e-05	0.0018109989977688078	0.0	(0.0018109989977688078+0j)
0.04430624030431983	0.001963042929904135	1.752244028769279e-05	0.0019766862311937135	0.0	(0.0019766862311937135+0j)
0.04626580039705615	0.0021405242863802407	1.910158960710118e-05	0.002155631141716842	0.0	(0.002155631141716842+0j)
0.04829152743900835	0.0023320716223924963	2.080494930754018e-05	0.002348767638279846	0.0	(0.002348767638279846+0j)
0.05038520780714346	0.00253866916576903	2.2641049030752703e-05	0.0025570889302132093	0.0	(0.0025570889302132093+0j)
0.0525486770522525	0.002761363459941929	2.461893300380602e-05	0.0027816510831857903	0.0	(0.0027816510831857903+0j)
0.05478382157279376	0.003001267106119703	2.6748187283748282e-05	0.0030235767875711286	0.0	(0.0030235767875711286+0j)
0.05709258035037935	0.003259562731064522	2.903896816758289e-05	0.003284059353604396	0.0	(0.003284059353604396+0j)
0.05947694674953034	0.0035375071946464683	3.1502031782648654e-05	0.003564366946208065	0.0	(0.003564366946208065+0j)
0.06193897038444741	0.003836436052285453	3.4148764867547586e-05	0.003865847077003928	0.0	(0.003865847077003928+0j)
0.06448075905567281	0.004157768288395731	3.6991216748641366e-05	0.0041899313662217014	0.0	(0.0041899313662217014+0j)
0.06710448075965493	0.004503011338022899	4.004213250749511e-05	0.004538140594403724	0.0	(0.004538140594403724+0j)
0.0698123657743687	0.004873766415014246	4.331498732702832e-05	0.004912090061214856	0.0	(0.004912090061214856+0j)
0.0726067088242958	0.005271734166296074	4.682402199354119e-05	0.005313495271059112	0.0	(0.005313495271059112+0j)
0.07548987132822536	0.005698720673152022	5.0584279518869905e-05	0.0057441779644481	0.0	(0.0057441779644481+0j)
0.07846428373350321	0.006156643821811697	5.461164283415976e-05	0.006206072521178098	0.0	(0.006206072521178098+0j)
0.08153244794053156	0.0066475400671754895	5.8922873489433707e-05	0.006701232756177915	0.0	(0.006701232756177915+0j)
0.08469693982150671	0.007173571615127929	6.353565127532324e-05	0.007231839133682492	0.0	(0.007231839133682492+0j)
0.08796041183757511	0.007737034050635823	6.846861466209554e-05	0.007800206427390398	0.0	(0.007800206427390398+0j)
0.09132559575879504	0.008340364440698841	7.37414019267052e-05	0.008408791856909912	0.0	(0.008408791856909912+0j)
0.09479530549150439	0.008986149943227642	7.937469281205783e-05	0.00906020372721401	0.0	(0.00906020372721401+0j)
0.09837244001792601	0.009677136955080452	8.539025053116017e-05	0.00975721061072939	0.0	(0.00975721061072939+0j)
0.10205998645307823	0.010416240834802512	9.181096389465904e-05	0.01050275110132982	0.0	(0.01050275110132982+0j)
0.10586102322431669	0.011206556238099318	9.866088930102768e-05	0.011299944181222573	0.0	(0.011299944181222573+0j)
0.10977872337909478	0.01205136810674381	0.00010596529228513035	0.012152100242518738	0.0	(0.012152100242518738+0j)
0.11381635802681951	0.012954163354489161	0.00011375068827229746	0.01306273280357361	0.0	(0.01306273280357361+0j)
0.11797729992097018	0.01391864329664255	0.00012204488213072434	0.014035570968958307	0.0	(0.014035570968958307+0j)
0.12226502718796878	0.014948736873274745	0.0001308770060549365	0.015074572683079329	0.0	(0.015074572683079329+0j)
0.12668312720961808	0.016048614719608275	0.00014027755524689754	0.016183938828058842	0.0	(0.016183938828058842+0j)
0.13123530066627967	0.017222704140968825	0.00015027842078795816	0.017368128229392238	0.0	(0.017368128229392238+0j)
0.1359253657483311	0.018475705053817584	0.00016091291901473918	0.018631873620068067	0.0	(0.018631873620068067+0j)
0.1407572625438378	0.019812606958834883	0.00017221581662439924	0.01998019864017042	0.0	(0.01998019864017042+0j)
0.14573505761078795	0.021238707016819684	0.0001842233506393086	0.021418435936339592	0.0	(0.021418435936339592+0j)
0.15086294874268072	0.02275962930333671	0.0001969732422578946	0.022952246431961365	0.0	(0.022952246431961365+0j)
0.15614526993671918	0.024381345323610897	0.00021050470350707646	0.024587639859186116	0.0	(0.024587639859186116+0j)
0.1615864965743571	0.026110195875174724	0.00022485843549263363	0.02633099663486117	0.0	(0.02633099663486117+0j)
0.16719125082446273	0.02795291435224841	0.00024007661691675017	0.0281890911650581	0.0	(0.0281890911650581+0j)
0.17296430727992232	0.02991665159282339	0.00025620288139824104	0.030169116688325188	0.0	(0.030169116688325188+0j)
0.17891059883908308	0.03200900237695932	0.00027328228199029436	0.032278711764805325	0.0	(0.032278711764805325+0j)
0.18503522284406232	0.0342380336929518	0.00029136124114500193	0.03452598851341512	0.0	(0.03452598851341512+0j)
0.19134344748859874	0.036612314896822144	0.0003104874842247477	0.03691956273253923	0.0	(0.03691956273253923+0j)
0.19784071850882584	0.03914094990008846	0.0003307099545095324	0.03946858603320377	0.0	(0.03946858603320377+0j)
0.20453266617107863	0.04183361153104989	0.00035207870749975683	0.04218278012143688	0.0	(0.04218278012143688+0j)
0.211425112571636	0.04470057822592895	0.0003746447821688467	0.045072473392524896	0.0	(0.045072473392524896+0j)
0.21852407926412534	0.047752773218233735	0.0003984600466838448	0.04814863998877166	0.0	(0.04814863998877166+0j)
0.225835795231207	0.05100180640771166	0.0004235770159900324	0.0514229415175876	0.0	(0.0514229415175876+0j)
0.2333667052180859	0.054460019104344996	0.00045004863855381934	0.05490777159849796	0.0	(0.05490777159849796+0j)
0.24112347844640347	0.0581405318580932	0.00047792804948411843	0.05861630346654456	0.0	(0.05861630346654456+0j)
0.24911301772811112	0.06205729560160621	0.0005072682872154475	0.06256254084206984	0.0	(0.06256254084206984+0j)
0.25734246900006463	0.06622514635104923	0.0005381219709456349	0.06676137231763309	0.0	(0.06676137231763309+0j)
0.2658192313012629	0.0706598637295943	0.0005705409360898365	0.07122862950963771	0.0	(0.07122862950963771+0j)
0.2745509672159419	0.07537823359920921	0.0006045758251536552	0.07598114928158678	0.0	(0.07598114928158678+0j)
0.28354561380707677	0.08039811510923192	0.0006402756316566302	0.0810368403138672	0.0	(0.0810368403138672+0j)
0.2928113940662991	0.08573851249504949	0.0006776871950702712	0.086414754375177	0.0	(0.086414754375177+0j)
0.30235682890776616	0.09141965198716018	0.0007168546451898823	0.09213516264670316	0.0	(0.09213516264670316+0j)
0.3121907497351576	0.0974630642201998	0.0007578187949563787	0.0982196374843131	0.0	(0.0982196374843131+0j)
0.3223223116127228	0.10389167256336918	0.0008006164815033607	0.10469114004651749	0.0	(0.10469114004651749+0j)
0.3327610070731549	0.11072988782834026	0.0008452798561460402	0.11157411424520444	0.0	(0.11157411424520444+0j)
0.3435166805970615	0.11800370984842355	0.0008918356251725764	0.11889458751289429	0.0	(0.11889458751289429+0j)
0.354599543800905	0.12574083646380996	0.0009403042446627529	0.12668027893595926	0.0	(0.12668027893595926+0j)
0.3660201913725601	0.13397078049240552	0.0009906990741594107	0.1349607153299915	0.0	(0.1349607153299915+0j)
0.3777896177960279	0.14272499531446883	0.0010430254958648214	0.14376735590716597	0.0	(0.14376735590716597+0j)
0.389919234909446	0.15203700975236775	0.0010972800081312255	0.1531337262165893	0.0	(0.1531337262165893+0j)
0.4024208903432601	0.1619425729846622	0.0011534493043562253	0.16309556211892215	0.0	(0.16309556211892215+0j)
0.41530688688838896	0.1724798102969251	0.00121150935096207	0.17369096461900715	0.0	(0.17369096461900715+0j)
0.4285900028473402	0.1836893905406831	0.0012714244808996196	0.18496056642596134	0.0	(0.18496056642596134+0j)
0.4422835134246209	0.19561470624722682	0.0013331465220212538	0.1969477112270884	0.0	(0.1969477112270884+0j)
0.4564012132163665	0.20830206742537125	0.001396613982637274	0.2096986467064629	0.0	(0.2096986467064629+0j)
0.47095743986299343	0.22180091016230508	0.0014617513195076	0.22326273246829284	0.0	(0.22326273246829284+0j)
0.4859670989327906	0.2361640212451527	0.001528468316295034	0.23769266409391104	0.0	(0.23769266409391104+0j)
0.5014456901088119	0.2514477801287026	0.0015966596029582648	0.25304471467924444	0.0	(0.25304471467924444+0j)
0.5174093347561604	0.2677124196928124	0.001666204348499634	0.2693789953438572	0.0	(0.2693789953438572+0j)
0.5338748049518669	0.2850223073623939	0.0017369661606823417	0.2867597362914891	0.0	(0.2867597362914891+0j)
0.5508595540650095	0.3034462483047011	0.0018087932265449403	0.30525559017619625	0.0	(0.30525559017619625+0j)
0.5683817489806017	0.3230578125742477	0.0018815187265003165	0.32493995969391304	0.0	(0.32493995969391304+0j)
0.5864603040670644	0.3439356882464336	0.00195496155223738	0.3458913514343792	0.0	(0.3458913514343792+0j)
0.6051149169938791	0.36616406276850916	0.002028927354282994	0.3681937582827969	0.0	(0.3681937582827969+0j)
0.6243661065132793	0.3898330349625516	0.0021032099386987463	0.3919370728003915	0.0	(0.3919370728003915+0j)
0.644235252327683	0.41503906034171334	0.002177593023813752	0.4172175342928591	0.0	(0.4172175342928591+0j)
0.6647446371729734	0.441885432650228	0.0022518523570573545	0.44413821243123325	0.0	(0.44413821243123325+0j)
0.6859174912568177	0.4704828048120465	0.0023257581789134017	0.4728095306497951	0.0	(0.4728095306497951+0j)
0.7077780392009602	0.5009497527751559	0.0023990780059996776	0.5033498327433947	0.0	(0.5033498327433947+0j)
0.7303515496469766	0.53341338607174	0.002471579688716664	0.5358859964684558	0.0	(0.5358859964684558+0j)
0.7536643876962961	0.5680100092816329	0.002543034681475314	0.5705540982558652	0.0	(0.5705540982558652+0j)
0.7777440703675577	0.6048858389918965	0.002613221446115438	0.6075001335620418	0.0	(0.6075001335620418+0j)
0.8026193252675695	0.6441977812929686	0.002681928892910561	0.6468807977856208	0.0	(0.6468807977856208+0j)
0.8283201526864177	0.6861142753464503	0.0027489597498641543	0.6888643332052156	0.0	(0.6888643332052156+0j)
0.8548778913426676	0.7308162091064857	0.002814133741300139	0.7336314478686004	0.0	(0.7336314478686004+0j)
0.8823252880212902	0.7784979138818526	0.002877290452510038	0.7813763130174621	0.0	(0.7813763130174621+0j)
0.9106965713649502	0.8293682450958758	0.002938291759769746	0.832307646276054	0.0	(0.832307646276054+0j)
0.9400275300988208	0.8836517573436894	0.002997023715385999	0.8866498885919586	0.0	(0.8866498885919586+0j)
0.9703555959901904	0.9415899826694776	0.0030533977960617276	0.9446444837636855	0.0	(0.9446444837636855+0j)
1.0017199318670553	1.003442821899738	0.003107351449561402	1.00655127032053	0.0	(1.00655127032053+0j)
1.0341615250446599	1.0694900598826966	0.0031588479083461316	1.072649996577337	0.0	(1.072649996577337+0j)
1.0677232865359136	1.1400330166110528	0.003207875277559436	1.143241970846399	0.0	(1.143241970846399+0j)
1.102450156450796	1.2153963474583847	0.0032544449456479965	1.2186518600867566	0.0	(1.2186518600867566+0j)
1.1383892160216253	1.2959300071543307	0.003298589405506579	1.2992296517004605	0.0	(1.2992296517004605+0j)
1.1755898067255313	1.382011393676972	0.003340359608530919	1.3853527947816644	0.0	(1.3853527947816644+0j)
1.2141036570130084	1.4740476899723607	0.0033798219996808224	1.4774285388722603	0.0	(1.4774285388722603+0j)
1.2539850171922076	1.572478423342541	0.0034170553956127587	1.5758964902269574	0.0	(1.5758964902269574+0j)
1.2952908030630967	1.677778264499842	0.0034521478683519347	1.6812314077551023	0.0	(1.6812314077551023+0j)
1.3380807489440103	1.7904600906945636	0.003485193783649888	1.7939462631867622	0.0	(1.7939462631867622+0j)
1.3824175707859427	1.911078340017707	0.0035162911176946704	1.9145955926918445	0.0	(1.9145955926918445+0j)
1.4283671401274947	2.040232686995998	0.0035455391414232016	2.0437791701612125	0.0	(2.0437791701612125+0j)
1.475998669706335	2.1785720729748705	0.003573036522735865	2.1821460356929316	0.0	(2.1821460356929316+0j)
1.5253849116116884	2.3267991285725986	0.003598879858320586	2.33039891657785	0.0	(2.33039891657785+0j)
1.5766023689375699	2.485675029739557	0.003623162613098173	2.4892990822994774	0.0	(2.4892990822994774+0j)
1.6297315219786033	2.6560248337306946	0.0036459744199207034	2.6596716798076163	0.0	(2.6596716798076163+0j)
1.6848570701003769	2.8387433466672265	0.003667400676856412	2.842411600675962	0.0	(2.842411600675962+0j)
1.7420681905148345	3.03480158040363	0.0036875223741335643	3.0384899377986065	0.0	(3.0384899377986065+0j)
1.8014588152994475	3.245253863220089	0.00370641608598307	3.2489610960734114	0.0	(3.2489610960734114+0j)
1.863127928117564	3.4712456765316464	0.0037241540716015987	3.4749706292133373	0.0	(3.4749706292133373+0j)
1.9271798822278001	3.7140222984635574	0.003740804441340533	3.717763883488381	0.0	(3.717763883488381+0j)
1.9937247415135764	3.974938344923377	0.0037564313564403826	3.978695538997545	0.0	(3.978695538997545+0j)
2.0628786464216957	4.255468309862607	0.003771095241368179	4.259240150142998	0.0	(4.259240150142998+0j)
2.134764206872377	4.557218218943449	0.0037848529961639747	4.561003799510552	0.0	(4.561003799510552+0j)
2.2095109243945865	4.88193852501902	0.0037977582020212518	4.885736993554454	0.0	(4.885736993554454+0j)
2.2872556459514426	5.231538389936751	0.0038098613169771037	5.235348944597964	0.0	(5.235348944597964+0j)
2.368143052153487	5.608101515462834	0.0038212098606473397	5.61192340194148	0.0	(5.61192340194148+0j)
2.4523261828149674	6.0139037069198285	0.0038318485879764944	6.017736215675799	0.0	(6.017736215675799+0j)
2.5399670030929564	6.451432376801015	0.0038418196524251957	6.455274840458317	0.0	(6.455274840458317+0j)
2.6312370137641037	6.923408222602238	0.003851162759177238	6.92726001349888	0.0	(6.92726001349888+0j)
2.726317909543103	7.4328093438954745	0.003859915308979296	7.436669871778169	0.0	(7.436669871778169+0j)
2.825402289733909	7.982898098833615	0.003868112533207707	7.986766808686299	0.0	(7.986766808686299+0j)
2.928694425934691	8.577251040500931	0.003875787620723042	8.581127410501114	0.0	(8.581127410501114+0j)
3.036411091994994	9.219792319590232	0.00388297183703697	9.22367585918488	0.0	(9.22367585918488+0j)
3.148782461954948	9.914830992715062	0.003889694636280843	9.918721240807878	0.0	(9.918721240807878+0j)
3.2660530822878577	10.667102736322017	0.003895983766432661	10.67099925956614	0.0	(10.67099925956614+0j)
3.3884829254269957	11.48181653591029	0.0039018653682284686	11.485718927101097	0.0	(11.485718927101097+0j)
3.5163485322931636	12.364707000560285	0.003907364068155903	12.36861487711958	0.0	(12.36861487711958+0j)
3.64994425236183	13.32209304534916	0.0039125030659011295	13.326006047898538	0.0	(13.326006047898538+0j)
3.789583590727793	14.360943791113352	0.003917304216595934	14.364861582128556	0.0	(14.364861582128556+0j)
3.9356006726549024	15.48895265460172	0.003921788108188818	15.49287491714517	0.0	(15.49287491714517+0j)
4.088351837252103	16.714620745162645	0.003925974134242764	16.718547181689132	0.0	(16.718547181689132+0j)
4.24821737321238	18.04735085006349	0.0039298805624425085	18.05128118129299	0.0	(18.05128118129299+0j)
4.415603411006232	19.497553483289867	0.003933524599075778	19.50148744714706	0.0	(19.50148744714706+0j)
4.590943987558804	21.07676669690233	0.0039369224497357615	21.080704047515272	0.0	(21.080704047515272+0j)
4.774703301284134	22.797791615293608	0.0039400893764761444	22.801732122048378	0.0	(22.801732122048378+0j)
4.967378177430783	24.674845957615567	0.003943039751635124	24.678789404263032	0.0	(24.678789404263032+0j)
5.169500766042979	26.723738170118942	0.003945787108530939	26.72768435392417	0.0	(26.72768435392417+0j)
5.38164149749948	28.962065207608447	0.003948344189218525	28.96601393853264	0.0	(28.96601393853264+0j)
5.60441232360277	31.4094374929506	0.003950722989484828	31.413388592853405	0.0	(31.413388592853405+0j)
5.838470275605943	34.087735159134134	0.003952934801249032	34.09168846098469	0.0	(34.09168846098469+0j)
6.084521374442966	37.02140035605332	0.003954990252523481	37.02535570314296	0.0	(37.02535570314296+0j)
6.343324932840438	40.237771203595145	0.003956899345081229	40.24172844876528	0.0	(40.24172844876528+0j)
6.6156982940154645	43.76746391743913	0.003958671489967028	43.77142292234277	0.0	(43.77142292234277+0j)
6.902522057400854	47.64481075290532	0.0039603155409799785	47.648771387352035	0.0	(47.648771387352035+0j)
7.204745848394378	51.908362739956026	0.003961839826248101	51.91232488138319	0.0	(51.91232488138319+0j)
7.523394696634503	56.60146776134816	0.003963252178007592	56.60543129446218	0.0	(56.60543129446218+0j)
7.8595760959111685	61.77293640741824	0.003964559960692587	61.77690122401818	0.0	(61.77690122401818+0j)
8.214487828707165	67.47781028797816	0.0039657700974346745	67.48177628693897	0.0	(67.48177628693897+0j)
8.589426649741787	73.77825017129442	0.003966889095065352	73.7822172586455	0.0	(73.7822172586455+0j)
8.98579793600448	80.74456454670239	0.003967923067708879	80.74853263572109	0.0	(80.74853263572109+0j)
9.405126425913659	88.45640308741945	0.0039688777590476355	88.46037209862996	0.0	(88.46037209862996+0j)
9.849068187765841	97.0041441672611	0.003969758563337117	97.00811402825994	0.0	(97.00811402825994+0j)
10.319423977963961	106.49051123697754	0.003970570545243001	106.49448188202528	0.0	(106.49448188202528+0j)
10.818154173127459	117.03245971355506	0.0039713184585683375	117.03643108292226	0.0	(117.03643108292226+0j)
11.347395487676598	128.76338435374322	0.003972006763934827	128.7673563928687	0.0	(128.7673563928687+0j)
11.909479720557647	141.83570721437383	0.003972639645478284	141.8396798729366	0.0	(141.8396798729366+0j)
12.506954812276623	156.42391867632938	0.0039732210266147875	156.42789190738887	0.0	(156.42789190738887+0j)
13.142608537358175	172.72815916623998	0.003973754584930672	172.73213292557594	0.0	(172.73213292557594+0j)
13.81949520896811	190.97844783069255	0.003974243766246285	190.98242207642997	0.0	(190.98242207642997+0j)
14.540965833221001	211.43968736290054	0.003974691797900545	211.44366205540092	0.0	(211.44366205540092+0j)
15.310702222436372	234.41760254411807	0.003975101701300479	234.4215776460279	0.0	(234.4215776460279+0j)
16.132755661503882	260.26580523378556	0.003975476303777361	260.2697807101397	0.0	(260.2697807101397+0j)
17.011590822240496	289.3942223033371	0.003975818249788594	289.39819812159607	0.0	(289.39819812159607+0j)
17.95213574044925	322.27917764351537	0.0039761300115021825	322.28315377352686	0.0	(322.28315377352686+0j)
18.959838813335132	359.4754878276494	0.003976413898798492	359.47946424155066	0.0	(359.47946424155066+0j)
20.040733945957346	401.6310170926471	0.003976672068721954	401.6349937647159	0.0	(401.6349937647159+0j)
21.201515180617427	449.5042459539512	0.00397690653441348	449.5082228604846	0.0	(449.5082228604846+0j)
22.449622390102537	503.98554545819314	0.0039771191735525615	503.9895225773672	0.0	(503.9895225773672+0j)
23.79333991397463	566.1230242619383	0.0039773117363363295	566.1270015736752	0.0	(566.1270015736752+0j)
25.241910378451255	637.1540395537652	0.003977485853021308	637.1580170396184	0.0	(637.1580170396184+0j)
26.805666379689328	718.5437500592068	0.003977643041052074	718.5477277022502	0.0	(718.5477277022502+0j)
28.496183246158765	812.0324595986594	0.003977784711799661	812.0364373833717	0.0	(812.0364373833717+0j)
30.32645675191463	919.6939791257485	0.003977912176931222	919.6979570379244	0.0	(919.6979570379244+0j)
32.3111104589992	1044.0078590936475	0.003978026654431251	1044.0118371202996	0.0	(1044.0118371202996+0j)
34.466638362271254	1187.9491599955884	0.003978129274293465	1187.9531381248632	0.0	(1187.9531381248632+0j)
36.81168974285722	1355.1005017243795	0.003978221083901386	1355.1044799454635	0.0	(1355.1044799454635+0j)
39.367404670512954	1549.792550491925	0.003978303053114643	1549.796528794976	0.0	(1549.796528794976+0j)
42.157810512571146	1777.2809872138541	0.003978376079076984	1777.2849655899358	0.0	(1777.2849655899358+0j)
45.2102922146935	2043.9705221379759	0.003978440990761173	2043.9745005789637	0.0	(2043.9745005789637+0j)
48.55615215628762	2357.6999122245547	0.003978498553264977	2357.7038907231063	0.0	(2357.7038907231063+0j)
52.23127923541829	2728.106530568238	0.003978549471871741	2728.1105091177087	0.0	(2728.1105091177087+0j)
56.276951748412806	3167.0952980931834	0.0039785943958882165	3167.0992766875775	0.0	(3167.0992766875775+0j)
60.740804923448316	3689.445382748403	0.003978633922271612	3689.4493613823306	0.0	(3689.4493613823306+0j)
65.678002081681	4313.599957441294	0.003978668599057164	4313.603936109897	0.0	(4313.603936109897+0j)
71.15265892357522	5062.700871894628	0.003978698928596885	5062.70485059356	0.0	(5062.70485059356+0j)
77.23958417424923	5965.953363410932	0.003978725370619519	5965.957342136292	0.0	(5965.957342136292+0j)
84.02641786968496	7060.438900010912	0.003978748345121196	7060.442878759262	0.0	(7060.442878759262+0j)
91.6162724451523	8393.541376744373	0.003978768235095732	8393.545355512628	0.0	(8393.545355512628+0j)
100.13101361547054	10026.219887661546	0.0039787853891129835	10026.223866446931	0.0	(10026.223866446931+0j)
109.71536078960258	12037.460393192665	0.0039788001237532475	12037.464371992788	0.0	(12037.464371992788+0j)
120.54204466100386	14530.384531055448	0.003978812725905158	14530.388509868173	0.0	(14530.388509868173+0j)
132.81833870704781	17640.711096900075	0.003978823454934208	17640.71507572353	0.0	(17640.71507572353+0j)
146.79439036751677	21548.5930433709	0.003978832544728505	21548.597022203445	0.0	(21548.597022203445+0j)
162.77392945908693	26495.35211155181	0.003978840205628098	26495.356090392015	0.0	(26495.356090392015+0j)
181.12814487571467	32807.40486611788	0.0039788466262437455	32807.408844964506	0.0	(32807.408844964506+0j)
202.31382423176245	40930.883475280476	0.003978851975170745	40930.88745413245	0.0	(40930.88745413245+0j)
226.8972879628321	51482.37928488836	0.0039788564026030405	51482.38326374476	0.0	(51482.38326374476+0j)
255.58628593832233	65324.34955974587	0.003978860041852573	65324.35353860591	0.0	(65324.35353860591+0j)
289.2729647092139	83678.84811165811	0.003978863010778506	83678.85209052112	0.0	(83678.85209052112+0j)
329.0924221029929	108301.82228561444	0.003978865413130709	108301.82626447985	0.0	(108301.82626447985+0j)
376.5035096990875	141754.89281573085	0.003978867339811603	141754.8967945982	0.0	(141754.8967945982+0j)
433.40186208964224	187837.17406276928	0.0039788688700602105	187837.17804163814	0.0	(187837.17804163814+0j)
502.28036320721014	252285.56326356693	0.003978870072562048	252285.567242437	0.0	(252285.567242437+0j)
586.4606733385415	343936.1213726955	0.003978871006488233	343936.1253515665	0.0	(343936.1253515665+0j)
690.4332693822103	476698.0994698077	0.0039788717224669805	476698.10344867944	0.0	(476698.10344867944+0j)
820.3667320751865	673001.5750957208	0.003978872263490462	673001.579074593	0.0	(673001.579074593+0j)
984.887256804191	970002.9086152845	0.003978872665759779	970002.9125941572	0.0	(970002.9125941572+0j)
1196.3009944823236	1431136.0693993964	0.003978872959470647	1431136.0733782693	0.0	(1431136.0733782693+0j)
1472.5635616933432	2168443.4432269847	0.003978873169542166	2168443.447205858	0.0	(2168443.447205858+0j)
1840.5523873295315	3387633.0905044377	0.003978873316290921	3387633.094483311	0.0	(3387633.094483311+0j)
2341.69741959656	5483546.804945188	0.003978873416052453	5483546.808924061	0.0	(5483546.808924061+0j)
3042.068227295077	9254179.099518213	0.003978873481751997	9254179.103497086	0.0	(9254179.103497086+0j)
4051.312381594628	16413132.013261935	0.003978873523426244	16413132.017240807	0.0	(16413132.017240807+0j)
5560.235461968326	30916218.392530117	0.003978873548697698	30916218.39650899	0.0	(30916218.39650899+0j)
7920.489136472687	62734148.16098186	0.0039788735632030805	62734148.16496073	0.0	(62734148.16496073+0j)
11827.838413937889	139897761.54622474	0.003978873570977096	139897761.55020362	0.0	(139897761.55020362+0j)
18788.82371050371	353019896.42438644	0.0039788735747927255	353019896.4283653	0.0	(353019896.4283653+0j)
32476.81879197138	1054743758.8465452	0.003978873576459082	1054743758.8505241	0.0	(1054743758.8505241+0j)
63446.8398829024	4025501491.1266546	0.003978873577077735	4025501491.1306334	0.0	(4025501491.1306334+0j)
150421.18686009367	22626533456.399216	0.003978873577258306	22626533456.403194	0.0	(22626533456.403194+0j)
507740.6449570468	257800562541.39783	0.003978873577293954	257800562541.4018	0.0	(257800562541.4018+0j)
4062257.047599779	16501932320774.072	0.0039788735772973306	16501932320774.076	0.0	(16501932320774.076+0j)
