-1.0	-1.0	-0.022586777799217996	-1.0226520897217695	0.0	(-1.0226520897217695+0j)
-0.998	-0.996004	-0.022539453622177238	-1.018600126924044	0.0	(-1.018600126924044+0j)
-0.996	-0.992016	-0.02249201829401517	-1.0145599831224699	0.0	(-1.0145599831224699+0j)
-0.994	-0.988036	-0.02244447196455708	-1.0105291547647384	0.0	(-1.0105291547647384+0j)
-0.992	-0.9840639999999999	-0.02239681478786567	-1.0065069610703834	0.0	(-1.0065069610703834+0j)
-0.99	-0.9801	-0.022349046922263586	-1.002493117611694	0.0	(-1.002493117611694+0j)
-0.988	-0.976144	-0.022301168530355856	-0.9984874779624879	0.0	(-0.9984874779624879+0j)
-0.986	-0.972196	-0.02225317977905225	-0.9944899566166707	0.0	(-0.9944899566166707+0j)
-0.984	-0.968256	-0.022205080839589563	-0.9905004992206023	0.0	(-0.9905004992206023+0j)
-0.982	-0.964324	-0.02215687188755377	-0.986519069044793	0.0	(-0.986519069044793+0j)
-0.98	-0.9603999999999999	-0.022108553102902113	-0.9825456400971588	0.0	(-0.9825456400971588+0j)
-0.978	-0.956484	-0.0220601246699851	-0.9785801933096183	0.0	(-0.9785801933096183+0j)
-0.976	-0.952576	-0.022011586777568357	-0.9746227142845101	0.0	(-0.9746227142845101+0j)
-0.974	-0.948676	-0.021962939618854444	-0.9706731918919953	0.0	(-0.9706731918919953+0j)
-0.972	-0.944784	-0.02191418339150452	-0.9667316173591342	0.0	(-0.9667316173591342+0j)
-0.97	-0.9409	-0.021865318297659916	-0.9627979836569952	0.0	(-0.9627979836569952+0j)
-0.968	-0.937024	-0.021816344543963608	-0.9588722850758484	0.0	(-0.9588722850758484+0j)
-0.966	-0.933156	-0.02176726234158155	-0.95495451692294	0.0	(-0.95495451692294+0j)
-0.964	-0.9292959999999999	-0.02171807190622395	-0.9510446753027055	0.0	(-0.9510446753027055+0j)
-0.962	-0.9254439999999999	-0.02166877345816636	-0.9471427569537414	0.0	(-0.9471427569537414+0j)
-0.96	-0.9216	-0.02161936722227071	-0.9432487591257812	0.0	(-0.9432487591257812+0j)
-0.9580000000000001	-0.9177640000000001	-0.02156985342800617	-0.939362679485458	0.0	(-0.939362679485458+0j)
-0.9560000000000001	-0.9139360000000002	-0.02152023230946994	-0.9354845160430634	0.0	(-0.9354845160430634+0j)
-0.9540000000000001	-0.9101160000000001	-0.021470504105407864	-0.9316142670949394	0.0	(-0.9316142670949394+0j)
-0.9520000000000001	-0.9063040000000001	-0.02142066905923498	-0.9277519311776623	0.0	(-0.9277519311776623+0j)
-0.9500000000000001	-0.9025000000000001	-0.021370727419055855	-0.9238975070312481	0.0	(-0.9238975070312481+0j)
-0.9480000000000001	-0.8987040000000002	-0.021320679437684863	-0.9200509935692536	0.0	(-0.9200509935692536+0j)
-0.9460000000000001	-0.8949160000000002	-0.021270525372666306	-0.9162123898543671	0.0	(-0.9162123898543671+0j)
-0.9440000000000001	-0.8911360000000002	-0.021220265486294364	-0.9123816950782346	0.0	(-0.9123816950782346+0j)
-0.9420000000000001	-0.8873640000000002	-0.021169900045632965	-0.9085589085447632	0.0	(-0.9085589085447632+0j)
-0.9400000000000001	-0.8836000000000002	-0.021119429322535455	-0.9047440296560976	0.0	(-0.9047440296560976+0j)
-0.9380000000000001	-0.8798440000000001	-0.02106885359366417	-0.9009370579008388	0.0	(-0.9009370579008388+0j)
-0.936	-0.8760960000000001	-0.02101817314050983	-0.8971379928441223	0.0	(-0.8971379928441223+0j)
-0.934	-0.8723560000000001	-0.02096738824941081	-0.8933468341190907	0.0	(-0.8933468341190907+0j)
-0.932	-0.8686240000000001	-0.020916499211572213	-0.8895635814196547	0.0	(-0.8895635814196547+0j)
-0.93	-0.8649000000000001	-0.020865506323084863	-0.8857882344942752	0.0	(-0.8857882344942752+0j)
-0.928	-0.8611840000000001	-0.020814409884944058	-0.8820207931405657	0.0	(-0.8820207931405657+0j)
-0.926	-0.8574760000000001	-0.02076321020306824	-0.8782612572006192	0.0	(-0.8782612572006192+0j)
-0.924	-0.8537760000000001	-0.02071190758831743	-0.8745096265569817	0.0	(-0.8745096265569817+0j)
-0.922	-0.8500840000000001	-0.02066050235651159	-0.8707659011290476	0.0	(-0.8707659011290476+0j)
-0.92	-0.8464	-0.020608994828448707	-0.8670300808700225	0.0	(-0.8670300808700225+0j)
-0.918	-0.842724	-0.020557385329922805	-0.863302165764126	0.0	(-0.863302165764126+0j)
-0.916	-0.839056	-0.020505674191741746	-0.8595821558242273	0.0	(-0.8595821558242273+0j)
-0.914	-0.835396	-0.020453861749744832	-0.8558700510896479	0.0	(-0.8558700510896479+0j)
-0.912	-0.831744	-0.020401948344820287	-0.8521658516243394	0.0	(-0.8521658516243394+0j)
-0.91	-0.8281000000000001	-0.020349934322922522	-0.8484695575151479	0.0	(-0.8484695575151479+0j)
-0.908	-0.8244640000000001	-0.02029782003508921	-0.8447811688703138	0.0	(-0.8447811688703138+0j)
-0.906	-0.820836	-0.020245605837458224	-0.8411006858181392	0.0	(-0.8411006858181392+0j)
-0.904	-0.817216	-0.020193292091284332	-0.8374281085057718	0.0	(-0.8374281085057718+0j)
-0.902	-0.813604	-0.020140879162955753	-0.8337634370981248	0.0	(-0.8337634370981248+0j)
-0.9	-0.81	-0.020088367424010486	-0.830106671776901	0.0	(-0.830106671776901+0j)
-0.898	-0.806404	-0.020035757251152454	-0.826457812739705	0.0	(-0.826457812739705+0j)
-0.896	-0.8028160000000001	-0.019983049026267477	-0.8228168601992394	0.0	(-0.8228168601992394+0j)
-0.894	-0.7992360000000001	-0.019930243136439	-0.819183814382619	0.0	(-0.819183814382619+0j)
-0.892	-0.795664	-0.019877339973963667	-0.8155586755306696	0.0	(-0.8155586755306696+0j)
-0.89	-0.7921	-0.01982433993636667	-0.8119414438973647	0.0	(-0.8119414438973647+0j)
-0.888	-0.788544	-0.019771243426416875	-0.8083321197492785	0.0	(-0.8083321197492785+0j)
-0.886	-0.784996	-0.019718050852141768	-0.8047307033650813	0.0	(-0.8047307033650813+0j)
-0.884	-0.781456	-0.01966476262684218	-0.8011371950350967	0.0	(-0.8011371950350967+0j)
-0.882	-0.7779240000000001	-0.019611379169106796	-0.7975515950608904	0.0	(-0.7975515950608904+0j)
-0.88	-0.7744	-0.019557900902826438	-0.7939739037549028	0.0	(-0.7939739037549028+0j)
-0.878	-0.770884	-0.019504328257208166	-0.7904041214400571	0.0	(-0.7904041214400571+0j)
-0.876	-0.767376	-0.019450661666789118	-0.7868422484495178	0.0	(-0.7868422484495178+0j)
-0.874	-0.763876	-0.019396901571450135	-0.7832882851263258	0.0	(-0.7832882851263258+0j)
-0.872	-0.760384	-0.019343048416429164	-0.7797422318231826	0.0	(-0.7797422318231826+0j)
-0.87	-0.7569	-0.019289102652334477	-0.7762040889021696	0.0	(-0.7762040889021696+0j)
-0.868	-0.753424	-0.019235064735157556	-0.7726738567345255	0.0	(-0.7726738567345255+0j)
-0.866	-0.749956	-0.01918093512628586	-0.7691515357004497	0.0	(-0.7691515357004497+0j)
-0.864	-0.7464959999999999	-0.01912671429251528	-0.7656371261889006	0.0	(-0.7656371261889006+0j)
-0.862	-0.7430439999999999	-0.019072402706062357	-0.7621306285974115	0.0	(-0.7621306285974115+0j)
-0.86	-0.7395999999999999	-0.01901800084457634	-0.7586320433319185	0.0	(-0.7586320433319185+0j)
-0.858	-0.7361639999999999	-0.018963509191150894	-0.7551413708066229	0.0	(-0.7551413708066229+0j)
-0.856	-0.7327359999999999	-0.018908928234335633	-0.7516586114438415	0.0	(-0.7516586114438415+0j)
-0.854	-0.729316	-0.01885425846814737	-0.7481837656738554	0.0	(-0.7481837656738554+0j)
-0.852	-0.725904	-0.01879950039208116	-0.7447168339348147	0.0	(-0.7447168339348147+0j)
-0.85	-0.7224999999999999	-0.018744654511121017	-0.7412578166725969	0.0	(-0.7412578166725969+0j)
-0.848	-0.719104	-0.018689721335750475	-0.7378067143407216	0.0	(-0.7378067143407216+0j)
-0.846	-0.7157159999999999	-0.018634701381962788	-0.7343635274002375	0.0	(-0.7343635274002375+0j)
-0.844	-0.712336	-0.01857959517127096	-0.7309282563196338	0.0	(-0.7309282563196338+0j)
-0.842	-0.7089639999999999	-0.018524403230717437	-0.7275009015747433	0.0	(-0.7275009015747433+0j)
-0.84	-0.7055999999999999	-0.018469126092883606	-0.7240814636486869	0.0	(-0.7240814636486869+0j)
-0.838	-0.702244	-0.01841376429589896	-0.7206699430317657	0.0	(-0.7206699430317657+0j)
-0.836	-0.698896	-0.01835831838345005	-0.7172663402214133	0.0	(-0.7172663402214133+0j)
-0.834	-0.695556	-0.01830278890478914	-0.7138706557221194	0.0	(-0.7138706557221194+0j)
-0.8320000000000001	-0.6922240000000002	-0.01824717641474258	-0.7104828900453546	0.0	(-0.7104828900453546+0j)
-0.8300000000000001	-0.6889000000000001	-0.018191481473718903	-0.707103043709557	0.0	(-0.707103043709557+0j)
-0.8280000000000001	-0.6855840000000001	-0.01813570464771668	-0.7037311172400114	0.0	(-0.7037311172400114+0j)
-0.8260000000000001	-0.6822760000000001	-0.018079846508332054	-0.7003671111688617	0.0	(-0.7003671111688617+0j)
-0.8240000000000001	-0.6789760000000001	-0.018023907632766012	-0.6970110260350169	0.0	(-0.6970110260350169+0j)
-0.8220000000000001	-0.6756840000000001	-0.017967888603831344	-0.6936628623841332	0.0	(-0.6936628623841332+0j)
-0.8200000000000001	-0.6724000000000001	-0.01791179000995937	-0.6903226207685462	0.0	(-0.6903226207685462+0j)
-0.8180000000000001	-0.669124	-0.017855612445206313	-0.6869903017472556	0.0	(-0.6869903017472556+0j)
-0.8160000000000001	-0.6658560000000001	-0.017799356509259436	-0.6836659058858711	0.0	(-0.6836659058858711+0j)
-0.8140000000000001	-0.6625960000000001	-0.01774302280744281	-0.6803494337565863	0.0	(-0.6803494337565863+0j)
-0.812	-0.659344	-0.017686611950722915	-0.6770408859381293	0.0	(-0.6770408859381293+0j)
-0.81	-0.6561000000000001	-0.017630124555713788	-0.6737402630157499	0.0	(-0.6737402630157499+0j)
-0.808	-0.6528640000000001	-0.017573561244681978	-0.6704475655811697	0.0	(-0.6704475655811697+0j)
-0.806	-0.6496360000000001	-0.01751692264555116	-0.6671627942325762	0.0	(-0.6671627942325762+0j)
-0.804	-0.6464160000000001	-0.01746020939190645	-0.6638859495745671	0.0	(-0.6638859495745671+0j)
-0.802	-0.6432040000000001	-0.017403422122998384	-0.6606170322181412	0.0	(-0.6606170322181412+0j)
-0.8	-0.6400000000000001	-0.017346561483746685	-0.6573560427806879	0.0	(-0.6573560427806879+0j)
-0.798	-0.636804	-0.017289628124743557	-0.6541029818859122	0.0	(-0.6541029818859122+0j)
-0.796	-0.6336160000000001	-0.017232622702256825	-0.6508578501638755	0.0	(-0.6508578501638755+0j)
-0.794	-0.6304360000000001	-0.017175545878232654	-0.6476206482509335	0.0	(-0.6476206482509335+0j)
-0.792	-0.627264	-0.01711839832029801	-0.6443913767897285	0.0	(-0.6443913767897285+0j)
-0.79	-0.6241000000000001	-0.01706118070176276	-0.6411700364291564	0.0	(-0.6411700364291564+0j)
-0.788	-0.620944	-0.01700389370162147	-0.6379566278243646	0.0	(-0.6379566278243646+0j)
-0.786	-0.617796	-0.016946538004554895	-0.634751151636733	0.0	(-0.634751151636733+0j)
-0.784	-0.6146560000000001	-0.01688911430093111	-0.6315536085338318	0.0	(-0.6315536085338318+0j)
-0.782	-0.6115240000000001	-0.01683162328680632	-0.6283639991894313	0.0	(-0.6283639991894313+0j)
-0.78	-0.6084	-0.01677406566392538	-0.6251823242834813	0.0	(-0.6251823242834813+0j)
-0.778	-0.605284	-0.016716442139721913	-0.6220085845020796	0.0	(-0.6220085845020796+0j)
-0.776	-0.602176	-0.016658753427318165	-0.6188427805374653	0.0	(-0.6188427805374653+0j)
-0.774	-0.599076	-0.016601000245524467	-0.6156849130880053	0.0	(-0.6156849130880053+0j)
-0.772	-0.5959840000000001	-0.01654318331883841	-0.6125349828581778	0.0	(-0.6125349828581778+0j)
-0.77	-0.5929	-0.016485303377443618	-0.6093929905585515	0.0	(-0.6093929905585515+0j)
-0.768	-0.589824	-0.016427361157208272	-0.6062589369057795	0.0	(-0.6062589369057795+0j)
-0.766	-0.586756	-0.016369357399683183	-0.6031328226225817	0.0	(-0.6031328226225817+0j)
-0.764	-0.583696	-0.01631129285209959	-0.6000146484377326	0.0	(-0.6000146484377326+0j)
-0.762	-0.580644	-0.016253168267366606	-0.5969044150860355	0.0	(-0.5969044150860355+0j)
-0.76	-0.5776	-0.01619498440406829	-0.5938021233083357	0.0	(-0.5938021233083357+0j)
-0.758	-0.574564	-0.016136742026460385	-0.5907077738514733	0.0	(-0.5907077738514733+0j)
-0.756	-0.571536	-0.0160784419044667	-0.5876213674682926	0.0	(-0.5876213674682926+0j)
-0.754	-0.568516	-0.016020084813675124	-0.5845429049176221	0.0	(-0.5845429049176221+0j)
-0.752	-0.565504	-0.015961671535333347	-0.5814723869642615	0.0	(-0.5814723869642615+0j)
-0.75	-0.5625	-0.015903202856344105	-0.5784098143789702	0.0	(-0.5784098143789702+0j)
-0.748	-0.559504	-0.015844679569260202	-0.5753551879384478	0.0	(-0.5753551879384478+0j)
-0.746	-0.556516	-0.015786102472279052	-0.5723085084253301	0.0	(-0.5723085084253301+0j)
-0.744	-0.553536	-0.015727472369236967	-0.5692697766281654	0.0	(-0.5692697766281654+0j)
-0.742	-0.5505639999999999	-0.015668790069602964	-0.5662389933414086	0.0	(-0.5662389933414086+0j)
-0.74	-0.5476	-0.015610056388472333	-0.5632161593654098	0.0	(-0.5632161593654098+0j)
-0.738	-0.544644	-0.015551272146559736	-0.5602012755063853	0.0	(-0.5602012755063853+0j)
-0.736	-0.541696	-0.015492438170191983	-0.557194342576429	0.0	(-0.557194342576429+0j)
-0.734	-0.538756	-0.015433555291300445	-0.5541953613934795	0.0	(-0.5541953613934795+0j)
-0.732	-0.535824	-0.015374624347413057	-0.5512043327813052	0.0	(-0.5512043327813052+0j)
-0.73	-0.5328999999999999	-0.015315646181646004	-0.5482212575694997	0.0	(-0.5482212575694997+0j)
-0.728	-0.529984	-0.015256621642694989	-0.5452461365934806	0.0	(-0.5452461365934806+0j)
-0.726	-0.527076	-0.015197551584826116	-0.5422789706944345	0.0	(-0.5422789706944345+0j)
-0.724	-0.524176	-0.015138436867866466	-0.5393197607193443	0.0	(-0.5393197607193443+0j)
-0.722	-0.521284	-0.015079278357194203	-0.5363685075209481	0.0	(-0.5363685075209481+0j)
-0.72	-0.5184	-0.01502007692372837	-0.5334252119577501	0.0	(-0.5334252119577501+0j)
-0.718	-0.515524	-0.01496083344391827	-0.5304898748939542	0.0	(-0.5304898748939542+0j)
-0.716	-0.512656	-0.014901548799732475	-0.5275624971995313	0.0	(-0.5275624971995313+0j)
-0.714	-0.5097959999999999	-0.014842223878647441	-0.524643079750121	0.0	(-0.524643079750121+0j)
-0.712	-0.506944	-0.014782859573635775	-0.5217316234270546	0.0	(-0.5217316234270546+0j)
-0.71	-0.5041	-0.014723456783154055	-0.5188281291173527	0.0	(-0.5188281291173527+0j)
-0.708	-0.5012639999999999	-0.014664016411130317	-0.5159325977136755	0.0	(-0.5159325977136755+0j)
-0.706	-0.49843599999999993	-0.014604539366951124	-0.5130450301143298	0.0	(-0.5130450301143298+0j)
-0.704	-0.49561599999999995	-0.014545026565448258	-0.5101654272232374	0.0	(-0.5101654272232374+0j)
-0.7020000000000001	-0.4928040000000001	-0.014485478926885034	-0.5072937899499339	0.0	(-0.5072937899499339+0j)
-0.7000000000000001	-0.4900000000000001	-0.014425897376942172	-0.5044301192095328	0.0	(-0.5044301192095328+0j)
-0.6980000000000001	-0.4872040000000001	-0.014366282846703342	-0.5015744159227264	0.0	(-0.5015744159227264+0j)
-0.6960000000000001	-0.48441600000000007	-0.014306636272640288	-0.4987266810157522	0.0	(-0.4987266810157522+0j)
-0.6940000000000001	-0.48163600000000006	-0.014246958596597532	-0.4958869154203762	0.0	(-0.4958869154203762+0j)
-0.6920000000000001	-0.47886400000000007	-0.014187250765776732	-0.49305512007389757	0.0	(-0.49305512007389757+0j)
-0.6900000000000001	-0.4761000000000001	-0.014127513732720597	-0.4902312959190841	0.0	(-0.4902312959190841+0j)
-0.6880000000000001	-0.4733440000000001	-0.014067748455296424	-0.48741544390419667	0.0	(-0.48741544390419667+0j)
-0.686	-0.47059600000000007	-0.014007955896679282	-0.4846075649829412	0.0	(-0.4846075649829412+0j)
-0.684	-0.46785600000000005	-0.013948137025334706	-0.4818076601144699	0.0	(-0.4818076601144699+0j)
-0.682	-0.4651240000000001	-0.013888292815001063	-0.4790157302633439	0.0	(-0.4790157302633439+0j)
-0.68	-0.4624000000000001	-0.013828424244671483	-0.47623177639951536	0.0	(-0.47623177639951536+0j)
-0.678	-0.45968400000000004	-0.013768532298575418	-0.4734557994983083	0.0	(-0.4734557994983083+0j)
-0.676	-0.45697600000000005	-0.01370861796615979	-0.47068780054040094	0.0	(-0.47068780054040094+0j)
-0.674	-0.45427600000000007	-0.0136486822420697	-0.46792778051180517	0.0	(-0.46792778051180517+0j)
-0.672	-0.45158400000000004	-0.013588726126128783	-0.46517574040382087	0.0	(-0.46517574040382087+0j)
-0.67	-0.4489000000000001	-0.013528750623319149	-0.46243168121305084	0.0	(-0.46243168121305084+0j)
-0.668	-0.44622400000000007	-0.013468756743760895	-0.459695603941342	0.0	(-0.459695603941342+0j)
-0.666	-0.44355600000000006	-0.01340874550269125	-0.4569675095957836	0.0	(-0.4569675095957836+0j)
-0.664	-0.44089600000000007	-0.013348717920443277	-0.4542473991886723	0.0	(-0.4542473991886723+0j)
-0.662	-0.438244	-0.013288675022424201	-0.4515352737375017	0.0	(-0.4515352737375017+0j)
-0.66	-0.43560000000000004	-0.01322861783909331	-0.4488311342649085	0.0	(-0.4488311342649085+0j)
-0.658	-0.432964	-0.013168547405939458	-0.4461349817986833	0.0	(-0.4461349817986833+0j)
-0.656	-0.43033600000000005	-0.013108464763458193	-0.4434468173717144	0.0	(-0.4434468173717144+0j)
-0.654	-0.42771600000000004	-0.013048370957128387	-0.4407666420219831	0.0	(-0.4407666420219831+0j)
-0.652	-0.42510400000000004	-0.012988267037388573	-0.4380944567925158	0.0	(-0.4380944567925158+0j)
-0.65	-0.42250000000000004	-0.012928154059612812	-0.4354302627313722	0.0	(-0.4354302627313722+0j)
-0.648	-0.419904	-0.012868033084086142	-0.43277406089162174	0.0	(-0.43277406089162174+0j)
-0.646	-0.417316	-0.012807905175979649	-0.43012585233129075	0.0	(-0.43012585233129075+0j)
-0.644	-0.41473600000000005	-0.012747771405325136	-0.4274856381133603	0.0	(-0.4274856381133603+0j)
-0.642	-0.41216400000000003	-0.012687632846989337	-0.424853419305724	0.0	(-0.424853419305724+0j)
-0.64	-0.4096	-0.012627490580647806	-0.42222919698115824	0.0	(-0.42222919698115824+0j)
-0.638	-0.407044	-0.012567345690758291	-0.4196129722172968	0.0	(-0.4196129722172968+0j)
-0.636	-0.404496	-0.012507199266533799	-0.41700474609659466	0.0	(-0.41700474609659466+0j)
-0.634	-0.40195600000000004	-0.012447052401915185	-0.4144045197062955	0.0	(-0.4144045197062955+0j)
-0.632	-0.399424	-0.012386906195543376	-0.4118122941384114	0.0	(-0.4118122941384114+0j)
-0.63	-0.39690000000000003	-0.01232676175073118	-0.40922807048967663	0.0	(-0.40922807048967663+0j)
-0.628	-0.394384	-0.012266620175434645	-0.40665184986152314	0.0	(-0.40665184986152314+0j)
-0.626	-0.391876	-0.012206482582224058	-0.4040836333600435	0.0	(-0.4040836333600435+0j)
-0.624	-0.389376	-0.012146350088254557	-0.40152342209596265	0.0	(-0.40152342209596265+0j)
-0.622	-0.386884	-0.012086223815236257	-0.39897121718458256	0.0	(-0.39897121718458256+0j)
-0.62	-0.3844	-0.012026104889404032	-0.39642701974579386	0.0	(-0.39642701974579386+0j)
-0.618	-0.381924	-0.01196599444148689	-0.39389083090398647	0.0	(-0.39389083090398647+0j)
-0.616	-0.379456	-0.011905893606676907	-0.39136265178803964	0.0	(-0.39136265178803964+0j)
-0.614	-0.376996	-0.011845803524597777	-0.388842483531293	0.0	(-0.388842483531293+0j)
-0.612	-0.374544	-0.011785725339272968	-0.38633032727149463	0.0	(-0.38633032727149463+0j)
-0.61	-0.3721	-0.011725660199093456	-0.383826184150766	0.0	(-0.383826184150766+0j)
-0.608	-0.369664	-0.011665609256785055	-0.3813300553155711	0.0	(-0.3813300553155711+0j)
-0.606	-0.367236	-0.011605573669375372	-0.3788419419166728	0.0	(-0.3788419419166728+0j)
-0.604	-0.364816	-0.011545554598160295	-0.3763618451090904	0.0	(-0.3763618451090904+0j)
-0.602	-0.36240399999999995	-0.011485553208670181	-0.3738897660520638	0.0	(-0.3738897660520638+0j)
-0.6	-0.36	-0.011425570670635512	-0.37142570590901064	0.0	(-0.37142570590901064+0j)
-0.598	-0.357604	-0.01136560815795229	-0.36896966584749913	0.0	(-0.36896966584749913+0j)
-0.596	-0.355216	-0.011305666848646926	-0.36652164703917933	0.0	(-0.36652164703917933+0j)
-0.594	-0.352836	-0.01124574792484078	-0.3640816506597627	0.0	(-0.3640816506597627+0j)
-0.592	-0.35046399999999994	-0.011185852572714292	-0.3616496778889778	0.0	(-0.3616496778889778+0j)
-0.59	-0.34809999999999997	-0.011125981982470695	-0.3592257299105106	0.0	(-0.3592257299105106+0j)
-0.588	-0.34574399999999994	-0.011066137348299403	-0.3568098079119895	0.0	(-0.3568098079119895+0j)
-0.586	-0.343396	-0.011006319868338905	-0.354401913084903	0.0	(-0.354401913084903+0j)
-0.584	-0.34105599999999997	-0.010946530744639322	-0.3520020466245965	0.0	(-0.3520020466245965+0j)
-0.582	-0.33872399999999997	-0.010886771183124571	-0.34961020973019674	0.0	(-0.34961020973019674+0j)
-0.58	-0.3364	-0.010827042393554146	-0.3472264036045688	0.0	(-0.3472264036045688+0j)
-0.578	-0.33408399999999994	-0.010767345589484455	-0.34485062945428674	0.0	(-0.34485062945428674+0j)
-0.5760000000000001	-0.33177600000000007	-0.010707681988229814	-0.34248288848957215	0.0	(-0.34248288848957215+0j)
-0.5740000000000001	-0.3294760000000001	-0.010648052810823067	-0.3401231819242432	0.0	(-0.3401231819242432+0j)
-0.5720000000000001	-0.3271840000000001	-0.010588459281975736	-0.33777151097568364	0.0	(-0.33777151097568364+0j)
-0.5700000000000001	-0.3249000000000001	-0.010528902630037903	-0.3354278768647771	0.0	(-0.3354278768647771+0j)
-0.5680000000000001	-0.3226240000000001	-0.01046938408695762	-0.33309228081585746	0.0	(-0.33309228081585746+0j)
-0.5660000000000001	-0.3203560000000001	-0.010409904888239944	-0.3307647240566824	0.0	(-0.3307647240566824+0j)
-0.5640000000000001	-0.31809600000000005	-0.010350466272905624	-0.32844520781835074	0.0	(-0.32844520781835074+0j)
-0.562	-0.31584400000000007	-0.010291069483449412	-0.32613373333526735	0.0	(-0.32613373333526735+0j)
-0.56	-0.31360000000000005	-0.010231715765797934	-0.32383030184509026	0.0	(-0.32383030184509026+0j)
-0.558	-0.3113640000000001	-0.010172406369267264	-0.3215349145886886	0.0	(-0.3215349145886886+0j)
-0.556	-0.3091360000000001	-0.010113142546520036	-0.31924757281005745	0.0	(-0.31924757281005745+0j)
-0.554	-0.3069160000000001	-0.010053925553522261	-0.3169682777562994	0.0	(-0.3169682777562994+0j)
-0.552	-0.30470400000000003	-0.00999475664949974	-0.3146970306775693	0.0	(-0.3146970306775693+0j)
-0.55	-0.30250000000000005	-0.009935637096894087	-0.3124338328269721	0.0	(-0.3124338328269721+0j)
-0.548	-0.30030400000000007	-0.009876568161318398	-0.31017868546057875	0.0	(-0.31017868546057875+0j)
-0.546	-0.29811600000000005	-0.009817551111512592	-0.3079315898373145	0.0	(-0.3079315898373145+0j)
-0.544	-0.29593600000000003	-0.009758587219298294	-0.30569254721892586	0.0	(-0.30569254721892586+0j)
-0.542	-0.293764	-0.009699677759533447	-0.30346155886992066	0.0	(-0.30346155886992066+0j)
-0.54	-0.2916	-0.00964082401006651	-0.30123862605750984	0.0	(-0.30123862605750984+0j)
-0.538	-0.28944400000000003	-0.009582027251690321	-0.29902375005155674	0.0	(-0.29902375005155674+0j)
-0.536	-0.28729600000000005	-0.009523288768095564	-0.2968169321245022	0.0	(-0.2968169321245022+0j)
-0.534	-0.285156	-0.009464609845823958	-0.294618173551319	0.0	(-0.294618173551319+0j)
-0.532	-0.28302400000000005	-0.009405991774220988	-0.29242747560944393	0.0	(-0.29242747560944393+0j)
-0.53	-0.28090000000000004	-0.009347435845388372	-0.29024483957872993	0.0	(-0.29024483957872993+0j)
-0.528	-0.27878400000000003	-0.009288943354136117	-0.2880702667413726	0.0	(-0.2880702667413726+0j)
-0.526	-0.27667600000000003	-0.009230515597934294	-0.2859037583818527	0.0	(-0.2859037583818527+0j)
-0.524	-0.27457600000000004	-0.009172153876864396	-0.2837453157868764	0.0	(-0.2837453157868764+0j)
-0.522	-0.272484	-0.009113859493570381	-0.28159494024531434	0.0	(-0.28159494024531434+0j)
-0.52	-0.27040000000000003	-0.009055633753209412	-0.27945263304812856	0.0	(-0.27945263304812856+0j)
-0.518	-0.268324	-0.008997477963402188	-0.27731839548832915	0.0	(-0.27731839548832915+0j)
-0.516	-0.266256	-0.008939393434182985	-0.27519222886088596	0.0	(-0.27519222886088596+0j)
-0.514	-0.264196	-0.00888138147794941	-0.27307413446268275	0.0	(-0.27307413446268275+0j)
-0.512	-0.262144	-0.00882344340941165	-0.27096411359244577	0.0	(-0.27096411359244577+0j)
-0.51	-0.2601	-0.008765580545541635	-0.2688621675506794	0.0	(-0.2688621675506794+0j)
-0.508	-0.258064	-0.008707794205521653	-0.2667682976395984	0.0	(-0.2667682976395984+0j)
-0.506	-0.256036	-0.008650085710692812	-0.26468250516306424	0.0	(-0.26468250516306424+0j)
-0.504	-0.254016	-0.008592456384503074	-0.26260479142651	0.0	(-0.26260479142651+0j)
-0.502	-0.252004	-0.008534907552454972	-0.26053515773688984	0.0	(-0.26053515773688984+0j)
-0.5	-0.25	-0.00847744054205312	-0.2584736054025931	0.0	(-0.2584736054025931+0j)
-0.498	-0.248004	-0.00842005668275126	-0.25642013573339145	0.0	(-0.25642013573339145+0j)
-0.496	-0.24601599999999998	-0.008362757305899117	-0.2543747500403553	0.0	(-0.2543747500403553+0j)
-0.494	-0.244036	-0.008305543744688872	-0.25233744963580085	0.0	(-0.25233744963580085+0j)
-0.492	-0.242064	-0.008248417334101393	-0.2503082358332079	0.0	(-0.2503082358332079+0j)
-0.49	-0.24009999999999998	-0.008191379410852094	-0.24828710994714823	0.0	(-0.24828710994714823+0j)
-0.488	-0.238144	-0.008134431313336576	-0.24627407329323067	0.0	(-0.24627407329323067+0j)
-0.486	-0.236196	-0.008077574381575872	-0.2442691271880128	0.0	(-0.2442691271880128+0j)
-0.484	-0.234256	-0.008020809957161507	-0.24227227294894588	0.0	(-0.24227227294894588+0j)
-0.482	-0.23232399999999997	-0.007964139383200189	-0.2402835118942858	0.0	(-0.2402835118942858+0j)
-0.48	-0.2304	-0.007907564004258273	-0.23830284534303292	0.0	(-0.23830284534303292+0j)
-0.47800000000000004	-0.22848400000000005	-0.007851085166305831	-0.2363302746148603	0.0	(-0.2363302746148603+0j)
-0.47600000000000003	-0.22657600000000003	-0.007794704216660613	-0.2343658010300261	0.0	(-0.2343658010300261+0j)
-0.47400000000000003	-0.22467600000000004	-0.007738422503931593	-0.2324094259093263	0.0	(-0.2324094259093263+0j)
-0.47200000000000003	-0.22278400000000004	-0.007682241377962293	-0.23046115057399538	0.0	(-0.23046115057399538+0j)
-0.47000000000000003	-0.22090000000000004	-0.007626162189773807	-0.22852097634564525	0.0	(-0.22852097634564525+0j)
-0.468	-0.21902400000000002	-0.0075701862915075815	-0.22658890454618658	0.0	(-0.22658890454618658+0j)
-0.466	-0.21715600000000002	-0.0075143150363679995	-0.22466493649776367	0.0	(-0.22466493649776367+0j)
-0.464	-0.21529600000000002	-0.007458549778564513	-0.22274907352265938	0.0	(-0.22274907352265938+0j)
-0.462	-0.21344400000000002	-0.007402891873253728	-0.22084131694324555	0.0	(-0.22084131694324555+0j)
-0.46	-0.2116	-0.007347342676481107	-0.21894166808188226	0.0	(-0.21894166808188226+0j)
-0.458	-0.209764	-0.0072919035451224565	-0.21705012826086026	0.0	(-0.21705012826086026+0j)
-0.456	-0.207936	-0.0072365758368251945	-0.2151666988023155	0.0	(-0.2151666988023155+0j)
-0.454	-0.20611600000000002	-0.007181360909949329	-0.21329138102815587	0.0	(-0.21329138102815587+0j)
-0.452	-0.204304	-0.007126260123508192	-0.21142417625998294	0.0	(-0.21142417625998294+0j)
-0.45	-0.2025	-0.0070712748371090164	-0.209565085819013	0.0	(-0.209565085819013+0j)
-0.448	-0.20070400000000002	-0.00701640641089319	-0.2077141110260085	0.0	(-0.2077141110260085+0j)
-0.446	-0.198916	-0.0069616562054762784	-0.20587125320118138	0.0	(-0.20587125320118138+0j)
-0.444	-0.197136	-0.006907025581887931	-0.2040365136641406	0.0	(-0.2040365136641406+0j)
-0.442	-0.195364	-0.006852515901511501	-0.20220989373379522	0.0	(-0.20220989373379522+0j)
-0.44	-0.1936	-0.006798128526023281	-0.2003913947282778	0.0	(-0.2003913947282778+0j)
-0.438	-0.191844	-0.006743864817331885	-0.19858101796487826	0.0	(-0.19858101796487826+0j)
-0.436	-0.190096	-0.006689726137517102	-0.19677876475994763	0.0	(-0.19677876475994763+0j)
-0.434	-0.188356	-0.006635713848768682	-0.19498463642883349	0.0	(-0.19498463642883349+0j)
-0.432	-0.18662399999999998	-0.0065818293133248496	-0.19319863428579293	0.0	(-0.19319863428579293+0j)
-0.43	-0.18489999999999998	-0.006528073893410785	-0.19142075964391703	0.0	(-0.19142075964391703+0j)
-0.428	-0.18318399999999999	-0.006474448951176673	-0.18965101381504662	0.0	(-0.18965101381504662+0j)
-0.426	-0.181476	-0.00642095584863564	-0.18788939810970096	0.0	(-0.18788939810970096+0j)
-0.424	-0.179776	-0.006367595947601751	-0.18613591383698633	0.0	(-0.18613591383698633+0j)
-0.422	-0.178084	-0.006314370609627348	-0.18439056230453207	0.0	(-0.18439056230453207+0j)
-0.42	-0.17639999999999997	-0.00626128119594066	-0.18265334481839116	0.0	(-0.18265334481839116+0j)
-0.418	-0.174724	-0.006208329067382959	-0.18092426268297612	0.0	(-0.18092426268297612+0j)
-0.41600000000000004	-0.17305600000000004	-0.006155515584345739	-0.1792033172009716	0.0	(-0.1792033172009716+0j)
-0.41400000000000003	-0.17139600000000002	-0.006102842106707446	-0.17749050967325736	0.0	(-0.17749050967325736+0j)
-0.41200000000000003	-0.16974400000000003	-0.006050309993770417	-0.17578584139882228	0.0	(-0.17578584139882228+0j)
-0.41000000000000003	-0.16810000000000003	-0.005997920604197418	-0.1740893136746924	0.0	(-0.1740893136746924+0j)
-0.40800000000000003	-0.16646400000000003	-0.005945675295947944	-0.1724009277958422	0.0	(-0.1724009277958422+0j)
-0.406	-0.164836	-0.005893575426214742	-0.17072068505512272	0.0	(-0.17072068505512272+0j)
-0.404	-0.16321600000000003	-0.005841622351359765	-0.1690485867431719	0.0	(-0.1690485867431719+0j)
-0.402	-0.16160400000000003	-0.005789817426850266	-0.16738463414834323	0.0	(-0.16738463414834323+0j)
-0.4	-0.16000000000000003	-0.005738162007194569	-0.1657288285566205	0.0	(-0.1657288285566205+0j)
-0.398	-0.15840400000000002	-0.005686657445877957	-0.16408117125153826	0.0	(-0.16408117125153826+0j)
-0.396	-0.156816	-0.005635305095298124	-0.16244166351410247	0.0	(-0.16244166351410247+0j)
-0.394	-0.155236	-0.005584106306700712	-0.1608103066227109	0.0	(-0.1608103066227109+0j)
-0.392	-0.15366400000000002	-0.005533062430114713	-0.15918710185306945	0.0	(-0.15918710185306945+0j)
-0.39	-0.1521	-0.005482174814287671	-0.1575720504781201	0.0	(-0.1575720504781201+0j)
-0.388	-0.150544	-0.005431444806620778	-0.15596515376795325	0.0	(-0.15596515376795325+0j)
-0.386	-0.14899600000000002	-0.00538087375310399	-0.15436641298973167	0.0	(-0.15436641298973167+0j)
-0.384	-0.147456	-0.005330462998250865	-0.1527758294076152	0.0	(-0.1527758294076152+0j)
-0.382	-0.145924	-0.005280213885033566	-0.1511934042826745	0.0	(-0.1511934042826745+0j)
-0.38	-0.1444	-0.005230127754817307	-0.14961913887281433	0.0	(-0.14961913887281433+0j)
-0.378	-0.142884	-0.005180205947295333	-0.1480530344326994	0.0	(-0.1480530344326994+0j)
-0.376	-0.141376	-0.005130449800423223	-0.14649509221367124	0.0	(-0.14649509221367124+0j)
-0.374	-0.139876	-0.005080860650353555	-0.14494531346367084	0.0	(-0.14494531346367084+0j)
-0.372	-0.138384	-0.005031439831370277	-0.14340369942716483	0.0	(-0.14340369942716483+0j)
-0.37	-0.1369	-0.004982188675822979	-0.14187025134506168	0.0	(-0.14187025134506168+0j)
-0.368	-0.135424	-0.004933108514061271	-0.14034497045464017	0.0	(-0.14034497045464017+0j)
-0.366	-0.133956	-0.00488420067436901	-0.13882785798946956	0.0	(-0.13882785798946956+0j)
-0.364	-0.132496	-0.004835466482898398	-0.1373189151793363	0.0	(-0.1373189151793363+0j)
-0.362	-0.131044	-0.004786907263604145	-0.13581814325016262	0.0	(-0.13581814325016262+0j)
-0.36	-0.1296	-0.004738524338177563	-0.1343255434239407	0.0	(-0.1343255434239407+0j)
-0.358	-0.128164	-0.004690319025980577	-0.13284111691864647	0.0	(-0.13284111691864647+0j)
-0.356	-0.126736	-0.004642292643979737	-0.13136486494817357	0.0	(-0.13136486494817357+0j)
-0.354	-0.12531599999999998	-0.004594446506680144	-0.12989678872225513	0.0	(-0.12989678872225513+0j)
-0.352	-0.12390399999999999	-0.004546781926059451	-0.12843688944639625	0.0	(-0.12843688944639625+0j)
-0.35000000000000003	-0.12250000000000003	-0.004499300211501828	-0.12698516832179088	0.0	(-0.12698516832179088+0j)
-0.34800000000000003	-0.12110400000000002	-0.004452002669731642	-0.12554162654525922	0.0	(-0.12554162654525922+0j)
-0.34600000000000003	-0.11971600000000002	-0.0044048906047476355	-0.1241062653091714	0.0	(-0.1241062653091714+0j)
-0.34400000000000003	-0.11833600000000002	-0.0043579653177566735	-0.12267908580137936	0.0	(-0.12267908580137936+0j)
-0.342	-0.11696400000000001	-0.004311228107107629	-0.12126008920514407	0.0	(-0.12126008920514407+0j)
-0.34	-0.11560000000000002	-0.004264680268225296	-0.11984927669906795	0.0	(-0.11984927669906795+0j)
-0.338	-0.11424400000000001	-0.004218323093544252	-0.11844664945702564	0.0	(-0.11844664945702564+0j)
-0.336	-0.11289600000000001	-0.00417215787244285	-0.11705220864809565	0.0	(-0.11705220864809565+0j)
-0.334	-0.11155600000000002	-0.0041261858911770255	-0.11566595543649437	0.0	(-0.11566595543649437+0j)
-0.332	-0.11022400000000002	-0.004080408432814403	-0.11428789098150795	0.0	(-0.11428789098150795+0j)
-0.33	-0.10890000000000001	-0.004034826777168099	-0.11291801643742634	0.0	(-0.11291801643742634+0j)
-0.328	-0.10758400000000001	-0.003989442200730914	-0.11155633295348466	0.0	(-0.11155633295348466+0j)
-0.326	-0.10627600000000001	-0.003944255976609301	-0.11020284167379185	0.0	(-0.11020284167379185+0j)
-0.324	-0.104976	-0.0038992693744573925	-0.10885754373727285	0.0	(-0.10885754373727285+0j)
-0.322	-0.10368400000000001	-0.0038544836604112453	-0.1075204402776079	0.0	(-0.1075204402776079+0j)
-0.32	-0.1024	-0.003809900097023061	-0.10619153242316687	0.0	(-0.10619153242316687+0j)
-0.318	-0.101124	-0.003765519943195267	-0.10487082129695374	0.0	(-0.10487082129695374+0j)
-0.316	-0.099856	-0.003721344454115094	-0.10355830801654838	0.0	(-0.10355830801654838+0j)
-0.314	-0.098596	-0.003677374881188744	-0.10225399369404652	0.0	(-0.10225399369404652+0j)
-0.312	-0.097344	-0.003633612471975911	-0.10095787943600981	0.0	(-0.10095787943600981+0j)
-0.31	-0.0961	-0.003590058470124363	-0.09966996634340522	0.0	(-0.09966996634340522+0j)
-0.308	-0.094864	-0.003546714115304578	-0.09839025551155273	0.0	(-0.09839025551155273+0j)
-0.306	-0.093636	-0.0035035806431443772	-0.09711874803007628	0.0	(-0.09711874803007628+0j)
-0.304	-0.092416	-0.0034606592851637863	-0.09585544498285208	0.0	(-0.09585544498285208+0j)
-0.302	-0.091204	-0.003417951268709918	-0.09460034744795737	0.0	(-0.09460034744795737+0j)
-0.3	-0.09	-0.003375457816891969	-0.09335345649762625	0.0	(-0.09335345649762625+0j)
-0.298	-0.088804	-0.0033331801485163848	-0.09211477319820274	0.0	(-0.09211477319820274+0j)
-0.296	-0.08761599999999999	-0.00329111947802202	-0.09088429861009535	0.0	(-0.09088429861009535+0j)
-0.294	-0.08643599999999999	-0.0032492770154155526	-0.08966203378773571	0.0	(-0.08966203378773571+0j)
-0.292	-0.08526399999999999	-0.0032076539662069525	-0.08844797977954019	0.0	(-0.08844797977954019+0j)
-0.29	-0.0841	-0.0031662515313450046	-0.0872421376278669	0.0	(-0.0872421376278669+0j)
-0.28800000000000003	-0.08294400000000002	-0.0031250709071531657	-0.08604450836898381	0.0	(-0.08604450836898381+0j)
-0.28600000000000003	-0.08179600000000002	-0.003084113285265311	-0.08485509303303183	0.0	(-0.08485509303303183+0j)
-0.28400000000000003	-0.08065600000000002	-0.0030433798525619227	-0.08367389264399354	0.0	(-0.08367389264399354+0j)
-0.28200000000000003	-0.07952400000000001	-0.00300287179110606	-0.08250090821966359	0.0	(-0.08250090821966359+0j)
-0.28	-0.07840000000000001	-0.0029625902780798796	-0.08133614077162186	0.0	(-0.08133614077162186+0j)
-0.278	-0.07728400000000002	-0.002922536485720939	-0.08017959130520905	0.0	(-0.08017959130520905+0j)
-0.276	-0.07617600000000001	-0.0028827115812590787	-0.07903126081950573	0.0	(-0.07903126081950573+0j)
-0.274	-0.07507600000000002	-0.00284311672685289	-0.07789115030731365	0.0	(-0.07789115030731365+0j)
-0.272	-0.07398400000000001	-0.002803753079527155	-0.07675926075513965	0.0	(-0.07675926075513965+0j)
-0.27	-0.0729	-0.002764621791109645	-0.07563559314318749	0.0	(-0.07563559314318749+0j)
-0.268	-0.07182400000000001	-0.0027257240081687006	-0.07452014844534681	0.0	(-0.07452014844534681+0j)
-0.266	-0.07075600000000001	-0.0026870608719506417	-0.07341292762919013	0.0	(-0.07341292762919013+0j)
-0.264	-0.06969600000000001	-0.0026486335183176224	-0.0723139316559749	0.0	(-0.0723139316559749+0j)
-0.262	-0.06864400000000001	-0.0026104430776855425	-0.07122316148064882	0.0	(-0.07122316148064882+0j)
-0.26	-0.06760000000000001	-0.00257249067496218	-0.07014061805185877	0.0	(-0.07014061805185877+0j)
-0.258	-0.066564	-0.0025347774294856573	-0.06906630231196771	0.0	(-0.06906630231196771+0j)
-0.256	-0.065536	-0.0024973044549627677	-0.06800021519707504	0.0	(-0.06800021519707504+0j)
-0.254	-0.064516	-0.0024600728594080246	-0.0669423576370493	0.0	(-0.0669423576370493+0j)
-0.252	-0.063504	-0.0024230837450825438	-0.06589273055555707	0.0	(-0.06589273055555707+0j)
-0.25	-0.0625	-0.002386338208433536	-0.06485133487011274	0.0	(-0.06485133487011274+0j)
-0.248	-0.061503999999999996	-0.0023498373400333006	-0.06381817149212163	0.0	(-0.06381817149212163+0j)
-0.246	-0.060516	-0.002313582224519495	-0.06279324132694931	0.0	(-0.06279324132694931+0j)
-0.244	-0.059536	-0.0022775739405348494	-0.06177654527398157	0.0	(-0.06177654527398157+0j)
-0.242	-0.058564	-0.0022418135606673273	-0.06076808422671433	0.0	(-0.06076808422671433+0j)
-0.24	-0.0576	-0.002206302151390671	-0.05976785907284009	0.0	(-0.05976785907284009+0j)
-0.23800000000000002	-0.05664400000000001	-0.002171040773005395	-0.05877587069435435	0.0	(-0.05877587069435435+0j)
-0.23600000000000002	-0.05569600000000001	-0.0021360304795793317	-0.057792119967676386	0.0	(-0.057792119967676386+0j)
-0.234	-0.054756000000000006	-0.00210127231888918	-0.0568166077637824	0.0	(-0.0568166077637824+0j)
-0.232	-0.053824000000000004	-0.0020667673323620517	-0.05584933494835776	0.0	(-0.05584933494835776+0j)
-0.23	-0.0529	-0.002032516555017294	-0.05489030238196662	0.0	(-0.05489030238196662+0j)
-0.228	-0.051984	-0.001998521015408372	-0.0539395109202414	0.0	(-0.0539395109202414+0j)
-0.226	-0.051076	-0.0019647817355658015	-0.052996961414097335	0.0	(-0.052996961414097335+0j)
-0.224	-0.050176000000000005	-0.00193129973093914	-0.052062654709968265	0.0	(-0.052062654709968265+0j)
-0.222	-0.049284	-0.001898076010340588	-0.05113659165007093	0.0	(-0.05113659165007093+0j)
-0.22	-0.0484	-0.0018651115758879233	-0.05021877307269672	0.0	(-0.05021877307269672+0j)
-0.218	-0.047524	-0.0018324074229483789	-0.04930919981254026	0.0	(-0.04930919981254026+0j)
-0.216	-0.046655999999999996	-0.001799964540082133	-0.04840787270105985	0.0	(-0.04840787270105985+0j)
-0.214	-0.045795999999999996	-0.0017677839089871306	-0.04751479256687653	0.0	(-0.04751479256687653+0j)
-0.212	-0.044944	-0.0017358665044431842	-0.046629960236220167	0.0	(-0.046629960236220167+0j)
-0.21	-0.04409999999999999	-0.001704213294256962	-0.045753376533419675	0.0	(-0.045753376533419675+0j)
-0.20800000000000002	-0.04326400000000001	-0.0016728252392073095	-0.044885042281445256	0.0	(-0.044885042281445256+0j)
-0.20600000000000002	-0.04243600000000001	-0.0016417032929907927	-0.04402495830250888	0.0	(-0.04402495830250888+0j)
-0.20400000000000001	-0.04161600000000001	-0.001610848402167464	-0.04317312541872738	0.0	(-0.04317312541872738+0j)
-0.202	-0.04080400000000001	-0.0015802615061072944	-0.04232954445285364	0.0	(-0.04232954445285364+0j)
-0.2	-0.04000000000000001	-0.0015499435369363823	-0.041494216229082906	0.0	(-0.041494216229082906+0j)
-0.198	-0.039204	-0.0015198954194845515	-0.040667141573944215	0.0	(-0.040667141573944215+0j)
-0.196	-0.038416000000000006	-0.0014901180712319495	-0.039848321317280506	0.0	(-0.039848321317280506+0j)
-0.194	-0.037636	-0.0014606124022571443	-0.03903775629332854	0.0	(-0.03903775629332854+0j)
-0.192	-0.036864	-0.0014313793151849996	-0.03823544734190868	0.0	(-0.03823544734190868+0j)
-0.19	-0.0361	-0.0014024197051354381	-0.03744139530973296	0.0	(-0.03744139530973296+0j)
-0.188	-0.035344	-0.0013737344596712608	-0.036655601051845815	0.0	(-0.036655601051845815+0j)
-0.186	-0.034596	-0.0013453244587485758	-0.03587806543320468	0.0	(-0.03587806543320468+0j)
-0.184	-0.033856	-0.0013171905746653945	-0.035108789330419145	0.0	(-0.035108789330419145+0j)
-0.182	-0.033124	-0.0012893336720121162	-0.03434777363365554	0.0	(-0.03434777363365554+0j)
-0.18	-0.0324	-0.001261754607621568	-0.03359501924873127	0.0	(-0.03359501924873127+0j)
-0.178	-0.031684	-0.0012344542305194883	-0.0328505270994079	0.0	(-0.0328505270994079+0j)
-0.176	-0.030975999999999997	-0.001207433381876788	-0.032114298129901804	0.0	(-0.032114298129901804+0j)
-0.17400000000000002	-0.030276000000000004	-0.0011806928949593676	-0.0313863333076315	0.0	(-0.0313863333076315+0j)
-0.17200000000000001	-0.029584000000000006	-0.0011542335950815996	-0.030666633626221886	0.0	(-0.030666633626221886+0j)
-0.17	-0.028900000000000006	-0.0011280562995580334	-0.029955200108783303	0.0	(-0.029955200108783303+0j)
-0.168	-0.028224000000000003	-0.0011021618176560999	-0.029252033811488703	0.0	(-0.029252033811488703+0j)
-0.166	-0.027556000000000004	-0.0010765509505493709	-0.028557135827468428	0.0	(-0.028557135827468428+0j)
-0.164	-0.026896000000000003	-0.0010512244912713742	-0.027870507291048306	0.0	(-0.027870507291048306+0j)
-0.162	-0.026244	-0.001026183224669741	-0.027192149382349658	0.0	(-0.027192149382349658+0j)
-0.16	-0.0256	-0.0010014279273602433	-0.026522063332278006	0.0	(-0.026522063332278006+0j)
-0.158	-0.024964	-0.000976959367682162	-0.025860250427918768	0.0	(-0.025860250427918768+0j)
-0.156	-0.024336	-0.0009527783056534345	-0.02520671201836409	0.0	(-0.02520671201836409+0j)
-0.154	-0.023716	-0.0009288854929269119	-0.02456144952098798	0.0	(-0.02456144952098798+0j)
-0.152	-0.023104	-0.000905281672745728	-0.023924464428188123	0.0	(-0.023924464428188123+0j)
-0.15	-0.0225	-0.0008819675799012217	-0.023295758314607756	0.0	(-0.023295758314607756+0j)
-0.148	-0.021903999999999996	-0.0008589439406889721	-0.022675332844842928	0.0	(-0.022675332844842928+0j)
-0.146	-0.021315999999999998	-0.0008362114728673875	-0.02206318978164698	0.0	(-0.02206318978164698+0j)
-0.14400000000000002	-0.020736000000000004	-0.0008137708856152948	-0.0214593309946162	0.0	(-0.0214593309946162+0j)
-0.14200000000000002	-0.020164000000000005	-0.0007916228794906388	-0.020863758469352418	0.0	(-0.020863758469352418+0j)
-0.14	-0.019600000000000003	-0.0007697681463896267	-0.020276474317072933	0.0	(-0.020276474317072933+0j)
-0.138	-0.019044000000000002	-0.0007482073695062041	-0.019697480784631523	0.0	(-0.019697480784631523+0j)
-0.136	-0.018496000000000002	-0.000726941223292199	-0.019126780264894765	0.0	(-0.019126780264894765+0j)
-0.134	-0.017956000000000003	-0.0007059703734175748	-0.018564375307405127	0.0	(-0.018564375307405127+0j)
-0.132	-0.017424000000000002	-0.0006852954767315733	-0.018010268629231375	0.0	(-0.018010268629231375+0j)
-0.13	-0.016900000000000002	-0.0006649171812240784	-0.017464463125896716	0.0	(-0.017464463125896716+0j)
-0.128	-0.016384	-0.0006448361259878688	-0.016926961882236465	0.0	(-0.016926961882236465+0j)
-0.126	-0.015876	-0.0006250529411810923	-0.016397768183012414	0.0	(-0.016397768183012414+0j)
-0.124	-0.015375999999999999	-0.0006055682479895186	-0.01587688552308482	0.0	(-0.01587688552308482+0j)
-0.122	-0.014884	-0.0005863826585907894	-0.01536431761690388	0.0	(-0.01536431761690388+0j)
-0.12	-0.0144	-0.000567496776118448	-0.014860068407051478	0.0	(-0.014860068407051478+0j)
-0.11800000000000001	-0.013924000000000002	-0.0005489111946257452	-0.014364142071533791	0.0	(-0.014364142071533791+0j)
-0.116	-0.013456000000000001	-0.0005306264990510012	-0.013876543029493793	0.0	(-0.013876543029493793+0j)
-0.114	-0.012996	-0.0005126432651836321	-0.013397275944982773	0.0	(-0.013397275944982773+0j)
-0.112	-0.012544000000000001	-0.0004949620596295112	-0.012926345728413799	0.0	(-0.012926345728413799+0j)
-0.11	-0.0121	-0.00047758343977699624	-0.012463757535304308	0.0	(-0.012463757535304308+0j)
-0.108	-0.011663999999999999	-0.00046050795376584297	-0.012009516761915362	0.0	(-0.012009516761915362+0j)
-0.106	-0.011236	-0.0004437361404532325	-0.011563629037400228	0.0	(-0.011563629037400228+0j)
-0.10400000000000001	-0.010816000000000003	-0.0004272685293822409	-0.01112610021211222	0.0	(-0.01112610021211222+0j)
-0.10200000000000001	-0.010404000000000002	-0.000411105640750975	-0.010696936341757878	0.0	(-0.010696936341757878+0j)
-0.1	-0.010000000000000002	-0.00039524798538126404	-0.010276143667150668	0.0	(-0.010276143667150668+0j)
-0.098	-0.009604000000000001	-0.00037969606468912787	-0.009863728589406557	0.0	(-0.009863728589406557+0j)
-0.096	-0.009216	-0.0003644503706539126	-0.009459697640528179	0.0	(-0.009459697640528179+0j)
-0.094	-0.008836	-0.0003495113857900911	-0.00906405744945083	0.0	(-0.00906405744945083+0j)
-0.092	-0.008464	-0.00033487958311839705	-0.008676814703763705	0.0	(-0.008676814703763705+0j)
-0.09	-0.0081	-0.0003205554261378474	-0.00829797610747602	0.0	(-0.00829797610747602+0j)
-0.088	-0.007743999999999999	-0.00030653936879820876	-0.007927548335352867	0.0	(-0.007927548335352867+0j)
-0.08600000000000001	-0.0073960000000000015	-0.00029283185547201995	-0.0075655379845076375	0.0	(-0.0075655379845076375+0j)
-0.084	-0.007056000000000001	-0.00027943332093016693	-0.007211951524077722	0.0	(-0.007211951524077722+0j)
-0.082	-0.006724000000000001	-0.0002663441903147934	-0.006866795243942694	0.0	(-0.006866795243942694+0j)
-0.08	-0.0064	-0.00025356487911309955	-0.006530075203542168	0.0	(-0.006530075203542168+0j)
-0.078	-0.006084	-0.0002410957931360258	-0.006201797181908575	0.0	(-0.006201797181908575+0j)
-0.076	-0.005776	-0.00022893732848983106	-0.005881966630059523	0.0	(-0.005881966630059523+0j)
-0.074	-0.005475999999999999	-0.00021708987155433235	-0.005570588626865416	0.0	(-0.005570588626865416+0j)
-0.07200000000000001	-0.005184000000000001	-0.00020555379896203263	-0.005267667839432897	0.0	(-0.005267667839432897+0j)
-0.07	-0.004900000000000001	-0.00019432947757191954	-0.00497320848893929	0.0	(-0.00497320848893929+0j)
-0.068	-0.0046240000000000005	-0.00018341726444948137	-0.004687214322691882	0.0	(-0.004687214322691882+0j)
-0.066	-0.0043560000000000005	-0.00017281750684716712	-0.004409688592996962	0.0	(-0.004409688592996962+0j)
-0.064	-0.004096	-0.0001625305421786294	-0.004140634043231544	0.0	(-0.004140634043231544+0j)
-0.062	-0.0038439999999999998	-0.00015255669800495752	-0.003880052901271796	0.0	(-0.003880052901271796+0j)
-0.06	-0.0036	-0.00014289629201069687	-0.0036279468802355767	0.0	(-0.0036279468802355767+0j)
-0.058	-0.0033640000000000002	-0.0001335496319843088	-0.003384317186289576	0.0	(-0.003384317186289576+0j)
-0.056	-0.0031360000000000003	-0.0001245170158039599	-0.003149164533082519	0.0	(-0.003149164533082519+0j)
-0.054	-0.0029159999999999998	-0.00011579873141798203	-0.0029224891622250315	0.0	(-0.0029224891622250315+0j)
-0.052000000000000005	-0.0027040000000000007	-0.00010739505682444417	-0.0027042908691302385	0.0	(-0.0027042908691302385+0j)
-0.05	-0.0025000000000000005	-9.930626005960619e-05	-0.002494569033435855	0.0	(-0.002494569033435855+0j)
-0.048	-0.002304	-9.153259917837886e-05	-0.0022933226532136624	0.0	(-0.0022933226532136624+0j)
-0.046	-0.002116	-8.407432223833666e-05	-0.00210055038217181	0.0	(-0.00210055038217181+0j)
-0.044	-0.0019359999999999998	-7.693166728728329e-05	-0.001916250569094681	0.0	(-0.001916250569094681+0j)
-0.042	-0.0017640000000000002	-7.01048623525935e-05	-0.0017404212988315609	0.0	(-0.0017404212988315609+0j)
-0.04	-0.0016	-6.359412541812048e-05	-0.0015730604342849659	0.0	(-0.0015730604342849659+0j)
-0.038	-0.001444	-5.7399664417090435e-05	-0.0014141656589487963	0.0	(-0.0014141656589487963+0j)
-0.036000000000000004	-0.0012960000000000003	-5.152167721966805e-05	-0.0012637345197271908	0.0	(-0.0012637345197271908+0j)
-0.034	-0.0011560000000000001	-4.596035161696932e-05	-0.0011217644699857386	0.0	(-0.0011217644699857386+0j)
-0.032	-0.001024	-4.071586532461424e-05	-0.0009882529129621198	0.0	(-0.0009882529129621198+0j)
-0.03	-0.0009	-3.578838594364697e-05	-0.0008631972461125944	0.0	(-0.0008631972461125944+0j)
-0.028	-0.0007840000000000001	-3.117807097652303e-05	-0.0007465949072431808	0.0	(-0.0007465949072431808+0j)
-0.026000000000000002	-0.0006760000000000002	-2.68850678111221e-05	-0.0006384434239841513	0.0	(-0.0006384434239841513+0j)
-0.024	-0.000576	-2.2909513710089868e-05	-0.0005387404690473989	0.0	(-0.0005387404690473989+0j)
-0.022	-0.00048399999999999995	-1.925153578241634e-05	-0.00044748392531199276	0.0	(-0.00044748392531199276+0j)
-0.02	-0.0004	-1.5911251026068385e-05	-0.00036467196713824384	0.0	(-0.00036467196713824384+0j)
-0.018000000000000002	-0.00032400000000000007	-1.2888766264040896e-05	-0.00029030316941903636	0.0	(-0.00029030316941903636+0j)
-0.016	-0.000256	-1.018417817988393e-05	-0.00022437666492401107	0.0	(-0.00022437666492401107+0j)
-0.014	-0.00019600000000000002	-7.797573303491845e-06	-0.00016689239061452204	0.0	(-0.00016689239061452204+0j)
-0.012	-0.000144	-5.729027975576173e-06	-0.00011785151066148351	0.0	(-0.00011785151066148351+0j)
-0.01	-0.0001	-3.978608361876468e-06	-7.72572294507508e-05	0.0	(-7.72572294507508e-05+0j)
-0.008	-6.4e-05	-2.546370410527743e-06	-4.511660794889112e-05	0.0	(-4.511660794889112e-05+0j)
-0.006	-3.6e-05	-1.4323601362775662e-06	-2.1445630921328896e-05	0.0	(-2.1445630921328896e-05+0j)
-0.004	-1.6e-05	-6.366130946844351e-07	-6.290014358371431e-06	0.0	(-6.290014358371431e-06+0j)
-0.002	-4e-06	-1.5915520634735003e-07	1.474514954580286e-17	-0.011531265586023166	(1.474514954580286e-17-0.011531265586023166j)
0.002	4e-06	1.5915520634735003e-07	1.474514954580286e-17	0.011531265586023166	(1.474514954580286e-17+0.011531265586023166j)
0.004	1.6e-05	6.366130946844351e-07	6.290014358357847e-06	0.0	(6.290014358357847e-06+0j)
0.006	3.6e-05	1.4323601362775662e-06	2.144563092129351e-05	0.0	(2.144563092129351e-05+0j)
0.008	6.4e-05	2.546370410527743e-06	4.511660794890449e-05	0.0	(4.511660794890449e-05+0j)
0.01	0.0001	3.978608361876468e-06	7.725722945075734e-05	0.0	(7.725722945075734e-05+0j)
0.012	0.000144	5.729027975576173e-06	0.0001178515106614615	0.0	(0.0001178515106614615+0j)
0.014	0.00019600000000000002	7.797573303491845e-06	0.00016689239061452087	0.0	(0.00016689239061452087+0j)
0.016	0.000256	1.018417817988393e-05	0.00022437666492400483	0.0	(0.00022437666492400483+0j)
0.018000000000000002	0.00032400000000000007	1.2888766264040896e-05	0.0002903031694190196	0.0	(0.0002903031694190196+0j)
0.02	0.0004	1.5911251026068385e-05	0.00036467196713825154	0.0	(0.00036467196713825154+0j)
0.022	0.00048399999999999995	1.925153578241634e-05	0.000447483925311977	0.0	(0.000447483925311977+0j)
0.024	0.000576	2.2909513710089868e-05	0.0005387404690473949	0.0	(0.0005387404690473949+0j)
0.026000000000000002	0.0006760000000000002	2.68850678111221e-05	0.0006384434239841613	0.0	(0.0006384434239841613+0j)
0.028	0.0007840000000000001	3.117807097652303e-05	0.0007465949072431573	0.0	(0.0007465949072431573+0j)
0.03	0.0009	3.578838594364697e-05	0.0008631972461125866	0.0	(0.0008631972461125866+0j)
0.032	0.001024	4.071586532461424e-05	0.000988252912962134	0.0	(0.000988252912962134+0j)
0.034	0.0011560000000000001	4.596035161696932e-05	0.0011217644699857336	0.0	(0.0011217644699857336+0j)
0.036000000000000004	0.0012960000000000003	5.152167721966805e-05	0.001263734519727208	0.0	(0.001263734519727208+0j)
0.038	0.001444	5.7399664417090435e-05	0.0014141656589487961	0.0	(0.0014141656589487961+0j)
0.04	0.0016	6.359412541812048e-05	0.0015730604342849594	0.0	(0.0015730604342849594+0j)
0.042	0.0017640000000000002	7.01048623525935e-05	0.0017404212988315355	0.0	(0.0017404212988315355+0j)
0.044	0.0019359999999999998	7.693166728728329e-05	0.0019162505690946835	0.0	(0.0019162505690946835+0j)
0.046	0.002116	8.407432223833666e-05	0.0021005503821717947	0.0	(0.0021005503821717947+0j)
0.048	0.002304	9.153259917837886e-05	0.002293322653213657	0.0	(0.002293322653213657+0j)
0.05	0.0025000000000000005	9.930626005960619e-05	0.002494569033435825	0.0	(0.002494569033435825+0j)
0.052000000000000005	0.0027040000000000007	0.00010739505682444417	0.0027042908691302294	0.0	(0.0027042908691302294+0j)
0.054	0.0029159999999999998	0.00011579873141798203	0.002922489162225031	0.0	(0.002922489162225031+0j)
0.056	0.0031360000000000003	0.0001245170158039599	0.003149164533082503	0.0	(0.003149164533082503+0j)
0.058	0.0033640000000000002	0.0001335496319843088	0.0033843171862895675	0.0	(0.0033843171862895675+0j)
0.06	0.0036	0.00014289629201069687	0.0036279468802356014	0.0	(0.0036279468802356014+0j)
0.062	0.0038439999999999998	0.00015255669800495752	0.0038800529012717757	0.0	(0.0038800529012717757+0j)
0.064	0.004096	0.0001625305421786294	0.004140634043231523	0.0	(0.004140634043231523+0j)
0.066	0.0043560000000000005	0.00017281750684716712	0.004409688592996941	0.0	(0.004409688592996941+0j)
0.068	0.0046240000000000005	0.00018341726444948137	0.0046872143226919395	0.0	(0.0046872143226919395+0j)
0.07	0.004900000000000001	0.00019432947757191954	0.004973208488939267	0.0	(0.004973208488939267+0j)
0.07200000000000001	0.005184000000000001	0.00020555379896203263	0.005267667839432878	0.0	(0.005267667839432878+0j)
0.074	0.005475999999999999	0.00021708987155433235	0.005570588626865406	0.0	(0.005570588626865406+0j)
0.076	0.005776	0.00022893732848983106	0.0058819666300595165	0.0	(0.0058819666300595165+0j)
0.078	0.006084	0.0002410957931360258	0.006201797181908561	0.0	(0.006201797181908561+0j)
0.08	0.0064	0.00025356487911309955	0.006530075203542185	0.0	(0.006530075203542185+0j)
0.082	0.006724000000000001	0.0002663441903147934	0.006866795243942724	0.0	(0.006866795243942724+0j)
0.084	0.007056000000000001	0.00027943332093016693	0.007211951524077732	0.0	(0.007211951524077732+0j)
0.08600000000000001	0.0073960000000000015	0.00029283185547201995	0.007565537984507584	0.0	(0.007565537984507584+0j)
0.088	0.007743999999999999	0.00030653936879820876	0.007927548335352908	0.0	(0.007927548335352908+0j)
0.09	0.0081	0.0003205554261378474	0.00829797610747602	0.0	(0.00829797610747602+0j)
0.092	0.008464	0.00033487958311839705	0.008676814703763702	0.0	(0.008676814703763702+0j)
0.094	0.008836	0.0003495113857900911	0.009064057449450802	0.0	(0.009064057449450802+0j)
0.096	0.009216	0.0003644503706539126	0.009459697640528161	0.0	(0.009459697640528161+0j)
0.098	0.009604000000000001	0.00037969606468912787	0.009863728589406545	0.0	(0.009863728589406545+0j)
0.1	0.010000000000000002	0.00039524798538126404	0.010276143667150631	0.0	(0.010276143667150631+0j)
0.10200000000000001	0.010404000000000002	0.000411105640750975	0.0106969363417579	0.0	(0.0106969363417579+0j)
0.10400000000000001	0.010816000000000003	0.0004272685293822409	0.011126100212112201	0.0	(0.011126100212112201+0j)
0.106	0.011236	0.0004437361404532325	0.011563629037400124	0.0	(0.011563629037400124+0j)
0.108	0.011663999999999999	0.00046050795376584297	0.012009516761915338	0.0	(0.012009516761915338+0j)
0.11	0.0121	0.00047758343977699624	0.012463757535304282	0.0	(0.012463757535304282+0j)
0.112	0.012544000000000001	0.0004949620596295112	0.012926345728413715	0.0	(0.012926345728413715+0j)
0.114	0.012996	0.0005126432651836321	0.013397275944982788	0.0	(0.013397275944982788+0j)
0.116	0.013456000000000001	0.0005306264990510012	0.013876543029493918	0.0	(0.013876543029493918+0j)
0.11800000000000001	0.013924000000000002	0.0005489111946257452	0.014364142071533808	0.0	(0.014364142071533808+0j)
0.12	0.0144	0.000567496776118448	0.014860068407051502	0.0	(0.014860068407051502+0j)
0.122	0.014884	0.0005863826585907894	0.01536431761690394	0.0	(0.01536431761690394+0j)
0.124	0.015375999999999999	0.0006055682479895186	0.01587688552308488	0.0	(0.01587688552308488+0j)
0.126	0.015876	0.0006250529411810923	0.01639776818301234	0.0	(0.01639776818301234+0j)
0.128	0.016384	0.0006448361259878688	0.016926961882236396	0.0	(0.016926961882236396+0j)
0.13	0.016900000000000002	0.0006649171812240784	0.01746446312589677	0.0	(0.01746446312589677+0j)
0.132	0.017424000000000002	0.0006852954767315733	0.018010268629231326	0.0	(0.018010268629231326+0j)
0.134	0.017956000000000003	0.0007059703734175748	0.018564375307405002	0.0	(0.018564375307405002+0j)
0.136	0.018496000000000002	0.000726941223292199	0.019126780264894845	0.0	(0.019126780264894845+0j)
0.138	0.019044000000000002	0.0007482073695062041	0.0196974807846314	0.0	(0.0196974807846314+0j)
0.14	0.019600000000000003	0.0007697681463896267	0.020276474317072923	0.0	(0.020276474317072923+0j)
0.14200000000000002	0.020164000000000005	0.0007916228794906388	0.020863758469352425	0.0	(0.020863758469352425+0j)
0.14400000000000002	0.020736000000000004	0.0008137708856152948	0.02145933099461622	0.0	(0.02145933099461622+0j)
0.146	0.021315999999999998	0.0008362114728673875	0.022063189781647057	0.0	(0.022063189781647057+0j)
0.148	0.021903999999999996	0.0008589439406889721	0.022675332844843014	0.0	(0.022675332844843014+0j)
0.15	0.0225	0.0008819675799012217	0.023295758314607652	0.0	(0.023295758314607652+0j)
0.152	0.023104	0.000905281672745728	0.0239244644281883	0.0	(0.0239244644281883+0j)
0.154	0.023716	0.0009288854929269119	0.024561449520988005	0.0	(0.024561449520988005+0j)
0.156	0.024336	0.0009527783056534345	0.025206712018364042	0.0	(0.025206712018364042+0j)
0.158	0.024964	0.000976959367682162	0.02586025042791888	0.0	(0.02586025042791888+0j)
0.16	0.0256	0.0010014279273602433	0.02652206333227801	0.0	(0.02652206333227801+0j)
0.162	0.026244	0.001026183224669741	0.027192149382349828	0.0	(0.027192149382349828+0j)
0.164	0.026896000000000003	0.0010512244912713742	0.02787050729104827	0.0	(0.02787050729104827+0j)
0.166	0.027556000000000004	0.0010765509505493709	0.028557135827468445	0.0	(0.028557135827468445+0j)
0.168	0.028224000000000003	0.0011021618176560999	0.029252033811488744	0.0	(0.029252033811488744+0j)
0.17	0.028900000000000006	0.0011280562995580334	0.02995520010878323	0.0	(0.02995520010878323+0j)
0.17200000000000001	0.029584000000000006	0.0011542335950815996	0.030666633626221847	0.0	(0.030666633626221847+0j)
0.17400000000000002	0.030276000000000004	0.0011806928949593676	0.03138633330763188	0.0	(0.03138633330763188+0j)
0.176	0.030975999999999997	0.001207433381876788	0.03211429812990182	0.0	(0.03211429812990182+0j)
0.178	0.031684	0.0012344542305194883	0.03285052709940808	0.0	(0.03285052709940808+0j)
0.18	0.0324	0.001261754607621568	0.033595019248731275	0.0	(0.033595019248731275+0j)
0.182	0.033124	0.0012893336720121162	0.034347773633655314	0.0	(0.034347773633655314+0j)
0.184	0.033856	0.0013171905746653945	0.03510878933041915	0.0	(0.03510878933041915+0j)
0.186	0.034596	0.0013453244587485758	0.035878065433204716	0.0	(0.035878065433204716+0j)
0.188	0.035344	0.0013737344596712608	0.036655601051845656	0.0	(0.036655601051845656+0j)
0.19	0.0361	0.0014024197051354381	0.037441395309732804	0.0	(0.037441395309732804+0j)
0.192	0.036864	0.0014313793151849996	0.03823544734190854	0.0	(0.03823544734190854+0j)
0.194	0.037636	0.0014606124022571443	0.039037756293328806	0.0	(0.039037756293328806+0j)
0.196	0.038416000000000006	0.0014901180712319495	0.03984832131728089	0.0	(0.03984832131728089+0j)
0.198	0.039204	0.0015198954194845515	0.040667141573944486	0.0	(0.040667141573944486+0j)
0.2	0.04000000000000001	0.0015499435369363823	0.04149421622908294	0.0	(0.04149421622908294+0j)
0.202	0.04080400000000001	0.0015802615061072944	0.04232954445285362	0.0	(0.04232954445285362+0j)
0.20400000000000001	0.04161600000000001	0.001610848402167464	0.04317312541872751	0.0	(0.04317312541872751+0j)
0.20600000000000002	0.04243600000000001	0.0016417032929907927	0.044024958302509305	0.0	(0.044024958302509305+0j)
0.20800000000000002	0.04326400000000001	0.0016728252392073095	0.04488504228144517	0.0	(0.04488504228144517+0j)
0.21	0.04409999999999999	0.001704213294256962	0.04575337653341965	0.0	(0.04575337653341965+0j)
0.212	0.044944	0.0017358665044431842	0.04662996023622036	0.0	(0.04662996023622036+0j)
0.214	0.045795999999999996	0.0017677839089871306	0.04751479256687644	0.0	(0.04751479256687644+0j)
0.216	0.046655999999999996	0.001799964540082133	0.0484078727010594	0.0	(0.0484078727010594+0j)
0.218	0.047524	0.0018324074229483789	0.049309199812540394	0.0	(0.049309199812540394+0j)
0.22	0.0484	0.0018651115758879233	0.05021877307269651	0.0	(0.05021877307269651+0j)
0.222	0.049284	0.001898076010340588	0.05113659165007103	0.0	(0.05113659165007103+0j)
0.224	0.050176000000000005	0.00193129973093914	0.05206265470996857	0.0	(0.05206265470996857+0j)
0.226	0.051076	0.0019647817355658015	0.05299696141409747	0.0	(0.05299696141409747+0j)
0.228	0.051984	0.001998521015408372	0.05393951092024156	0.0	(0.05393951092024156+0j)
0.23	0.0529	0.002032516555017294	0.05489030238196647	0.0	(0.05489030238196647+0j)
0.232	0.053824000000000004	0.0020667673323620517	0.05584933494835803	0.0	(0.05584933494835803+0j)
0.234	0.054756000000000006	0.00210127231888918	0.0568166077637825	0.0	(0.0568166077637825+0j)
0.23600000000000002	0.05569600000000001	0.0021360304795793317	0.057792119967676456	0.0	(0.057792119967676456+0j)
0.23800000000000002	0.05664400000000001	0.002171040773005395	0.058775870694354374	0.0	(0.058775870694354374+0j)
0.24	0.0576	0.002206302151390671	0.0597678590728404	0.0	(0.0597678590728404+0j)
0.242	0.058564	0.0022418135606673273	0.060768084226715244	0.0	(0.060768084226715244+0j)
0.244	0.059536	0.0022775739405348494	0.06177654527398181	0.0	(0.06177654527398181+0j)
0.246	0.060516	0.002313582224519495	0.06279324132694886	0.0	(0.06279324132694886+0j)
0.248	0.061503999999999996	0.0023498373400333006	0.06381817149212188	0.0	(0.06381817149212188+0j)
0.25	0.0625	0.002386338208433536	0.06485133487011234	0.0	(0.06485133487011234+0j)
0.252	0.063504	0.0024230837450825438	0.06589273055555739	0.0	(0.06589273055555739+0j)
0.254	0.064516	0.0024600728594080246	0.066942357637049	0.0	(0.066942357637049+0j)
0.256	0.065536	0.0024973044549627677	0.06800021519707508	0.0	(0.06800021519707508+0j)
0.258	0.066564	0.0025347774294856573	0.06906630231196753	0.0	(0.06906630231196753+0j)
0.26	0.06760000000000001	0.00257249067496218	0.07014061805185884	0.0	(0.07014061805185884+0j)
0.262	0.06864400000000001	0.0026104430776855425	0.07122316148064908	0.0	(0.07122316148064908+0j)
0.264	0.06969600000000001	0.0026486335183176224	0.07231393165597494	0.0	(0.07231393165597494+0j)
0.266	0.07075600000000001	0.0026870608719506417	0.0734129276291901	0.0	(0.0734129276291901+0j)
0.268	0.07182400000000001	0.0027257240081687006	0.07452014844534693	0.0	(0.07452014844534693+0j)
0.27	0.0729	0.002764621791109645	0.07563559314318778	0.0	(0.07563559314318778+0j)
0.272	0.07398400000000001	0.002803753079527155	0.0767592607551399	0.0	(0.0767592607551399+0j)
0.274	0.07507600000000002	0.00284311672685289	0.0778911503073134	0.0	(0.0778911503073134+0j)
0.276	0.07617600000000001	0.0028827115812590787	0.0790312608195057	0.0	(0.0790312608195057+0j)
0.278	0.07728400000000002	0.002922536485720939	0.08017959130520966	0.0	(0.08017959130520966+0j)
0.28	0.07840000000000001	0.0029625902780798796	0.08133614077162193	0.0	(0.08133614077162193+0j)
0.28200000000000003	0.07952400000000001	0.00300287179110606	0.08250090821966378	0.0	(0.08250090821966378+0j)
0.28400000000000003	0.08065600000000002	0.0030433798525619227	0.08367389264399397	0.0	(0.08367389264399397+0j)
0.28600000000000003	0.08179600000000002	0.003084113285265311	0.08485509303303217	0.0	(0.08485509303303217+0j)
0.28800000000000003	0.08294400000000002	0.0031250709071531657	0.08604450836898363	0.0	(0.08604450836898363+0j)
0.29	0.0841	0.0031662515313450046	0.08724213762786708	0.0	(0.08724213762786708+0j)
0.292	0.08526399999999999	0.0032076539662069525	0.08844797977954026	0.0	(0.08844797977954026+0j)
0.294	0.08643599999999999	0.0032492770154155526	0.0896620337877359	0.0	(0.0896620337877359+0j)
0.296	0.08761599999999999	0.00329111947802202	0.09088429861009523	0.0	(0.09088429861009523+0j)
0.298	0.088804	0.0033331801485163848	0.09211477319820317	0.0	(0.09211477319820317+0j)
0.3	0.09	0.003375457816891969	0.0933534564976265	0.0	(0.0933534564976265+0j)
0.302	0.091204	0.003417951268709918	0.09460034744795688	0.0	(0.09460034744795688+0j)
0.304	0.092416	0.0034606592851637863	0.09585544498285159	0.0	(0.09585544498285159+0j)
0.306	0.093636	0.0035035806431443772	0.09711874803007656	0.0	(0.09711874803007656+0j)
0.308	0.094864	0.003546714115304578	0.09839025551155245	0.0	(0.09839025551155245+0j)
0.31	0.0961	0.003590058470124363	0.09966996634340516	0.0	(0.09966996634340516+0j)
0.312	0.097344	0.003633612471975911	0.10095787943601053	0.0	(0.10095787943601053+0j)
0.314	0.098596	0.003677374881188744	0.10225399369404614	0.0	(0.10225399369404614+0j)
0.316	0.099856	0.003721344454115094	0.10355830801654727	0.0	(0.10355830801654727+0j)
0.318	0.101124	0.003765519943195267	0.10487082129695394	0.0	(0.10487082129695394+0j)
0.32	0.1024	0.003809900097023061	0.10619153242316716	0.0	(0.10619153242316716+0j)
0.322	0.10368400000000001	0.0038544836604112453	0.10752044027760833	0.0	(0.10752044027760833+0j)
0.324	0.104976	0.0038992693744573925	0.10885754373727352	0.0	(0.10885754373727352+0j)
0.326	0.10627600000000001	0.003944255976609301	0.11020284167379282	0.0	(0.11020284167379282+0j)
0.328	0.10758400000000001	0.003989442200730914	0.11155633295348416	0.0	(0.11155633295348416+0j)
0.33	0.10890000000000001	0.004034826777168099	0.11291801643742641	0.0	(0.11291801643742641+0j)
0.332	0.11022400000000002	0.004080408432814403	0.11428789098150802	0.0	(0.11428789098150802+0j)
0.334	0.11155600000000002	0.0041261858911770255	0.1156659554364945	0.0	(0.1156659554364945+0j)
0.336	0.11289600000000001	0.00417215787244285	0.11705220864809665	0.0	(0.11705220864809665+0j)
0.338	0.11424400000000001	0.004218323093544252	0.11844664945702559	0.0	(0.11844664945702559+0j)
0.34	0.11560000000000002	0.004264680268225296	0.11984927669906792	0.0	(0.11984927669906792+0j)
0.342	0.11696400000000001	0.004311228107107629	0.12126008920514383	0.0	(0.12126008920514383+0j)
0.34400000000000003	0.11833600000000002	0.0043579653177566735	0.12267908580137929	0.0	(0.12267908580137929+0j)
0.34600000000000003	0.11971600000000002	0.0044048906047476355	0.12410626530917193	0.0	(0.12410626530917193+0j)
0.34800000000000003	0.12110400000000002	0.004452002669731642	0.1255416265452593	0.0	(0.1255416265452593+0j)
0.35000000000000003	0.12250000000000003	0.004499300211501828	0.1269851683217905	0.0	(0.1269851683217905+0j)
0.352	0.12390399999999999	0.004546781926059451	0.1284368894463959	0.0	(0.1284368894463959+0j)
0.354	0.12531599999999998	0.004594446506680144	0.1298967887222564	0.0	(0.1298967887222564+0j)
0.356	0.126736	0.004642292643979737	0.1313648649481732	0.0	(0.1313648649481732+0j)
0.358	0.128164	0.004690319025980577	0.13284111691864636	0.0	(0.13284111691864636+0j)
0.36	0.1296	0.004738524338177563	0.13432554342394065	0.0	(0.13432554342394065+0j)
0.362	0.131044	0.004786907263604145	0.1358181432501633	0.0	(0.1358181432501633+0j)
0.364	0.132496	0.004835466482898398	0.1373189151793361	0.0	(0.1373189151793361+0j)
0.366	0.133956	0.00488420067436901	0.13882785798946967	0.0	(0.13882785798946967+0j)
0.368	0.135424	0.004933108514061271	0.14034497045464056	0.0	(0.14034497045464056+0j)
0.37	0.1369	0.004982188675822979	0.14187025134506207	0.0	(0.14187025134506207+0j)
0.372	0.138384	0.005031439831370277	0.14340369942716438	0.0	(0.14340369942716438+0j)
0.374	0.139876	0.005080860650353555	0.14494531346367168	0.0	(0.14494531346367168+0j)
0.376	0.141376	0.005130449800423223	0.14649509221367107	0.0	(0.14649509221367107+0j)
0.378	0.142884	0.005180205947295333	0.1480530344326994	0.0	(0.1480530344326994+0j)
0.38	0.1444	0.005230127754817307	0.14961913887281472	0.0	(0.14961913887281472+0j)
0.382	0.145924	0.005280213885033566	0.1511934042826735	0.0	(0.1511934042826735+0j)
0.384	0.147456	0.005330462998250865	0.15277582940761572	0.0	(0.15277582940761572+0j)
0.386	0.14899600000000002	0.00538087375310399	0.15436641298973222	0.0	(0.15436641298973222+0j)
0.388	0.150544	0.005431444806620778	0.15596515376795303	0.0	(0.15596515376795303+0j)
0.39	0.1521	0.005482174814287671	0.15757205047811898	0.0	(0.15757205047811898+0j)
0.392	0.15366400000000002	0.005533062430114713	0.15918710185306995	0.0	(0.15918710185306995+0j)
0.394	0.155236	0.005584106306700712	0.16081030662271042	0.0	(0.16081030662271042+0j)
0.396	0.156816	0.005635305095298124	0.1624416635141036	0.0	(0.1624416635141036+0j)
0.398	0.15840400000000002	0.005686657445877957	0.16408117125153993	0.0	(0.16408117125153993+0j)
0.4	0.16000000000000003	0.005738162007194569	0.16572882855662036	0.0	(0.16572882855662036+0j)
0.402	0.16160400000000003	0.005789817426850266	0.16738463414834404	0.0	(0.16738463414834404+0j)
0.404	0.16321600000000003	0.005841622351359765	0.16904858674317272	0.0	(0.16904858674317272+0j)
0.406	0.164836	0.005893575426214742	0.17072068505512242	0.0	(0.17072068505512242+0j)
0.40800000000000003	0.16646400000000003	0.005945675295947944	0.17240092779584312	0.0	(0.17240092779584312+0j)
0.41000000000000003	0.16810000000000003	0.005997920604197418	0.17408931367469233	0.0	(0.17408931367469233+0j)
0.41200000000000003	0.16974400000000003	0.006050309993770417	0.17578584139882344	0.0	(0.17578584139882344+0j)
0.41400000000000003	0.17139600000000002	0.006102842106707446	0.17749050967325777	0.0	(0.17749050967325777+0j)
0.41600000000000004	0.17305600000000004	0.006155515584345739	0.1792033172009721	0.0	(0.1792033172009721+0j)
0.418	0.174724	0.006208329067382959	0.18092426268297548	0.0	(0.18092426268297548+0j)
0.42	0.17639999999999997	0.00626128119594066	0.18265334481839107	0.0	(0.18265334481839107+0j)
0.422	0.178084	0.006314370609627348	0.18439056230453094	0.0	(0.18439056230453094+0j)
0.424	0.179776	0.006367595947601751	0.18613591383698708	0.0	(0.18613591383698708+0j)
0.426	0.181476	0.00642095584863564	0.18788939810969962	0.0	(0.18788939810969962+0j)
0.428	0.18318399999999999	0.006474448951176673	0.18965101381504504	0.0	(0.18965101381504504+0j)
0.43	0.18489999999999998	0.006528073893410785	0.1914207596439154	0.0	(0.1914207596439154+0j)
0.432	0.18662399999999998	0.0065818293133248496	0.19319863428579298	0.0	(0.19319863428579298+0j)
0.434	0.188356	0.006635713848768682	0.1949846364288335	0.0	(0.1949846364288335+0j)
0.436	0.190096	0.006689726137517102	0.19677876475994804	0.0	(0.19677876475994804+0j)
0.438	0.191844	0.006743864817331885	0.19858101796487934	0.0	(0.19858101796487934+0j)
0.44	0.1936	0.006798128526023281	0.20039139472827874	0.0	(0.20039139472827874+0j)
0.442	0.195364	0.006852515901511501	0.20220989373379578	0.0	(0.20220989373379578+0j)
0.444	0.197136	0.006907025581887931	0.2040365136641418	0.0	(0.2040365136641418+0j)
0.446	0.198916	0.0069616562054762784	0.20587125320118368	0.0	(0.20587125320118368+0j)
0.448	0.20070400000000002	0.00701640641089319	0.2077141110260065	0.0	(0.2077141110260065+0j)
0.45	0.2025	0.0070712748371090164	0.20956508581901426	0.0	(0.20956508581901426+0j)
0.452	0.204304	0.007126260123508192	0.21142417625998272	0.0	(0.21142417625998272+0j)
0.454	0.20611600000000002	0.007181360909949329	0.2132913810281574	0.0	(0.2132913810281574+0j)
0.456	0.207936	0.0072365758368251945	0.21516669880231767	0.0	(0.21516669880231767+0j)
0.458	0.209764	0.0072919035451224565	0.21705012826086065	0.0	(0.21705012826086065+0j)
0.46	0.2116	0.007347342676481107	0.21894166808188267	0.0	(0.21894166808188267+0j)
0.462	0.21344400000000002	0.007402891873253728	0.2208413169432457	0.0	(0.2208413169432457+0j)
0.464	0.21529600000000002	0.007458549778564513	0.22274907352266066	0.0	(0.22274907352266066+0j)
0.466	0.21715600000000002	0.0075143150363679995	0.22466493649776503	0.0	(0.22466493649776503+0j)
0.468	0.21902400000000002	0.0075701862915075815	0.22658890454618807	0.0	(0.22658890454618807+0j)
0.47000000000000003	0.22090000000000004	0.007626162189773807	0.22852097634564608	0.0	(0.22852097634564608+0j)
0.47200000000000003	0.22278400000000004	0.007682241377962293	0.23046115057399655	0.0	(0.23046115057399655+0j)
0.47400000000000003	0.22467600000000004	0.007738422503931593	0.2324094259093257	0.0	(0.2324094259093257+0j)
0.47600000000000003	0.22657600000000003	0.007794704216660613	0.23436580103002713	0.0	(0.23436580103002713+0j)
0.47800000000000004	0.22848400000000005	0.007851085166305831	0.23633027461485795	0.0	(0.23633027461485795+0j)
0.48	0.2304	0.007907564004258273	0.23830284534303323	0.0	(0.23830284534303323+0j)
0.482	0.23232399999999997	0.007964139383200189	0.24028351189428562	0.0	(0.24028351189428562+0j)
0.484	0.234256	0.008020809957161507	0.24227227294894577	0.0	(0.24227227294894577+0j)
0.486	0.236196	0.008077574381575872	0.24426912718801289	0.0	(0.24426912718801289+0j)
0.488	0.238144	0.008134431313336576	0.24627407329323084	0.0	(0.24627407329323084+0j)
0.49	0.24009999999999998	0.008191379410852094	0.24828710994714667	0.0	(0.24828710994714667+0j)
0.492	0.242064	0.008248417334101393	0.2503082358332059	0.0	(0.2503082358332059+0j)
0.494	0.244036	0.008305543744688872	0.2523374496358019	0.0	(0.2523374496358019+0j)
0.496	0.24601599999999998	0.008362757305899117	0.2543747500403547	0.0	(0.2543747500403547+0j)
0.498	0.248004	0.00842005668275126	0.2564201357333903	0.0	(0.2564201357333903+0j)
0.5	0.25	0.00847744054205312	0.25847360540259556	0.0	(0.25847360540259556+0j)
0.502	0.252004	0.008534907552454972	0.260535157736889	0.0	(0.260535157736889+0j)
0.504	0.254016	0.008592456384503074	0.2626047914265094	0.0	(0.2626047914265094+0j)
0.506	0.256036	0.008650085710692812	0.2646825051630649	0.0	(0.2646825051630649+0j)
0.508	0.258064	0.008707794205521653	0.2667682976395992	0.0	(0.2667682976395992+0j)
0.51	0.2601	0.008765580545541635	0.2688621675506821	0.0	(0.2688621675506821+0j)
0.512	0.262144	0.00882344340941165	0.270964113592445	0.0	(0.270964113592445+0j)
0.514	0.264196	0.00888138147794941	0.2730741344626822	0.0	(0.2730741344626822+0j)
0.516	0.266256	0.008939393434182985	0.2751922288608847	0.0	(0.2751922288608847+0j)
0.518	0.268324	0.008997477963402188	0.2773183954883284	0.0	(0.2773183954883284+0j)
0.52	0.27040000000000003	0.009055633753209412	0.2794526330481284	0.0	(0.2794526330481284+0j)
0.522	0.272484	0.009113859493570381	0.28159494024531356	0.0	(0.28159494024531356+0j)
0.524	0.27457600000000004	0.009172153876864396	0.2837453157868765	0.0	(0.2837453157868765+0j)
0.526	0.27667600000000003	0.009230515597934294	0.2859037583818535	0.0	(0.2859037583818535+0j)
0.528	0.27878400000000003	0.009288943354136117	0.28807026674137426	0.0	(0.28807026674137426+0j)
0.53	0.28090000000000004	0.009347435845388372	0.2902448395787324	0.0	(0.2902448395787324+0j)
0.532	0.28302400000000005	0.009405991774220988	0.29242747560944127	0.0	(0.29242747560944127+0j)
0.534	0.285156	0.009464609845823958	0.2946181735513167	0.0	(0.2946181735513167+0j)
0.536	0.28729600000000005	0.009523288768095564	0.29681693212450216	0.0	(0.29681693212450216+0j)
0.538	0.28944400000000003	0.009582027251690321	0.29902375005155757	0.0	(0.29902375005155757+0j)
0.54	0.2916	0.00964082401006651	0.3012386260575115	0.0	(0.3012386260575115+0j)
0.542	0.293764	0.009699677759533447	0.3034615588699204	0.0	(0.3034615588699204+0j)
0.544	0.29593600000000003	0.009758587219298294	0.3056925472189257	0.0	(0.3056925472189257+0j)
0.546	0.29811600000000005	0.009817551111512592	0.30793158983731256	0.0	(0.30793158983731256+0j)
0.548	0.30030400000000007	0.009876568161318398	0.31017868546057964	0.0	(0.31017868546057964+0j)
0.55	0.30250000000000005	0.009935637096894087	0.3124338328269718	0.0	(0.3124338328269718+0j)
0.552	0.30470400000000003	0.00999475664949974	0.3146970306775699	0.0	(0.3146970306775699+0j)
0.554	0.3069160000000001	0.010053925553522261	0.31696827775630226	0.0	(0.31696827775630226+0j)
0.556	0.3091360000000001	0.010113142546520036	0.3192475728100571	0.0	(0.3192475728100571+0j)
0.558	0.3113640000000001	0.010172406369267264	0.3215349145886869	0.0	(0.3215349145886869+0j)
0.56	0.31360000000000005	0.010231715765797934	0.3238303018450928	0.0	(0.3238303018450928+0j)
0.562	0.31584400000000007	0.010291069483449412	0.3261337333352682	0.0	(0.3261337333352682+0j)
0.5640000000000001	0.31809600000000005	0.010350466272905624	0.32844520781835335	0.0	(0.32844520781835335+0j)
0.5660000000000001	0.3203560000000001	0.010409904888239944	0.33076472405668134	0.0	(0.33076472405668134+0j)
0.5680000000000001	0.3226240000000001	0.01046938408695762	0.3330922808158582	0.0	(0.3330922808158582+0j)
0.5700000000000001	0.3249000000000001	0.010528902630037903	0.335427876864775	0.0	(0.335427876864775+0j)
0.5720000000000001	0.3271840000000001	0.010588459281975736	0.3377715109756829	0.0	(0.3377715109756829+0j)
0.5740000000000001	0.3294760000000001	0.010648052810823067	0.3401231819242426	0.0	(0.3401231819242426+0j)
0.5760000000000001	0.33177600000000007	0.010707681988229814	0.3424828884895716	0.0	(0.3424828884895716+0j)
0.578	0.33408399999999994	0.010767345589484455	0.3448506294542869	0.0	(0.3448506294542869+0j)
0.58	0.3364	0.010827042393554146	0.34722640360456963	0.0	(0.34722640360456963+0j)
0.582	0.33872399999999997	0.010886771183124571	0.34961020973019685	0.0	(0.34961020973019685+0j)
0.584	0.34105599999999997	0.010946530744639322	0.35200204662459944	0.0	(0.35200204662459944+0j)
0.586	0.343396	0.011006319868338905	0.3544019130849055	0.0	(0.3544019130849055+0j)
0.588	0.34574399999999994	0.011066137348299403	0.3568098079119916	0.0	(0.3568098079119916+0j)
0.59	0.34809999999999997	0.011125981982470695	0.35922572991051255	0.0	(0.35922572991051255+0j)
0.592	0.35046399999999994	0.011185852572714292	0.3616496778889772	0.0	(0.3616496778889772+0j)
0.594	0.352836	0.01124574792484078	0.3640816506597625	0.0	(0.3640816506597625+0j)
0.596	0.355216	0.011305666848646926	0.3665216470391775	0.0	(0.3665216470391775+0j)
0.598	0.357604	0.01136560815795229	0.36896966584749785	0.0	(0.36896966584749785+0j)
0.6	0.36	0.011425570670635512	0.37142570590901125	0.0	(0.37142570590901125+0j)
0.602	0.36240399999999995	0.011485553208670181	0.37388976605205776	0.0	(0.37388976605205776+0j)
0.604	0.364816	0.011545554598160295	0.37636184510908777	0.0	(0.37636184510908777+0j)
0.606	0.367236	0.011605573669375372	0.37884194191667037	0.0	(0.37884194191667037+0j)
0.608	0.369664	0.011665609256785055	0.3813300553155698	0.0	(0.3813300553155698+0j)
0.61	0.3721	0.011725660199093456	0.383826184150765	0.0	(0.383826184150765+0j)
0.612	0.374544	0.011785725339272968	0.386330327271494	0.0	(0.386330327271494+0j)
0.614	0.376996	0.011845803524597777	0.38884248353129486	0.0	(0.38884248353129486+0j)
0.616	0.379456	0.011905893606676907	0.391362651788039	0.0	(0.391362651788039+0j)
0.618	0.381924	0.01196599444148689	0.39389083090398497	0.0	(0.39389083090398497+0j)
0.62	0.3844	0.012026104889404032	0.39642701974579475	0.0	(0.39642701974579475+0j)
0.622	0.386884	0.012086223815236257	0.3989712171845841	0.0	(0.3989712171845841+0j)
0.624	0.389376	0.012146350088254557	0.4015234220959601	0.0	(0.4015234220959601+0j)
0.626	0.391876	0.012206482582224058	0.404083633360044	0.0	(0.404083633360044+0j)
0.628	0.394384	0.012266620175434645	0.4066518498615254	0.0	(0.4066518498615254+0j)
0.63	0.39690000000000003	0.01232676175073118	0.409228070489677	0.0	(0.409228070489677+0j)
0.632	0.399424	0.012386906195543376	0.41181229413841125	0.0	(0.41181229413841125+0j)
0.634	0.40195600000000004	0.012447052401915185	0.41440451970629694	0.0	(0.41440451970629694+0j)
0.636	0.404496	0.012507199266533799	0.4170047460965943	0.0	(0.4170047460965943+0j)
0.638	0.407044	0.012567345690758291	0.4196129722172973	0.0	(0.4196129722172973+0j)
0.64	0.4096	0.012627490580647806	0.4222291969811588	0.0	(0.4222291969811588+0j)
0.642	0.41216400000000003	0.012687632846989337	0.4248534193057241	0.0	(0.4248534193057241+0j)
0.644	0.41473600000000005	0.012747771405325136	0.4274856381133598	0.0	(0.4274856381133598+0j)
0.646	0.417316	0.012807905175979649	0.430125852331292	0.0	(0.430125852331292+0j)
0.648	0.419904	0.012868033084086142	0.43277406089162235	0.0	(0.43277406089162235+0j)
0.65	0.42250000000000004	0.012928154059612812	0.4354302627313737	0.0	(0.4354302627313737+0j)
0.652	0.42510400000000004	0.012988267037388573	0.4380944567925159	0.0	(0.4380944567925159+0j)
0.654	0.42771600000000004	0.013048370957128387	0.4407666420219832	0.0	(0.4407666420219832+0j)
0.656	0.43033600000000005	0.013108464763458193	0.44344681737171854	0.0	(0.44344681737171854+0j)
0.658	0.432964	0.013168547405939458	0.44613498179868416	0.0	(0.44613498179868416+0j)
0.66	0.43560000000000004	0.01322861783909331	0.44883113426490956	0.0	(0.44883113426490956+0j)
0.662	0.438244	0.013288675022424201	0.45153527373750096	0.0	(0.45153527373750096+0j)
0.664	0.44089600000000007	0.013348717920443277	0.4542473991886727	0.0	(0.4542473991886727+0j)
0.666	0.44355600000000006	0.01340874550269125	0.4569675095957833	0.0	(0.4569675095957833+0j)
0.668	0.44622400000000007	0.013468756743760895	0.459695603941343	0.0	(0.459695603941343+0j)
0.67	0.4489000000000001	0.013528750623319149	0.46243168121305134	0.0	(0.46243168121305134+0j)
0.672	0.45158400000000004	0.013588726126128783	0.46517574040382165	0.0	(0.46517574040382165+0j)
0.674	0.45427600000000007	0.0136486822420697	0.46792778051180484	0.0	(0.46792778051180484+0j)
0.676	0.45697600000000005	0.01370861796615979	0.47068780054039994	0.0	(0.47068780054039994+0j)
0.678	0.45968400000000004	0.013768532298575418	0.47345579949831174	0.0	(0.47345579949831174+0j)
0.68	0.4624000000000001	0.013828424244671483	0.4762317763995186	0.0	(0.4762317763995186+0j)
0.682	0.4651240000000001	0.013888292815001063	0.47901573026334027	0.0	(0.47901573026334027+0j)
0.684	0.46785600000000005	0.013948137025334706	0.4818076601144668	0.0	(0.4818076601144668+0j)
0.686	0.47059600000000007	0.014007955896679282	0.48460756498294183	0.0	(0.48460756498294183+0j)
0.6880000000000001	0.4733440000000001	0.014067748455296424	0.4874154439041956	0.0	(0.4874154439041956+0j)
0.6900000000000001	0.4761000000000001	0.014127513732720597	0.4902312959190861	0.0	(0.4902312959190861+0j)
0.6920000000000001	0.47886400000000007	0.014187250765776732	0.49305512007390073	0.0	(0.49305512007390073+0j)
0.6940000000000001	0.48163600000000006	0.014246958596597532	0.49588691542037816	0.0	(0.49588691542037816+0j)
0.6960000000000001	0.48441600000000007	0.014306636272640288	0.4987266810157541	0.0	(0.4987266810157541+0j)
0.6980000000000001	0.4872040000000001	0.014366282846703342	0.5015744159227269	0.0	(0.5015744159227269+0j)
0.7000000000000001	0.4900000000000001	0.014425897376942172	0.5044301192095335	0.0	(0.5044301192095335+0j)
0.7020000000000001	0.4928040000000001	0.014485478926885034	0.5072937899499329	0.0	(0.5072937899499329+0j)
0.704	0.49561599999999995	0.014545026565448258	0.5101654272232375	0.0	(0.5101654272232375+0j)
0.706	0.49843599999999993	0.014604539366951124	0.5130450301143282	0.0	(0.5130450301143282+0j)
0.708	0.5012639999999999	0.014664016411130317	0.5159325977136779	0.0	(0.5159325977136779+0j)
0.71	0.5041	0.014723456783154055	0.518828129117353	0.0	(0.518828129117353+0j)
0.712	0.506944	0.014782859573635775	0.5217316234270583	0.0	(0.5217316234270583+0j)
0.714	0.5097959999999999	0.014842223878647441	0.5246430797501145	0.0	(0.5246430797501145+0j)
0.716	0.512656	0.014901548799732475	0.5275624971995351	0.0	(0.5275624971995351+0j)
0.718	0.515524	0.01496083344391827	0.5304898748939556	0.0	(0.5304898748939556+0j)
0.72	0.5184	0.01502007692372837	0.5334252119577477	0.0	(0.5334252119577477+0j)
0.722	0.521284	0.015079278357194203	0.5363685075209521	0.0	(0.5363685075209521+0j)
0.724	0.524176	0.015138436867866466	0.5393197607193444	0.0	(0.5393197607193444+0j)
0.726	0.527076	0.015197551584826116	0.5422789706944365	0.0	(0.5422789706944365+0j)
0.728	0.529984	0.015256621642694989	0.5452461365934819	0.0	(0.5452461365934819+0j)
0.73	0.5328999999999999	0.015315646181646004	0.548221257569503	0.0	(0.548221257569503+0j)
0.732	0.535824	0.015374624347413057	0.5512043327813042	0.0	(0.5512043327813042+0j)
0.734	0.538756	0.015433555291300445	0.5541953613934787	0.0	(0.5541953613934787+0j)
0.736	0.541696	0.015492438170191983	0.5571943425764271	0.0	(0.5571943425764271+0j)
0.738	0.544644	0.015551272146559736	0.5602012755063879	0.0	(0.5602012755063879+0j)
0.74	0.5476	0.015610056388472333	0.5632161593654121	0.0	(0.5632161593654121+0j)
0.742	0.5505639999999999	0.015668790069602964	0.5662389933414146	0.0	(0.5662389933414146+0j)
0.744	0.553536	0.015727472369236967	0.569269776628166	0.0	(0.569269776628166+0j)
0.746	0.556516	0.015786102472279052	0.5723085084253321	0.0	(0.5723085084253321+0j)
0.748	0.559504	0.015844679569260202	0.5753551879384502	0.0	(0.5753551879384502+0j)
0.75	0.5625	0.015903202856344105	0.5784098143789744	0.0	(0.5784098143789744+0j)
0.752	0.565504	0.015961671535333347	0.5814723869642616	0.0	(0.5814723869642616+0j)
0.754	0.568516	0.016020084813675124	0.584542904917625	0.0	(0.584542904917625+0j)
0.756	0.571536	0.0160784419044667	0.5876213674682899	0.0	(0.5876213674682899+0j)
0.758	0.574564	0.016136742026460385	0.5907077738514717	0.0	(0.5907077738514717+0j)
0.76	0.5776	0.01619498440406829	0.5938021233083348	0.0	(0.5938021233083348+0j)
0.762	0.580644	0.016253168267366606	0.5969044150860343	0.0	(0.5969044150860343+0j)
0.764	0.583696	0.01631129285209959	0.6000146484377293	0.0	(0.6000146484377293+0j)
0.766	0.586756	0.016369357399683183	0.6031328226225792	0.0	(0.6031328226225792+0j)
0.768	0.589824	0.016427361157208272	0.6062589369057765	0.0	(0.6062589369057765+0j)
0.77	0.5929	0.016485303377443618	0.6093929905585508	0.0	(0.6093929905585508+0j)
0.772	0.5959840000000001	0.01654318331883841	0.6125349828581781	0.0	(0.6125349828581781+0j)
0.774	0.599076	0.016601000245524467	0.6156849130880068	0.0	(0.6156849130880068+0j)
0.776	0.602176	0.016658753427318165	0.6188427805374661	0.0	(0.6188427805374661+0j)
0.778	0.605284	0.016716442139721913	0.6220085845020823	0.0	(0.6220085845020823+0j)
0.78	0.6084	0.01677406566392538	0.625182324283484	0.0	(0.625182324283484+0j)
0.782	0.6115240000000001	0.01683162328680632	0.6283639991894323	0.0	(0.6283639991894323+0j)
0.784	0.6146560000000001	0.01688911430093111	0.6315536085338296	0.0	(0.6315536085338296+0j)
0.786	0.617796	0.016946538004554895	0.6347511516367305	0.0	(0.6347511516367305+0j)
0.788	0.620944	0.01700389370162147	0.6379566278243634	0.0	(0.6379566278243634+0j)
0.79	0.6241000000000001	0.01706118070176276	0.6411700364291555	0.0	(0.6411700364291555+0j)
0.792	0.627264	0.01711839832029801	0.6443913767897195	0.0	(0.6443913767897195+0j)
0.794	0.6304360000000001	0.017175545878232654	0.6476206482509337	0.0	(0.6476206482509337+0j)
0.796	0.6336160000000001	0.017232622702256825	0.650857850163878	0.0	(0.650857850163878+0j)
0.798	0.636804	0.017289628124743557	0.6541029818859113	0.0	(0.6541029818859113+0j)
0.8	0.6400000000000001	0.017346561483746685	0.6573560427806815	0.0	(0.6573560427806815+0j)
0.802	0.6432040000000001	0.017403422122998384	0.6606170322181458	0.0	(0.6606170322181458+0j)
0.804	0.6464160000000001	0.01746020939190645	0.6638859495745651	0.0	(0.6638859495745651+0j)
0.806	0.6496360000000001	0.01751692264555116	0.6671627942325706	0.0	(0.6671627942325706+0j)
0.808	0.6528640000000001	0.017573561244681978	0.6704475655811744	0.0	(0.6704475655811744+0j)
0.81	0.6561000000000001	0.017630124555713788	0.6737402630157474	0.0	(0.6737402630157474+0j)
0.812	0.659344	0.017686611950722915	0.6770408859381268	0.0	(0.6770408859381268+0j)
0.8140000000000001	0.6625960000000001	0.01774302280744281	0.6803494337565842	0.0	(0.6803494337565842+0j)
0.8160000000000001	0.6658560000000001	0.017799356509259436	0.6836659058858703	0.0	(0.6836659058858703+0j)
0.8180000000000001	0.669124	0.017855612445206313	0.6869903017472537	0.0	(0.6869903017472537+0j)
0.8200000000000001	0.6724000000000001	0.01791179000995937	0.6903226207685509	0.0	(0.6903226207685509+0j)
0.8220000000000001	0.6756840000000001	0.017967888603831344	0.6936628623841302	0.0	(0.6936628623841302+0j)
0.8240000000000001	0.6789760000000001	0.018023907632766012	0.697011026035022	0.0	(0.697011026035022+0j)
0.8260000000000001	0.6822760000000001	0.018079846508332054	0.700367111168865	0.0	(0.700367111168865+0j)
0.8280000000000001	0.6855840000000001	0.01813570464771668	0.7037311172400151	0.0	(0.7037311172400151+0j)
0.8300000000000001	0.6889000000000001	0.018191481473718903	0.7071030437095569	0.0	(0.7071030437095569+0j)
0.8320000000000001	0.6922240000000002	0.01824717641474258	0.7104828900453576	0.0	(0.7104828900453576+0j)
0.834	0.695556	0.01830278890478914	0.7138706557221133	0.0	(0.7138706557221133+0j)
0.836	0.698896	0.01835831838345005	0.7172663402214143	0.0	(0.7172663402214143+0j)
0.838	0.702244	0.01841376429589896	0.7206699430317678	0.0	(0.7206699430317678+0j)
0.84	0.7055999999999999	0.018469126092883606	0.7240814636486885	0.0	(0.7240814636486885+0j)
0.842	0.7089639999999999	0.018524403230717437	0.7275009015747474	0.0	(0.7275009015747474+0j)
0.844	0.712336	0.01857959517127096	0.7309282563196341	0.0	(0.7309282563196341+0j)
0.846	0.7157159999999999	0.018634701381962788	0.7343635274002375	0.0	(0.7343635274002375+0j)
0.848	0.719104	0.018689721335750475	0.737806714340721	0.0	(0.737806714340721+0j)
0.85	0.7224999999999999	0.018744654511121017	0.7412578166726004	0.0	(0.7412578166726004+0j)
0.852	0.725904	0.01879950039208116	0.744716833934814	0.0	(0.744716833934814+0j)
0.854	0.729316	0.01885425846814737	0.7481837656738553	0.0	(0.7481837656738553+0j)
0.856	0.7327359999999999	0.018908928234335633	0.7516586114438422	0.0	(0.7516586114438422+0j)
0.858	0.7361639999999999	0.018963509191150894	0.7551413708066244	0.0	(0.7551413708066244+0j)
0.86	0.7395999999999999	0.01901800084457634	0.7586320433319156	0.0	(0.7586320433319156+0j)
0.862	0.7430439999999999	0.019072402706062357	0.7621306285974083	0.0	(0.7621306285974083+0j)
0.864	0.7464959999999999	0.01912671429251528	0.765637126188901	0.0	(0.765637126188901+0j)
0.866	0.749956	0.01918093512628586	0.7691515357004498	0.0	(0.7691515357004498+0j)
0.868	0.753424	0.019235064735157556	0.7726738567345216	0.0	(0.7726738567345216+0j)
0.87	0.7569	0.019289102652334477	0.7762040889021709	0.0	(0.7762040889021709+0j)
0.872	0.760384	0.019343048416429164	0.7797422318231857	0.0	(0.7797422318231857+0j)
0.874	0.763876	0.019396901571450135	0.7832882851263334	0.0	(0.7832882851263334+0j)
0.876	0.767376	0.019450661666789118	0.7868422484495188	0.0	(0.7868422484495188+0j)
0.878	0.770884	0.019504328257208166	0.7904041214400567	0.0	(0.7904041214400567+0j)
0.88	0.7744	0.019557900902826438	0.7939739037548984	0.0	(0.7939739037548984+0j)
0.882	0.7779240000000001	0.019611379169106796	0.7975515950608925	0.0	(0.7975515950608925+0j)
0.884	0.781456	0.01966476262684218	0.8011371950350971	0.0	(0.8011371950350971+0j)
0.886	0.784996	0.019718050852141768	0.804730703365081	0.0	(0.804730703365081+0j)
0.888	0.788544	0.019771243426416875	0.8083321197492793	0.0	(0.8083321197492793+0j)
0.89	0.7921	0.01982433993636667	0.8119414438973666	0.0	(0.8119414438973666+0j)
0.892	0.795664	0.019877339973963667	0.8155586755306656	0.0	(0.8155586755306656+0j)
0.894	0.7992360000000001	0.019930243136439	0.8191838143826129	0.0	(0.8191838143826129+0j)
0.896	0.8028160000000001	0.019983049026267477	0.8228168601992384	0.0	(0.8228168601992384+0j)
0.898	0.806404	0.020035757251152454	0.826457812739705	0.0	(0.826457812739705+0j)
0.9	0.81	0.020088367424010486	0.8301066717769026	0.0	(0.8301066717769026+0j)
0.902	0.813604	0.020140879162955753	0.8337634370981312	0.0	(0.8337634370981312+0j)
0.904	0.817216	0.020193292091284332	0.8374281085057742	0.0	(0.8374281085057742+0j)
0.906	0.820836	0.020245605837458224	0.841100685818142	0.0	(0.841100685818142+0j)
0.908	0.8244640000000001	0.02029782003508921	0.8447811688703178	0.0	(0.8447811688703178+0j)
0.91	0.8281000000000001	0.020349934322922522	0.8484695575151485	0.0	(0.8484695575151485+0j)
0.912	0.831744	0.020401948344820287	0.8521658516243416	0.0	(0.8521658516243416+0j)
0.914	0.835396	0.020453861749744832	0.8558700510896436	0.0	(0.8558700510896436+0j)
0.916	0.839056	0.020505674191741746	0.8595821558242214	0.0	(0.8595821558242214+0j)
0.918	0.842724	0.020557385329922805	0.8633021657641302	0.0	(0.8633021657641302+0j)
0.92	0.8464	0.020608994828448707	0.8670300808700203	0.0	(0.8670300808700203+0j)
0.922	0.8500840000000001	0.02066050235651159	0.8707659011290481	0.0	(0.8707659011290481+0j)
0.924	0.8537760000000001	0.02071190758831743	0.8745096265569785	0.0	(0.8745096265569785+0j)
0.926	0.8574760000000001	0.02076321020306824	0.8782612572006208	0.0	(0.8782612572006208+0j)
0.928	0.8611840000000001	0.020814409884944058	0.8820207931405579	0.0	(0.8820207931405579+0j)
0.93	0.8649000000000001	0.020865506323084863	0.8857882344942761	0.0	(0.8857882344942761+0j)
0.932	0.8686240000000001	0.020916499211572213	0.8895635814196523	0.0	(0.8895635814196523+0j)
0.934	0.8723560000000001	0.02096738824941081	0.8933468341190848	0.0	(0.8933468341190848+0j)
0.936	0.8760960000000001	0.02101817314050983	0.8971379928441212	0.0	(0.8971379928441212+0j)
0.9380000000000001	0.8798440000000001	0.02106885359366417	0.9009370579008386	0.0	(0.9009370579008386+0j)
0.9400000000000001	0.8836000000000002	0.021119429322535455	0.9047440296560934	0.0	(0.9047440296560934+0j)
0.9420000000000001	0.8873640000000002	0.021169900045632965	0.9085589085447612	0.0	(0.9085589085447612+0j)
0.9440000000000001	0.8911360000000002	0.021220265486294364	0.9123816950782372	0.0	(0.9123816950782372+0j)
0.9460000000000001	0.8949160000000002	0.021270525372666306	0.9162123898543616	0.0	(0.9162123898543616+0j)
0.9480000000000001	0.8987040000000002	0.021320679437684863	0.9200509935692551	0.0	(0.9200509935692551+0j)
0.9500000000000001	0.9025000000000001	0.021370727419055855	0.923897507031247	0.0	(0.923897507031247+0j)
0.9520000000000001	0.9063040000000001	0.02142066905923498	0.9277519311776558	0.0	(0.9277519311776558+0j)
0.9540000000000001	0.9101160000000001	0.021470504105407864	0.9316142670949337	0.0	(0.9316142670949337+0j)
0.9560000000000001	0.9139360000000002	0.02152023230946994	0.9354845160430635	0.0	(0.9354845160430635+0j)
0.9580000000000001	0.9177640000000001	0.02156985342800617	0.9393626794854607	0.0	(0.9393626794854607+0j)
0.96	0.9216	0.02161936722227071	0.9432487591257817	0.0	(0.9432487591257817+0j)
0.962	0.9254439999999999	0.02166877345816636	0.9471427569537422	0.0	(0.9471427569537422+0j)
0.964	0.9292959999999999	0.02171807190622395	0.9510446753027088	0.0	(0.9510446753027088+0j)
0.966	0.933156	0.02176726234158155	0.9549545169229435	0.0	(0.9549545169229435+0j)
0.968	0.937024	0.021816344543963608	0.9588722850758458	0.0	(0.9588722850758458+0j)
0.97	0.9409	0.021865318297659916	0.9627979836569925	0.0	(0.9627979836569925+0j)
0.972	0.944784	0.02191418339150452	0.9667316173591314	0.0	(0.9667316173591314+0j)
0.974	0.948676	0.021962939618854444	0.9706731918920013	0.0	(0.9706731918920013+0j)
0.976	0.952576	0.022011586777568357	0.974622714284507	0.0	(0.974622714284507+0j)
0.978	0.956484	0.0220601246699851	0.9785801933096151	0.0	(0.9785801933096151+0j)
0.98	0.9603999999999999	0.022108553102902113	0.9825456400971615	0.0	(0.9825456400971615+0j)
0.982	0.964324	0.02215687188755377	0.9865190690447884	0.0	(0.9865190690447884+0j)
0.984	0.968256	0.022205080839589563	0.9905004992205981	0.0	(0.9905004992205981+0j)
0.986	0.972196	0.02225317977905225	0.9944899566166666	0.0	(0.9944899566166666+0j)
0.988	0.976144	0.022301168530355856	0.9984874779624877	0.0	(0.9984874779624877+0j)
0.99	0.9801	0.022349046922263586	1.002493117611696	0.0	(1.002493117611696+0j)
0.992	0.9840639999999999	0.02239681478786567	1.00650696107038	0.0	(1.00650696107038+0j)
0.994	0.988036	0.02244447196455708	1.0105291547647384	0.0	(1.0105291547647384+0j)
0.996	0.992016	0.02249201829401517	1.0145599831224748	0.0	(1.0145599831224748+0j)
0.998	0.996004	0.022539453622177238	1.0186001269240454	0.0	(1.0186001269240454+0j)
1.0	1.0	0.022586777799217996	1.022652089721776	0.0	(1.022652089721776+0j)
