-9605195.204771383	-92259774921763.17	-0.0028647889756541135	-92259774921763.17	0.0	(-92259774921763.17+0j)
-1200594.1310054827	-1441426267404.8103	-0.0028647889756539574	-1441426267404.8132	0.0	(-1441426267404.8132+0j)
-355704.3016402785	-126525550205.39822	-0.0028647889756523047	-126525550205.4011	0.0	(-126525550205.4011+0j)
-150046.63327639527	-22513992157.581047	-0.0028647889756439364	-22513992157.58391	0.0	(-22513992157.58391+0j)
-76813.26603926464	-5900277839.618846	-0.0028647889756152735	-5900277839.621711	0.0	(-5900277839.621711+0j)
-44444.61752351378	-1975324026.811428	-0.002864788975538093	-1975324026.814293	0.0	(-1975324026.814293+0j)
-27982.86297320777	-783040620.1773225	-0.0028647889753614327	-783040620.1801873	0.0	(-783040620.1801873+0j)
-18742.01600231651	-351263163.8310882	-0.002864788975001662	-351263163.83395296	0.0	(-351263163.83395296+0j)
-13159.681857015545	-173177226.57786408	-0.002864788974330714	-173177226.58072886	0.0	(-173177226.58072886+0j)
-9590.609764578987	-91979795.65643781	-0.002864788973162448	-91979795.6593026	0.0	(-91979795.6593026+0j)
-7203.243728879368	-51886720.217639945	-0.0028647889712371264	-51886720.22050473	0.0	(-51886720.22050473+0j)
-5546.372188325968	-30762244.451435786	-0.002864788968203973	-30762244.454300575	0.0	(-30762244.454300575+0j)
-4360.696925764805	-19015677.678374622	-0.0028647889636017917	-19015677.68123941	0.0	(-19015677.68123941+0j)
-3489.969969937625	-12179890.391066428	-0.002864788956837599	-12179890.393931217	0.0	(-12179890.393931217+0j)
-2836.2105753037786	-8044090.427464991	-0.002864788947163248	-8044090.43032978	0.0	(-8044090.43032978+0j)
-2335.8522065964303	-5456205.531061413	-0.0028647889336499946	-5456205.533926202	0.0	(-5456205.533926202+0j)
-1946.4273685286264	-3788579.5009572734	-0.0028647889151609636	-3788579.503822062	0.0	(-3788579.503822062+0j)
-1638.829218206556	-2685761.206447512	-0.002864788890321467	-2685761.2093123007	0.0	(-2685761.2093123007+0j)
-1392.6540178654614	-1939485.2134768127	-0.002864788857487132	-1939485.2163416015	0.0	(-1939485.2163416015+0j)
-1193.310456657072	-1423989.84596711	-0.0028647888147097676	-1423989.8488318988	0.0	(-1423989.8488318988+0j)
-1030.1761707171554	-1061262.9427134618	-0.002864788759700926	-1061262.9455782506	0.0	(-1061262.9455782506+0j)
-895.3932941925091	-801729.1512849131	-0.00286478868979309	-801729.1541497017	0.0	(-801729.1541497017+0j)
-783.0642560322963	-613189.6290754137	-0.002864788601898418	-613189.6319402023	0.0	(-613189.6319402023+0j)
-688.7042001214068	-474313.47526486666	-0.0028647884924649803	-474313.4781296552	0.0	(-474313.4781296552+0j)
-608.861460144658	-370712.27764948504	-0.0028647883574304104	-370712.2805142734	0.0	(-370712.2805142734+0j)
-540.8502227281518	-292518.96342509147	-0.0028647881921728836	-292518.96628987964	0.0	(-292518.96628987964+0j)
-482.5594081882106	-232863.58243095607	-0.002864787991459354	-232863.58529574407	0.0	(-232863.58529574407+0j)
-432.3141694833717	-186895.54113609742	-0.0028647877493909496	-186895.5440008852	0.0	(-186895.5440008852+0j)
-388.77425741880654	-151145.42323154447	-0.0028647874593454303	-151145.42609633194	0.0	(-151145.42609633194+0j)
-350.858570038611	-123101.7361695389	-0.0028647871139166198	-123101.739034326	0.0	(-123101.739034326+0j)
-317.6885353347575	-100926.00548314345	-0.0028647867048506998	-100926.00834793015	0.0	(-100926.00834793015+0j)
-288.5451996188469	-83258.3322230802	-0.0028647862229792555	-83258.33508786642	0.0	(-83258.33508786642+0j)
-262.836399308869	-69082.97280165122	-0.002864785658148966	-69082.97566643688	0.0	(-69082.97566643688+0j)
-240.07142706246006	-57634.290091806084	-0.002864784999147809	-57634.29295659108	0.0	(-57634.29295659108+0j)
-219.84132123719695	-48330.206523316425	-0.0028647842336276584	-48330.20938810066	0.0	(-48330.20938810066+0j)
-201.80341259064414	-40724.61733322975	-0.0028647833480231386	-40724.62019801309	0.0	(-40724.62019801309+0j)
-185.66912113051106	-34473.02254137639	-0.0028647823274666013	-34473.02540615872	0.0	(-34473.02540615872+0j)
-171.19425391683407	-29307.47257414146	-0.00286478115569907	-29307.475438922615	0.0	(-29307.475438922615+0j)
-158.1712416884214	-25018.14169725701	-0.002864779814977003	-25018.144562036825	0.0	(-25018.144562036825+0j)
-146.42288913233602	-21439.662461860367	-0.0028647782859747215	-21439.665326638653	0.0	(-21439.665326638653+0j)
-135.79731473932583	-18440.910690411518	-0.0028647765476823147	-18440.913555188064	0.0	(-18440.913555188064+0j)
-126.1638314734695	-15917.312372066013	-0.002864774577298873	-15917.31523684059	0.0	(-15917.31523684059+0j)
-117.40957596921426	-13785.008529270695	-0.002864772350120837	-13785.011394043046	0.0	(-13785.011394043046+0j)
-109.43673666083288	-11976.399330972483	-0.002864769839425295	-11976.402195742323	0.0	(-11976.402195742323+0j)
-102.16026374241683	-10436.719487920167	-0.0028647670163480026	-10436.722352687184	0.0	(-10436.722352687184+0j)
-95.50596875190209	-9121.390067239297	-0.00286476384975594	-9121.392932003148	0.0	(-9121.392932003148+0j)
-89.40894076792034	-7993.958689241488	-0.0028647603061141597	-7993.961554001794	0.0	(-7993.961554001794+0j)
-83.81222109797599	-7024.488405376012	-0.0028647563493467147	-7024.491270132341	0.0	(-7024.491270132341+0j)
-78.66568995306919	-6188.290775792411	-0.002864751940691417	-6188.293640544363	0.0	(-6188.293640544363+0j)
-73.92512771679691	-5464.924507944735	-0.0028647470385481746	-5464.92737269178	0.0	(-5464.92737269178+0j)
-69.5514206035539	-4837.400107972461	-0.002864741598320644	-4837.402972714065	0.0	(-4837.402972714065+0j)
-65.5098861964565	-4291.545189472683	-0.0028647355722509283	-4291.548054208248	0.0	(-4291.548054208248+0j)
-61.76969889208737	-3815.4957012191394	-0.0028647289092470227	-3815.4985659480426	0.0	(-3815.4985659480426+0j)
-58.30339890885323	-3399.2863243248685	-0.0028647215547027206	-3399.289189046433	0.0	(-3399.289189046433+0j)
-55.08647143290039	-3034.5193349277506	-0.0028647134503096525	-3034.5221996412015	0.0	(-3034.5221996412015+0j)
-52.09698483000059	-2714.095828377312	-0.0028647045338611415	-2714.098693081843	0.0	(-2714.098693081843+0j)
-49.31527876000004	-2431.9967191765113	-0.0028646947390475264	-2431.9995838712553	0.0	(-2431.9995838712553+0j)
-46.7236945829899	-2183.1036354845196	-0.002864683995242592	-2183.1065001685124	0.0	(-2183.1065001685124+0j)
-44.3063417144323	-1963.0519161160437	-0.0028646722272807437	-1963.0547807882685	0.0	(-1963.0547807882685+0j)
-42.0488946259587	-1768.1095392649786	-0.0028646593552245202	-1768.112403924333	0.0	(-1768.112403924333+0j)
-39.93841604370705	-1595.0770760802368	-0.0028646452941220512	-1595.0799407255345	0.0	(-1595.0799407255345+0j)
-37.963202601939585	-1441.2047517959124	-0.002864629953754024	-1441.2076164258633	0.0	(-1441.2076164258633+0j)
-36.1126497942929	-1304.123475165243	-0.0028646132383697127	-1304.1263397784835	0.0	(-1304.1263397784835+0j)
-34.37713355070611	-1181.7873111630838	-0.002864595046411614	-1181.7901757581312	0.0	(-1181.7901757581312+0j)
-32.747906172853575	-1072.4253587060214	-0.0028645752702281934	-1072.428223281291	0.0	(-1072.428223281291+0j)
-31.217004699239933	-974.5013823923681	-0.002864553795774238	-974.5042469461636	0.0	(-974.5042469461636+0j)
-29.777170054741106	-886.6798564689705	-0.0028645305022982816	-886.6827209994728	0.0	(-886.6827209994728+0j)
-28.421775577784274	-807.7973269939346	-0.0028645052620165567	-807.8001914991962	0.0	(-807.8001914991962+0j)
-27.14476371932338	-736.8381973778947	-0.0028644779397728765	-736.8410618558346	0.0	(-736.8410618558346+0j)
-25.940589877590973	-672.9142031973753	-0.00286444839268386	-672.9170676457668	0.0	(-672.9170676457668+0j)
-24.804172476499513	-615.2469722439359	-0.002864416469768851	-615.249836660406	0.0	(-615.249836660406+0j)
-23.73084851776959	-563.1531713733272	-0.0028643820115638783	-563.1560357553384	0.0	(-563.1560357553384+0j)
-22.716333940912474	-516.031827715052	-0.002864344849718964	-516.0346920599018	0.0	(-516.0346920599018+0j)
-21.756688213976226	-473.353482040172	-0.0028643048065780494	-473.35634634497796	0.0	(-473.35634634497796+0j)
-20.84828265390689	-434.6508896171949	-0.002864261694740797	-434.65375387889	0.0	(-434.65375387889+0j)
-19.987772040461227	-399.51103114144354	-0.0028642153166054595	-399.5138953567604	0.0	(-399.5138953567604+0j)
-19.172069143522997	-367.5682352440266	-0.002864165463892007	-367.57109940949147	0.0	(-367.57109940949147+0j)
-18.398321831796846	-338.49824622637243	-0.002864111917144634	-338.5011103382906	0.0	(-338.5011103382906+0j)
-17.663892472366342	-312.0130972753203	-0.0028640544452127542	-312.0159613297662	0.0	(-312.0159613297662+0j)
-16.966339366471665	-287.8566714982861	-0.0028639928047095296	-287.8595354910918	0.0	(-287.8595354910918+0j)
-16.30339999792458	-265.8008514923272	-0.00286392673944695	-265.8037154190666	0.0	(-265.8037154190666+0j)
-15.672975897519757	-245.64217348423523	-0.0028638559798464273	-245.64503734021508	0.0	(-245.64503734021508+0j)
-15.073118950217209	-227.19891488739714	-0.0028637802423238275	-227.20177866764038	0.0	(-227.20177866764038+0j)
-14.502018992255339	-210.30855485173456	-0.0028636992286478003	-210.3114185509669	0.0	(-210.3114185509669+0j)
-13.95799256312947	-194.82555639237756	-0.0028636126252702338	-194.82842000501643	0.0	(-194.82842000501643+0j)
-13.4394726929019	-180.61942626325583	-0.0028635201026275888	-180.62228978339982	0.0	(-180.62228978339982+0j)
-12.944999618894892	-167.5730151331889	-0.0028634213144118205	-167.5758785546195	0.0	(-167.5758785546195+0j)
-12.473212337728176	-155.5810260220544	-0.0028633158968095285	-155.58388933824236	0.0	(-155.58388933824236+0j)
-12.022840909112986	-144.54870352584078	-0.002863203467707922	-144.55156672996787	0.0	(-144.55156672996787+0j)
-11.592699437005214	-134.390680236741	-0.0028630836258661052	-134.3935433217347	0.0	(-134.3935433217347+0j)
-11.181679661808277	-125.02996005929685	-0.0028629559500501435	-125.03282301786493	0.0	(-125.03282301786493+0j)
-10.788745104450985	-116.3970209288151	-0.002862819998130263	-116.399883753483	0.0	(-116.399883753483+0j)
-10.412925709461692	-108.42902183076829	-0.0028626753061384946	-108.43188451388745	0.0	(-108.43188451388745+0j)
-10.053312939730441	-101.06910106415152	-0.0028625213872849778	-101.07196359788679	0.0	(-101.07196359788679+0j)
-9.70905528057937	-94.26575444134616	-0.00286235773093104	-94.26861681761775	0.0	(-94.26861681761775+0j)
-9.379354115134207	-87.97228361708498	-0.002862183801517113	-87.97514582747482	0.0	(-87.97514582747482+0j)
-9.0634599368687	-82.14630602722397	-0.0028619990374434265	-82.1491680628479	0.0	(-82.1491680628479+0j)
-8.760668868643995	-76.74931902602805	-0.0028618028499013313	-76.7521808773859	0.0	(-76.7521808773859+0j)
-8.470319460633334	-71.74631176518378	-0.0028615946216530015	-71.7491734220045	0.0	(-71.7491734220045+0j)
-8.191789742258713	-67.10541918137507	-0.0028613737057571666	-67.10828063246905	0.0	(-67.10828063246905+0j)
-7.92449450570503	-62.797613170949205	-0.0028611394242383887	-62.80047440408376	0.0	(-62.80047440408376+0j)
-7.667882800757656	-58.796426646155076	-0.0028608910666973082	-58.799287647957144	0.0	(-58.799287647957144+0j)
-7.421435622657183	-55.07770670124501	-0.002860627888859136	-55.08056745714198	0.0	(-55.08056745714198+0j)
-7.1846637764105	-51.619393580065186	-0.00286034911105755	-51.62225407425886	0.0	(-51.62225407425886+0j)
-6.957105902559871	-48.401322539433394	-0.002860053916651015	-48.40418275490692	0.0	(-48.40418275490692+0j)
-6.738326650815264	-45.40504605308725	-0.002859741450368394	-45.40790597163616	0.0	(-45.40790597163616+0j)
-6.5279149892138815	-42.61367410640327	-0.0028594108165805737	-42.6165337086841	0.0	(-42.6165337086841+0j)
-6.325482637604348	-40.01173059863406	-0.0028590610774946656	-40.014589864219374	0.0	(-40.014589864219374+0j)
-6.130662615271313	-37.585024102285296	-0.0028586912512671733	-37.58788300971703	0.0	(-37.58788300971703+0j)
-5.943107893435154	-35.32053143301123	-0.0028583003100323377	-35.32338995984126	0.0	(-35.32338995984126+0j)
-5.762490144188762	-33.20629266187262	-0.002857887177841695	-33.2091507846852	0.0	(-33.2091507846852+0j)
-5.588498578181307	-31.23131635833449	-0.002857450728510679	-31.23417405274654	0.0	(-31.23417405274654+0j)
-5.420838864033355	-29.385493989814435	-0.002856989783367889	-29.388351230450578	0.0	(-29.388351230450578+0j)
-5.259232123078992	-27.659522524425963	-0.0028565031089024416	-27.662379284871456	0.0	(-27.662379284871456+0j)
-5.103413993582461	-26.04483438989329	-0.0028559894143045817	-26.04769064262703	0.0	(-26.04769064262703+0j)
-4.953133759078175	-24.53353403531989	-0.0028554473488944985	-24.53638975163357	0.0	(-24.53638975163357+0j)
-4.808153535936197	-23.118340425135752	-0.0028548754994340347	-23.12119557504295	0.0	(-23.12119557504295+0j)
-4.6682475156679075	-21.79253486753959	-0.0028542723873157074	-21.79538941968139	0.0	(-21.79538941968139+0j)
-4.533201257860082	-20.549913644264226	-0.0028536364656231894	-20.552767565811397	0.0	(-20.552767565811397+0j)
-4.402811029966271	-19.384744965592656	-0.0028529661160570916	-19.387598222152207	0.0	(-19.387598222152207+0j)
-4.276883190493413	-18.291729825125113	-0.002852259645719583	-18.29458238064575	0.0	(-18.29458238064575+0j)
-4.15523361240365	-17.26596637364909	-0.002851515283751061	-17.268818190329963	0.0	(-17.268818190329963+0j)
-4.037687143807751	-16.30291747127039	-0.0028507311778117237	-16.30576850947024	0.0	(-16.30576850947024+0j)
-3.9240771032610224	-15.398381112337416	-0.0028499053904005533	-15.401231330484475	0.0	(-15.401231330484475+0j)
-3.814244807185861	-14.548463449144304	-0.002849035895003815	-14.551312803643269	0.0	(-14.551312803643269+0j)
-3.708039127140636	-13.74955416840589	-0.002848120572064787	-13.752402613543223	0.0	(-13.752402613543223+0j)
-3.6053160748326105	-12.998303999446422	-0.0028471572047659996	-13.001151487292132	0.0	(-13.001151487292132+0j)
-3.505938412936072	-12.291604155300703	-0.0028461434746148155	-12.294450635606434	0.0	(-12.294450635606434+0j)
-3.409775289925844	-11.626567527788874	-0.002845076956822715	-11.629412947881123	0.0	(-11.629412947881123+0j)
-3.31670189727347	-11.000511475377435	-0.002843955115468132	-11.003355780046432	0.0	(-11.003355780046432+0j)
-3.2265991474784026	-10.410942058508354	-0.0028427752984321753	-10.413785189891636	0.0	(-10.413785189891636+0j)
-3.139353371521828	-9.855539591285467	-0.002841534732096008	-9.858381488746263	0.0	(-9.858381488746263+0j)
-3.0548560344360047	-9.332145391130073	-0.0028402305157880533	-9.334985991130097	0.0	(-9.334985991130097+0j)
-2.9730034677792423	-8.8387496194274	-0.0028388596159686025	-8.841588855393656	0.0	(-8.841588855393656+0j)
-2.8936966178954187	-8.373480116419385	-0.0028374188601387133	-8.376317918605153	0.0	(-8.376317918605153+0j)
-2.8168408089191725	-7.934592142792418	-0.0028359049304596175	-7.937428438131741	0.0	(-7.937428438131741+0j)
-2.742345519563008	-7.520458948667304	-0.002834314357068113	-7.523293660622515	0.0	(-7.523293660622515+0j)
-2.6701241727922507	-7.129563098129501	-0.0028326435110726388	-7.132396146532132	0.0	(-7.132396146532132+0j)
-2.600093937557491	-6.760488484123218	-0.002830888597213925	-6.763319785007393	0.0	(-6.763319785007393+0j)
-2.53217554181336	-6.411912974557783	-0.002829045646173239	-6.414742439985604	0.0	(-6.414742439985604+0j)
-2.4662930961066483	-6.082601635903317	-0.0028271105065103296	-6.085429173782573	0.0	(-6.085429173782573+0j)
-2.4023739270672144	-5.771400485452349	-0.002825078836212222	-5.774225999345703	0.0	(-5.774225999345703+0j)
-2.340348420181257	-5.477230727844906	-0.0028229460938329763	-5.480054116769898	0.0	(-5.480054116769898+0j)
-2.280149871269615	-5.1990834354508415	-0.0028207075292034584	-5.201904593670872	0.0	(-5.201904593670872+0j)
-2.221714346133128	-4.936014635813752	-0.002818358173689011	-4.938833452619069	0.0	(-4.938833452619069+0j)
-2.1649805478639736	-4.687140772629392	-0.002815892829971732	-4.689957132108085	0.0	(-4.689957132108085+0j)
-2.109889691355602	-4.451634509688637	-0.0028133060613327516	-4.454448290486634	0.0	(-4.454448290486634+0j)
-2.056385384575469	-4.228720849895599	-0.002810592180408578	-4.231531924965584	0.0	(-4.231531924965584+0j)
-2.004413516193774	-4.017673543900289	-0.0028077452373941273	-4.020481780238712	0.0	(-4.020481780238712+0j)
-1.9539221491884349	-3.8178117650891523	-0.0028047590076635447	-3.820617023460653	0.0	(-3.820617023460653+0j)
-1.9048614200715395	-3.628497029676962	-0.0028016269787783095	-3.631299164325998	0.0	(-3.631299164325998+0j)
-1.8571834434057672	-3.449130342460503	-0.0027983423368504235	-3.451929200809272	0.0	(-3.451929200809272+0j)
-1.8108422213008069	-3.2791495504456405	-0.0027948979522266597	-3.2819449727774033	0.0	(-3.2819449727774033+0j)
-1.7657935575998587	-3.1180268880611655	-0.0027912863644579573	-3.1208187071890494	0.0	(-3.1208187071890494+0j)
-1.7219949764848979	-2.965266699039224	-0.0027874997665160014	-2.9680547399583013	0.0	(-2.9680547399583013+0j)
-1.6794056452467305	-2.8204033212865873	-0.0027835299882168927	-2.8231874008102573	0.0	(-2.8231874008102573+0j)
-1.6379863009819313	-2.6829991222044702	-0.002779368478809517	-2.685779048582738	0.0	(-2.685779048582738+0j)
-1.5976991809937733	-2.5526426729481737	-0.00277500628868382	-2.5554182454680285	0.0	(-2.5554182454680285+0j)
-1.5585079566882198	-2.42894705106049	-0.0027704340501516224	-2.4317180596266437	0.0	(-2.4317180596266437+0j)
-1.5203776707690226	-2.3115482617730385	-0.002765641957249892	-2.3143144864686755	0.0	(-2.3143144864686755+0j)
-1.4832746775481236	-2.20010376905549	-0.002760619744513506	-2.202864979681286	0.0	(-2.202864979681286+0j)
-1.4471665861988359	-2.0942911282103926	-0.0027553566646615225	-2.0970470838020097	0.0	(-2.0970470838020097+0j)
-1.4120222067898245	-1.9938067124676058	-0.002749841465137791	-1.9965571607888948	0.0	(-1.9965571607888948+0j)
-1.3778114989477563	-1.8983645266326632	-0.002744062363443595	-1.9011092036442607	0.0	(-1.9011092036442607+0j)
-1.3445055230056484	-1.807695101392692	-0.0027380070211970057	-1.8104337306953155	0.0	(-1.8104337306953155+0j)
-1.3120763935025515	-1.7215444623866623	-0.002731662516851412	-1.7242767546356044	0.0	(-1.7242767546356044+0j)
-1.2804972349081958	-1.6396731686075352	-0.002725015317005257	-1.6423988209000888	0.0	(-1.6423988209000888+0j)
-1.249742139453741	-1.5618554151264137	-0.002718051246238356	-1.5645741103577009	0.0	(-1.5645741103577009+0j)
-1.2197861269567585	-1.4878781955161693	-0.0027107554554207606	-1.4905896017044704	0.0	(-1.4905896017044704+0j)
-1.1906051065351553	-1.4175405197075885	-0.0027031123884636164	-1.420244289285329	0.0	(-1.420244289285329+0j)
-1.1621758401108537	-1.3506526833373687	-0.002695105747526189	-1.3533484524075876	0.0	(-1.3533484524075876+0j)
-1.1344759076098252	-1.2870355849471367	-0.0026867184567710644	-1.2897229725036445	0.0	(-1.2897229725036445+0j)
-1.1074836737704155	-1.226520087668016	-0.002677932624885638	-1.2291986947785922	0.0	(-1.2291986947785922+0j)
-1.0811782564769803	-1.168946422278603	-0.0026687295067801824	-1.1716158312287996	0.0	(-1.1716158312287996+0j)
-1.0555394965405518	-1.1141636287570815	-0.0026590894651497164	-1.1168234021565218	0.0	(-1.1168234021565218+0j)
-1.0305479288526944	-1.0620290336625782	-0.0026489919329649105	-1.0646787135132354	0.0	(-1.0646787135132354+0j)
-1.0061847548428828	-1.0124077608782323	-0.002638415378446339	-1.015046867607614	0.0	(-1.015046867607614+0j)
-0.9824318161736062	-0.9651722734301703	-0.002627337274675269	-0.9678003048945455	0.0	(-0.9678003048945455+0j)
-0.9592715696111017	-0.9202019442641468	-0.0026157340766859234	-0.9228183747283576	0.0	(-0.9228183747283576+0j)
-0.9366870630130316	-0.877382654015979	-0.0026035812096325446	-0.8799869331221274	0.0	(-0.8799869331221274+0j)
-0.9146619123776685	-0.8366064139543736	-0.00259085307237344	-0.8391979656937054	0.0	(-0.8391979656937054+0j)
-0.8931802799021815	-0.7977710124061393	-0.0025775230614886757	-0.800349234114622	0.0	(-0.800349234114622+0j)
-0.8722268530004768	-0.7607796830951152	-0.0025635636212607655	-0.7633439445003433	0.0	(-0.7633439445003433+0j)
-0.8517868242337273	-0.7255407939381787	-0.0025489463254064516	-0.7280904362869312	0.0	(-0.7280904362869312+0j)
-0.8318458721092578	-0.6919675549452116	-0.0025336419962667315	-0.6945018902513245	0.0	(-0.6945018902513245+0j)
-0.8123901427058198	-0.6599777439655822	-0.0025176208666737054	-0.6624960544193805	0.0	(-0.6624960544193805+0j)
-0.7934062320855423	-0.6294934491121774	-0.0025008527887771487	-0.6319949866981319	0.0	(-0.6319949866981319+0j)
-0.7748811694549418	-0.6004408267758582	-0.0024833074927281514	-0.6029248131540174	0.0	(-0.6029248131540174+0j)
-0.7568024010393578	-0.572749874218937	-0.00246495489631994	-0.5752155009065305	0.0	(-0.5752155009065305+0j)
-0.7391577746370641	-0.5463542158064169	-0.0024457654645557115	-0.5488006447317418	0.0	(-0.5488006447317418+0j)
-0.721935524821055	-0.5211909019986521	-0.002425710615764305	-0.5236172664515821	0.0	(-0.5236172664515821+0j)
-0.7051242587581799	-0.4972002202892726	-0.002404763168457015	-0.49960562632491584	0.0	(-0.49960562632491584+0j)
-0.6887129426168537	-0.4743255173279656	-0.0023828978207673683	-0.4767090456462646	0.0	(-0.4767090456462646+0j)
-0.6726908885360721	-0.4525130315194501	-0.002360091652194868	-0.4548737398524337	0.0	(-0.4548737398524337+0j)
-0.6570477421298259	-0.43171173543790214	-0.0023363246356250377	-0.43404866144296195	0.0	(-0.43404866144296195+0j)
-0.6417734705023628	-0.4118731874406471	-0.002311580146338312	-0.4141853521128421	0.0	(-0.4141853521128421+0j)
-0.6268583507509564	-0.3929513919062091	-0.0022858454540317127	-0.3952378034706599	0.0	(-0.3952378034706599+0j)
-0.6122929589340428	-0.3749026675602054	-0.0022591121838033195	-0.3771623258375471	0.0	(-0.3771623258375471+0j)
-0.598068159483679	-0.35768552338819526	-0.0022313767325922054	-0.35991742457528586	0.0	(-0.35991742457528586+0j)
-0.584175095042342	-0.3412605416677293	-0.002202640628689329	-0.3434636834712303	0.0	(-0.3434636834712303+0j)
-0.5706051767050645	-0.3255902676826179	-0.0021729108235671387	-0.3277636547548504	0.0	(-0.3277636547548504+0j)
-0.5573500746488577	-0.3106391057110872	-0.002142199907320501	-0.312781755297802	0.0	(-0.312781755297802+0j)
-0.5444017091322467	-0.29637322090611135	-0.0021105262413541577	-0.29848416862708416	0.0	(-0.29848416862708416+0j)
-0.5317522418485942	-0.28276044671100575	-0.0020779140044688868	-0.2848387523895288	0.0	(-0.2848387523895288+0j)
-0.5193940676176739	-0.2697701974764328	-0.0020443931510663008	-0.2718149509268597	0.0	(-0.2718149509268597+0j)
-0.5073198064007199	-0.257373385966464	-0.002009999282695073	-0.25938371265359594	0.0	(-0.25938371265359594+0j)
-0.49552229562487815	-0.24554234546134915	-0.001974773436497027	-0.24751741194921276	0.0	(-0.24751741194921276+0j)
-0.4839945828036719	-0.23425075618330043	-0.0019387617961960685	-0.23618977529538876	0.0	(-0.23618977529538876+0j)
-0.47272991844072854	-0.22347357578897786	-0.0019020153330429116	-0.22537581140948354	0.0	(-0.22537581140948354+0j)
-0.4617217492046207	-0.21318697368857467	-0.00186458938554215	-0.21505174514133926	0.0	(-0.21505174514133926+0j)
-0.45096371136325314	-0.2033682689665195	-0.0018265431878245382	-0.2051949549247742	0.0	(-0.2051949549247742+0j)
-0.4404496244667679	-0.19399587169291685	-0.0017879393571847168	-0.1957839135740004	0.0	(-0.1957839135740004+0j)
-0.4301734852684612	-0.18504922742801502	-0.0017488433515978822	-0.18679813224213201	0.0	(-0.18679813224213201+0j)
-0.4201294618736933	-0.17650876473427912	-0.0017093229079864455	-0.1782181073756258	0.0	(-0.1782181073756258+0j)
-0.41031188810723823	-0.1683558455221268	-0.0016694474716679672	-0.17002527048450394	0.0	(-0.17002527048450394+0j)
-0.4007152580899652	-0.16057271806610743	-0.0016292876268238035	-0.16220194058709334	0.0	(-0.16220194058709334+0j)
-0.39133422101615867	-0.15314247253832372	-0.001588914537032787	-0.15473127918476418	0.0	(-0.15473127918476418+0j)
-0.38216357612318463	-0.14604899891526113	-0.0015483994039656398	-0.14759724762262547	0.0	(-0.14759724762262547+0j)
-0.3731982678455901	-0.13927694712294883	-0.0015078129512820038	-0.14078456671929251	0.0	(-0.14078456671929251+0j)
-0.3644333811460802	-0.13281168929356416	-0.0014672249396580667	-0.13427867853737502	0.0	(-0.13427867853737502+0j)
-0.3558641370161595	-0.12663928401425592	-0.0014267037177392954	-0.12806571017919197	0.0	(-0.12806571017919197+0j)
-0.34748588813954967	-0.12074644245613163	-0.0013863158126948862	-0.12213243951065476	0.0	(-0.12213243951065476+0j)
-0.3392941147118041	-0.11512049627806688	-0.0013461255629774495	-0.11646626269237097	0.0	(-0.11646626269237097+0j)
-0.3312844204098322	-0.10974936720627844	-0.001306194794886371	-0.11105516343831445	0.0	(-0.11105516343831445+0j)
-0.32345252850532874	-0.1046215381964905	-0.0012665825436137237	-0.10588768389697319	0.0	(-0.10588768389697319+0j)
-0.3157942781163639	-0.0997260260910354	-0.0012273448186294617	-0.10095289707510616	0.0	(-0.10095289707510616+0j)
-0.3083056205916502	-0.09505235568840255	-0.0011885344125451354	-0.09624038071419287	0.0	(-0.09624038071419287+0j)
-0.30098261602223375	-0.0905905351475874	-0.0011502007519852149	-0.09174019254527191	0.0	(-0.09174019254527191+0j)
-0.2938214298755963	-0.08633103265413994	-0.001112389788491703	-0.08744284684481919	0.0	(-0.08744284684481919+0j)
-0.28681832974736315	-0.08226475427906714	-0.0010751439270872672	-0.08333929221795117	0.0	(-0.08333929221795117+0j)
-0.2799696822260281	-0.07838302296574315	-0.0010385019898188066	-0.07942089054918307	0.0	(-0.07942089054918307+0j)
-0.27327194986629844	-0.07467755858372872	-0.00100249921138953	-0.07567939704694222	0.0	(-0.07567939704694222+0j)
-0.2667216882668555	-0.07114045899192165	-0.0009671672638546343	-0.07210694132781692	0.0	(-0.07210694132781692+0j)
-0.2603155432485035	-0.06776418205676349	-0.0009325343072941689	-0.06869600948075547	0.0	(-0.06869600948075547+0j)
-0.2540502481288529	-0.06454152857433174	-0.0008986250633771272	-0.06543942706025098	0.0	(-0.06543942706025098+0j)
-0.24792262108984528	-0.061465626048059	-0.0008654609087836669	-0.06233034295258343	0.0	(-0.06233034295258343+0j)
-0.24192956263458582	-0.058529913276561985	-0.0008330599855485887	-0.05936221407033966	0.0	(-0.05936221407033966+0j)
-0.2360680531300946	-0.05572812570863317	-0.0008014373255201088	-0.05652879083063128	0.0	(-0.05652879083063128+0j)
-0.23033515043273323	-0.053054281524869844	-0.0007706049862856199	-0.05382410337048003	0.0	(-0.05382410337048003+0j)
-0.22472798759319407	-0.05050266840768679	-0.0007405721960934094	-0.0512424484631564	0.0	(-0.0512424484631564+0j)
-0.21924377063807438	-0.048067830963600566	-0.0007113455054897773	-0.04877837709055441	0.0	(-0.04877837709055441+0j)
-0.21387977642517536	-0.045744558763682996	-0.0006829289435891186	-0.04642668264561205	0.0	(-0.04642668264561205+0j)
-0.20863335056978574	-0.043527874969975115	-0.0006553241770955086	-0.044182389719974936	0.0	(-0.044182389719974936+0j)
-0.2035019054393242	-0.04141302551743565	-0.0006285306703942763	-0.04204074345120155	0.0	(-0.04204074345120155+0j)
-0.19848291821381936	-0.0393954688226737	-0.0006025458452275126	-0.039997199397601456	0.0	(-0.039997199397601456+0j)
-0.19357392900980788	-0.03747086599229414	-0.0005773652386559732	-0.03804741391048713	0.0	(-0.03804741391048713+0j)
-0.18877253906533345	-0.035635071505172845	-0.00055298265818935	-0.03618723497860716	0.0	(-0.03618723497860716+0j)
-0.18407640898381836	-0.033884124344377965	-0.0005293903331357819	-0.03441269351787659	0.0	(-0.03441269351787659+0j)
-0.17948325703467147	-0.032214239555773946	-0.0005065790613789583	-0.03271999508360687	0.0	(-0.03271999508360687+0j)
-0.17499085750858182	-0.030621800211588786	-0.00048453835093634543	-0.031105511981730935	0.0	(-0.031105511981730935+0j)
-0.17059703912552715	-0.02910334975839664	-0.00046325655578480777	-0.02956577575727846	0.0	(-0.02956577575727846+0j)
-0.1662996834936075	-0.02765558473007403	-0.00044272100556014916	-0.02809747004246598	0.0	(-0.02809747004246598+0j)
-0.16209672361688598	-0.02627534780732912	-0.0004229181288450179	-0.026697423743091808	0.0	(-0.026697423743091808+0j)
-0.1579861424504933	-0.024959621206387565	-0.0004038335698555524	-0.0253626045465059	0.0	(-0.0253626045465059+0j)
-0.15396597150131844	-0.0237055203803448	-0.0003854522984218416	-0.02409011273525536	0.0	(-0.02409011273525536+0j)
-0.1500342894726754	-0.022510288017570552	-0.00036775871323094163	-0.022877175290070616	0.0	(-0.022877175290070616+0j)
-0.14618922095139725	-0.021371288322376444	-0.00035073673836497673	-0.021721140267328156	0.0	(-0.021721140267328156+0j)
-0.14242893513587063	-0.020286001563938044	-0.00033436991322114264	-0.020619471437805282	0.0	(-0.020619471437805282+0j)
-0.1387516446035787	-0.01925201888019781	-0.0003186414759461215	-0.01956974317335932	0.0	(-0.01956974317335932+0j)
-0.13515560411677824	-0.018267037324171283	-0.0003035344405553007	-0.018569635569009244	0.0	(-0.018569635569009244+0j)
-0.1316391094649878	-0.017328855140735042	-0.0002890316679379199	-0.01761692978906548	0.0	(-0.01761692978906548+0j)
-0.12820049634301459	-0.016435367262595296	-0.00027511593097366614	-0.01670950362606454	0.0	(-0.01670950362606454+0j)
-0.12483813926329666	-0.015584561014722251	-0.00026176997400484127	-0.015845327262495063	0.0	(-0.015845327262495063+0j)
-0.12155045050138329	-0.014774512017089228	-0.00024897656692199517	-0.015022459224946785	0.0	(-0.015022459224946785+0j)
-0.11833587907341994	-0.014003380276079067	-0.000236718554130063	-0.014239042521731034	0.0	(-0.014239042521731034+0j)
-0.11519290974454892	-0.013269406455415793	-0.00022497889866754072	-0.013493300955059784	0.0	(-0.013493300955059784+0j)
-0.11212006206717451	-0.012570908317947065	-0.00021374072175328677	-0.012783535599380965	0.0	(-0.012783535599380965+0j)
-0.10911588944808466	-0.011906277330046634	-0.0002029873380348983	-0.012108121438012757	0.0	(-0.012108121438012757+0j)
-0.10617897824345514	-0.011273975420824119	-0.0001927022868095058	-0.011465504150618599	0.0	(-0.011465504150618599+0j)
-0.10330794688080004	-0.010672531888726203	-0.00018286935948275823	-0.010854197044166175	0.0	(-0.010854197044166175+0j)
-0.10050144500696728	-0.010100540448488468	-0.00017347262352515673	-0.01027277812103804	0.0	(-0.01027277812103804+0j)
-0.09775815266131012	-0.009556656411752015	-0.00016449644317689875	-0.009719887277498842	0.0	(-0.009719887277498842+0j)
-0.09507677947319713	-0.00903959399499496	-0.00015592549714331695	-0.009194223626684964	0.0	(-0.009194223626684964+0j)
-0.09245606388305627	-0.008548123748747782	-0.00014774479351340188	-0.008694542940269402	0.0	(-0.008694542940269402+0j)
-0.08989477238617372	-0.008081070102361981	-0.00013993968212337138	-0.008219655203330942	0.0	(-0.008219655203330942+0j)
-0.08739169879850106	-0.007637309018887932	-0.0001324958645766837	-0.007768422277212192	0.0	(-0.007768422277212192+0j)
-0.08494566354374737	-0.007215765754887531	-0.00012539940212088972	-0.007339755665400655	0.0	(-0.007339755665400655+0j)
-0.08255551296106181	-0.0068154127202640444	-0.00011863672157074179	-0.006932614377739215	0.0	(-0.006932614377739215+0j)
-0.0802201186326351	-0.00643526743343405	-0.00011219461945606025	-0.006546002888460025	0.0	(-0.006546002888460025+0j)
-0.07793837673057366	-0.0060743905673968255	-0.00010606026456191076	-0.006178969183764827	0.0	(-0.006178969183764827+0j)
-0.07570920738242252	-0.005731884082474661	-0.00010022119901818284	-0.005830602894882257	0.0	(-0.005830602894882257+0j)
-0.0735315540547355	-0.00540688944170449	-9.466533808515503e-05	-0.005500033512735434	0.0	(-0.005500033512735434+0j)
-0.07140438295411211	-0.005098585905057496	-8.938096877173785e-05	-0.00518642868048337	0.0	(-0.00518642868048337+0j)
-0.06932668244514165	-0.004806188898849511	-8.435674741339855e-05	-0.004888992560467495	0.0	(-0.004888992560467495+0j)
-0.06729746248471398	-0.004528948456881485	-7.958169632738057e-05	-0.004606964272119798	0.0	(-0.004606964272119798+0j)
-0.06531575407217595	-0.004266147730016969	-7.504519965429238e-05	-0.004339616397744585	0.0	(-0.004339616397744585+0j)
-0.06338060871482991	-0.004017101561062373	-7.07369984863357e-05	-0.004086253552988155	0.0	(-0.004086253552988155+0j)
-0.06149109790828906	-0.003781155121966791	-6.66471853747741e-05	-0.003846211019188393	0.0	(-0.003846211019188393+0j)
-0.059646312631220576	-0.003557682610501303	-6.276619830153652e-05	-0.003618853434769497	0.0	(-0.003618853434769497+0j)
-0.05784536285402355	-0.0033460860037136477	-5.908481419274331e-05	-0.0034035735430516948	0.0	(-0.0034035735430516948+0j)
-0.05608737706100519	-0.003145793865583371	-5.559414204524826e-05	-0.0031997909939560937	0.0	(-0.0031997909939560937+0j)
-0.05437150178563229	-0.0029562602064250156	-5.228561573128177e-05	-0.0030069511971807313	0.0	(-0.0030069511971807313+0j)
-0.052696901158450896	-0.002776963391703543	-4.9150986539804596e-05	-0.0028245242245729745	0.0	(-0.0028245242245729745+0j)
-0.05106275646727974	-0.0026074050980367186	-4.6182315508379316e-05	-0.0026520037594894787	0.0	(-0.0026520037594894787+0j)
-0.049468265729297044	-0.0024471093142643444	-4.337196559392048e-05	-0.002488906091070016	0.0	(-0.002488906091070016+0j)
-0.04791264327465291	-0.0022956213855641425	-4.071259372588898e-05	-0.0023347691514338607	0.0	(-0.0023347691514338607+0j)
-0.04639511934125177	-0.0021525070986889937	-3.819714278137376e-05	-0.0021891515938930075	0.0	(-0.0021891515938930075+0j)
-0.04491493968036148	-0.0020173518064905104	-3.581883351722048e-05	-0.0020516319103799745	0.0	(-0.0020516319103799745+0j)
-0.04347136517271722	-0.0018897595899797317	-3.357115649059439e-05	-0.001921807586364193	0.0	(-0.001921807586364193+0j)
-0.04206367145479865	-0.0017693524562572426	-3.144786399631727e-05	-0.0017992942916050263	0.0	(-0.0017992942916050263+0j)
-0.040691148554970594	-0.0016557695707226853	-2.944296204530905e-05	-0.0016837251051760008	0.0	(-0.0016837251051760008+0j)
-0.03935310053918671	-0.0015486665220473374	-2.7550702406503592e-05	-0.0015747497732613658	0.0	(-0.0015747497732613658+0j)
-0.038048845165965975	-0.0014477146184636524	-2.576557473134844e-05	-0.0014720339982944725	0.0	(-0.0014720339982944725+0j)
-0.03677771355036136	-0.0013526002139924334	-2.4082298777350355e-05	-0.0013752587580724911	0.0	(-0.0013752587580724911+0j)
-0.035539049836649024	-0.001263024063291823	-2.2495816745954357e-05	-0.0012841196535537422	0.0	(-0.0012841196535537422+0j)
-0.03433221087947522	-0.0011787007038727565	-2.1001285746272138e-05	-0.0011983262840820459	0.0	(-0.0011983262840820459+0j)
-0.033156565933206816	-0.0010993578644830908	-1.9594070396150578e-05	-0.001117601648864198	0.0	(-0.001117601648864198+0j)
-0.032011496349239346	-0.001024735898517364	-1.8269735569223513e-05	-0.0010416815735613109	0.0	(-0.0010416815735613109+0j)
-0.030896395281024336	-0.0009545872413613028	-1.7024039295365778e-05	-0.0009703141609174438	0.0	(-0.0009703141609174438+0j)
-0.029810667396585683	-0.0008886758906298567	-1.5852925820369902e-05	-0.0009032592643854839	0.0	(-0.0009032592643854839+0j)
-0.028753728598301782	-0.0008267769083047978	-1.475251883034101e-05	-0.0008402879837762991	0.0	(-0.0008402879837762991+0j)
-0.02772500574973721	-0.0007686759438229613	-1.3719114844057412e-05	-0.0007811821819721165	0.0	(-0.0007811821819721165+0j)
-0.02672393640931522	-0.0007141687772091237	-1.274917677549503e-05	-0.0007257340218232338	0.0	(-0.0007257340218232338+0j)
-0.025749968570627883	-0.0006630608813883238	-1.1839327669638245e-05	-0.0006737455223474522	0.0	(-0.0006737455223474522+0j)
-0.024802560409188133	-0.0006151670028514266	-1.0986344611152444e-05	-0.0006250281334308805	0.0	(-0.0006250281334308805+0j)
-0.023881180035433255	-0.0005703107598847759	-1.018715280721727e-05	-0.0005794023282262445	0.0	(-0.0005794023282262445+0j)
-0.022985305253795843	-0.0005283242576101748	-9.438819843671232e-06	-0.0005366972125102982	0.0	(-0.0005366972125102982+0j)
-0.02211442332766371	-0.0004890477191151169	-8.738550113518428e-06	-0.0004967501502752029	0.0	(-0.0004967501502752029+0j)
-0.021268030750055813	-0.0004523291319853196	-8.083679417147937e-06	-0.0004594064048708979	0.0	(-0.0004594064048708979+0j)
-0.020445633019846577	-0.00041802390958224064	-7.471669731018427e-06	-0.0004245187950390035	0.0	(-0.0004245187950390035+0j)
-0.0196467444233761	-0.00038599456643745983	-6.900104144258457e-06	-0.00039194736521607116	0.0	(-0.00039194736521607116+0j)
-0.01887088782128885	-0.0003561104071636678	-6.366681959835141e-06	-0.00036155906949748	0.0	(-0.00036155906949748+0j)
-0.01811759444044789	-0.0003282472283085483	-5.869213956843922e-06	-0.00033322746869515437	0.0	(-0.00033322746869515437+0j)
-0.017386403670776745	-0.00030228703260319905	-5.405617813070141e-06	-0.00030683243993645623	0.0	(-0.00030683243993645623+0j)
-0.01667686286688518	-0.00027811775508089373	-4.973913681827202e-06	-0.0002822598982780165	0.0	(-0.0002822598982780165+0j)
-0.01598852715433943	-0.00025563300056504927	-4.57221992197221e-06	-0.00025940152983375763	0.0	(-0.00025940152983375763+0j)
-0.015320959240441951	-0.00023473179204728362	-4.198748976502742e-06	-0.00023815453593474973	0.0	(-0.00023815453593474973+0j)
-0.014673729229389235	-0.00021531832949743198	-3.851803396037746e-06	-0.00021842138785976666	0.0	(-0.00021842138785976666+0j)
-0.014046414441680602	-0.00019730175866745336	-3.529772005483878e-06	-0.00020010959170029728	0.0	(-0.00020010959170029728+0j)
-0.013438599237654378	-0.0001805959494702848	-3.23112620659316e-06	-0.0001831314629313718	0.0	(-0.0001831314629313718+0j)
-0.012849874845031441	-0.00016511928353297182	-2.9544164155126396e-06	-0.00016740391029099633	0.0	(-0.00016740391029099633+0j)
-0.012279839190349848	-0.00015079445054085202	-2.6982686309295903e-06	-0.00015284822857884568	0.0	(-0.00015284822857884568+0j)
-0.011728096734177362	-0.0001375482530062217	-2.4613811295148837e-06	-0.00013938990000698855	0.0	(-0.00013938990000698855+0j)
-0.011194258309992119	-0.0001253114191108276	-2.2425212822696496e-06	-0.00012695840374487064	0.0	(-0.00012695840374487064+0j)
-0.010677940966624817	-0.00011401842328672454	-2.0405224925745815e-06	-0.00011548703332484862	0.0	(-0.00011548703332484862+0j)
-0.010178767814158789	-0.00010360731421455489	-1.8542812477484462e-06	-0.00010491272158023679	0.0	(-0.00010491272158023679+0j)
-0.00969636787318723	-9.401954993217744e-05	-1.682754282716914e-06	-9.517587280672201e-05	0.0	(-9.517587280672201e-05+0j)
-0.009230375927329837	-8.519983975983015e-05	-1.5249558539931485e-06	-8.62202018522048e-05	0.0	(-8.62202018522048e-05+0j)
-0.008780432378913766	-7.709599276067726e-05	-1.3799551149773493e-06	-7.79925798457967e-05	0.0	(-7.79925798457967e-05+0j)
-0.008346183107726328	-6.965877246769631e-05	-1.246873596372211e-06	-7.044288630002742e-05	0.0	(-7.044288630002742e-05+0j)
-0.00792727933274973	-6.2841757619441e-05	-1.1248827805232508e-06	-6.35238673186327e-05	0.0	(-6.35238673186327e-05+0j)
-0.007523377476790291	-5.660120865827544e-05	-1.0132017752795265e-06	-5.7190999668318136e-05	0.0	(-5.7190999668318136e-05+0j)
-0.007134139033917196	-5.089593975526098e-05	-9.110950713875354e-07	-5.14023604644667e-05	0.0	(-5.14023604644667e-05+0j)
-0.006759230439628037	-4.5687196135994224e-05	-8.178703986061464e-07	-4.611850225823517e-05	0.0	(-4.611850225823517e-05+0j)
-0.00639832294366065	-4.093853649137429e-05	-7.328766569614232e-07	-4.130233328893156e-05	0.0	(-4.130233328893156e-05+0j)
-0.006051092485372929	-3.661572026653673e-05	-6.555019375298343e-07	-3.691900270696582e-05	0.0	(-3.691900270696582e-05+0j)
-0.005717219571614335	-3.268659963005e-05	-5.851716143645547e-07	-3.293579055431404e-05	0.0	(-3.293579055431404e-05+0j)
-0.005396389157014874	-2.91210159339477e-05	-5.213465227527081e-07	-2.9322002328118795e-05	0.0	(-2.9322002328118795e-05+0j)
-0.00508829052661923	-2.5890700483282996e-05	-4.635212038195391e-07	-2.7465820339630087e-05	0.0	(-2.7465820339630087e-05+0j)
-0.004792617180795609	-2.2969179441657252e-05	-4.1122221787759373e-07	-2.6048867930905086e-05	0.0	(-2.6048867930905086e-05+0j)
-0.004509066722350688	-2.0331682706610376e-05	-3.640065401100401e-07	-2.308944483341458e-05	0.0	(-2.308944483341458e-05+0j)
-0.004237340745783784	-1.7955056595879472e-05	-3.2146000101818116e-07	-2.0418525315334072e-05	0.0	(-2.0418525315334072e-05+0j)
-0.003977144728615041	-1.5817680192350406e-05	-2.8319580920310726e-07	-1.801254757988719e-05	0.0	(-1.801254757988719e-05+0j)
-0.0037281879247241132	-1.389938520205869e-05	-2.488531237077041e-07	-1.584951065073898e-05	0.0	(-1.584951065073898e-05+0j)
-0.003490183259637317	-1.2181379185852567e-05	-2.1809568870878592e-07	-1.3908892886764283e-05	0.0	(-1.3908892886764283e-05+0j)
-0.0032628472277028246	-1.0646172031328008e-05	-1.906105225657484e-07	-1.2171574014894147e-05	0.0	(-1.2171574014894147e-05+0j)
-0.0030458997910948536	-9.277505537391672e-06	-1.6610667721295159e-07	-1.0619760581054227e-05	0.0	(-1.0619760581054227e-05+0j)
-0.0028390642805893175	-8.060285989318138e-06	-1.4431401993419967e-07	-9.236914762518032e-06	0.0	(-9.236914762518032e-06+0j)
-0.0026420672980546644	-6.9805196074498744e-06	-1.2498209187583597e-07	-8.007686466765923e-06	0.0	(-8.007686466765923e-06+0j)
-0.0024546386206030298	-6.0252507577559444e-06	-1.0787899213937635e-07	-6.917848768782665e-06	0.0	(-6.917848768782665e-06+0j)
-0.0022765111063480586	-5.182502817326061e-06	-9.279035140252745e-08	-5.9542367075613575e-06	0.0	(-5.9542367075613575e-06+0j)
-0.0021074206017169745	-4.441221592541135e-06	-7.951829275043565e-08	-5.104689603736806e-06	0.0	(-5.104689603736806e-06+0j)
-0.001947105850265665	-3.791221192138778e-06	-6.788048523276302e-08	-4.357996970057058e-06	0.0	(-4.357996970057058e-06+0j)
-0.001795308402946694	-3.223132261691009e-06	-5.7709191025878685e-08	-3.7038481873826027e-06	0.0	(-3.7038481873826027e-06+0j)
-0.001651772529781229	-2.728352490139881e-06	-4.8850408518319453e-08	-3.1327856964516482e-06	0.0	(-3.1327856964516482e-06+0j)
-0.0015162451328869407	-2.2989993030033365e-06	-4.11630281860198e-08	-2.636160847089244e-06	0.0	(-2.636160847089244e-06+0j)
-0.0013884756608149335	-1.9278646606754663e-06	-3.451800125731097e-08	-2.206089907315766e-06	0.0	(-2.206089907315766e-06+0j)
-0.0012682160241497663	-1.6083718839102408e-06	-2.8797572326766385e-08	-1.83540554355046e-06	0.0	(-1.83540554355046e-06+0j)
-0.001155220512327529	-1.3345344321022784e-06	-2.3894614287200966e-08	-1.5175972239555456e-06	0.0	(-1.5175972239555456e-06+0j)
-0.001049245711627873	-1.1009165633694817e-06	-1.971174583559332e-08	-1.246735517126464e-06	0.0	(-1.246735517126464e-06+0j)
-0.0009500504242967501	-9.025958087064349e-07	-1.616084546185448e-08	-1.0173843006879746e-06	0.0	(-1.0173843006879746e-06+0j)
-0.0008573955887574404	-7.351271956207178e-07	-1.3162360801288742e-08	-8.245191721221872e-07	0.0	(-8.245191721221872e-07+0j)
-0.0007710442008682636	-5.945091596925792e-07	-1.0644617987054517e-08	-6.634767152936917e-07	0.0	(-6.634767152936917e-07+0j)
-0.0006907612361861271	-4.771510854173865e-07	-8.543361218471545e-09	-5.299466337995603e-07	0.0	(-5.299466337995603e-07+0j)
-0.0006163135731958032	-3.7984242050537864e-07	-6.801087693020236e-09	-4.29153141397665e-07	0.0	(-4.29153141397665e-07+0j)
-0.0005474699174655237	-2.997233105297073e-07	-5.366587174648885e-09	-4.199937090692887e-07	0.0	(-4.199937090692887e-07+0j)
-0.00048400072669017	-2.3425670343661265e-07	-4.194430403003935e-09	-3.30081669392884e-07	0.0	(-3.30081669392884e-07+0j)
-0.0004256781365839621	-1.812018759655943e-07	-3.2445086617372e-09	-2.570833092096323e-07	0.0	(-2.570833092096323e-07+0j)
-0.00037227588758517846	-1.3858933647733242e-07	-2.4814198695821687e-09	-1.982658472309385e-07	0.0	(-1.982658472309385e-07+0j)
-0.0003235692523360205	-1.0469706105729132e-07	-1.874468580354005e-09	-1.512632941834048e-07	0.0	(-1.512632941834048e-07+0j)
-0.0002793349639012882	-7.802802205773399e-08	-1.3972567103337496e-09	-1.140408857779674e-07	0.0	(-1.140408857779674e-07+0j)
-0.00023935114469007788	-5.728897046445059e-08	-1.0256371751893312e-09	-8.485792094123383e-08	0.0	(-8.485792094123383e-08+0j)
-0.000203397236045202	-4.1370435630827624e-08	-7.4078343459405e-10	-6.223102547098912e-08	0.0	(-6.223102547098912e-08+0j)
-0.00017125392846552152	-2.932790801487396e-08	-5.238689482212067e-10	-5.364537617621338e-08	0.0	(-5.364537617621338e-08+0j)
-0.00014270309242682625	-2.0364172588179316e-08	-3.6343408282846214e-10	-4.490490567337803e-08	0.0	(-4.490490567337803e-08+0j)
-0.00011752770976733008	-1.3812762563153774e-08	-2.488377504050732e-10	-3.182031437951587e-08	0.0	(-3.182031437951587e-08+0j)
-9.551180560424546e-05	-9.122505009783175e-09	-1.6370904631912708e-10	-2.20946765271464e-08	0.0	(-2.20946765271464e-08+0j)
-7.644038074828435e-05	-5.843131808942681e-09	-1.0477378964424134e-10	-1.499484395264657e-08	0.0	(-1.499484395264657e-08+0j)
-6.009934458328253e-05	-3.611931219340131e-09	-6.548361852765083e-11	-9.910763948480744e-09	0.0	(-9.910763948480744e-09+0j)
-4.627544837847556e-05	-2.141417122628957e-09	-2.6193447411060334e-11	-6.356070031593097e-09	0.0	(-6.356070031593097e-09+0j)
-3.475621900126083e-05	-1.2079947592636043e-09	-0.0	-3.936716521117274e-09	0.0	(-3.936716521117274e-09+0j)
-2.532989299856304e-05	-6.416034793186529e-10	-5.238689482212067e-11	-2.3270763038072996e-09	0.0	(-2.3270763038072996e-09+0j)
-1.778535101518103e-05	-3.163187107332009e-10	-0.0	-1.302222943272682e-09	0.0	(-1.302222943272682e-09+0j)
-1.1912052517731514e-05	-1.418969951851937e-10	-2.0954757928848267e-10	-7.699545849118228e-10	0.0	(-7.699545849118228e-10+0j)
-7.499970793020954e-06	-5.6249561896167364e-11	8.381903171539307e-10	-7.517491573828742e-10	0.0	(-7.517491573828742e-10+0j)
-4.3395281898695236e-06	-1.8831504910672262e-11	-0.0	-3.7004748629923754e-10	0.0	(-3.7004748629923754e-10+0j)
-2.221531573583016e-06	-4.935202532426231e-12	-0.0	-3.3972665733349157e-10	0.0	(-3.3972665733349157e-10+0j)
-9.37107962417716e-07	-8.781713332266833e-13	-5.3644180297851564e-08	-2.130363799901326e-11	0.0	(-2.130363799901326e-11+0j)
-2.7764031551128097e-07	-7.708414479720364e-14	4.291534423828125e-07	-5.683641064373241e-12	0.0	(-5.683641064373241e-12+0j)
-3.470344185902262e-08	-1.2043288768625633e-15	2.74658203125e-05	8.410221632325674e-16	-1.2695081637393991e-06	(8.410221632325674e-16-1.2695081637393991e-06j)
3.470344185902262e-08	1.2043288768625633e-15	-2.74658203125e-05	8.410221632325674e-16	1.2695081637393991e-06	(8.410221632325674e-16+1.2695081637393991e-06j)
2.7764031551128097e-07	7.708414479720364e-14	-4.291534423828125e-07	5.682832640616421e-12	0.0	(5.682832640616421e-12+0j)
9.37107962417716e-07	8.781713332266833e-13	5.3644180297851564e-08	2.1299922679713464e-11	0.0	(2.1299922679713464e-11+0j)
2.221531573583016e-06	4.935202532426231e-12	0.0	3.397252302106384e-10	0.0	(3.397252302106384e-10+0j)
4.3395281898695236e-06	1.8831504910672262e-11	0.0	3.700478423837922e-10	0.0	(3.700478423837922e-10+0j)
7.499970793020954e-06	5.6249561896167364e-11	-8.381903171539307e-10	7.517493809313556e-10	0.0	(7.517493809313556e-10+0j)
1.1912052517731514e-05	1.418969951851937e-10	2.0954757928848267e-10	7.699522966547752e-10	0.0	(7.699522966547752e-10+0j)
1.778535101518103e-05	3.163187107332009e-10	0.0	1.3022238069059891e-09	0.0	(1.3022238069059891e-09+0j)
2.532989299856304e-05	6.416034793186529e-10	5.238689482212067e-11	2.3270760191552375e-09	0.0	(2.3270760191552375e-09+0j)
3.475621900126083e-05	1.2079947592636043e-09	0.0	3.936714949290681e-09	0.0	(3.936714949290681e-09+0j)
4.627544837847556e-05	2.141417122628957e-09	2.6193447411060334e-11	6.3560665548921005e-09	0.0	(6.3560665548921005e-09+0j)
6.009934458328253e-05	3.611931219340131e-09	6.548361852765083e-11	9.910762357100192e-09	0.0	(9.910762357100192e-09+0j)
7.644038074828435e-05	5.843131808942681e-09	1.0477378964424134e-10	1.4994843379024886e-08	0.0	(1.4994843379024886e-08+0j)
9.551180560424546e-05	9.122505009783175e-09	1.6370904631912708e-10	2.209467609002313e-08	0.0	(2.209467609002313e-08+0j)
0.00011752770976733008	1.3812762563153774e-08	2.488377504050732e-10	3.1820312505118585e-08	0.0	(3.1820312505118585e-08+0j)
0.00014270309242682625	2.0364172588179316e-08	3.6343408282846214e-10	4.490490585182743e-08	0.0	(4.490490585182743e-08+0j)
0.00017125392846552152	2.932790801487396e-08	5.238689482212067e-10	5.364537396643755e-08	0.0	(5.364537396643755e-08+0j)
0.000203397236045202	4.1370435630827624e-08	7.4078343459405e-10	6.2231024181971e-08	0.0	(6.2231024181971e-08+0j)
0.00023935114469007788	5.728897046445059e-08	1.0256371751893312e-09	8.485792211059087e-08	0.0	(8.485792211059087e-08+0j)
0.0002793349639012882	7.802802205773399e-08	1.3972567103337496e-09	1.1404088524476031e-07	0.0	(1.1404088524476031e-07+0j)
0.0003235692523360205	1.0469706105729132e-07	1.874468580354005e-09	1.512632940763576e-07	0.0	(1.512632940763576e-07+0j)
0.00037227588758517846	1.3858933647733242e-07	2.4814198695821687e-09	1.982658457311932e-07	0.0	(1.982658457311932e-07+0j)
0.0004256781365839621	1.812018759655943e-07	3.2445086617372e-09	2.5708330995601836e-07	0.0	(2.5708330995601836e-07+0j)
0.00048400072669017	2.3425670343661265e-07	4.194430403003935e-09	3.300816679367158e-07	0.0	(3.300816679367158e-07+0j)
0.0005474699174655237	2.997233105297073e-07	5.366587174648885e-09	4.1999370891814956e-07	0.0	(4.1999370891814956e-07+0j)
0.0006163135731958032	3.7984242050537864e-07	6.801087693020236e-09	4.291531410547981e-07	0.0	(4.291531410547981e-07+0j)
0.0006907612361861271	4.771510854173865e-07	8.543361218471545e-09	5.299466292185764e-07	0.0	(5.299466292185764e-07+0j)
0.0007710442008682636	5.945091596925792e-07	1.0644617987054517e-08	6.634767159805384e-07	0.0	(6.634767159805384e-07+0j)
0.0008573955887574404	7.351271956207178e-07	1.3162360801288742e-08	8.245191644409685e-07	0.0	(8.245191644409685e-07+0j)
0.0009500504242967501	9.025958087064349e-07	1.616084546185448e-08	1.01738430073161e-06	0.0	(1.01738430073161e-06+0j)
0.001049245711627873	1.1009165633694817e-06	1.971174583559332e-08	1.2467355054473098e-06	0.0	(1.2467355054473098e-06+0j)
0.001155220512327529	1.3345344321022784e-06	2.3894614287200966e-08	1.517597223687861e-06	0.0	(1.517597223687861e-06+0j)
0.0012682160241497663	1.6083718839102408e-06	2.8797572326766385e-08	1.8354055454342373e-06	0.0	(1.8354055454342373e-06+0j)
0.0013884756608149335	1.9278646606754663e-06	3.451800125731097e-08	2.2060899081566407e-06	0.0	(2.2060899081566407e-06+0j)
0.0015162451328869407	2.2989993030033365e-06	4.11630281860198e-08	2.636160843253907e-06	0.0	(2.636160843253907e-06+0j)
0.001651772529781229	2.728352490139881e-06	4.8850408518319453e-08	3.132785696823978e-06	0.0	(3.132785696823978e-06+0j)
0.001795308402946694	3.223132261691009e-06	5.7709191025878685e-08	3.703848188557012e-06	0.0	(3.703848188557012e-06+0j)
0.001947105850265665	3.791221192138778e-06	6.788048523276302e-08	4.357996970334884e-06	0.0	(4.357996970334884e-06+0j)
0.0021074206017169745	4.441221592541135e-06	7.951829275043565e-08	5.104689601964753e-06	0.0	(5.104689601964753e-06+0j)
0.0022765111063480586	5.182502817326061e-06	9.279035140252745e-08	5.954236707519504e-06	0.0	(5.954236707519504e-06+0j)
0.0024546386206030298	6.0252507577559444e-06	1.0787899213937635e-07	6.917848767986195e-06	0.0	(6.917848767986195e-06+0j)
0.0026420672980546644	6.9805196074498744e-06	1.2498209187583597e-07	8.007686465875778e-06	0.0	(8.007686465875778e-06+0j)
0.0028390642805893175	8.060285989318138e-06	1.4431401993419967e-07	9.236914765361869e-06	0.0	(9.236914765361869e-06+0j)
0.0030458997910948536	9.277505537391672e-06	1.6610667721295159e-07	1.0619760579769917e-05	0.0	(1.0619760579769917e-05+0j)
0.0032628472277028246	1.0646172031328008e-05	1.906105225657484e-07	1.2171574014155707e-05	0.0	(1.2171574014155707e-05+0j)
0.003490183259637317	1.2181379185852567e-05	2.1809568870878592e-07	1.390889288685493e-05	0.0	(1.390889288685493e-05+0j)
0.0037281879247241132	1.389938520205869e-05	2.488531237077041e-07	1.5849510647913132e-05	0.0	(1.5849510647913132e-05+0j)
0.003977144728615041	1.5817680192350406e-05	2.8319580920310726e-07	1.8012547579352602e-05	0.0	(1.8012547579352602e-05+0j)
0.004237340745783784	1.7955056595879472e-05	3.2146000101818116e-07	2.0418525315356674e-05	0.0	(2.0418525315356674e-05+0j)
0.004509066722350688	2.0331682706610376e-05	3.640065401100401e-07	2.308944483333919e-05	0.0	(2.308944483333919e-05+0j)
0.004792617180795609	2.2969179441657252e-05	4.1122221787759373e-07	2.6048867930779698e-05	0.0	(2.6048867930779698e-05+0j)
0.00508829052661923	2.5890700483282996e-05	4.635212038195391e-07	2.7465820311766497e-05	0.0	(2.7465820311766497e-05+0j)
0.005396389157014874	2.91210159339477e-05	5.213465227527081e-07	2.9322002328984876e-05	0.0	(2.9322002328984876e-05+0j)
0.005717219571614335	3.268659963005e-05	5.851716143645547e-07	3.293579055298811e-05	0.0	(3.293579055298811e-05+0j)
0.006051092485372929	3.661572026653673e-05	6.555019375298343e-07	3.691900270790442e-05	0.0	(3.691900270790442e-05+0j)
0.00639832294366065	4.093853649137429e-05	7.328766569614232e-07	4.130233328791738e-05	0.0	(4.130233328791738e-05+0j)
0.006759230439628037	4.5687196135994224e-05	8.178703986061464e-07	4.6118502259296295e-05	0.0	(4.6118502259296295e-05+0j)
0.007134139033917196	5.089593975526098e-05	9.110950713875354e-07	5.1402360466316416e-05	0.0	(5.1402360466316416e-05+0j)
0.007523377476790291	5.660120865827544e-05	1.0132017752795265e-06	5.7190999669625595e-05	0.0	(5.7190999669625595e-05+0j)
0.00792727933274973	6.2841757619441e-05	1.1248827805232508e-06	6.352386731791209e-05	0.0	(6.352386731791209e-05+0j)
0.008346183107726328	6.965877246769631e-05	1.246873596372211e-06	7.04428863002961e-05	0.0	(7.04428863002961e-05+0j)
0.008780432378913766	7.709599276067726e-05	1.3799551149773493e-06	7.799257984791185e-05	0.0	(7.799257984791185e-05+0j)
0.009230375927329837	8.519983975983015e-05	1.5249558539931485e-06	8.622020185202423e-05	0.0	(8.622020185202423e-05+0j)
0.00969636787318723	9.401954993217744e-05	1.682754282716914e-06	9.51758728069496e-05	0.0	(9.51758728069496e-05+0j)
0.010178767814158789	0.00010360731421455489	1.8542812477484462e-06	0.00010491272157947566	0.0	(0.00010491272157947566+0j)
0.010677940966624817	0.00011401842328672454	2.0405224925745815e-06	0.00011548703332632236	0.0	(0.00011548703332632236+0j)
0.011194258309992119	0.0001253114191108276	2.2425212822696496e-06	0.0001269584037445555	0.0	(0.0001269584037445555+0j)
0.011728096734177362	0.0001375482530062217	2.4613811295148837e-06	0.00013938990000893144	0.0	(0.00013938990000893144+0j)
0.012279839190349848	0.00015079445054085202	2.6982686309295903e-06	0.00015284822857915612	0.0	(0.00015284822857915612+0j)
0.012849874845031441	0.00016511928353297182	2.9544164155126396e-06	0.00016740391029032578	0.0	(0.00016740391029032578+0j)
0.013438599237654378	0.0001805959494702848	3.23112620659316e-06	0.0001831314629304255	0.0	(0.0001831314629304255+0j)
0.014046414441680602	0.00019730175866745336	3.529772005483878e-06	0.00020010959170089137	0.0	(0.00020010959170089137+0j)
0.014673729229389235	0.00021531832949743198	3.851803396037746e-06	0.00021842138786073745	0.0	(0.00021842138786073745+0j)
0.015320959240441951	0.00023473179204728362	4.198748976502742e-06	0.00023815453593395566	0.0	(0.00023815453593395566+0j)
0.01598852715433943	0.00025563300056504927	4.57221992197221e-06	0.00025940152983362275	0.0	(0.00025940152983362275+0j)
0.01667686286688518	0.00027811775508089373	4.973913681827202e-06	0.00028225989827757703	0.0	(0.00028225989827757703+0j)
0.017386403670776745	0.00030228703260319905	5.405617813070141e-06	0.0003068324399367147	0.0	(0.0003068324399367147+0j)
0.01811759444044789	0.0003282472283085483	5.869213956843922e-06	0.000333227468695821	0.0	(0.000333227468695821+0j)
0.01887088782128885	0.0003561104071636678	6.366681959835141e-06	0.00036155906949730533	0.0	(0.00036155906949730533+0j)
0.0196467444233761	0.00038599456643745983	6.900104144258457e-06	0.0003919473652178004	0.0	(0.0003919473652178004+0j)
0.020445633019846577	0.00041802390958224064	7.471669731018427e-06	0.0004245187950404039	0.0	(0.0004245187950404039+0j)
0.021268030750055813	0.0004523291319853196	8.083679417147937e-06	0.00045940640487009013	0.0	(0.00045940640487009013+0j)
0.02211442332766371	0.0004890477191151169	8.738550113518428e-06	0.0004967501502761581	0.0	(0.0004967501502761581+0j)
0.022985305253795843	0.0005283242576101748	9.438819843671232e-06	0.0005366972125101805	0.0	(0.0005366972125101805+0j)
0.023881180035433255	0.0005703107598847759	1.018715280721727e-05	0.000579402328226202	0.0	(0.000579402328226202+0j)
0.024802560409188133	0.0006151670028514266	1.0986344611152444e-05	0.0006250281334321448	0.0	(0.0006250281334321448+0j)
0.025749968570627883	0.0006630608813883238	1.1839327669638245e-05	0.0006737455223483267	0.0	(0.0006737455223483267+0j)
0.02672393640931522	0.0007141687772091237	1.274917677549503e-05	0.0007257340218237854	0.0	(0.0007257340218237854+0j)
0.02772500574973721	0.0007686759438229613	1.3719114844057412e-05	0.0007811821819731359	0.0	(0.0007811821819731359+0j)
0.028753728598301782	0.0008267769083047978	1.475251883034101e-05	0.0008402879837750852	0.0	(0.0008402879837750852+0j)
0.029810667396585683	0.0008886758906298567	1.5852925820369902e-05	0.0009032592643857789	0.0	(0.0009032592643857789+0j)
0.030896395281024336	0.0009545872413613028	1.7024039295365778e-05	0.0009703141609176415	0.0	(0.0009703141609176415+0j)
0.032011496349239346	0.001024735898517364	1.8269735569223513e-05	0.0010416815735624246	0.0	(0.0010416815735624246+0j)
0.033156565933206816	0.0010993578644830908	1.9594070396150578e-05	0.0011176016488666876	0.0	(0.0011176016488666876+0j)
0.03433221087947522	0.0011787007038727565	2.1001285746272138e-05	0.0011983262840836574	0.0	(0.0011983262840836574+0j)
0.035539049836649024	0.001263024063291823	2.2495816745954357e-05	0.0012841196535555166	0.0	(0.0012841196535555166+0j)
0.03677771355036136	0.0013526002139924334	2.4082298777350355e-05	0.0013752587580760178	0.0	(0.0013752587580760178+0j)
0.038048845165965975	0.0014477146184636524	2.576557473134844e-05	0.001472033998295245	0.0	(0.001472033998295245+0j)
0.03935310053918671	0.0015486665220473374	2.7550702406503592e-05	0.0015747497732628358	0.0	(0.0015747497732628358+0j)
0.040691148554970594	0.0016557695707226853	2.944296204530905e-05	0.0016837251051782646	0.0	(0.0016837251051782646+0j)
0.04206367145479865	0.0017693524562572426	3.144786399631727e-05	0.0017992942916058574	0.0	(0.0017992942916058574+0j)
0.04347136517271722	0.0018897595899797317	3.357115649059439e-05	0.0019218075863677122	0.0	(0.0019218075863677122+0j)
0.04491493968036148	0.0020173518064905104	3.581883351722048e-05	0.002051631910382111	0.0	(0.002051631910382111+0j)
0.04639511934125177	0.0021525070986889937	3.819714278137376e-05	0.002189151593893972	0.0	(0.002189151593893972+0j)
0.04791264327465291	0.0022956213855641425	4.071259372588898e-05	0.002334769151434014	0.0	(0.002334769151434014+0j)
0.049468265729297044	0.0024471093142643444	4.337196559392048e-05	0.0024889060910718757	0.0	(0.0024889060910718757+0j)
0.05106275646727974	0.0026074050980367186	4.6182315508379316e-05	0.002652003759490703	0.0	(0.002652003759490703+0j)
0.052696901158450896	0.002776963391703543	4.9150986539804596e-05	0.0028245242245741836	0.0	(0.0028245242245741836+0j)
0.05437150178563229	0.0029562602064250156	5.228561573128177e-05	0.003006951197183368	0.0	(0.003006951197183368+0j)
0.05608737706100519	0.003145793865583371	5.559414204524826e-05	0.0031997909939564728	0.0	(0.0031997909939564728+0j)
0.05784536285402355	0.0033460860037136477	5.908481419274331e-05	0.003403573543051417	0.0	(0.003403573543051417+0j)
0.059646312631220576	0.003557682610501303	6.276619830153652e-05	0.003618853434773506	0.0	(0.003618853434773506+0j)
0.06149109790828906	0.003781155121966791	6.66471853747741e-05	0.0038462110191924163	0.0	(0.0038462110191924163+0j)
0.06338060871482991	0.004017101561062373	7.07369984863357e-05	0.004086253552993688	0.0	(0.004086253552993688+0j)
0.06531575407217595	0.004266147730016969	7.504519965429238e-05	0.004339616397752992	0.0	(0.004339616397752992+0j)
0.06729746248471398	0.004528948456881485	7.958169632738057e-05	0.004606964272119433	0.0	(0.004606964272119433+0j)
0.06932668244514165	0.004806188898849511	8.435674741339855e-05	0.004888992560468231	0.0	(0.004888992560468231+0j)
0.07140438295411211	0.005098585905057496	8.938096877173785e-05	0.005186428680498992	0.0	(0.005186428680498992+0j)
0.0735315540547355	0.00540688944170449	9.466533808515503e-05	0.005500033512748582	0.0	(0.005500033512748582+0j)
0.07570920738242252	0.005731884082474661	0.00010022119901818284	0.005830602894892435	0.0	(0.005830602894892435+0j)
0.07793837673057366	0.0060743905673968255	0.00010606026456191076	0.00617896918377711	0.0	(0.00617896918377711+0j)
0.0802201186326351	0.00643526743343405	0.00011219461945606025	0.006546002888477663	0.0	(0.006546002888477663+0j)
0.08255551296106181	0.0068154127202640444	0.00011863672157074179	0.006932614377751562	0.0	(0.006932614377751562+0j)
0.08494566354374737	0.007215765754887531	0.00012539940212088972	0.0073397556654262825	0.0	(0.0073397556654262825+0j)
0.08739169879850106	0.007637309018887932	0.0001324958645766837	0.0077684222772378565	0.0	(0.0077684222772378565+0j)
0.08989477238617372	0.008081070102361981	0.00013993968212337138	0.008219655203344467	0.0	(0.008219655203344467+0j)
0.09245606388305627	0.008548123748747782	0.00014774479351340188	0.008694542940281704	0.0	(0.008694542940281704+0j)
0.09507677947319713	0.00903959399499496	0.00015592549714331695	0.009194223626691056	0.0	(0.009194223626691056+0j)
0.09775815266131012	0.009556656411752015	0.00016449644317689875	0.009719887277497764	0.0	(0.009719887277497764+0j)
0.10050144500696728	0.010100540448488468	0.00017347262352515673	0.010272778121024416	0.0	(0.010272778121024416+0j)
0.10330794688080004	0.010672531888726203	0.00018286935948275823	0.01085419704414126	0.0	(0.01085419704414126+0j)
0.10617897824345514	0.011273975420824119	0.0001927022868095058	0.011465504150586952	0.0	(0.011465504150586952+0j)
0.10911588944808466	0.011906277330046634	0.0002029873380348983	0.012108121437985462	0.0	(0.012108121437985462+0j)
0.11212006206717451	0.012570908317947065	0.00021374072175328677	0.012783535599344354	0.0	(0.012783535599344354+0j)
0.11519290974454892	0.013269406455415793	0.00022497889866754072	0.013493300955057862	0.0	(0.013493300955057862+0j)
0.11833587907341994	0.014003380276079067	0.000236718554130063	0.01423904252172956	0.0	(0.01423904252172956+0j)
0.12155045050138329	0.014774512017089228	0.00024897656692199517	0.015022459224938067	0.0	(0.015022459224938067+0j)
0.12483813926329666	0.015584561014722251	0.00026176997400484127	0.015845327262476727	0.0	(0.015845327262476727+0j)
0.12820049634301459	0.016435367262595296	0.00027511593097366614	0.01670950362602995	0.0	(0.01670950362602995+0j)
0.1316391094649878	0.017328855140735042	0.0002890316679379199	0.01761692978900943	0.0	(0.01761692978900943+0j)
0.13515560411677824	0.018267037324171283	0.0003035344405553007	0.018569635568992278	0.0	(0.018569635568992278+0j)
0.1387516446035787	0.01925201888019781	0.0003186414759461215	0.019569743173330854	0.0	(0.019569743173330854+0j)
0.14242893513587063	0.020286001563938044	0.00033436991322114264	0.02061947143775283	0.0	(0.02061947143775283+0j)
0.14618922095139725	0.021371288322376444	0.00035073673836497673	0.021721140267293042	0.0	(0.021721140267293042+0j)
0.1500342894726754	0.022510288017570552	0.00036775871323094163	0.022877175290066394	0.0	(0.022877175290066394+0j)
0.15396597150131844	0.0237055203803448	0.0003854522984218416	0.024090112735262466	0.0	(0.024090112735262466+0j)
0.1579861424504933	0.024959621206387565	0.0004038335698555524	0.02536260454645184	0.0	(0.02536260454645184+0j)
0.16209672361688598	0.02627534780732912	0.0004229181288450179	0.026697423743058616	0.0	(0.026697423743058616+0j)
0.1662996834936075	0.02765558473007403	0.00044272100556014916	0.0280974700424658	0.0	(0.0280974700424658+0j)
0.17059703912552715	0.02910334975839664	0.00046325655578480777	0.029565775757208056	0.0	(0.029565775757208056+0j)
0.17499085750858182	0.030621800211588786	0.00048453835093634543	0.031105511981674244	0.0	(0.031105511981674244+0j)
0.17948325703467147	0.032214239555773946	0.0005065790613789583	0.032719995083697655	0.0	(0.032719995083697655+0j)
0.18407640898381836	0.033884124344377965	0.0005293903331357819	0.034412693517840855	0.0	(0.034412693517840855+0j)
0.18877253906533345	0.035635071505172845	0.00055298265818935	0.03618723497856309	0.0	(0.03618723497856309+0j)
0.19357392900980788	0.03747086599229414	0.0005773652386559732	0.03804741391044126	0.0	(0.03804741391044126+0j)
0.19848291821381936	0.0393954688226737	0.0006025458452275126	0.039997199397467376	0.0	(0.039997199397467376+0j)
0.2035019054393242	0.04141302551743565	0.0006285306703942763	0.04204074345116617	0.0	(0.04204074345116617+0j)
0.20863335056978574	0.043527874969975115	0.0006553241770955086	0.04418238971992943	0.0	(0.04418238971992943+0j)
0.21387977642517536	0.045744558763682996	0.0006829289435891186	0.04642668264572799	0.0	(0.04642668264572799+0j)
0.21924377063807438	0.048067830963600566	0.0007113455054897773	0.04877837709052493	0.0	(0.04877837709052493+0j)
0.22472798759319407	0.05050266840768679	0.0007405721960934094	0.05124244846301927	0.0	(0.05124244846301927+0j)
0.23033515043273323	0.053054281524869844	0.0007706049862856199	0.05382410337056787	0.0	(0.05382410337056787+0j)
0.2360680531300946	0.05572812570863317	0.0008014373255201088	0.05652879083028121	0.0	(0.05652879083028121+0j)
0.24192956263458582	0.058529913276561985	0.0008330599855485887	0.059362214069903406	0.0	(0.059362214069903406+0j)
0.24792262108984528	0.061465626048059	0.0008654609087836669	0.06233034295211881	0.0	(0.06233034295211881+0j)
0.2540502481288529	0.06454152857433174	0.0008986250633771272	0.06543942706002036	0.0	(0.06543942706002036+0j)
0.2603155432485035	0.06776418205676349	0.0009325343072941689	0.06869600948035044	0.0	(0.06869600948035044+0j)
0.2667216882668555	0.07114045899192165	0.0009671672638546343	0.07210694132740512	0.0	(0.07210694132740512+0j)
0.27327194986629844	0.07467755858372872	0.00100249921138953	0.0756793970470082	0.0	(0.0756793970470082+0j)
0.2799696822260281	0.07838302296574315	0.0010385019898188066	0.0794208905490149	0.0	(0.0794208905490149+0j)
0.28681832974736315	0.08226475427906714	0.0010751439270872672	0.08333929221793071	0.0	(0.08333929221793071+0j)
0.2938214298755963	0.08633103265413994	0.001112389788491703	0.08744284684440284	0.0	(0.08744284684440284+0j)
0.30098261602223375	0.0905905351475874	0.0011502007519852149	0.09174019254536389	0.0	(0.09174019254536389+0j)
0.3083056205916502	0.09505235568840255	0.0011885344125451354	0.09624038071416963	0.0	(0.09624038071416963+0j)
0.3157942781163639	0.0997260260910354	0.0012273448186294617	0.10095289707521643	0.0	(0.10095289707521643+0j)
0.32345252850532874	0.1046215381964905	0.0012665825436137237	0.10588768389707119	0.0	(0.10588768389707119+0j)
0.3312844204098322	0.10974936720627844	0.001306194794886371	0.11105516343824758	0.0	(0.11105516343824758+0j)
0.3392941147118041	0.11512049627806688	0.0013461255629774495	0.11646626269232055	0.0	(0.11646626269232055+0j)
0.34748588813954967	0.12074644245613163	0.0013863158126948862	0.12213243951066087	0.0	(0.12213243951066087+0j)
0.3558641370161595	0.12663928401425592	0.0014267037177392954	0.12806571017935747	0.0	(0.12806571017935747+0j)
0.3644333811460802	0.13281168929356416	0.0014672249396580667	0.13427867853730552	0.0	(0.13427867853730552+0j)
0.3731982678455901	0.13927694712294883	0.0015078129512820038	0.14078456671988127	0.0	(0.14078456671988127+0j)
0.38216357612318463	0.14604899891526113	0.0015483994039656398	0.14759724762311432	0.0	(0.14759724762311432+0j)
0.39133422101615867	0.15314247253832372	0.001588914537032787	0.15473127918537788	0.0	(0.15473127918537788+0j)
0.4007152580899652	0.16057271806610743	0.0016292876268238035	0.16220194058825935	0.0	(0.16220194058825935+0j)
0.41031188810723823	0.1683558455221268	0.0016694474716679672	0.1700252704843801	0.0	(0.1700252704843801+0j)
0.4201294618736933	0.17650876473427912	0.0017093229079864455	0.1782181073752777	0.0	(0.1782181073752777+0j)
0.4301734852684612	0.18504922742801502	0.0017488433515978822	0.18679813224145222	0.0	(0.18679813224145222+0j)
0.4404496244667679	0.19399587169291685	0.0017879393571847168	0.19578391357321442	0.0	(0.19578391357321442+0j)
0.45096371136325314	0.2033682689665195	0.0018265431878245382	0.20519495492580037	0.0	(0.20519495492580037+0j)
0.4617217492046207	0.21318697368857467	0.00186458938554215	0.21505174514233796	0.0	(0.21505174514233796+0j)
0.47272991844072854	0.22347357578897786	0.0019020153330429116	0.22537581141004248	0.0	(0.22537581141004248+0j)
0.4839945828036719	0.23425075618330043	0.0019387617961960685	0.23618977529614738	0.0	(0.23618977529614738+0j)
0.49552229562487815	0.24554234546134915	0.001974773436497027	0.2475174119496105	0.0	(0.2475174119496105+0j)
0.5073198064007199	0.257373385966464	0.002009999282695073	0.25938371265371724	0.0	(0.25938371265371724+0j)
0.5193940676176739	0.2697701974764328	0.0020443931510663008	0.27181495092684604	0.0	(0.27181495092684604+0j)
0.5317522418485942	0.28276044671100575	0.0020779140044688868	0.28483875238962625	0.0	(0.28483875238962625+0j)
0.5444017091322467	0.29637322090611135	0.0021105262413541577	0.2984841686272955	0.0	(0.2984841686272955+0j)
0.5573500746488577	0.3106391057110872	0.002142199907320501	0.31278175529806695	0.0	(0.31278175529806695+0j)
0.5706051767050645	0.3255902676826179	0.0021729108235671387	0.32776365475498864	0.0	(0.32776365475498864+0j)
0.584175095042342	0.3412605416677293	0.002202640628689329	0.3434636834709317	0.0	(0.3434636834709317+0j)
0.598068159483679	0.35768552338819526	0.0022313767325922054	0.3599174245752226	0.0	(0.3599174245752226+0j)
0.6122929589340428	0.3749026675602054	0.0022591121838033195	0.3771623258382537	0.0	(0.3771623258382537+0j)
0.6268583507509564	0.3929513919062091	0.0022858454540317127	0.39523780347028337	0.0	(0.39523780347028337+0j)
0.6417734705023628	0.4118731874406471	0.002311580146338312	0.4141853521133538	0.0	(0.4141853521133538+0j)
0.6570477421298259	0.43171173543790214	0.0023363246356250377	0.434048661444272	0.0	(0.434048661444272+0j)
0.6726908885360721	0.4525130315194501	0.002360091652194868	0.45487373985352275	0.0	(0.45487373985352275+0j)
0.6887129426168537	0.4743255173279656	0.0023828978207673683	0.4767090456466856	0.0	(0.4767090456466856+0j)
0.7051242587581799	0.4972002202892726	0.002404763168457015	0.49960562632527805	0.0	(0.49960562632527805+0j)
0.721935524821055	0.5211909019986521	0.002425710615764305	0.5236172664520985	0.0	(0.5236172664520985+0j)
0.7391577746370641	0.5463542158064169	0.0024457654645557115	0.5488006447318855	0.0	(0.5488006447318855+0j)
0.7568024010393578	0.572749874218937	0.00246495489631994	0.5752155009072162	0.0	(0.5752155009072162+0j)
0.7748811694549418	0.6004408267758582	0.0024833074927281514	0.602924813153922	0.0	(0.602924813153922+0j)
0.7934062320855423	0.6294934491121774	0.0025008527887771487	0.6319949866991227	0.0	(0.6319949866991227+0j)
0.8123901427058198	0.6599777439655822	0.0025176208666737054	0.662496054419103	0.0	(0.662496054419103+0j)
0.8318458721092578	0.6919675549452116	0.0025336419962667315	0.6945018902513147	0.0	(0.6945018902513147+0j)
0.8517868242337273	0.7255407939381787	0.0025489463254064516	0.7280904362869175	0.0	(0.7280904362869175+0j)
0.8722268530004768	0.7607796830951152	0.0025635636212607655	0.763343944500356	0.0	(0.763343944500356+0j)
0.8931802799021815	0.7977710124061393	0.0025775230614886757	0.8003492341146118	0.0	(0.8003492341146118+0j)
0.9146619123776685	0.8366064139543736	0.00259085307237344	0.8391979656936859	0.0	(0.8391979656936859+0j)
0.9366870630130316	0.877382654015979	0.0026035812096325446	0.8799869331221305	0.0	(0.8799869331221305+0j)
0.9592715696111017	0.9202019442641468	0.0026157340766859234	0.922818374728411	0.0	(0.922818374728411+0j)
0.9824318161736062	0.9651722734301703	0.002627337274675269	0.9678003048945275	0.0	(0.9678003048945275+0j)
1.0061847548428828	1.0124077608782323	0.002638415378446339	1.0150468676075683	0.0	(1.0150468676075683+0j)
1.0305479288526944	1.0620290336625782	0.0026489919329649105	1.064678713513194	0.0	(1.064678713513194+0j)
1.0555394965405518	1.1141636287570815	0.0026590894651497164	1.1168234021565546	0.0	(1.1168234021565546+0j)
1.0811782564769803	1.168946422278603	0.0026687295067801824	1.1716158312287603	0.0	(1.1716158312287603+0j)
1.1074836737704155	1.226520087668016	0.002677932624885638	1.229198694778589	0.0	(1.229198694778589+0j)
1.1344759076098252	1.2870355849471367	0.0026867184567710644	1.289722972503645	0.0	(1.289722972503645+0j)
1.1621758401108537	1.3506526833373687	0.002695105747526189	1.3533484524075998	0.0	(1.3533484524075998+0j)
1.1906051065351553	1.4175405197075885	0.0027031123884636164	1.420244289285307	0.0	(1.420244289285307+0j)
1.2197861269567585	1.4878781955161693	0.0027107554554207606	1.49058960170447	0.0	(1.49058960170447+0j)
1.249742139453741	1.5618554151264137	0.002718051246238356	1.5645741103576856	0.0	(1.5645741103576856+0j)
1.2804972349081958	1.6396731686075352	0.002725015317005257	1.6423988209001108	0.0	(1.6423988209001108+0j)
1.3120763935025515	1.7215444623866623	0.002731662516851412	1.724276754635558	0.0	(1.724276754635558+0j)
1.3445055230056484	1.807695101392692	0.0027380070211970057	1.8104337306952658	0.0	(1.8104337306952658+0j)
1.3778114989477563	1.8983645266326632	0.002744062363443595	1.9011092036442594	0.0	(1.9011092036442594+0j)
1.4120222067898245	1.9938067124676058	0.002749841465137791	1.9965571607889245	0.0	(1.9965571607889245+0j)
1.4471665861988359	2.0942911282103926	0.0027553566646615225	2.097047083802031	0.0	(2.097047083802031+0j)
1.4832746775481236	2.20010376905549	0.002760619744513506	2.2028649796813027	0.0	(2.2028649796813027+0j)
1.5203776707690226	2.3115482617730385	0.002765641957249892	2.3143144864686347	0.0	(2.3143144864686347+0j)
1.5585079566882198	2.42894705106049	0.0027704340501516224	2.4317180596266668	0.0	(2.4317180596266668+0j)
1.5976991809937733	2.5526426729481737	0.00277500628868382	2.55541824546806	0.0	(2.55541824546806+0j)
1.6379863009819313	2.6829991222044702	0.002779368478809517	2.6857790485827486	0.0	(2.6857790485827486+0j)
1.6794056452467305	2.8204033212865873	0.0027835299882168927	2.8231874008102427	0.0	(2.8231874008102427+0j)
1.7219949764848979	2.965266699039224	0.0027874997665160014	2.968054739958267	0.0	(2.968054739958267+0j)
1.7657935575998587	3.1180268880611655	0.0027912863644579573	3.1208187071890587	0.0	(3.1208187071890587+0j)
1.8108422213008069	3.2791495504456405	0.0027948979522266597	3.2819449727774606	0.0	(3.2819449727774606+0j)
1.8571834434057672	3.449130342460503	0.0027983423368504235	3.4519292008093037	0.0	(3.4519292008093037+0j)
1.9048614200715395	3.628497029676962	0.0028016269787783095	3.631299164326029	0.0	(3.631299164326029+0j)
1.9539221491884349	3.8178117650891523	0.0028047590076635447	3.820617023460653	0.0	(3.820617023460653+0j)
2.004413516193774	4.017673543900289	0.0028077452373941273	4.020481780238768	0.0	(4.020481780238768+0j)
2.056385384575469	4.228720849895599	0.002810592180408578	4.231531924965614	0.0	(4.231531924965614+0j)
2.109889691355602	4.451634509688637	0.0028133060613327516	4.4544482904866545	0.0	(4.4544482904866545+0j)
2.1649805478639736	4.687140772629392	0.002815892829971732	4.689957132108036	0.0	(4.689957132108036+0j)
2.221714346133128	4.936014635813752	0.002818358173689011	4.9388334526191295	0.0	(4.9388334526191295+0j)
2.280149871269615	5.1990834354508415	0.0028207075292034584	5.201904593670863	0.0	(5.201904593670863+0j)
2.340348420181257	5.477230727844906	0.0028229460938329763	5.480054116769894	0.0	(5.480054116769894+0j)
2.4023739270672144	5.771400485452349	0.002825078836212222	5.774225999345704	0.0	(5.774225999345704+0j)
2.4662930961066483	6.082601635903317	0.0028271105065103296	6.085429173782575	0.0	(6.085429173782575+0j)
2.53217554181336	6.411912974557783	0.002829045646173239	6.414742439985648	0.0	(6.414742439985648+0j)
2.600093937557491	6.760488484123218	0.002830888597213925	6.763319785007395	0.0	(6.763319785007395+0j)
2.6701241727922507	7.129563098129501	0.0028326435110726388	7.132396146532176	0.0	(7.132396146532176+0j)
2.742345519563008	7.520458948667304	0.002834314357068113	7.5232936606225405	0.0	(7.5232936606225405+0j)
2.8168408089191725	7.934592142792418	0.0028359049304596175	7.9374284381317635	0.0	(7.9374284381317635+0j)
2.8936966178954187	8.373480116419385	0.0028374188601387133	8.37631791860517	0.0	(8.37631791860517+0j)
2.9730034677792423	8.8387496194274	0.0028388596159686025	8.841588855393633	0.0	(8.841588855393633+0j)
3.0548560344360047	9.332145391130073	0.0028402305157880533	9.334985991130045	0.0	(9.334985991130045+0j)
3.139353371521828	9.855539591285467	0.002841534732096008	9.85838148874623	0.0	(9.85838148874623+0j)
3.2265991474784026	10.410942058508354	0.0028427752984321753	10.413785189891598	0.0	(10.413785189891598+0j)
3.31670189727347	11.000511475377435	0.002843955115468132	11.00335578004643	0.0	(11.00335578004643+0j)
3.409775289925844	11.626567527788874	0.002845076956822715	11.629412947881148	0.0	(11.629412947881148+0j)
3.505938412936072	12.291604155300703	0.0028461434746148155	12.294450635606443	0.0	(12.294450635606443+0j)
3.6053160748326105	12.998303999446422	0.0028471572047659996	13.001151487292136	0.0	(13.001151487292136+0j)
3.708039127140636	13.74955416840589	0.002848120572064787	13.752402613543133	0.0	(13.752402613543133+0j)
3.814244807185861	14.548463449144304	0.002849035895003815	14.551312803643262	0.0	(14.551312803643262+0j)
3.9240771032610224	15.398381112337416	0.0028499053904005533	15.401231330484489	0.0	(15.401231330484489+0j)
4.037687143807751	16.30291747127039	0.0028507311778117237	16.305768509470244	0.0	(16.305768509470244+0j)
4.15523361240365	17.26596637364909	0.002851515283751061	17.26881819032984	0.0	(17.26881819032984+0j)
4.276883190493413	18.291729825125113	0.002852259645719583	18.294582380645657	0.0	(18.294582380645657+0j)
4.402811029966271	19.384744965592656	0.0028529661160570916	19.387598222152175	0.0	(19.387598222152175+0j)
4.533201257860082	20.549913644264226	0.0028536364656231894	20.552767565811454	0.0	(20.552767565811454+0j)
4.6682475156679075	21.79253486753959	0.0028542723873157074	21.795389419681165	0.0	(21.795389419681165+0j)
4.808153535936197	23.118340425135752	0.0028548754994340347	23.121195575042886	0.0	(23.121195575042886+0j)
4.953133759078175	24.53353403531989	0.0028554473488944985	24.536389751633468	0.0	(24.536389751633468+0j)
5.103413993582461	26.04483438989329	0.0028559894143045817	26.047690642626883	0.0	(26.047690642626883+0j)
5.259232123078992	27.659522524425963	0.0028565031089024416	27.662379284871278	0.0	(27.662379284871278+0j)
5.420838864033355	29.385493989814435	0.002856989783367889	29.38835123045053	0.0	(29.38835123045053+0j)
5.588498578181307	31.23131635833449	0.002857450728510679	31.234174052746607	0.0	(31.234174052746607+0j)
5.762490144188762	33.20629266187262	0.002857887177841695	33.20915078468523	0.0	(33.20915078468523+0j)
5.943107893435154	35.32053143301123	0.0028583003100323377	35.32338995984126	0.0	(35.32338995984126+0j)
6.130662615271313	37.585024102285296	0.0028586912512671733	37.58788300971707	0.0	(37.58788300971707+0j)
6.325482637604348	40.01173059863406	0.0028590610774946656	40.0145898642196	0.0	(40.0145898642196+0j)
6.5279149892138815	42.61367410640327	0.0028594108165805737	42.61653370868411	0.0	(42.61653370868411+0j)
6.738326650815264	45.40504605308725	0.002859741450368394	45.407905971636076	0.0	(45.407905971636076+0j)
6.957105902559871	48.401322539433394	0.002860053916651015	48.404182754906955	0.0	(48.404182754906955+0j)
7.1846637764105	51.619393580065186	0.00286034911105755	51.62225407425904	0.0	(51.62225407425904+0j)
7.421435622657183	55.07770670124501	0.002860627888859136	55.08056745714197	0.0	(55.08056745714197+0j)
7.667882800757656	58.796426646155076	0.0028608910666973082	58.79928764795703	0.0	(58.79928764795703+0j)
7.92449450570503	62.797613170949205	0.0028611394242383887	62.800474404083594	0.0	(62.800474404083594+0j)
8.191789742258713	67.10541918137507	0.0028613737057571666	67.10828063246902	0.0	(67.10828063246902+0j)
8.470319460633334	71.74631176518378	0.0028615946216530015	71.74917342200449	0.0	(71.74917342200449+0j)
8.760668868643995	76.74931902602805	0.0028618028499013313	76.75218087738581	0.0	(76.75218087738581+0j)
9.0634599368687	82.14630602722397	0.0028619990374434265	82.14916806284779	0.0	(82.14916806284779+0j)
9.379354115134207	87.97228361708498	0.002862183801517113	87.97514582747468	0.0	(87.97514582747468+0j)
9.70905528057937	94.26575444134616	0.00286235773093104	94.26861681761773	0.0	(94.26861681761773+0j)
10.053312939730441	101.06910106415152	0.0028625213872849778	101.07196359788695	0.0	(101.07196359788695+0j)
10.412925709461692	108.42902183076829	0.0028626753061384946	108.43188451388755	0.0	(108.43188451388755+0j)
10.788745104450985	116.3970209288151	0.002862819998130263	116.39988375348284	0.0	(116.39988375348284+0j)
11.181679661808277	125.02996005929685	0.0028629559500501435	125.03282301786537	0.0	(125.03282301786537+0j)
11.592699437005214	134.390680236741	0.0028630836258661052	134.39354332173437	0.0	(134.39354332173437+0j)
12.022840909112986	144.54870352584078	0.002863203467707922	144.551566729968	0.0	(144.551566729968+0j)
12.473212337728176	155.5810260220544	0.0028633158968095285	155.58388933824267	0.0	(155.58388933824267+0j)
12.944999618894892	167.5730151331889	0.0028634213144118205	167.57587855461927	0.0	(167.57587855461927+0j)
13.4394726929019	180.61942626325583	0.0028635201026275888	180.62228978339965	0.0	(180.62228978339965+0j)
13.95799256312947	194.82555639237756	0.0028636126252702338	194.82842000501512	0.0	(194.82842000501512+0j)
14.502018992255339	210.30855485173456	0.0028636992286478003	210.3114185509668	0.0	(210.3114185509668+0j)
15.073118950217209	227.19891488739714	0.0028637802423238275	227.20177866763964	0.0	(227.20177866763964+0j)
15.672975897519757	245.64217348423523	0.0028638559798464273	245.6450373402155	0.0	(245.6450373402155+0j)
16.30339999792458	265.8008514923272	0.00286392673944695	265.8037154190662	0.0	(265.8037154190662+0j)
16.966339366471665	287.8566714982861	0.0028639928047095296	287.8595354910907	0.0	(287.8595354910907+0j)
17.663892472366342	312.0130972753203	0.0028640544452127542	312.0159613297651	0.0	(312.0159613297651+0j)
18.398321831796846	338.49824622637243	0.002864111917144634	338.5011103382914	0.0	(338.5011103382914+0j)
19.172069143522997	367.5682352440266	0.002864165463892007	367.57109940949135	0.0	(367.57109940949135+0j)
19.987772040461227	399.51103114144354	0.0028642153166054595	399.51389535676	0.0	(399.51389535676+0j)
20.84828265390689	434.6508896171949	0.002864261694740797	434.65375387889094	0.0	(434.65375387889094+0j)
21.756688213976226	473.353482040172	0.0028643048065780494	473.3563463449789	0.0	(473.3563463449789+0j)
22.716333940912474	516.031827715052	0.002864344849718964	516.0346920599019	0.0	(516.0346920599019+0j)
23.73084851776959	563.1531713733272	0.0028643820115638783	563.1560357553379	0.0	(563.1560357553379+0j)
24.804172476499513	615.2469722439359	0.002864416469768851	615.249836660406	0.0	(615.249836660406+0j)
25.940589877590973	672.9142031973753	0.00286444839268386	672.9170676457662	0.0	(672.9170676457662+0j)
27.14476371932338	736.8381973778947	0.0028644779397728765	736.841061855834	0.0	(736.841061855834+0j)
28.421775577784274	807.7973269939346	0.0028645052620165567	807.800191499196	0.0	(807.800191499196+0j)
29.777170054741106	886.6798564689705	0.0028645305022982816	886.6827209994723	0.0	(886.6827209994723+0j)
31.217004699239933	974.5013823923681	0.002864553795774238	974.5042469461633	0.0	(974.5042469461633+0j)
32.747906172853575	1072.4253587060214	0.0028645752702281934	1072.4282232812911	0.0	(1072.4282232812911+0j)
34.37713355070611	1181.7873111630838	0.002864595046411614	1181.7901757581292	0.0	(1181.7901757581292+0j)
36.1126497942929	1304.123475165243	0.0028646132383697127	1304.1263397784824	0.0	(1304.1263397784824+0j)
37.963202601939585	1441.2047517959124	0.002864629953754024	1441.2076164258608	0.0	(1441.2076164258608+0j)
39.93841604370705	1595.0770760802368	0.0028646452941220512	1595.0799407255342	0.0	(1595.0799407255342+0j)
42.0488946259587	1768.1095392649786	0.0028646593552245202	1768.112403924335	0.0	(1768.112403924335+0j)
44.3063417144323	1963.0519161160437	0.0028646722272807437	1963.0547807882667	0.0	(1963.0547807882667+0j)
46.7236945829899	2183.1036354845196	0.002864683995242592	2183.10650016852	0.0	(2183.10650016852+0j)
49.31527876000004	2431.9967191765113	0.0028646947390475264	2431.9995838712584	0.0	(2431.9995838712584+0j)
52.09698483000059	2714.095828377312	0.0028647045338611415	2714.098693081856	0.0	(2714.098693081856+0j)
55.08647143290039	3034.5193349277506	0.0028647134503096525	3034.52219964121	0.0	(3034.52219964121+0j)
58.30339890885323	3399.2863243248685	0.0028647215547027206	3399.2891890464252	0.0	(3399.2891890464252+0j)
61.76969889208737	3815.4957012191394	0.0028647289092470227	3815.498565948056	0.0	(3815.498565948056+0j)
65.5098861964565	4291.545189472683	0.0028647355722509283	4291.548054208258	0.0	(4291.548054208258+0j)
69.5514206035539	4837.400107972461	0.002864741598320644	4837.402972714071	0.0	(4837.402972714071+0j)
73.92512771679691	5464.924507944735	0.0028647470385481746	5464.927372691782	0.0	(5464.927372691782+0j)
78.66568995306919	6188.290775792411	0.002864751940691417	6188.293640544372	0.0	(6188.293640544372+0j)
83.81222109797599	7024.488405376012	0.0028647563493467147	7024.491270132371	0.0	(7024.491270132371+0j)
89.40894076792034	7993.958689241488	0.0028647603061141597	7993.961554001794	0.0	(7993.961554001794+0j)
95.50596875190209	9121.390067239297	0.00286476384975594	9121.392932003148	0.0	(9121.392932003148+0j)
102.16026374241683	10436.719487920167	0.0028647670163480026	10436.722352687184	0.0	(10436.722352687184+0j)
109.43673666083288	11976.399330972483	0.002864769839425295	11976.402195742323	0.0	(11976.402195742323+0j)
117.40957596921426	13785.008529270695	0.002864772350120837	13785.011394043046	0.0	(13785.011394043046+0j)
126.1638314734695	15917.312372066013	0.002864774577298873	15917.31523684059	0.0	(15917.31523684059+0j)
135.79731473932583	18440.910690411518	0.0028647765476823147	18440.913555188064	0.0	(18440.913555188064+0j)
146.42288913233602	21439.662461860367	0.0028647782859747215	21439.665326638653	0.0	(21439.665326638653+0j)
158.1712416884214	25018.14169725701	0.002864779814977003	25018.144562036825	0.0	(25018.144562036825+0j)
171.19425391683407	29307.47257414146	0.00286478115569907	29307.475438922615	0.0	(29307.475438922615+0j)
185.66912113051106	34473.02254137639	0.0028647823274666013	34473.02540615872	0.0	(34473.02540615872+0j)
201.80341259064414	40724.61733322975	0.0028647833480231386	40724.62019801309	0.0	(40724.62019801309+0j)
219.84132123719695	48330.206523316425	0.0028647842336276584	48330.20938810066	0.0	(48330.20938810066+0j)
240.07142706246006	57634.290091806084	0.002864784999147809	57634.29295659108	0.0	(57634.29295659108+0j)
262.836399308869	69082.97280165122	0.002864785658148966	69082.97566643688	0.0	(69082.97566643688+0j)
288.5451996188469	83258.3322230802	0.0028647862229792555	83258.33508786642	0.0	(83258.33508786642+0j)
317.6885353347575	100926.00548314345	0.0028647867048506998	100926.00834793015	0.0	(100926.00834793015+0j)
350.858570038611	123101.7361695389	0.0028647871139166198	123101.739034326	0.0	(123101.739034326+0j)
388.77425741880654	151145.42323154447	0.0028647874593454303	151145.42609633194	0.0	(151145.42609633194+0j)
432.3141694833717	186895.54113609742	0.0028647877493909496	186895.5440008852	0.0	(186895.5440008852+0j)
482.5594081882106	232863.58243095607	0.002864787991459354	232863.58529574407	0.0	(232863.58529574407+0j)
540.8502227281518	292518.96342509147	0.0028647881921728836	292518.96628987964	0.0	(292518.96628987964+0j)
608.861460144658	370712.27764948504	0.0028647883574304104	370712.2805142734	0.0	(370712.2805142734+0j)
688.7042001214068	474313.47526486666	0.0028647884924649803	474313.4781296552	0.0	(474313.4781296552+0j)
783.0642560322963	613189.6290754137	0.002864788601898418	613189.6319402023	0.0	(613189.6319402023+0j)
895.3932941925091	801729.1512849131	0.00286478868979309	801729.1541497017	0.0	(801729.1541497017+0j)
1030.1761707171554	1061262.9427134618	0.002864788759700926	1061262.9455782506	0.0	(1061262.9455782506+0j)
1193.310456657072	1423989.84596711	0.0028647888147097676	1423989.8488318988	0.0	(1423989.8488318988+0j)
1392.6540178654614	1939485.2134768127	0.002864788857487132	1939485.2163416015	0.0	(1939485.2163416015+0j)
1638.829218206556	2685761.206447512	0.002864788890321467	2685761.2093123007	0.0	(2685761.2093123007+0j)
1946.4273685286264	3788579.5009572734	0.0028647889151609636	3788579.503822062	0.0	(3788579.503822062+0j)
2335.8522065964303	5456205.531061413	0.0028647889336499946	5456205.533926202	0.0	(5456205.533926202+0j)
2836.2105753037786	8044090.427464991	0.002864788947163248	8044090.43032978	0.0	(8044090.43032978+0j)
3489.969969937625	12179890.391066428	0.002864788956837599	12179890.393931217	0.0	(12179890.393931217+0j)
4360.696925764805	19015677.678374622	0.0028647889636017917	19015677.68123941	0.0	(19015677.68123941+0j)
5546.372188325968	30762244.451435786	0.002864788968203973	30762244.454300575	0.0	(30762244.454300575+0j)
7203.243728879368	51886720.217639945	0.0028647889712371264	51886720.22050473	0.0	(51886720.22050473+0j)
9590.609764578987	91979795.65643781	0.002864788973162448	91979795.6593026	0.0	(91979795.6593026+0j)
13159.681857015545	173177226.57786408	0.002864788974330714	173177226.58072886	0.0	(173177226.58072886+0j)
18742.01600231651	351263163.8310882	0.002864788975001662	351263163.83395296	0.0	(351263163.83395296+0j)
27982.86297320777	783040620.1773225	0.0028647889753614327	783040620.1801873	0.0	(783040620.1801873+0j)
44444.61752351378	1975324026.811428	0.002864788975538093	1975324026.814293	0.0	(1975324026.814293+0j)
76813.26603926464	5900277839.618846	0.0028647889756152735	5900277839.621711	0.0	(5900277839.621711+0j)
150046.63327639527	22513992157.581047	0.0028647889756439364	22513992157.58391	0.0	(22513992157.58391+0j)
355704.3016402785	126525550205.39822	0.0028647889756523047	126525550205.4011	0.0	(126525550205.4011+0j)
1200594.1310054827	1441426267404.8103	0.0028647889756539574	1441426267404.8132	0.0	(1441426267404.8132+0j)
9605195.204771383	92259774921763.17	0.0028647889756541135	92259774921763.17	0.0	(92259774921763.17+0j)
