-11577.630376607392	-134041525.13734223	-0.7957747035859217	-134041525.93311693	0.0	(-134041525.93311693+0j)
-2894.05405155796	-8375548.853339043	-0.7957745254361769	-8375549.6491135685	0.0	(-8375549.6491135685+0j)
-1285.984374531262	-1653755.8115385608	-0.7957737530746918	-1653756.6073123137	0.0	(-1653756.6073123137+0j)
-723.160002690916	-522960.38949192566	-0.7957716721134358	-522961.18526359776	0.0	(-522961.18526359776+0j)
-462.65273860158646	-214047.5565355479	-0.7957672799649694	-214048.35230282784	0.0	(-214048.35230282784+0j)
-321.1426374440291	-103132.59358450712	-0.7957592833892106	-103133.3893437905	0.0	(-103133.3893437905+0j)
-235.81652801000044	-55609.43488269132	-0.7957460953263235	-55610.230628786645	0.0	(-55610.230628786645+0j)
-180.43662013461488	-32557.37388560331	-0.7957258310059422	-32558.169611434314	0.0	(-32558.169611434314+0j)
-142.46835698783258	-20297.232742812503	-0.7956963033206849	-20298.028439115875	0.0	(-20298.028439115875+0j)
-115.30990144084706	-13296.373370297862	-0.7956550174496063	-13297.16902531533	0.0	(-13297.16902531533+0j)
-95.21573580280513	-9066.036344469587	-0.7955991647148684	-9066.831943634299	0.0	(-9066.831943634299+0j)
-79.93249520555548	-6389.20378978615	-0.7955256156524768	-6389.999315401814	0.0	(-6389.999315401814+0j)
-68.0385608059694	-4629.245756547595	-0.7954309122754121	-4630.041187459876	0.0	(-4630.041187459876+0j)
-58.60110868501503	-3434.0899391129437	-0.7953112595048752	-3434.885250372448	0.0	(-3434.885250372448+0j)
-50.987474794970254	-2599.722585967727	-0.7951625157426647	-2600.5177484834735	0.0	(-2600.5177484834735+0j)
-44.75629440708981	-2003.1258890540987	-0.794980182554872	-2003.9208692366578	0.0	(-2003.9208692366578+0j)
-39.59206575734854	-1567.531670934211	-0.7947593934341358	-1568.326430327644	0.0	(-1568.326430327644+0j)
-35.26441324417679	-1243.5788414560711	-0.7944949016046066	-1244.373336357676	0.0	(-1244.373336357676+0j)
-31.60194254082919	-998.6827723538696	-0.7941810668305255	-999.4769534210349	0.0	(-999.4769534210349+0j)
-28.475006004887277	-810.8259669783665	-0.7938118411859134	-811.6197788697779	0.0	(-811.6197788697779+0j)
-25.784069609393207	-664.8182456220344	-0.7933807537392628	-665.6116280964526	0.0	(-665.6116280964526+0j)
-23.45169336832135	-549.9819218417676	-0.7928808941033325	-550.7748237697775	0.0	(-550.7748237697775+0j)
-21.416897162202954	-458.6834840563769	-0.7923048947961208	-459.4759127923886	0.0	(-459.4759127923886+0j)
-19.631134230362083	-385.3814311704939	-0.7916449123548355	-386.17350758204407	0.0	(-386.17350758204407+0j)
-18.055368658845175	-325.9963374068086	-0.790892607140165	-326.78825842514334	0.0	(-326.78825842514334+0j)
-16.657924004374692	-277.4864321355226	-0.7900391217633438	-278.2783298700605	0.0	(-278.2783298700605+0j)
-15.4128789857985	-237.55683863086898	-0.7890750580634125	-238.34865738703618	0.0	(-238.34865738703618+0j)
-14.298856846105949	-204.45730710543097	-0.7879904525566193	-205.2487945069332	0.0	(-205.2487945069332+0j)
-13.298101733885579	-176.83950972477064	-0.7867747502741174	-177.63030521779461	0.0	(-177.63030521779461+0j)
-12.395766890631103	-153.6550368068663	-0.785416776897922	-154.44477890836959	0.0	(-154.44477890836959+0j)
-11.579360898715521	-134.08159882270192	-0.7839047090984735	-134.869986902635	0.0	(-134.869986902635+0j)
-10.838313114426764	-117.4690311663552	-0.7822260429700862	-118.25582861967827	0.0	(-118.25582861967827+0j)
-10.163629845644598	-103.29937163927764	-0.7803675604529907	-104.0843771461385	0.0	(-104.0843771461385+0j)
-9.547620246975589	-91.1570523804582	-0.7783152936225751	-91.94007068707539	0.0	(-91.94007068707539+0j)
-8.983676231942443	-80.70643864036757	-0.7760544867177405	-81.48726432283509	0.0	(-81.48726432283509+0j)
-8.466094570382701	-71.67475727466345	-0.7735695557709688	-72.45316904102854	0.0	(-72.45316904102854+0j)
-7.989932176934198	-63.83901619200846	-0.770844045692699	-64.6147753943711	0.0	(-64.6147753943711+0j)
-7.550887697663739	-57.0159050227296	-0.7678605846518747	-57.78875487039647	0.0	(-57.78875487039647+0j)
-7.145204071488741	-51.053941223219276	-0.7646008355831457	-51.82360587188824	0.0	(-51.82360587188824+0j)
-6.7695879253305575	-45.827320678781284	-0.7610454446409491	-46.593504212235615	0.0	(-46.593504212235615+0j)
-6.421142559510249	-41.231071769553836	-0.7571739864257576	-41.99345711615478	0.0	(-41.99345711615478+0j)
-6.0973119663988715	-37.177213215590875	-0.7529649059066646	-37.93546099980244	0.0	(-37.93546099980244+0j)
-5.79583385410555	-33.59169006439599	-0.7483954574627625	-34.34543738991408	0.0	(-34.34543738991408+0j)
-5.514700056995304	-30.41191671862401	-0.743441643216578	-31.160775883228986	0.0	(-31.160775883228986+0j)
-5.252123034770273	-27.5847963723645	-0.7380781575196425	-28.328353522022766	0.0	(-28.328353522022766+0j)
-5.006507413017847	-25.06511647660265	-0.7322783542416876	-25.802930223736535	0.0	(-25.802930223736535+0j)
-4.776425716445359	-22.81424262472056	-0.7260142695236161	-23.545842689953098	0.0	(-23.545842689953098+0j)
-4.56059760346492	-20.799050500729972	-0.7192567526292879	-21.523936491882896	0.0	(-21.523936491882896+0j)
-4.357872036442461	-18.99104868600716	-0.7119757745762088	-19.708689199734668	0.0	(-19.708689199734668+0j)
-4.167211922704006	-17.365655208726416	-0.7041409884268133	-18.075487515032975	0.0	(-18.075487515032975+0j)
-3.9876808426101613	-15.901598502520086	-0.6957225980686793	-16.603029128764152	0.0	(-16.603029128764152+0j)
-3.8184315467632324	-14.580419477316651	-0.6866925520613042	-15.272826022510731	0.0	(-15.272826022510731+0j)
-3.658695957878825	-13.386056112198853	-0.6770260224690217	-14.068790578382133	0.0	(-14.068790578382133+0j)
-3.5077764565140632	-12.304495668874358	-0.6667030691275619	-12.976889491895706	0.0	(-12.976889491895706+0j)
-3.3650382656406927	-11.323482529226121	-0.6557103428806714	-11.984853340107382	0.0	(-11.984853340107382+0j)
-3.2299027785138295	-10.432271958651356	-0.6440426586855343	-11.081931933959646	0.0	(-11.081931933959646+0j)
-3.101841698627311	-9.621421923343162	-0.6317042757357689	-10.258687418282106	0.0	(-10.258687418282106+0j)
-2.98037188072727	-8.882616547429805	-0.618709753967857	-9.506818574863301	0.0	(-9.506818574863301+0j)
-2.8650507786454744	-8.208515964217039	-0.6050843060851915	-8.81901100380232	0.0	(-8.81901100380232+0j)
-2.7554724197295006	-7.59262825588995	-0.5908636208252088	-8.188808856324535	0.0	(-8.188808856324535+0j)
-2.6512638373838864	-7.0291999354195305	-0.5760931865676608	-7.610504605479562	0.0	(-7.610504605479562+0j)
-2.5520819030961843	-6.513122040111042	-0.5608271871764283	-7.079043999642487	0.0	(-7.079043999642487+0j)
-2.4576105076291417	-6.039849407209167	-0.5451270702810472	-6.589943872520161	0.0	(-6.589943872520161+0j)
-2.3675580480799607	-5.605331111028193	-0.5290599013655513	-6.139220904983436	0.0	(-6.139220904983436+0j)
-2.281655183455845	-5.205950376190925	-0.5126966167799974	-5.723329768349524	0.0	(-5.723329768349524+0j)
-2.199652826468995	-4.838472556993039	-0.4961102782595137	-5.339109343263643	0.0	(-5.339109343263643+0j)
-2.121320343559641	-4.499999999999994	-0.4793744143376499	-4.983735918048866	0.0	(-4.983735918048866+0j)
-2.0464439388326796	-4.187932794785012	-0.4625615135803427	-4.654682437609996	0.0	(-4.654682437609996+0j)
-1.974825200741543	-3.8999345734838755	-0.44574171363815174	-4.349683008673403	0.0	(-4.349683008673403+0j)
-1.9062797930545654	-3.6339026494081565	-0.42898171073541636	-4.066701976767868	0.0	(-4.066701976767868+0j)
-1.8406362739628734	-3.38794189302793	-0.41234389763504076	-3.803906980884292	0.0	(-3.803906980884292+0j)
-1.777735029192262	-3.1603418340172125	-0.3958857249289809	-3.559645467439062	0.0	(-3.559645467439062+0j)
-1.7174273067123342	-2.949556553841182	-0.37965927079848244	-3.332424209324291	0.0	(-3.332424209324291+0j)
-1.659574342134735	-2.7541869970719386	-0.36371099791618966	-3.1208914311374416	0.0	(-3.1208914311374416+0j)
-1.604046565192437	-2.5729653833056547	-0.34808167247745186	-2.9238211901480167	0.0	(-2.9238211901480167+0j)
-1.5507228788222132	-2.4047414469026522	-0.33280641891644525	-2.7400997057595795	0.0	(-2.7400997057595795+0j)
-1.4994900033568186	-2.248470270167032	-0.31791488414221647	-2.5687133696793243	0.0	(-2.5687133696793243+0j)
-1.450241879192413	-2.1032015081635413	-0.3034314866212661	-2.4087382048361783	0.0	(-2.4087382048361783+0j)
-1.4028791220476988	-1.9680698310773221	-0.2893757279078962	-2.259330574351301	0.0	(-2.259330574351301+0j)
-1.3573085255889847	-1.8422864336365437	-0.27576254693327273	-2.1197189718377216	0.0	(-2.1197189718377216+0j)
-1.3134426067723575	-1.7251314812849656	-0.26260270024121646	-1.9891967511951278	0.0	(-1.9891967511951278+0j)
-1.2711991897612396	-1.615947380049632	-0.2499031542083302	-1.867115677178456	0.0	(-1.867115677178456+0j)
-1.230501024723974	-1.51413277184675	-0.23766747797541032	-1.7528801975352237	0.0	(-1.7528801975352237+0j)
-1.1912754382096011	-1.4191371696814772	-0.2258962282636419	-1.6459423531250506	0.0	(-1.6459423531250506+0j)
-1.1534540121475267	-1.3304561581392267	-0.21458731940917108	-1.5457972546508267	0.0	(-1.5457972546508267+0j)
-1.116972288824138	-1.2476270940010337	-0.20373637380817197	-1.4519790637628582	0.0	(-1.4519790637628582+0j)
-1.0817694994616234	-1.170225249965451	-0.19333704952644928	-1.3640574231665616	0.0	(-1.3640574231665616+0j)
-1.0477883142657596	-1.097860351511882	-0.1833813431110598	-1.281634285485482	0.0	(-1.281634285485482+0j)
-1.0149746120238983	-1.0301734630530628	-0.1738598666722281	-1.204341094661929	0.0	(-1.204341094661929+0j)
-0.983277267525198	-0.9668341848318197	-0.1647620991117986	-1.1318362773298398	0.0	(-1.1318362773298398+0j)
-0.9526479552450803	-0.9075381266326324	-0.1560766119902708	-1.0638030049194411	0.0	(-1.0638030049194411+0j)
-0.9230409678874824	-0.8520046283986602	-0.1477912709780961	-0.9999471908380986	0.0	(-0.9999471908380986+0j)
-0.8944130485138297	-0.7999747013518024	-0.13989341415612935	-0.9399956906841683	0.0	(-0.9399956906841683+0j)
-0.8667232351087131	-0.7512091662773135	-0.13237000864007642	-0.883694677330085	0.0	(-0.883694677330085+0j)
-0.8399327165406026	-0.7054869683152764	-0.12520778712647646	-0.830808166527364	0.0	(-0.830808166527364+0j)
-0.8140046989731009	-0.6626036499502886	-0.11839336601225603	-0.7811166724700489	0.0	(-0.7811166724700489+0j)
-0.7889042818693972	-0.6223699659518693	-0.11191334674218067	-0.7344159763163727	0.0	(-0.7344159763163727+0j)
-0.7645983428109173	-0.5846106258292011	-0.10575440200202485	-0.6905159938173988	0.0	(-0.6905159938173988+0j)
-0.7410554304216328	-0.5491631509573914	-0.09990334831087189	-0.6492397309969795	0.0	(-0.6492397309969795+0j)
-0.7182456647529329	-0.5158768349363826	-0.09434720648243716	-0.6104223190752536	0.0	(-0.6104223190752536+0j)
-0.6961406445411588	-0.48461179698217993	-0.08907325132973487	-0.5739101216451743	0.0	(-0.5739101216451743+0j)
-0.6747133608015242	-0.4552381192440878	-0.08406905188512726	-0.5395599084409545	0.0	(-0.5395599084409545+0j)
-0.6539381162687773	-0.4276350599091569	-0.0793225033030931	-0.5072380909915779	0.0	(-0.5072380909915779+0j)
-0.6337904502371234	-0.40169033481177563	-0.0748218515089516	-0.47682001606298924	0.0	(-0.47682001606298924+0j)
-0.6142470683901082	-0.3772994610258423	-0.07055571155562046	-0.4481893131618732	0.0	(-0.4481893131618732+0j)
-0.5952857772457417	-0.3543651565910668	-0.06651308055380112	-0.42123729257216724	0.0	(-0.42123729257216724+0j)
-0.5768854228735254	-0.3327967911239662	-0.062683345949891	-0.3958623904822126	0.0	(-0.3958623904822126+0j)
-0.5590258335685147	-0.31250988259697265	-0.059056289840979104	-0.37196965781130076	0.0	(-0.37196965781130076+0j)
-0.541687766193439	-0.2934256360436378	-0.05562208993785955	-0.34947028939992647	0.0	(-0.34947028939992647+0j)
-0.5248528559234337	-0.27547052037098463	-0.052371317715143584	-0.3282811903022919	0.0	(-0.3282811903022919+0j)
-0.5085035691493666	-0.25857587983764463	-0.049294934222142706	-0.30832457604261676	0.0	(-0.30832457604261676+0j)
-0.49262315931526657	-0.2426775770937545	-0.046384283969075346	-0.2895276038731614	0.0	(-0.2895276038731614+0j)
-0.47719562548316485	-0.22771566498026893	-0.0436310872498924	-0.27182203226497337	0.0	(-0.27182203226497337+0j)
-0.4622056734349051	-0.21363408455541413	-0.041027431215366894	-0.25514390610851007	0.0	(-0.25514390610851007+0j)
-0.4476386791353268	-0.20038038705802005	-0.03856575996756484	-0.23943326533148537	0.0	(-0.23943326533148537+0j)
-0.43348065439478467	-0.18790547773453076	-0.03623886390909381	-0.2246338748901272	0.0	(-0.2246338748901272+0j)
-0.41971821458139263	-0.17616337965139195	-0.03403986854704	-0.21069297431433304	0.0	(-0.21069297431433304+0j)
-0.4063385482447361	-0.16511101578963971	-0.031962222922117256	-0.19756104519427764	0.0	(-0.19756104519427764+0j)
-0.39332938852321925	-0.15470800787604955	-0.029999687807542585	-0.1851915951797713	0.0	(-0.1851915951797713+0j)
-0.3806789862167604	-0.14491649054702044	-0.02814632379955162	-0.17354095722071816	0.0	(-0.17354095722071816+0j)
-0.3683760844153189	-0.13570093956916215	-0.02639647940153589	-0.16256810290778778	0.0	(-0.16256810290778778+0j)
-0.3564098945817796	-0.12702801295579522	-0.024744779186565147	-0.15223446888595651	0.0	(-0.15223446888595651+0j)
-0.3447700739951267	-0.11886640392260515	-0.023186112108046775	-0.14250379540282382	0.0	(-0.14250379540282382+0j)
-0.3334467044666386	-0.11118670471966183	-0.021715620015270165	-0.13334197613402896	0.0	(-0.13334197613402896+0j)
-0.3224302722480978	-0.10396128046198246	-0.020328686419406328	-0.12471691849001325	0.0	(-0.12471691849001325+0j)
-0.31171164905678095	-0.09716415215769776	-0.019020925545889522	-0.11659841366889344	0.0	(-0.11659841366889344+0j)
-0.3012820741473035	-0.09077088820250129	-0.017788171700847677	-0.10895801576640944	0.0	(-0.10895801576640944+0j)
-0.29113313736530033	-0.08475850367216284	-0.016626468972229524	-0.10176892930211526	0.0	(-0.10176892930211526+0j)
-0.2812567631224444	-0.0791053668021148	-0.015532061280294496	-0.09500590456085622	0.0	(-0.09500590456085622+0j)
-0.27164519523648456	-0.07379111209506782	-0.014501382787024397	-0.08864514018862653	0.0	(-0.08864514018862653+0j)
-0.26229098258383937	-0.06879655954479592	-0.013531048669825907	-0.08266419251799631	0.0	(-0.08266419251799631+0j)
-0.25318696551585984	-0.0641036395071292	-0.012617846261284704	-0.0770418911339306	0.0	(-0.0770418911339306+0j)
-0.24432626299316415	-0.059695322788204816	-0.011758726553869892	-0.07175826022438135	0.0	(-0.07175826022438135+0j)
-0.2357022603955158	-0.05555555555555554	-0.010950796065825052	-0.06679444529091567	0.0	(-0.06679444529091567+0j)
-0.22730859796753808	-0.051669198709967855	-0.010191309062905773	-0.06213264482652864	0.0	(-0.06213264482652864+0j)
-0.2191391598631871	-0.048021971385543476	-0.00947766012855844	-0.05775604659516037	0.0	(-0.05775604659516037+0j)
-0.21118806375433505	-0.04460039827230509	-0.008807377074280254	-0.05364876817525168	0.0	(-0.05364876817525168+0j)
-0.20344965097107684	-0.04139176048025299	-0.008178114180625862	-0.049795801454753263	0.0	(-0.049795801454753263+0j)
-0.19591847714346478	-0.03838404968621433	-0.00758764575886417	-0.04618296078959091	0.0	(-0.04618296078959091+0j)
-0.18858930331632742	-0.03556592532533775	-0.0070338600224317815	-0.04279683455877982	0.0	(-0.04279683455877982+0j)
-0.18145708751063608	-0.03292667460784264	-0.006514753257285122	-0.039624739871097284	0.0	(-0.039624739871097284+0j)
-0.17451697670656563	-0.03045617515879997	-0.006028424279875821	-0.03665468019670478	0.0	(-0.03665468019670478+0j)
-0.16776429922496452	-0.028144860094443433	-0.005573069171402878	-0.033875305715169196	0.0	(-0.033875305715169196+0j)
-0.16119455748540285	-0.025983685362914843	-0.005146976276915183	-0.03127587618778208	0.0	(-0.03127587618778208+0j)
-0.1548034211203298	-0.02396409919055817	-0.0047485214582820845	-0.028846226176589863	0.0	(-0.028846226176589863+0j)
-0.14858672042613494	-0.022078013486994386	-0.004376163589645543	-0.02657673244704074	0.0	(-0.02657673244704074+0j)
-0.14254044013308836	-0.02031777707333455	-0.00402844028467797	-0.024458283403436993	0.0	(-0.024458283403436993+0j)
-0.13666071347723602	-0.0186761506081072	-0.003703963845040903	-0.022482250418112224	0.0	(-0.022482250418112224+0j)
-0.13094381655835477	-0.017146283094868063	-0.003401417419617303	-0.020640460925893167	0.0	(-0.020640460925893167+0j)
-0.12538616296903085	-0.015721689864096364	-0.003119551364552109	-0.01892517316547935	0.0	(-0.01892517316547935+0j)
-0.119984298680822	-0.014396231929928704	-0.002857179794553133	-0.017329052457738213	0.0	(-0.017329052457738213+0j)
-0.11473489717430391	-0.01316409662959809	-0.002613177315922144	-0.015845148919783673	0.0	(-0.015845148919783673+0j)
-0.10963475480058238	-0.012019779460183821	-0.0023864759324965235	-0.014466876520882611	0.0	(-0.014466876520882611+0j)
-0.10468078636259055	-0.010958067033490324	-0.002176062115886168	-0.013187993393066833	0.0	(-0.013187993393066833+0j)
-0.09987002090517375	-0.00997402107559984	-0.0019809740316389934	-0.012002583316148382	0.0	(-0.012002583316148382+0j)
-0.0951995977036112	-0.009062963402929414	-0.001800298913714471	-0.010905038301709212	0.0	(-0.010905038301709212+0j)
-0.09066676244082543	-0.008220461811501073	-0.0016331705791472473	-0.009890042207708833	0.0	(-0.009890042207708833+0j)
-0.08626886356409591	-0.007442316820640595	-0.0014787670767546501	-0.008952555317747387	0.0	(-0.008952555317747387+0j)
-0.0820033488126251	-0.0067245492164850615	-0.0013363084616457854	-0.008087799826405031	0.0	(-0.008087799826405031+0j)
-0.07786776190780223	-0.006063388344530176	-0.001205054690309737	-0.007291246173914591	0.0	(-0.007291246173914591+0j)
-0.07385973939847824	-0.0054552611040111195	-0.0010843036292484953	-0.006558600178824176	0.0	(-0.006558600178824176+0j)
-0.06997700765400564	-0.004896781600208763	-0.0009733891717189636	-0.005885790919747799	0.0	(-0.005885790919747799+0j)
-0.06621737999820884	-0.004384741413827189	-0.0008716794565089003	-0.005268959321898865	0.0	(-0.005268959321898865+0j)
-0.06257875397784089	-0.003916100449419137	-0.000778575184199326	-0.004704447405448076	0.0	(-0.004704447405448076+0j)
-0.05905910875944754	-0.003487978327460253	-0.0006935080248382519	-0.004188788157677369	0.0	(-0.004188788157677369+0j)
-0.05565650264890387	-0.0030976462871074436	-0.0006159391135440728	-0.003718695991221574	0.0	(-0.003718695991221574+0j)
-0.05236907072821473	-0.0027425195689367568	-0.000545357628212173	-0.0032910577553730102	0.0	(-0.0032910577553730102+0j)
-0.049195022604474704	-0.002420150249054777	-0.0004812794462338843	-0.002902924267690849	0.0	(-0.002902924267690849+0j)
-0.046132640266173426	-0.002128220497928166	-0.00042324587525399693	-0.002551502336454941	0.0	(-0.002551502336454941+0j)
-0.04318027604230418	-0.0018645362390895882	-0.0003708224544141103	-0.0022341472476392144	0.0	(-0.0022341472476392144+0j)
-0.04033635065999079	-0.0016270211845657396	-0.00032359782395019465	-0.0019483556870775454	0.0	(-0.0019483556870775454+0j)
-0.0375993513965925	-0.0014137112254444422	-0.0002811826563231534	-0.0016917590770771155	0.0	(-0.0016917590770771155+0j)
-0.0349678303224755	-0.0012227491574614373	-0.0002432086492376584	-0.0014621173038792139	0.0	(-0.0014621173038792139+0j)
-0.032440402630858414	-0.0010523797228522056	-0.00020932757649916311	-0.0012573128130652094	0.0	(-0.0012573128130652094+0j)
-0.030015745051345563	-0.0009009449509873756	-0.0001792103921616217	-0.0010753450548361936	0.0	(-0.0010753450548361936+0j)
-0.027692594343957332	-0.0007668797814989777	-0.00015254638697115297	-0.0009143252608597486	0.0	(-0.0009143252608597486+0j)
-0.02546974587065299	-0.000648707954715645	-0.0001290423946898045	-0.0007724715362538443	0.0	(-0.0007724715362538443+0j)
-0.023346052241517565	-0.0005450381552636673	-0.00010842204687833146	-0.0006481042438709324	0.0	(-0.0006481042438709324+0j)
-0.02132042203295229	-0.0004545603956631974	-9.042506690093433e-05	-0.0005396416795941379	0.0	(-0.0005396416795941379+0j)
-0.019391818575367488	-0.00037604262765996755	-7.48066150890736e-05	-0.0004455960101487307	0.0	(-0.0004455960101487307+0j)
-0.017559258808029145	-0.0003083275698873491	-6.133666829555295e-05	-0.00036456946960468774	0.0	(-0.00036456946960468774+0j)
-0.015821812198854805	-0.00025032974125583073	-4.97994415127323e-05	-0.00029525079618691083	0.0	(-0.00029525079618691083+0j)
-0.014178599727093575	-0.000201032690221138	-3.999284331257513e-05	-0.00023641190385558463	0.0	(-0.00023641190385558463+0j)
-0.012628792926956506	-0.00015948641079194668	-3.172796937178646e-05	-0.00018690478271297196	0.0	(-0.00018690478271297196+0j)
-0.011171612990390817	-0.00012480493680706886	-2.4828636924212333e-05	-0.00014565859396854143	0.0	(-0.00014565859396854143+0j)
-0.009806329927312342	-9.616410664330169e-05	-1.9130934560962487e-05	-0.00011167699075132269	0.0	(-0.00011167699075132269+0j)
-0.008532261781727255	-7.279949111192355e-05	-1.4482825463346671e-05	-8.403560438478026e-05	0.0	(-8.403560438478026e-05+0j)
-0.00734877390228588	-5.400447786691804e-05	-1.0743751772679389e-05	-6.187977144840434e-05	0.0	(-6.187977144840434e-05+0j)
-0.0062552782659191656	-3.912850618408068e-05	-7.784319677739404e-06	-4.442236303952727e-05	0.0	(-4.442236303952727e-05+0j)
-0.005251232853312349	-2.7575446479706958e-05	-5.485935616889037e-06	-3.094187402527984e-05	0.0	(-3.094187402527984e-05+0j)
-0.004336141075070599	-1.880211942291441e-05	-3.740551619557664e-06	-2.0780623240016366e-05	0.0	(-2.0780623240016366e-05+0j)
-0.003509551247528612	-1.2316949959029635e-05	-2.4503788154106587e-06	-1.334311733941788e-05	0.0	(-1.334311733941788e-05+0j)
-0.002771056117250336	-7.67875200495051e-06	-1.5276236808858812e-06	-8.094699019407603e-06	0.0	(-8.094699019407603e-06+0j)
-0.002120292433356479	-4.4956400029487386e-06	-8.943607099354267e-07	-4.560174162704267e-06	0.0	(-4.560174162704267e-06+0j)
-0.001556940566906641	-2.4240639288795724e-06	-4.822504706680775e-07	-2.322566681183571e-06	0.0	(-2.322566681183571e-06+0j)
-0.0010807241766498574	-1.1679647459955123e-06	-2.3224856704473495e-07	-1.0226633252349892e-06	0.0	(-1.0226633252349892e-06+0j)
-0.0006914099205424476	-4.780476782245138e-07	-9.487848728895187e-08	-3.5858033343828917e-07	0.0	(-3.5858033343828917e-07+0j)
-0.0003888072125155047	-1.5117104850407686e-07	-3.026798367500305e-08	-7.446283842842982e-08	0.0	(-7.446283842842982e-08+0j)
-0.00017276802405636742	-2.984879013634155e-08	-0.0	-6.305573972065229e-09	0.0	(-6.305573972065229e-09+0j)
-4.3186730249243375e-05	-1.865093669620913e-09	-0.0	-2.505291980814395e-13	-0.5456329799169769	(-2.505291980814395e-13-0.5456329799169769j)
4.3186730249243375e-05	1.865093669620913e-09	0.0	-2.505291980814395e-13	0.5456329799169769	(-2.505291980814395e-13+0.5456329799169769j)
0.00017276802405636742	2.984879013634155e-08	0.0	6.305575118931268e-09	0.0	(6.305575118931268e-09+0j)
0.0003888072125155047	1.5117104850407686e-07	3.026798367500305e-08	7.446285336773441e-08	0.0	(7.446285336773441e-08+0j)
0.0006914099205424476	4.780476782245138e-07	9.487848728895187e-08	3.585803432780599e-07	0.0	(3.585803432780599e-07+0j)
0.0010807241766498574	1.1679647459955123e-06	2.3224856704473495e-07	1.0226633277328987e-06	0.0	(1.0226633277328987e-06+0j)
0.001556940566906641	2.4240639288795724e-06	4.822504706680775e-07	2.322566664456286e-06	0.0	(2.322566664456286e-06+0j)
0.002120292433356479	4.4956400029487386e-06	8.943607099354267e-07	4.560174166346605e-06	0.0	(4.560174166346605e-06+0j)
0.002771056117250336	7.67875200495051e-06	1.5276236808858812e-06	8.094699006687799e-06	0.0	(8.094699006687799e-06+0j)
0.003509551247528612	1.2316949959029635e-05	2.4503788154106587e-06	1.334311738512372e-05	0.0	(1.334311738512372e-05+0j)
0.004336141075070599	1.880211942291441e-05	3.740551619557664e-06	2.0780623204764132e-05	0.0	(2.0780623204764132e-05+0j)
0.005251232853312349	2.7575446479706958e-05	5.485935616889037e-06	3.094187402624314e-05	0.0	(3.094187402624314e-05+0j)
0.0062552782659191656	3.912850618408068e-05	7.784319677739404e-06	4.442236305266538e-05	0.0	(4.442236305266538e-05+0j)
0.00734877390228588	5.400447786691804e-05	1.0743751772679389e-05	6.187977149298656e-05	0.0	(6.187977149298656e-05+0j)
0.008532261781727255	7.279949111192355e-05	1.4482825463346671e-05	8.40356043483367e-05	0.0	(8.40356043483367e-05+0j)
0.009806329927312342	9.616410664330169e-05	1.9130934560962487e-05	0.00011167699071943975	0.0	(0.00011167699071943975+0j)
0.011171612990390817	0.00012480493680706886	2.4828636924212333e-05	0.00014565859393502348	0.0	(0.00014565859393502348+0j)
0.012628792926956506	0.00015948641079194668	3.172796937178646e-05	0.00018690478271959525	0.0	(0.00018690478271959525+0j)
0.014178599727093575	0.000201032690221138	3.999284331257513e-05	0.00023641190380883627	0.0	(0.00023641190380883627+0j)
0.015821812198854805	0.00025032974125583073	4.97994415127323e-05	0.0002952507961552099	0.0	(0.0002952507961552099+0j)
0.017559258808029145	0.0003083275698873491	6.133666829555295e-05	0.00036456946961449066	0.0	(0.00036456946961449066+0j)
0.019391818575367488	0.00037604262765996755	7.48066150890736e-05	0.00044559601014265986	0.0	(0.00044559601014265986+0j)
0.02132042203295229	0.0004545603956631974	9.042506690093433e-05	0.0005396416796001745	0.0	(0.0005396416796001745+0j)
0.023346052241517565	0.0005450381552636673	0.00010842204687833146	0.0006481042438780549	0.0	(0.0006481042438780549+0j)
0.02546974587065299	0.000648707954715645	0.0001290423946898045	0.0007724715362443328	0.0	(0.0007724715362443328+0j)
0.027692594343957332	0.0007668797814989777	0.00015254638697115297	0.0009143252608582521	0.0	(0.0009143252608582521+0j)
0.030015745051345563	0.0009009449509873756	0.0001792103921616217	0.0010753450548996702	0.0	(0.0010753450548996702+0j)
0.032440402630858414	0.0010523797228522056	0.00020932757649916311	0.0012573128130706505	0.0	(0.0012573128130706505+0j)
0.0349678303224755	0.0012227491574614373	0.0002432086492376584	0.0014621173038896396	0.0	(0.0014621173038896396+0j)
0.0375993513965925	0.0014137112254444422	0.0002811826563231534	0.001691759077089314	0.0	(0.001691759077089314+0j)
0.04033635065999079	0.0016270211845657396	0.00032359782395019465	0.0019483556870894406	0.0	(0.0019483556870894406+0j)
0.04318027604230418	0.0018645362390895882	0.0003708224544141103	0.0022341472476343415	0.0	(0.0022341472476343415+0j)
0.046132640266173426	0.002128220497928166	0.00042324587525399693	0.002551502336478979	0.0	(0.002551502336478979+0j)
0.049195022604474704	0.002420150249054777	0.0004812794462338843	0.0029029242677599525	0.0	(0.0029029242677599525+0j)
0.05236907072821473	0.0027425195689367568	0.000545357628212173	0.0032910577553888942	0.0	(0.0032910577553888942+0j)
0.05565650264890387	0.0030976462871074436	0.0006159391135440728	0.003718695991229602	0.0	(0.003718695991229602+0j)
0.05905910875944754	0.003487978327460253	0.0006935080248382519	0.004188788157691653	0.0	(0.004188788157691653+0j)
0.06257875397784089	0.003916100449419137	0.000778575184199326	0.004704447405420964	0.0	(0.004704447405420964+0j)
0.06621737999820884	0.004384741413827189	0.0008716794565089003	0.005268959321848553	0.0	(0.005268959321848553+0j)
0.06997700765400564	0.004896781600208763	0.0009733891717189636	0.0058857909197575446	0.0	(0.0058857909197575446+0j)
0.07385973939847824	0.0054552611040111195	0.0010843036292484953	0.006558600178841765	0.0	(0.006558600178841765+0j)
0.07786776190780223	0.006063388344530176	0.001205054690309737	0.007291246173896199	0.0	(0.007291246173896199+0j)
0.0820033488126251	0.0067245492164850615	0.0013363084616457854	0.008087799826425433	0.0	(0.008087799826425433+0j)
0.08626886356409591	0.007442316820640595	0.0014787670767546501	0.008952555317799099	0.0	(0.008952555317799099+0j)
0.09066676244082543	0.008220461811501073	0.0016331705791472473	0.009890042207772383	0.0	(0.009890042207772383+0j)
0.0951995977036112	0.009062963402929414	0.001800298913714471	0.01090503830168776	0.0	(0.01090503830168776+0j)
0.09987002090517375	0.00997402107559984	0.0019809740316389934	0.012002583316150853	0.0	(0.012002583316150853+0j)
0.10468078636259055	0.010958067033490324	0.002176062115886168	0.01318799339306057	0.0	(0.01318799339306057+0j)
0.10963475480058238	0.012019779460183821	0.0023864759324965235	0.01446687652090765	0.0	(0.01446687652090765+0j)
0.11473489717430391	0.01316409662959809	0.002613177315922144	0.01584514891979407	0.0	(0.01584514891979407+0j)
0.119984298680822	0.014396231929928704	0.002857179794553133	0.017329052457791424	0.0	(0.017329052457791424+0j)
0.12538616296903085	0.015721689864096364	0.003119551364552109	0.01892517316549352	0.0	(0.01892517316549352+0j)
0.13094381655835477	0.017146283094868063	0.003401417419617303	0.02064046092589055	0.0	(0.02064046092589055+0j)
0.13666071347723602	0.0186761506081072	0.003703963845040903	0.022482250418107315	0.0	(0.022482250418107315+0j)
0.14254044013308836	0.02031777707333455	0.00402844028467797	0.024458283403408342	0.0	(0.024458283403408342+0j)
0.14858672042613494	0.022078013486994386	0.004376163589645543	0.0265767324470378	0.0	(0.0265767324470378+0j)
0.1548034211203298	0.02396409919055817	0.0047485214582820845	0.02884622617655084	0.0	(0.02884622617655084+0j)
0.16119455748540285	0.025983685362914843	0.005146976276915183	0.03127587618778408	0.0	(0.03127587618778408+0j)
0.16776429922496452	0.028144860094443433	0.005573069171402878	0.03387530571508721	0.0	(0.03387530571508721+0j)
0.17451697670656563	0.03045617515879997	0.006028424279875821	0.036654680196709186	0.0	(0.036654680196709186+0j)
0.18145708751063608	0.03292667460784264	0.006514753257285122	0.03962473987108293	0.0	(0.03962473987108293+0j)
0.18858930331632742	0.03556592532533775	0.0070338600224317815	0.042796834558810094	0.0	(0.042796834558810094+0j)
0.19591847714346478	0.03838404968621433	0.00758764575886417	0.04618296078962029	0.0	(0.04618296078962029+0j)
0.20344965097107684	0.04139176048025299	0.008178114180625862	0.049795801454788645	0.0	(0.049795801454788645+0j)
0.21118806375433505	0.04460039827230509	0.008807377074280254	0.053648768175302786	0.0	(0.053648768175302786+0j)
0.2191391598631871	0.048021971385543476	0.00947766012855844	0.057756046595190104	0.0	(0.057756046595190104+0j)
0.22730859796753808	0.051669198709967855	0.010191309062905773	0.06213264482647166	0.0	(0.06213264482647166+0j)
0.2357022603955158	0.05555555555555554	0.010950796065825052	0.06679444529092557	0.0	(0.06679444529092557+0j)
0.24432626299316415	0.059695322788204816	0.011758726553869892	0.07175826022450948	0.0	(0.07175826022450948+0j)
0.25318696551585984	0.0641036395071292	0.012617846261284704	0.07704189113394044	0.0	(0.07704189113394044+0j)
0.26229098258383937	0.06879655954479592	0.013531048669825907	0.08266419251801083	0.0	(0.08266419251801083+0j)
0.27164519523648456	0.07379111209506782	0.014501382787024397	0.08864514018865434	0.0	(0.08864514018865434+0j)
0.2812567631224444	0.0791053668021148	0.015532061280294496	0.0950059045608061	0.0	(0.0950059045608061+0j)
0.29113313736530033	0.08475850367216284	0.016626468972229524	0.10176892930207644	0.0	(0.10176892930207644+0j)
0.3012820741473035	0.09077088820250129	0.017788171700847677	0.10895801576640159	0.0	(0.10895801576640159+0j)
0.31171164905678095	0.09716415215769776	0.019020925545889522	0.11659841366837717	0.0	(0.11659841366837717+0j)
0.3224302722480978	0.10396128046198246	0.020328686419406328	0.12471691848929574	0.0	(0.12471691848929574+0j)
0.3334467044666386	0.11118670471966183	0.021715620015270165	0.13334197613399554	0.0	(0.13334197613399554+0j)
0.3447700739951267	0.11886640392260515	0.023186112108046775	0.14250379540291933	0.0	(0.14250379540291933+0j)
0.3564098945817796	0.12702801295579522	0.024744779186565147	0.15223446888602846	0.0	(0.15223446888602846+0j)
0.3683760844153189	0.13570093956916215	0.02639647940153589	0.16256810290775675	0.0	(0.16256810290775675+0j)
0.3806789862167604	0.14491649054702044	0.02814632379955162	0.17354095722066593	0.0	(0.17354095722066593+0j)
0.39332938852321925	0.15470800787604955	0.029999687807542585	0.18519159517975745	0.0	(0.18519159517975745+0j)
0.4063385482447361	0.16511101578963971	0.031962222922117256	0.1975610451942235	0.0	(0.1975610451942235+0j)
0.41971821458139263	0.17616337965139195	0.03403986854704	0.21069297431446582	0.0	(0.21069297431446582+0j)
0.43348065439478467	0.18790547773453076	0.03623886390909381	0.22463387489014985	0.0	(0.22463387489014985+0j)
0.4476386791353268	0.20038038705802005	0.03856575996756484	0.23943326533136752	0.0	(0.23943326533136752+0j)
0.4622056734349051	0.21363408455541413	0.041027431215366894	0.25514390610846366	0.0	(0.25514390610846366+0j)
0.47719562548316485	0.22771566498026893	0.0436310872498924	0.27182203226494134	0.0	(0.27182203226494134+0j)
0.49262315931526657	0.2426775770937545	0.046384283969075346	0.2895276038731193	0.0	(0.2895276038731193+0j)
0.5085035691493666	0.25857587983764463	0.049294934222142706	0.3083245760425152	0.0	(0.3083245760425152+0j)
0.5248528559234337	0.27547052037098463	0.052371317715143584	0.32828119030211567	0.0	(0.32828119030211567+0j)
0.541687766193439	0.2934256360436378	0.05562208993785955	0.3494702893998424	0.0	(0.3494702893998424+0j)
0.5590258335685147	0.31250988259697265	0.059056289840979104	0.37196965781125463	0.0	(0.37196965781125463+0j)
0.5768854228735254	0.3327967911239662	0.062683345949891	0.39586239048219046	0.0	(0.39586239048219046+0j)
0.5952857772457417	0.3543651565910668	0.06651308055380112	0.421237292572151	0.0	(0.421237292572151+0j)
0.6142470683901082	0.3772994610258423	0.07055571155562046	0.4481893131619835	0.0	(0.4481893131619835+0j)
0.6337904502371234	0.40169033481177563	0.0748218515089516	0.47682001606322055	0.0	(0.47682001606322055+0j)
0.6539381162687773	0.4276350599091569	0.0793225033030931	0.5072380909916727	0.0	(0.5072380909916727+0j)
0.6747133608015242	0.4552381192440878	0.08406905188512726	0.5395599084410405	0.0	(0.5395599084410405+0j)
0.6961406445411588	0.48461179698217993	0.08907325132973487	0.5739101216452115	0.0	(0.5739101216452115+0j)
0.7182456647529329	0.5158768349363826	0.09434720648243716	0.6104223190750729	0.0	(0.6104223190750729+0j)
0.7410554304216328	0.5491631509573914	0.09990334831087189	0.64923973099696	0.0	(0.64923973099696+0j)
0.7645983428109173	0.5846106258292011	0.10575440200202485	0.6905159938174699	0.0	(0.6905159938174699+0j)
0.7889042818693972	0.6223699659518693	0.11191334674218067	0.734415976316178	0.0	(0.734415976316178+0j)
0.8140046989731009	0.6626036499502886	0.11839336601225603	0.781116672469955	0.0	(0.781116672469955+0j)
0.8399327165406026	0.7054869683152764	0.12520778712647646	0.830808166527047	0.0	(0.830808166527047+0j)
0.8667232351087131	0.7512091662773135	0.13237000864007642	0.8836946773302381	0.0	(0.8836946773302381+0j)
0.8944130485138297	0.7999747013518024	0.13989341415612935	0.9399956906838803	0.0	(0.9399956906838803+0j)
0.9230409678874824	0.8520046283986602	0.1477912709780961	0.9999471908384591	0.0	(0.9999471908384591+0j)
0.9526479552450803	0.9075381266326324	0.1560766119902708	1.0638030049199108	0.0	(1.0638030049199108+0j)
0.983277267525198	0.9668341848318197	0.1647620991117986	1.1318362773294561	0.0	(1.1318362773294561+0j)
1.0149746120238983	1.0301734630530628	0.1738598666722281	1.2043410946625022	0.0	(1.2043410946625022+0j)
1.0477883142657596	1.097860351511882	0.1833813431110598	1.2816342854855478	0.0	(1.2816342854855478+0j)
1.0817694994616234	1.170225249965451	0.19333704952644928	1.3640574231659128	0.0	(1.3640574231659128+0j)
1.116972288824138	1.2476270940010337	0.20373637380817197	1.4519790637599481	0.0	(1.4519790637599481+0j)
1.1534540121475267	1.3304561581392267	0.21458731940917108	1.5457972546502776	0.0	(1.5457972546502776+0j)
1.1912754382096011	1.4191371696814772	0.2258962282636419	1.6459423531248876	0.0	(1.6459423531248876+0j)
1.230501024723974	1.51413277184675	0.23766747797541032	1.7528801975318866	0.0	(1.7528801975318866+0j)
1.2711991897612396	1.615947380049632	0.2499031542083302	1.867115677178173	0.0	(1.867115677178173+0j)
1.3134426067723575	1.7251314812849656	0.26260270024121646	1.9891967511952748	0.0	(1.9891967511952748+0j)
1.3573085255889847	1.8422864336365437	0.27576254693327273	2.119718971837871	0.0	(2.119718971837871+0j)
1.4028791220476988	1.9680698310773221	0.2893757279078962	2.259330574351378	0.0	(2.259330574351378+0j)
1.450241879192413	2.1032015081635413	0.3034314866212661	2.4087382048368995	0.0	(2.4087382048368995+0j)
1.4994900033568186	2.248470270167032	0.31791488414221647	2.568713369679838	0.0	(2.568713369679838+0j)
1.5507228788222132	2.4047414469026522	0.33280641891644525	2.7400997057589853	0.0	(2.7400997057589853+0j)
1.604046565192437	2.5729653833056547	0.34808167247745186	2.923821190147157	0.0	(2.923821190147157+0j)
1.659574342134735	2.7541869970719386	0.36371099791618966	3.120891431139142	0.0	(3.120891431139142+0j)
1.7174273067123342	2.949556553841182	0.37965927079848244	3.3324242093242935	0.0	(3.3324242093242935+0j)
1.777735029192262	3.1603418340172125	0.3958857249289809	3.5596454674395583	0.0	(3.5596454674395583+0j)
1.8406362739628734	3.38794189302793	0.41234389763504076	3.8039069808844457	0.0	(3.8039069808844457+0j)
1.9062797930545654	3.6339026494081565	0.42898171073541636	4.066701976767185	0.0	(4.066701976767185+0j)
1.974825200741543	3.8999345734838755	0.44574171363815174	4.349683008672707	0.0	(4.349683008672707+0j)
2.0464439388326796	4.187932794785012	0.4625615135803427	4.654682437609795	0.0	(4.654682437609795+0j)
2.121320343559641	4.499999999999994	0.4793744143376499	4.983735918047983	0.0	(4.983735918047983+0j)
2.199652826468995	4.838472556993039	0.4961102782595137	5.339109343263638	0.0	(5.339109343263638+0j)
2.281655183455845	5.205950376190925	0.5126966167799974	5.723329768349499	0.0	(5.723329768349499+0j)
2.3675580480799607	5.605331111028193	0.5290599013655513	6.139220904983445	0.0	(6.139220904983445+0j)
2.4576105076291417	6.039849407209167	0.5451270702810472	6.589943872520134	0.0	(6.589943872520134+0j)
2.5520819030961843	6.513122040111042	0.5608271871764283	7.079043999642488	0.0	(7.079043999642488+0j)
2.6512638373838864	7.0291999354195305	0.5760931865676608	7.610504605479528	0.0	(7.610504605479528+0j)
2.7554724197295006	7.59262825588995	0.5908636208252088	8.188808856324595	0.0	(8.188808856324595+0j)
2.8650507786454744	8.208515964217039	0.6050843060851915	8.819011003802329	0.0	(8.819011003802329+0j)
2.98037188072727	8.882616547429805	0.618709753967857	9.506818574863262	0.0	(9.506818574863262+0j)
3.101841698627311	9.621421923343162	0.6317042757357689	10.258687418282072	0.0	(10.258687418282072+0j)
3.2299027785138295	10.432271958651356	0.6440426586855343	11.081931933959634	0.0	(11.081931933959634+0j)
3.3650382656406927	11.323482529226121	0.6557103428806714	11.984853340107353	0.0	(11.984853340107353+0j)
3.5077764565140632	12.304495668874358	0.6667030691275619	12.976889491895628	0.0	(12.976889491895628+0j)
3.658695957878825	13.386056112198853	0.6770260224690217	14.068790578382108	0.0	(14.068790578382108+0j)
3.8184315467632324	14.580419477316651	0.6866925520613042	15.272826022510687	0.0	(15.272826022510687+0j)
3.9876808426101613	15.901598502520086	0.6957225980686793	16.603029128764096	0.0	(16.603029128764096+0j)
4.167211922704006	17.365655208726416	0.7041409884268133	18.07548751503305	0.0	(18.07548751503305+0j)
4.357872036442461	18.99104868600716	0.7119757745762088	19.708689199734607	0.0	(19.708689199734607+0j)
4.56059760346492	20.799050500729972	0.7192567526292879	21.523936491882814	0.0	(21.523936491882814+0j)
4.776425716445359	22.81424262472056	0.7260142695236161	23.545842689953005	0.0	(23.545842689953005+0j)
5.006507413017847	25.06511647660265	0.7322783542416876	25.802930223736436	0.0	(25.802930223736436+0j)
5.252123034770273	27.5847963723645	0.7380781575196425	28.328353522022905	0.0	(28.328353522022905+0j)
5.514700056995304	30.41191671862401	0.743441643216578	31.16077588322895	0.0	(31.16077588322895+0j)
5.79583385410555	33.59169006439599	0.7483954574627625	34.3454373899144	0.0	(34.3454373899144+0j)
6.0973119663988715	37.177213215590875	0.7529649059066646	37.9354609998023	0.0	(37.9354609998023+0j)
6.421142559510249	41.231071769553836	0.7571739864257576	41.99345711615509	0.0	(41.99345711615509+0j)
6.7695879253305575	45.827320678781284	0.7610454446409491	46.59350421223561	0.0	(46.59350421223561+0j)
7.145204071488741	51.053941223219276	0.7646008355831457	51.82360587188791	0.0	(51.82360587188791+0j)
7.550887697663739	57.0159050227296	0.7678605846518747	57.7887548703963	0.0	(57.7887548703963+0j)
7.989932176934198	63.83901619200846	0.770844045692699	64.61477539437121	0.0	(64.61477539437121+0j)
8.466094570382701	71.67475727466345	0.7735695557709688	72.45316904102854	0.0	(72.45316904102854+0j)
8.983676231942443	80.70643864036757	0.7760544867177405	81.48726432283487	0.0	(81.48726432283487+0j)
9.547620246975589	91.1570523804582	0.7783152936225751	91.94007068707522	0.0	(91.94007068707522+0j)
10.163629845644598	103.29937163927764	0.7803675604529907	104.08437714613841	0.0	(104.08437714613841+0j)
10.838313114426764	117.4690311663552	0.7822260429700862	118.255828619678	0.0	(118.255828619678+0j)
11.579360898715521	134.08159882270192	0.7839047090984735	134.86998690263502	0.0	(134.86998690263502+0j)
12.395766890631103	153.6550368068663	0.785416776897922	154.44477890836828	0.0	(154.44477890836828+0j)
13.298101733885579	176.83950972477064	0.7867747502741174	177.63030521779464	0.0	(177.63030521779464+0j)
14.298856846105949	204.45730710543097	0.7879904525566193	205.24879450693297	0.0	(205.24879450693297+0j)
15.4128789857985	237.55683863086898	0.7890750580634125	238.34865738703704	0.0	(238.34865738703704+0j)
16.657924004374692	277.4864321355226	0.7900391217633438	278.27832987006053	0.0	(278.27832987006053+0j)
18.055368658845175	325.9963374068086	0.790892607140165	326.7882584251426	0.0	(326.7882584251426+0j)
19.631134230362083	385.3814311704939	0.7916449123548355	386.17350758204475	0.0	(386.17350758204475+0j)
21.416897162202954	458.6834840563769	0.7923048947961208	459.47591279238696	0.0	(459.47591279238696+0j)
23.45169336832135	549.9819218417676	0.7928808941033325	550.7748237697799	0.0	(550.7748237697799+0j)
25.784069609393207	664.8182456220344	0.7933807537392628	665.6116280964499	0.0	(665.6116280964499+0j)
28.475006004887277	810.8259669783665	0.7938118411859134	811.6197788697792	0.0	(811.6197788697792+0j)
31.60194254082919	998.6827723538696	0.7941810668305255	999.4769534210296	0.0	(999.4769534210296+0j)
35.26441324417679	1243.5788414560711	0.7944949016046066	1244.3733363576757	0.0	(1244.3733363576757+0j)
39.59206575734854	1567.531670934211	0.7947593934341358	1568.3264303276412	0.0	(1568.3264303276412+0j)
44.75629440708981	2003.1258890540987	0.794980182554872	2003.9208692366533	0.0	(2003.9208692366533+0j)
50.987474794970254	2599.722585967727	0.7951625157426647	2600.5177484834717	0.0	(2600.5177484834717+0j)
58.60110868501503	3434.0899391129437	0.7953112595048752	3434.8852503724543	0.0	(3434.8852503724543+0j)
68.0385608059694	4629.245756547595	0.7954309122754121	4630.041187459876	0.0	(4630.041187459876+0j)
79.93249520555548	6389.20378978615	0.7955256156524768	6389.9993154018175	0.0	(6389.9993154018175+0j)
95.21573580280513	9066.036344469587	0.7955991647148684	9066.831943634297	0.0	(9066.831943634297+0j)
115.30990144084706	13296.373370297862	0.7956550174496063	13297.16902531533	0.0	(13297.16902531533+0j)
142.46835698783258	20297.232742812503	0.7956963033206849	20298.02843911582	0.0	(20298.02843911582+0j)
180.43662013461488	32557.37388560331	0.7957258310059422	32558.169611434314	0.0	(32558.169611434314+0j)
235.81652801000044	55609.43488269132	0.7957460953263235	55610.230628786645	0.0	(55610.230628786645+0j)
321.1426374440291	103132.59358450712	0.7957592833892106	103133.3893437905	0.0	(103133.3893437905+0j)
462.65273860158646	214047.5565355479	0.7957672799649694	214048.35230282784	0.0	(214048.35230282784+0j)
723.160002690916	522960.38949192566	0.7957716721134358	522961.18526359776	0.0	(522961.18526359776+0j)
1285.984374531262	1653755.8115385608	0.7957737530746918	1653756.6073123137	0.0	(1653756.6073123137+0j)
2894.05405155796	8375548.853339043	0.7957745254361769	8375549.6491135685	0.0	(8375549.6491135685+0j)
11577.630376607392	134041525.13734223	0.7957747035859217	134041525.93311693	0.0	(134041525.93311693+0j)
