-1.0	-1.0	-0.05646694449804499	-1.0571253679497319	0.0	(-1.0571253679497319+0j)
-0.995	-0.990025	-0.05617064748729697	-1.0467735865171504	0.0	(-1.0467735865171504+0j)
-0.99	-0.9801	-0.05587261730565896	-1.0365033697931756	0.0	(-1.0365033697931756+0j)
-0.985	-0.970225	-0.05557286017992215	-1.026294314598546	0.0	(-1.026294314598546+0j)
-0.98	-0.9603999999999999	-0.05527138275725528	-1.0161405222205442	0.0	(-1.0161405222205442+0j)
-0.975	-0.9506249999999999	-0.05496819211062369	-1.0060394453183317	0.0	(-1.0060394453183317+0j)
-0.97	-0.9409	-0.05466329574414979	-0.9959897437099464	0.0	(-0.9959897437099464+0j)
-0.965	-0.931225	-0.0543567015984118	-0.98599062303967	0.0	(-0.98599062303967+0j)
-0.96	-0.9216	-0.05404841805567677	-0.976041573387029	0.0	(-0.976041573387029+0j)
-0.9550000000000001	-0.9120250000000001	-0.05373845394506466	-0.966142248327574	0.0	(-0.966142248327574+0j)
-0.9500000000000001	-0.9025000000000001	-0.053426818547639636	-0.9562924024601972	0.0	(-0.9562924024601972+0j)
-0.9450000000000001	-0.8930250000000001	-0.05311352160142509	-0.9464918563837975	0.0	(-0.9464918563837975+0j)
-0.9400000000000001	-0.8836000000000002	-0.052798573306338636	-0.9367404757778514	0.0	(-0.9367404757778514+0j)
-0.935	-0.8742250000000001	-0.052481984329043434	-0.9270381582583456	0.0	(-0.9270381582583456+0j)
-0.93	-0.8649000000000001	-0.05216376580771216	-0.9173848247700502	0.0	(-0.9173848247700502+0j)
-0.925	-0.8556250000000001	-0.05184392935669981	-0.9077804137515557	0.0	(-0.9077804137515557+0j)
-0.92	-0.8464	-0.05152248707112177	-0.8982248770626423	0.0	(-0.8982248770626423+0j)
-0.915	-0.8372250000000001	-0.05119945153133323	-0.8887181770695847	0.0	(-0.8887181770695847+0j)
-0.91	-0.8281000000000001	-0.050874835807306305	-0.8792602845133568	0.0	(-0.8792602845133568+0j)
-0.905	-0.819025	-0.05054865346290096	-0.8698511769205317	0.0	(-0.8698511769205317+0j)
-0.9	-0.81	-0.050220918560026216	-0.8604908373987357	0.0	(-0.8604908373987357+0j)
-0.895	-0.801025	-0.04989164566268749	-0.8511792537098481	0.0	(-0.8511792537098481+0j)
-0.89	-0.7921	-0.04956084984091668	-0.8419164175473789	0.0	(-0.8419164175473789+0j)
-0.885	-0.7832250000000001	-0.049228546674580854	-0.832702323966281	0.0	(-0.832702323966281+0j)
-0.88	-0.7744	-0.0488947522570661	-0.8235369709281485	0.0	(-0.8235369709281485+0j)
-0.875	-0.765625	-0.048559483198832396	-0.8144203589348501	0.0	(-0.8144203589348501+0j)
-0.87	-0.7569	-0.048222756630836194	-0.8053524907308532	0.0	(-0.8053524907308532+0j)
-0.865	-0.748225	-0.04788459020781648	-0.7963333710592628	0.0	(-0.7963333710592628+0j)
-0.86	-0.7395999999999999	-0.047545002111440846	-0.7873630064604731	0.0	(-0.7873630064604731+0j)
-0.855	-0.7310249999999999	-0.04720401105330803	-0.7784414051048433	0.0	(-0.7784414051048433+0j)
-0.85	-0.7224999999999999	-0.04686163627780254	-0.769568576652668	0.0	(-0.769568576652668+0j)
-0.845	-0.7140249999999999	-0.04651789756479862	-0.7607445321364473	0.0	(-0.7607445321364473+0j)
-0.84	-0.7055999999999999	-0.046172815232209015	-0.751969283861242	0.0	(-0.751969283861242+0j)
-0.835	-0.697225	-0.045826410138375476	-0.7432428453199706	0.0	(-0.7432428453199706+0j)
-0.8300000000000001	-0.6889000000000001	-0.04547870368429726	-0.7345652311210192	0.0	(-0.7345652311210192+0j)
-0.8250000000000001	-0.6806250000000001	-0.0451297178156938	-0.7259364569261849	0.0	(-0.7259364569261849+0j)
-0.8200000000000001	-0.6724000000000001	-0.04477947502489843	-0.717356539397113	0.0	(-0.717356539397113+0j)
-0.8150000000000001	-0.6642250000000001	-0.04442799835257935	-0.7088254961490136	0.0	(-0.7088254961490136+0j)
-0.81	-0.6561000000000001	-0.04407531138928447	-0.7003433457104323	0.0	(-0.7003433457104323+0j)
-0.805	-0.6480250000000001	-0.04372143827680676	-0.6919101074881869	0.0	(-0.6919101074881869+0j)
-0.8	-0.6400000000000001	-0.043366403709366716	-0.6835258017366644	0.0	(-0.6835258017366644+0j)
-0.795	-0.6320250000000001	-0.04301023293460851	-0.675190449530902	0.0	(-0.675190449530902+0j)
-0.79	-0.6241000000000001	-0.042652951754406906	-0.6669040727428008	0.0	(-0.6669040727428008+0j)
-0.785	-0.616225	-0.04229458652548117	-0.6586666940201442	0.0	(-0.6586666940201442+0j)
-0.78	-0.6084	-0.04193516415981345	-0.6504783367679113	0.0	(-0.6504783367679113+0j)
-0.775	-0.6006250000000001	-0.0415747121248681	-0.6423390251316855	0.0	(-0.6423390251316855+0j)
-0.77	-0.5929	-0.04121325844360904	-0.6342487839827523	0.0	(-0.6342487839827523+0j)
-0.765	-0.585225	-0.040850831694312306	-0.6262076389047263	0.0	(-0.6262076389047263+0j)
-0.76	-0.5776	-0.04048746101017072	-0.6182156161814886	0.0	(-0.6182156161814886+0j)
-0.755	-0.570025	-0.04012317607868816	-0.6102727427862209	0.0	(-0.6102727427862209+0j)
-0.75	-0.5625	-0.039758007140860266	-0.6023790463714068	0.0	(-0.6023790463714068+0j)
-0.745	-0.555025	-0.03939198499013939	-0.5945345552596776	0.0	(-0.5945345552596776+0j)
-0.74	-0.5476	-0.03902514097118083	-0.5867392984353286	0.0	(-0.5867392984353286+0j)
-0.735	-0.540225	-0.03865750697836816	-0.5789933055364632	0.0	(-0.5789933055364632+0j)
-0.73	-0.5328999999999999	-0.03828911545411501	-0.5712966068476211	0.0	(-0.5712966068476211+0j)
-0.725	-0.525625	-0.03791999938694124	-0.5636492332928172	0.0	(-0.5636492332928172+0j)
-0.72	-0.5184	-0.037550192309320926	-0.5560512164289536	0.0	(-0.5560512164289536+0j)
-0.715	-0.5112249999999999	-0.03717972829530061	-0.5485025884394635	0.0	(-0.5485025884394635+0j)
-0.71	-0.5041	-0.036808641957885135	-0.5410033821282108	0.0	(-0.5410033821282108+0j)
-0.705	-0.49702499999999994	-0.03643696844618957	-0.533553630913461	0.0	(-0.533553630913461+0j)
-0.7000000000000001	-0.4900000000000001	-0.036064743442355426	-0.5261533688220666	0.0	(-0.5261533688220666+0j)
-0.6950000000000001	-0.4830250000000001	-0.03569200315822911	-0.518802630483585	0.0	(-0.518802630483585+0j)
-0.6900000000000001	-0.4761000000000001	-0.035318784331801495	-0.5115014511244744	0.0	(-0.5115014511244744+0j)
-0.685	-0.46922500000000006	-0.03494512422340662	-0.5042498665622188	0.0	(-0.5042498665622188+0j)
-0.68	-0.4624000000000001	-0.03457106061167871	-0.4970479131993648	0.0	(-0.4970479131993648+0j)
-0.675	-0.45562500000000006	-0.03419663178926554	-0.4898956280174493	0.0	(-0.4898956280174493+0j)
-0.67	-0.4489000000000001	-0.033821876558297874	-0.48279304857075145	0.0	(-0.48279304857075145+0j)
-0.665	-0.44222500000000003	-0.033446834225613176	-0.4757402129798766	0.0	(-0.4757402129798766+0j)
-0.66	-0.43560000000000004	-0.033071544597733274	-0.46873715992506165	0.0	(-0.46873715992506165+0j)
-0.655	-0.42902500000000005	-0.032696047975594764	-0.46178392863925166	0.0	(-0.46178392863925166+0j)
-0.65	-0.42250000000000004	-0.03232038514903203	-0.4548805589008629	0.0	(-0.4548805589008629+0j)
-0.645	-0.41602500000000003	-0.03194459739101185	-0.44802709102619903	0.0	(-0.44802709102619903+0j)
-0.64	-0.4096	-0.03156872645161951	-0.44122356586154066	0.0	(-0.44122356586154066+0j)
-0.635	-0.403225	-0.031192814551796316	-0.4344700247747985	0.0	(-0.4344700247747985+0j)
-0.63	-0.39690000000000003	-0.03081690437682795	-0.4277665096467767	0.0	(-0.4277665096467767+0j)
-0.625	-0.390625	-0.030441039069584244	-0.4211130628619419	0.0	(-0.4211130628619419+0j)
-0.62	-0.3844	-0.03006526222351008	-0.41450972729877067	0.0	(-0.41450972729877067+0j)
-0.615	-0.378225	-0.029689617875368144	-0.4079565463195299	0.0	(-0.4079565463195299+0j)
-0.61	-0.3721	-0.02931415049773364	-0.4014535637595632	0.0	(-0.4014535637595632+0j)
-0.605	-0.366025	-0.028938904991241764	-0.39500082391600505	0.0	(-0.39500082391600505+0j)
-0.6	-0.36	-0.02856392667658878	-0.3885983715359125	0.0	(-0.3885983715359125+0j)
-0.595	-0.354025	-0.028189261286287216	-0.382246251803816	0.0	(-0.382246251803816+0j)
-0.59	-0.34809999999999997	-0.027814954956176738	-0.3759445103286254	0.0	(-0.3759445103286254+0j)
-0.585	-0.34222499999999995	-0.027441054216691504	-0.36969319312992377	0.0	(-0.36969319312992377+0j)
-0.58	-0.3364	-0.027067605983885364	-0.36349234662358637	0.0	(-0.36349234662358637+0j)
-0.5750000000000001	-0.33062500000000006	-0.02669465755021684	-0.35734201760677264	0.0	(-0.35734201760677264+0j)
-0.5700000000000001	-0.3249000000000001	-0.02632225657509476	-0.3512422532422157	0.0	(-0.3512422532422157+0j)
-0.5650000000000001	-0.3192250000000001	-0.025950451075187186	-0.34519310104186113	0.0	(-0.34519310104186113+0j)
-0.56	-0.31360000000000005	-0.025579289414494836	-0.3391946088498103	0.0	(-0.3391946088498103+0j)
-0.555	-0.30802500000000005	-0.025208820294191844	-0.33324682482460116	0.0	(-0.33324682482460116+0j)
-0.55	-0.30250000000000005	-0.024839092742235218	-0.3273497974208245	0.0	(-0.3273497974208245+0j)
-0.545	-0.29702500000000004	-0.02447015610274628	-0.3215035753700597	0.0	(-0.3215035753700597+0j)
-0.54	-0.2916	-0.024102060025166273	-0.3157082076611923	0.0	(-0.3157082076611923+0j)
-0.535	-0.286225	-0.02373485445318858	-0.30996374352010053	0.0	(-0.30996374352010053+0j)
-0.53	-0.28090000000000004	-0.02336858961347093	-0.30427023238873196	0.0	(-0.30427023238873196+0j)
-0.525	-0.275625	-0.023003316004130206	-0.29862772390362596	0.0	(-0.29862772390362596+0j)
-0.52	-0.27040000000000003	-0.02263908438302353	-0.293036267873906	0.0	(-0.293036267873906+0j)
-0.515	-0.265225	-0.022275945755818056	-0.28749591425877236	0.0	(-0.28749591425877236+0j)
-0.51	-0.2601	-0.021913951363854087	-0.2820067131445626	0.0	(-0.2820067131445626+0j)
-0.505	-0.255025	-0.021553152671804215	-0.2765687147214241	0.0	(-0.2765687147214241+0j)
-0.5	-0.25	-0.0211936013551328	-0.27118196925966465	0.0	(-0.27118196925966465+0j)
-0.495	-0.245025	-0.02083534928735935	-0.2658465270858427	0.0	(-0.2658465270858427+0j)
-0.49	-0.24009999999999998	-0.020478448527130235	-0.260562438558703	0.0	(-0.260562438558703+0j)
-0.485	-0.235225	-0.020122951305102735	-0.25532975404498026	0.0	(-0.25532975404498026+0j)
-0.48	-0.2304	-0.019768910010645683	-0.25014852389521924	0.0	(-0.25014852389521924+0j)
-0.47500000000000003	-0.22562500000000002	-0.019416377178361564	-0.24501879841970262	0.0	(-0.24501879841970262+0j)
-0.47000000000000003	-0.22090000000000004	-0.019065405474434517	-0.23994062786456388	0.0	(-0.23994062786456388+0j)
-0.465	-0.21622500000000003	-0.018716047682808667	-0.23491406238821652	0.0	(-0.23491406238821652+0j)
-0.46	-0.2116	-0.018368356691202768	-0.2299391520382406	0.0	(-0.2299391520382406+0j)
-0.455	-0.20702500000000001	-0.018022385476964674	-0.22501594672884584	0.0	(-0.22501594672884584+0j)
-0.45	-0.2025	-0.01767818709277254	-0.22014449621904467	0.0	(-0.22014449621904467+0j)
-0.445	-0.198025	-0.017335814652186653	-0.21532485009171462	0.0	(-0.21532485009171462+0j)
-0.44	-0.1936	-0.016995321315058202	-0.21055705773369915	0.0	(-0.21055705773369915+0j)
-0.435	-0.189225	-0.016656760272800268	-0.20584116831712015	0.0	(-0.20584116831712015+0j)
-0.43	-0.18489999999999998	-0.016320184733526963	-0.2011772307821061	0.0	(-0.2011772307821061+0j)
-0.425	-0.18062499999999998	-0.01598564790706601	-0.19656529382111715	0.0	(-0.19656529382111715+0j)
-0.42	-0.17639999999999997	-0.01565320298985165	-0.19200540586510298	0.0	(-0.19200540586510298+0j)
-0.41500000000000004	-0.17222500000000002	-0.015322903149702707	-0.18749761507169604	0.0	(-0.18749761507169604+0j)
-0.41000000000000003	-0.16810000000000003	-0.014994801510493545	-0.18304196931571423	0.0	(-0.18304196931571423+0j)
-0.405	-0.16402500000000003	-0.014668951136722619	-0.17863851618220436	0.0	(-0.17863851618220436+0j)
-0.4	-0.16000000000000003	-0.014345405017986423	-0.17428730296231257	0.0	(-0.17428730296231257+0j)
-0.395	-0.15602500000000002	-0.014024216053363792	-0.16998837665228056	0.0	(-0.16998837665228056+0j)
-0.39	-0.1521	-0.013705437035719178	-0.1657417839558513	0.0	(-0.1657417839558513+0j)
-0.385	-0.148225	-0.013389120635929515	-0.16154757129044342	0.0	(-0.16154757129044342+0j)
-0.38	-0.1444	-0.013075319387043267	-0.1574057847974024	0.0	(-0.1574057847974024+0j)
-0.375	-0.140625	-0.012764085668376945	-0.15331647035669616	0.0	(-0.15331647035669616+0j)
-0.37	-0.1369	-0.012455471689557449	-0.1492796736064214	0.0	(-0.1492796736064214+0j)
-0.365	-0.13322499999999998	-0.012149529474516328	-0.14529543996750618	0.0	(-0.14529543996750618+0j)
-0.36	-0.1296	-0.011846310845443908	-0.14136381467396517	0.0	(-0.14136381467396517+0j)
-0.355	-0.126025	-0.01154586740670916	-0.13748484280912626	0.0	(-0.13748484280912626+0j)
-0.35000000000000003	-0.12250000000000003	-0.01124825052875457	-0.13365856934817227	0.0	(-0.13365856934817227+0j)
-0.34500000000000003	-0.11902500000000002	-0.010953511331971144	-0.12988503920739114	0.0	(-0.12988503920739114+0j)
-0.34	-0.11560000000000002	-0.01066170067056324	-0.12616429730042036	0.0	(-0.12616429730042036+0j)
-0.335	-0.11222500000000002	-0.010372869116408098	-0.12249638860183859	0.0	(-0.12249638860183859+0j)
-0.33	-0.10890000000000001	-0.010087066942920248	-0.11888135821828619	0.0	(-0.11888135821828619+0j)
-0.325	-0.10562500000000001	-0.009804344108926	-0.11531925146730214	0.0	(-0.11531925146730214+0j)
-0.32	-0.1024	-0.009524750242557653	-0.11181011396391212	0.0	(-0.11181011396391212+0j)
-0.315	-0.09922500000000001	-0.00924833462517323	-0.10835399171490127	0.0	(-0.10835399171490127+0j)
-0.31	-0.0961	-0.008975146175310908	-0.10495093122052968	0.0	(-0.10495093122052968+0j)
-0.305	-0.093025	-0.008705233432684742	-0.10160097958324925	0.0	(-0.10160097958324925+0j)
-0.3	-0.09	-0.008438644542229923	-0.09830418462275249	0.0	(-0.09830418462275249+0j)
-0.295	-0.08702499999999999	-0.008175427238205704	-0.09506059499640623	0.0	(-0.09506059499640623+0j)
-0.29	-0.0841	-0.007915628828362511	-0.09187026032379064	0.0	(-0.09187026032379064+0j)
-0.28500000000000003	-0.08122500000000002	-0.007659296178182395	-0.08873323131371842	0.0	(-0.08873323131371842+0j)
-0.28	-0.07840000000000001	-0.007406475695199699	-0.08564955989169654	0.0	(-0.08564955989169654+0j)
-0.275	-0.07562500000000001	-0.0071572133134097105	-0.08261929932535066	0.0	(-0.08261929932535066+0j)
-0.27	-0.0729	-0.006911554477774112	-0.07964250434490085	0.0	(-0.07964250434490085+0j)
-0.265	-0.07022500000000001	-0.006669544128829127	-0.07671923125526885	0.0	(-0.07671923125526885+0j)
-0.26	-0.06760000000000001	-0.00643122668740545	-0.0738495380359759	0.0	(-0.0738495380359759+0j)
-0.255	-0.065025	-0.006196646039468706	-0.07103348442455246	0.0	(-0.07103348442455246+0j)
-0.25	-0.0625	-0.00596584552108384	-0.06827113197883423	0.0	(-0.06827113197883423+0j)
-0.245	-0.060024999999999995	-0.005738867903516687	-0.06556254411327846	0.0	(-0.06556254411327846+0j)
-0.24	-0.0576	-0.005515755378476678	-0.06290778610433395	0.0	(-0.06290778610433395+0j)
-0.23500000000000001	-0.05522500000000001	-0.005296549543508944	-0.060306925060006934	0.0	(-0.060306925060006934+0j)
-0.23	-0.0529	-0.005081291387543235	-0.057760029849079644	0.0	(-0.057760029849079644+0j)
-0.225	-0.050625	-0.0048700212766086826	-0.055267170986058926	0.0	(-0.055267170986058926+0j)
-0.22	-0.0484	-0.004662778939719808	-0.05282842046883046	0.0	(-0.05282842046883046+0j)
-0.215	-0.046224999999999995	-0.004459603454941702	-0.05044385156722088	0.0	(-0.05044385156722088+0j)
-0.21	-0.04409999999999999	-0.004260533235642405	-0.04811353856217436	0.0	(-0.04811353856217436+0j)
-0.20500000000000002	-0.04202500000000001	-0.0040656060169380615	-0.04583755643707265	0.0	(-0.04583755643707265+0j)
-0.2	-0.04000000000000001	-0.003874858842340956	-0.04361598052469551	0.0	(-0.04361598052469551+0j)
-0.195	-0.038025	-0.003688328050613643	-0.04144888611546108	0.0	(-0.04144888611546108+0j)
-0.19	-0.0361	-0.0035060492628385953	-0.03933634803467603	0.0	(-0.03933634803467603+0j)
-0.185	-0.034225	-0.003328057369709758	-0.0372784401985048	0.0	(-0.0372784401985048+0j)
-0.18	-0.0324	-0.00315438651905392	-0.0352752351600444	0.0	(-0.0352752351600444+0j)
-0.17500000000000002	-0.030625000000000006	-0.002985070103583287	-0.033326803658139934	0.0	(-0.033326803658139934+0j)
-0.17	-0.028900000000000006	-0.0028201407488950836	-0.03143321418227259	0.0	(-0.03143321418227259+0j)
-0.165	-0.027225000000000003	-0.002659630301715954	-0.029594532566898042	0.0	(-0.029594532566898042+0j)
-0.16	-0.0256	-0.0025035698184006083	-0.02781082162798282	0.0	(-0.02781082162798282+0j)
-0.155	-0.024025	-0.002351989553692757	-0.026082140853176814	0.0	(-0.026082140853176814+0j)
-0.15	-0.0225	-0.002204918949753054	-0.0244085461551447	0.0	(-0.0244085461551447+0j)
-0.145	-0.021025	-0.0020623866254568246	-0.022790089695186904	0.0	(-0.022790089695186904+0j)
-0.14	-0.019600000000000003	-0.0019244203659740666	-0.021226819781558763	0.0	(-0.021226819781558763+0j)
-0.135	-0.018225	-0.0017910471126303396	-0.019718780844048954	0.0	(-0.019718780844048954+0j)
-0.13	-0.016900000000000002	-0.001662292953060196	-0.01826601348358392	0.0	(-0.01826601348358392+0j)
-0.125	-0.015625	-0.0015381831116517697	-0.01686855459309063	0.0	(-0.01686855459309063+0j)
-0.12	-0.0144	-0.0014187419402961199	-0.015526437543707264	0.0	(-0.015526437543707264+0j)
-0.115	-0.013225	-0.0013039929094388336	-0.014239692428837906	0.0	(-0.014239692428837906+0j)
-0.11	-0.0121	-0.0011939585994424906	-0.01300834635756351	0.0	(-0.01300834635756351+0j)
-0.105	-0.011024999999999998	-0.0010886606922644315	-0.011832423788612264	0.0	(-0.011832423788612264+0j)
-0.1	-0.010000000000000002	-0.0009881199634531601	-0.010711946896477526	0.0	(-0.010711946896477526+0j)
-0.095	-0.009025	-0.0008923562744722613	-0.009646935962362853	0.0	(-0.009646935962362853+0j)
-0.09	-0.0081	-0.0008013885653446184	-0.008637409784487264	0.0	(-0.008637409784487264+0j)
-0.085	-0.007225000000000001	-0.0007152348476391346	-0.007683386104945097	0.0	(-0.007683386104945097+0j)
-0.08	-0.0064	-0.0006339121977827489	-0.00678488205406367	0.0	(-0.00678488205406367+0j)
-0.075	-0.005625	-0.000557436750725504	-0.005941914618343987	0.0	(-0.005941914618343987+0j)
-0.07	-0.004900000000000001	-0.00048582369392979885	-0.00515450114558124	0.0	(-0.00515450114558124+0j)
-0.065	-0.0042250000000000005	-0.0004190872617315655	-0.004422659911909457	0.0	(-0.004422659911909457+0j)
-0.06	-0.0036	-0.00035724073002674217	-0.003746410793471265	0.0	(-0.003746410793471265+0j)
-0.055	-0.003025	-0.0003002964113196782	-0.0031257761156007623	0.0	(-0.0031257761156007623+0j)
-0.05	-0.0025000000000000005	-0.00024826565014901547	-0.0025607818063477987	0.0	(-0.0025607818063477987+0j)
-0.045	-0.002025	-0.00020115881881999087	-0.0020514590839565187	0.0	(-0.0020514590839565187+0j)
-0.04	-0.0016	-0.0001589853135453012	-0.001597847115867102	0.0	(-0.001597847115867102+0j)
-0.035	-0.0012250000000000002	-0.00012175355093901885	-0.001199997541664542	0.0	(-0.001199997541664542+0j)
-0.03	-0.0009	-8.947096485911743e-05	-0.0008579828405453438	0.0	(-0.0008579828405453438+0j)
-0.025	-0.0006250000000000001	-6.214400361415073e-05	-0.0005719134422842979	0.0	(-0.0005719134422842979+0j)
-0.02	-0.0004	-3.977812756517096e-05	-0.00034197759402932777	0.0	(-0.00034197759402932777+0j)
-0.015	-0.000225	-2.237780709180015e-05	-0.00016855341175853184	0.0	(-0.00016855341175853184+0j)
-0.01	-0.0001	-9.94652090469117e-06	-5.264022075196443e-05	0.0	(-5.264022075196443e-05+0j)
-0.005	-2.5e-05	-2.4867543402251613e-06	-7.448468924975415e-17	-0.06123418531685291	(-7.448468924975415e-17-0.06123418531685291j)
0.005	2.5e-05	2.4867543402251613e-06	-7.448468924975415e-17	0.06123418531685291	(-7.448468924975415e-17+0.06123418531685291j)
0.01	0.0001	9.94652090469117e-06	5.2640220751957794e-05	0.0	(5.2640220751957794e-05+0j)
0.015	0.000225	2.237780709180015e-05	0.00016855341175853666	0.0	(0.00016855341175853666+0j)
0.02	0.0004	3.977812756517096e-05	0.00034197759402939483	0.0	(0.00034197759402939483+0j)
0.025	0.0006250000000000001	6.214400361415073e-05	0.0005719134422843144	0.0	(0.0005719134422843144+0j)
0.03	0.0009	8.947096485911743e-05	0.0008579828405453266	0.0	(0.0008579828405453266+0j)
0.035	0.0012250000000000002	0.00012175355093901885	0.001199997541664537	0.0	(0.001199997541664537+0j)
0.04	0.0016	0.0001589853135453012	0.0015978471158670856	0.0	(0.0015978471158670856+0j)
0.045	0.002025	0.00020115881881999087	0.0020514590839565373	0.0	(0.0020514590839565373+0j)
0.05	0.0025000000000000005	0.00024826565014901547	0.0025607818063478256	0.0	(0.0025607818063478256+0j)
0.055	0.003025	0.0003002964113196782	0.0031257761156007623	0.0	(0.0031257761156007623+0j)
0.06	0.0036	0.00035724073002674217	0.0037464107934712765	0.0	(0.0037464107934712765+0j)
0.065	0.0042250000000000005	0.0004190872617315655	0.004422659911909419	0.0	(0.004422659911909419+0j)
0.07	0.004900000000000001	0.00048582369392979885	0.005154501145581239	0.0	(0.005154501145581239+0j)
0.075	0.005625	0.000557436750725504	0.005941914618343966	0.0	(0.005941914618343966+0j)
0.08	0.0064	0.0006339121977827489	0.006784882054063678	0.0	(0.006784882054063678+0j)
0.085	0.007225000000000001	0.0007152348476391346	0.00768338610494508	0.0	(0.00768338610494508+0j)
0.09	0.0081	0.0008013885653446184	0.008637409784487234	0.0	(0.008637409784487234+0j)
0.095	0.009025	0.0008923562744722613	0.009646935962362869	0.0	(0.009646935962362869+0j)
0.1	0.010000000000000002	0.0009881199634531601	0.010711946896477602	0.0	(0.010711946896477602+0j)
0.105	0.011024999999999998	0.0010886606922644315	0.011832423788612155	0.0	(0.011832423788612155+0j)
0.11	0.0121	0.0011939585994424906	0.01300834635756357	0.0	(0.01300834635756357+0j)
0.115	0.013225	0.0013039929094388336	0.014239692428837868	0.0	(0.014239692428837868+0j)
0.12	0.0144	0.0014187419402961199	0.015526437543707217	0.0	(0.015526437543707217+0j)
0.125	0.015625	0.0015381831116517697	0.016868554593090612	0.0	(0.016868554593090612+0j)
0.13	0.016900000000000002	0.001662292953060196	0.018266013483583907	0.0	(0.018266013483583907+0j)
0.135	0.018225	0.0017910471126303396	0.01971878084404899	0.0	(0.01971878084404899+0j)
0.14	0.019600000000000003	0.0019244203659740666	0.021226819781558704	0.0	(0.021226819781558704+0j)
0.145	0.021025	0.0020623866254568246	0.02279008969518687	0.0	(0.02279008969518687+0j)
0.15	0.0225	0.002204918949753054	0.02440854615514465	0.0	(0.02440854615514465+0j)
0.155	0.024025	0.002351989553692757	0.02608214085317688	0.0	(0.02608214085317688+0j)
0.16	0.0256	0.0025035698184006083	0.027810821627982877	0.0	(0.027810821627982877+0j)
0.165	0.027225000000000003	0.002659630301715954	0.029594532566898233	0.0	(0.029594532566898233+0j)
0.17	0.028900000000000006	0.0028201407488950836	0.031433214182272594	0.0	(0.031433214182272594+0j)
0.17500000000000002	0.030625000000000006	0.002985070103583287	0.03332680365813999	0.0	(0.03332680365813999+0j)
0.18	0.0324	0.00315438651905392	0.035275235160044584	0.0	(0.035275235160044584+0j)
0.185	0.034225	0.003328057369709758	0.0372784401985049	0.0	(0.0372784401985049+0j)
0.19	0.0361	0.0035060492628385953	0.039336348034676075	0.0	(0.039336348034676075+0j)
0.195	0.038025	0.003688328050613643	0.04144888611546119	0.0	(0.04144888611546119+0j)
0.2	0.04000000000000001	0.003874858842340956	0.04361598052469538	0.0	(0.04361598052469538+0j)
0.20500000000000002	0.04202500000000001	0.0040656060169380615	0.04583755643707303	0.0	(0.04583755643707303+0j)
0.21	0.04409999999999999	0.004260533235642405	0.048113538562174804	0.0	(0.048113538562174804+0j)
0.215	0.046224999999999995	0.004459603454941702	0.050443851567220845	0.0	(0.050443851567220845+0j)
0.22	0.0484	0.004662778939719808	0.052828420468830795	0.0	(0.052828420468830795+0j)
0.225	0.050625	0.0048700212766086826	0.05526717098605887	0.0	(0.05526717098605887+0j)
0.23	0.0529	0.005081291387543235	0.05776002984908	0.0	(0.05776002984908+0j)
0.23500000000000001	0.05522500000000001	0.005296549543508944	0.06030692506000711	0.0	(0.06030692506000711+0j)
0.24	0.0576	0.005515755378476678	0.06290778610433334	0.0	(0.06290778610433334+0j)
0.245	0.060024999999999995	0.005738867903516687	0.06556254411327782	0.0	(0.06556254411327782+0j)
0.25	0.0625	0.00596584552108384	0.06827113197883379	0.0	(0.06827113197883379+0j)
0.255	0.065025	0.006196646039468706	0.07103348442455233	0.0	(0.07103348442455233+0j)
0.26	0.06760000000000001	0.00643122668740545	0.07384953803597537	0.0	(0.07384953803597537+0j)
0.265	0.07022500000000001	0.006669544128829127	0.07671923125526896	0.0	(0.07671923125526896+0j)
0.27	0.0729	0.006911554477774112	0.07964250434490076	0.0	(0.07964250434490076+0j)
0.275	0.07562500000000001	0.0071572133134097105	0.08261929932535088	0.0	(0.08261929932535088+0j)
0.28	0.07840000000000001	0.007406475695199699	0.08564955989169645	0.0	(0.08564955989169645+0j)
0.28500000000000003	0.08122500000000002	0.007659296178182395	0.0887332313137191	0.0	(0.0887332313137191+0j)
0.29	0.0841	0.007915628828362511	0.09187026032379028	0.0	(0.09187026032379028+0j)
0.295	0.08702499999999999	0.008175427238205704	0.09506059499640573	0.0	(0.09506059499640573+0j)
0.3	0.09	0.008438644542229923	0.0983041846227527	0.0	(0.0983041846227527+0j)
0.305	0.093025	0.008705233432684742	0.10160097958324991	0.0	(0.10160097958324991+0j)
0.31	0.0961	0.008975146175310908	0.10495093122052994	0.0	(0.10495093122052994+0j)
0.315	0.09922500000000001	0.00924833462517323	0.10835399171490125	0.0	(0.10835399171490125+0j)
0.32	0.1024	0.009524750242557653	0.1118101139639121	0.0	(0.1118101139639121+0j)
0.325	0.10562500000000001	0.009804344108926	0.11531925146730189	0.0	(0.11531925146730189+0j)
0.33	0.10890000000000001	0.010087066942920248	0.11888135821828583	0.0	(0.11888135821828583+0j)
0.335	0.11222500000000002	0.010372869116408098	0.12249638860183804	0.0	(0.12249638860183804+0j)
0.34	0.11560000000000002	0.01066170067056324	0.1261642973004203	0.0	(0.1261642973004203+0j)
0.34500000000000003	0.11902500000000002	0.010953511331971144	0.1298850392073912	0.0	(0.1298850392073912+0j)
0.35000000000000003	0.12250000000000003	0.01124825052875457	0.1336585693481733	0.0	(0.1336585693481733+0j)
0.355	0.126025	0.01154586740670916	0.1374848428091258	0.0	(0.1374848428091258+0j)
0.36	0.1296	0.011846310845443908	0.14136381467396483	0.0	(0.14136381467396483+0j)
0.365	0.13322499999999998	0.012149529474516328	0.14529543996750655	0.0	(0.14529543996750655+0j)
0.37	0.1369	0.012455471689557449	0.1492796736064232	0.0	(0.1492796736064232+0j)
0.375	0.140625	0.012764085668376945	0.15331647035669665	0.0	(0.15331647035669665+0j)
0.38	0.1444	0.013075319387043267	0.1574057847974032	0.0	(0.1574057847974032+0j)
0.385	0.148225	0.013389120635929515	0.16154757129044375	0.0	(0.16154757129044375+0j)
0.39	0.1521	0.013705437035719178	0.16574178395585148	0.0	(0.16574178395585148+0j)
0.395	0.15602500000000002	0.014024216053363792	0.16998837665228098	0.0	(0.16998837665228098+0j)
0.4	0.16000000000000003	0.014345405017986423	0.17428730296231487	0.0	(0.17428730296231487+0j)
0.405	0.16402500000000003	0.014668951136722619	0.17863851618220639	0.0	(0.17863851618220639+0j)
0.41000000000000003	0.16810000000000003	0.014994801510493545	0.18304196931571626	0.0	(0.18304196931571626+0j)
0.41500000000000004	0.17222500000000002	0.015322903149702707	0.1874976150716961	0.0	(0.1874976150716961+0j)
0.42	0.17639999999999997	0.01565320298985165	0.19200540586510234	0.0	(0.19200540586510234+0j)
0.425	0.18062499999999998	0.01598564790706601	0.19656529382111831	0.0	(0.19656529382111831+0j)
0.43	0.18489999999999998	0.016320184733526963	0.2011772307821057	0.0	(0.2011772307821057+0j)
0.435	0.189225	0.016656760272800268	0.20584116831712093	0.0	(0.20584116831712093+0j)
0.44	0.1936	0.016995321315058202	0.2105570577336988	0.0	(0.2105570577336988+0j)
0.445	0.198025	0.017335814652186653	0.21532485009171504	0.0	(0.21532485009171504+0j)
0.45	0.2025	0.01767818709277254	0.220144496219044	0.0	(0.220144496219044+0j)
0.455	0.20702500000000001	0.018022385476964674	0.2250159467288473	0.0	(0.2250159467288473+0j)
0.46	0.2116	0.018368356691202768	0.22993915203824117	0.0	(0.22993915203824117+0j)
0.465	0.21622500000000003	0.018716047682808667	0.2349140623882165	0.0	(0.2349140623882165+0j)
0.47000000000000003	0.22090000000000004	0.019065405474434517	0.23994062786456416	0.0	(0.23994062786456416+0j)
0.47500000000000003	0.22562500000000002	0.019416377178361564	0.24501879841970306	0.0	(0.24501879841970306+0j)
0.48	0.2304	0.019768910010645683	0.2501485238952184	0.0	(0.2501485238952184+0j)
0.485	0.235225	0.020122951305102735	0.2553297540449787	0.0	(0.2553297540449787+0j)
0.49	0.24009999999999998	0.020478448527130235	0.2605624385587046	0.0	(0.2605624385587046+0j)
0.495	0.245025	0.02083534928735935	0.2658465270858438	0.0	(0.2658465270858438+0j)
0.5	0.25	0.0211936013551328	0.2711819692596651	0.0	(0.2711819692596651+0j)
0.505	0.255025	0.021553152671804215	0.2765687147214254	0.0	(0.2765687147214254+0j)
0.51	0.2601	0.021913951363854087	0.2820067131445646	0.0	(0.2820067131445646+0j)
0.515	0.265225	0.022275945755818056	0.2874959142587731	0.0	(0.2874959142587731+0j)
0.52	0.27040000000000003	0.02263908438302353	0.2930362678739053	0.0	(0.2930362678739053+0j)
0.525	0.275625	0.023003316004130206	0.2986277239036251	0.0	(0.2986277239036251+0j)
0.53	0.28090000000000004	0.02336858961347093	0.30427023238873036	0.0	(0.30427023238873036+0j)
0.535	0.286225	0.02373485445318858	0.3099637435200997	0.0	(0.3099637435200997+0j)
0.54	0.2916	0.024102060025166273	0.3157082076611934	0.0	(0.3157082076611934+0j)
0.545	0.29702500000000004	0.02447015610274628	0.32150357537005975	0.0	(0.32150357537005975+0j)
0.55	0.30250000000000005	0.024839092742235218	0.3273497974208249	0.0	(0.3273497974208249+0j)
0.555	0.30802500000000005	0.025208820294191844	0.3332468248246029	0.0	(0.3332468248246029+0j)
0.56	0.31360000000000005	0.025579289414494836	0.3391946088498119	0.0	(0.3391946088498119+0j)
0.5650000000000001	0.3192250000000001	0.025950451075187186	0.34519310104185996	0.0	(0.34519310104185996+0j)
0.5700000000000001	0.3249000000000001	0.02632225657509476	0.35124225324221636	0.0	(0.35124225324221636+0j)
0.5750000000000001	0.33062500000000006	0.02669465755021684	0.3573420176067736	0.0	(0.3573420176067736+0j)
0.58	0.3364	0.027067605983885364	0.3634923466235868	0.0	(0.3634923466235868+0j)
0.585	0.34222499999999995	0.027441054216691504	0.36969319312992155	0.0	(0.36969319312992155+0j)
0.59	0.34809999999999997	0.027814954956176738	0.37594451032862386	0.0	(0.37594451032862386+0j)
0.595	0.354025	0.028189261286287216	0.382246251803817	0.0	(0.382246251803817+0j)
0.6	0.36	0.02856392667658878	0.388598371535914	0.0	(0.388598371535914+0j)
0.605	0.366025	0.028938904991241764	0.3950008239160046	0.0	(0.3950008239160046+0j)
0.61	0.3721	0.02931415049773364	0.4014535637595646	0.0	(0.4014535637595646+0j)
0.615	0.378225	0.029689617875368144	0.40795654631952943	0.0	(0.40795654631952943+0j)
0.62	0.3844	0.03006526222351008	0.41450972729877106	0.0	(0.41450972729877106+0j)
0.625	0.390625	0.030441039069584244	0.4211130628619425	0.0	(0.4211130628619425+0j)
0.63	0.39690000000000003	0.03081690437682795	0.4277665096467757	0.0	(0.4277665096467757+0j)
0.635	0.403225	0.031192814551796316	0.43447002477479957	0.0	(0.43447002477479957+0j)
0.64	0.4096	0.03156872645161951	0.4412235658615398	0.0	(0.4412235658615398+0j)
0.645	0.41602500000000003	0.03194459739101185	0.44802709102619775	0.0	(0.44802709102619775+0j)
0.65	0.42250000000000004	0.03232038514903203	0.45488055890086326	0.0	(0.45488055890086326+0j)
0.655	0.42902500000000005	0.032696047975594764	0.4617839286392522	0.0	(0.4617839286392522+0j)
0.66	0.43560000000000004	0.033071544597733274	0.46873715992506304	0.0	(0.46873715992506304+0j)
0.665	0.44222500000000003	0.033446834225613176	0.4757402129798746	0.0	(0.4757402129798746+0j)
0.67	0.4489000000000001	0.033821876558297874	0.4827930485707504	0.0	(0.4827930485707504+0j)
0.675	0.45562500000000006	0.03419663178926554	0.4898956280174479	0.0	(0.4898956280174479+0j)
0.68	0.4624000000000001	0.03457106061167871	0.4970479131993641	0.0	(0.4970479131993641+0j)
0.685	0.46922500000000006	0.03494512422340662	0.5042498665622198	0.0	(0.5042498665622198+0j)
0.6900000000000001	0.4761000000000001	0.035318784331801495	0.5115014511244739	0.0	(0.5115014511244739+0j)
0.6950000000000001	0.4830250000000001	0.03569200315822911	0.518802630483583	0.0	(0.518802630483583+0j)
0.7000000000000001	0.4900000000000001	0.036064743442355426	0.5261533688220612	0.0	(0.5261533688220612+0j)
0.705	0.49702499999999994	0.03643696844618957	0.533553630913461	0.0	(0.533553630913461+0j)
0.71	0.5041	0.036808641957885135	0.5410033821282072	0.0	(0.5410033821282072+0j)
0.715	0.5112249999999999	0.03717972829530061	0.5485025884394638	0.0	(0.5485025884394638+0j)
0.72	0.5184	0.037550192309320926	0.5560512164289501	0.0	(0.5560512164289501+0j)
0.725	0.525625	0.03791999938694124	0.5636492332928191	0.0	(0.5636492332928191+0j)
0.73	0.5328999999999999	0.03828911545411501	0.5712966068476214	0.0	(0.5712966068476214+0j)
0.735	0.540225	0.03865750697836816	0.5789933055364624	0.0	(0.5789933055364624+0j)
0.74	0.5476	0.03902514097118083	0.5867392984353288	0.0	(0.5867392984353288+0j)
0.745	0.555025	0.03939198499013939	0.5945345552596766	0.0	(0.5945345552596766+0j)
0.75	0.5625	0.039758007140860266	0.6023790463714034	0.0	(0.6023790463714034+0j)
0.755	0.570025	0.04012317607868816	0.6102727427862215	0.0	(0.6102727427862215+0j)
0.76	0.5776	0.04048746101017072	0.6182156161814895	0.0	(0.6182156161814895+0j)
0.765	0.585225	0.040850831694312306	0.6262076389047244	0.0	(0.6262076389047244+0j)
0.77	0.5929	0.04121325844360904	0.634248783982749	0.0	(0.634248783982749+0j)
0.775	0.6006250000000001	0.0415747121248681	0.6423390251316832	0.0	(0.6423390251316832+0j)
0.78	0.6084	0.04193516415981345	0.6504783367679073	0.0	(0.6504783367679073+0j)
0.785	0.616225	0.04229458652548117	0.6586666940201428	0.0	(0.6586666940201428+0j)
0.79	0.6241000000000001	0.042652951754406906	0.6669040727428033	0.0	(0.6669040727428033+0j)
0.795	0.6320250000000001	0.04301023293460851	0.6751904495309022	0.0	(0.6751904495309022+0j)
0.8	0.6400000000000001	0.043366403709366716	0.6835258017366618	0.0	(0.6835258017366618+0j)
0.805	0.6480250000000001	0.04372143827680676	0.6919101074881857	0.0	(0.6919101074881857+0j)
0.81	0.6561000000000001	0.04407531138928447	0.7003433457104359	0.0	(0.7003433457104359+0j)
0.8150000000000001	0.6642250000000001	0.04442799835257935	0.7088254961490109	0.0	(0.7088254961490109+0j)
0.8200000000000001	0.6724000000000001	0.04477947502489843	0.7173565393971109	0.0	(0.7173565393971109+0j)
0.8250000000000001	0.6806250000000001	0.0451297178156938	0.7259364569261815	0.0	(0.7259364569261815+0j)
0.8300000000000001	0.6889000000000001	0.04547870368429726	0.734565231121015	0.0	(0.734565231121015+0j)
0.835	0.697225	0.045826410138375476	0.7432428453199638	0.0	(0.7432428453199638+0j)
0.84	0.7055999999999999	0.046172815232209015	0.7519692838612352	0.0	(0.7519692838612352+0j)
0.845	0.7140249999999999	0.04651789756479862	0.7607445321364463	0.0	(0.7607445321364463+0j)
0.85	0.7224999999999999	0.04686163627780254	0.7695685766526592	0.0	(0.7695685766526592+0j)
0.855	0.7310249999999999	0.04720401105330803	0.7784414051048391	0.0	(0.7784414051048391+0j)
0.86	0.7395999999999999	0.047545002111440846	0.7873630064604735	0.0	(0.7873630064604735+0j)
0.865	0.748225	0.04788459020781648	0.7963333710592554	0.0	(0.7963333710592554+0j)
0.87	0.7569	0.048222756630836194	0.805352490730847	0.0	(0.805352490730847+0j)
0.875	0.765625	0.048559483198832396	0.814420358934848	0.0	(0.814420358934848+0j)
0.88	0.7744	0.0488947522570661	0.8235369709281407	0.0	(0.8235369709281407+0j)
0.885	0.7832250000000001	0.049228546674580854	0.8327023239662786	0.0	(0.8327023239662786+0j)
0.89	0.7921	0.04956084984091668	0.8419164175473747	0.0	(0.8419164175473747+0j)
0.895	0.801025	0.04989164566268749	0.8511792537098479	0.0	(0.8511792537098479+0j)
0.9	0.81	0.050220918560026216	0.8604908373987342	0.0	(0.8604908373987342+0j)
0.905	0.819025	0.05054865346290096	0.8698511769205348	0.0	(0.8698511769205348+0j)
0.91	0.8281000000000001	0.050874835807306305	0.879260284513354	0.0	(0.879260284513354+0j)
0.915	0.8372250000000001	0.05119945153133323	0.8887181770695871	0.0	(0.8887181770695871+0j)
0.92	0.8464	0.05152248707112177	0.8982248770626411	0.0	(0.8982248770626411+0j)
0.925	0.8556250000000001	0.05184392935669981	0.9077804137515535	0.0	(0.9077804137515535+0j)
0.93	0.8649000000000001	0.05216376580771216	0.9173848247700511	0.0	(0.9173848247700511+0j)
0.935	0.8742250000000001	0.052481984329043434	0.9270381582583476	0.0	(0.9270381582583476+0j)
0.9400000000000001	0.8836000000000002	0.052798573306338636	0.9367404757778566	0.0	(0.9367404757778566+0j)
0.9450000000000001	0.8930250000000001	0.05311352160142509	0.9464918563838031	0.0	(0.9464918563838031+0j)
0.9500000000000001	0.9025000000000001	0.053426818547639636	0.9562924024601999	0.0	(0.9562924024601999+0j)
0.9550000000000001	0.9120250000000001	0.05373845394506466	0.9661422483275739	0.0	(0.9661422483275739+0j)
0.96	0.9216	0.05404841805567677	0.976041573387029	0.0	(0.976041573387029+0j)
0.965	0.931225	0.0543567015984118	0.9859906230396736	0.0	(0.9859906230396736+0j)
0.97	0.9409	0.05466329574414979	0.9959897437099474	0.0	(0.9959897437099474+0j)
0.975	0.9506249999999999	0.05496819211062369	1.0060394453183328	0.0	(1.0060394453183328+0j)
0.98	0.9603999999999999	0.05527138275725528	1.016140522220542	0.0	(1.016140522220542+0j)
0.985	0.970225	0.05557286017992215	1.0262943145985473	0.0	(1.0262943145985473+0j)
0.99	0.9801	0.05587261730565896	1.0365033697931711	0.0	(1.0365033697931711+0j)
0.995	0.990025	0.05617064748729697	1.0467735865171461	0.0	(1.0467735865171461+0j)
1.0	1.0	0.05646694449804499	1.0571253679497337	0.0	(1.0571253679497337+0j)
