-153440.0779777444	-23543857529.81628	-0.0016240300315471371	-23543857529.817905	0.0	(-23543857529.817905+0j)
-19166.09318222921	-367339127.8698931	-0.001624030031369501	-367339127.8715171	0.0	(-367339127.8715171+0j)
-5671.973593979537	-32171284.45080115	-0.0016240300294895144	-32171284.45242518	0.0	(-32171284.45242518+0j)
-2388.810099822299	-5706413.693013022	-0.0016240300199337355	-5706413.694637052	0.0	(-5706413.694637052+0j)
-1220.4049972628086	-1489388.3573440358	-0.0016240299870438036	-1489388.3589680658	0.0	(-1489388.3589680658+0j)
-704.3698169973163	-496136.8390968329	-0.0016240298979437883	-496136.8407208628	0.0	(-496136.8407208628+0j)
-442.1688919595258	-195513.3290167148	-0.001624029692509436	-195513.33064074448	0.0	(-195513.33064074448+0j)
-295.1389583532525	-87107.00473784293	-0.0016240292705670641	-87107.0063618722	0.0	(-87107.0063618722+0j)
-206.42793111814956	-42612.4907457195	-0.0016240284759746059	-42612.492369747975	0.0	(-42612.492369747975+0j)
-149.78886388774166	-22436.703744780396	-0.0016240270771525145	-22436.705368807474	0.0	(-22436.705368807474+0j)
-111.96123149940722	-12535.317358863855	-0.001624024743535444	-12535.318982888599	0.0	(-12535.318982888599+0j)
-85.7529925744434	-7353.575735472545	-0.0016240210173040337	-7353.577359493562	0.0	(-7353.577359493562+0j)
-67.03315485761341	-4493.44385016478	-0.0016240152796264228	-4493.44547418006	0.0	(-4493.44547418006+0j)
-53.313822169821755	-2842.3636343553776	-0.001624006710487418	-2842.3652583620883	0.0	(-2842.3652583620883+0j)
-43.03579493261443	-1852.0796454820418	-0.0016239942410048618	-1852.0812694762828	0.0	(-1852.0812694762828+0j)
-35.188162757133824	-1238.2067982225399	-0.001623976496922168	-1238.2084221990367	0.0	(-1238.2084221990367+0j)
-29.096018661790005	-846.5783019672323	-0.0016239517317164828	-846.579925918964	0.0	(-846.579925918964+0j)
-24.297124814042526	-590.3502742291611	-0.0016239177474654744	-590.3518981469078	0.0	(-590.3518981469078+0j)
-20.467706340503966	-418.92700284110623	-0.001623871801262543	-418.9286267129073	0.0	(-418.9286267129073+0j)
-17.376412657356248	-301.9397168387304	-0.00162381049454847	-301.9413406492247	0.0	(-301.9413406492247+0j)
-14.8549685513286	-220.67009066096173	-0.0016237296422227686	-220.6717143906039	0.0	(-220.6717143906039+0j)
-12.779006775781696	-163.3030141754745	-0.001623624117792647	-163.3046377995926	0.0	(-163.3046377995926+0j)
-11.055275640264293	-122.21911948222107	-0.0016234876700901082	-122.22074296989092	0.0	(-122.22074296989092+0j)
-9.612932658213833	-92.40847429135407	-0.0016233127062118644	-92.41009760406051	0.0	(-92.41009760406051+0j)
-8.397513093736283	-70.51822615947232	-0.001623090034280121	-70.51984924950678	0.0	(-70.51984924950678+0j)
-7.3666835374462405	-54.268026340881455	-0.0016228085583449591	-54.269649149439815	0.0	(-54.269649149439815+0j)
-6.487207718221543	-42.08386397935316	-0.0016224549162018043	-42.0854864342695	0.0	(-42.0854864342695+0j)
-5.732748870404016	-32.864409611118525	-0.0016220130490193782	-32.86603162416765	0.0	(-32.86603162416765+0j)
-5.082257979341708	-25.829346168582465	-0.0016214636893889616	-25.8309676322719	0.0	(-25.8309676322719+0j)
-4.518777966401644	-20.41935430963698	-0.00162078375162072	-20.420975093388712	0.0	(-20.420975093388712+0j)
-4.028546909817661	-16.229190204601423	-0.001619945604709945	-16.230810150206505	0.0	(-16.230810150206505+0j)
-3.600318783282686	-12.96229534125812	-0.0016189162042286234	-12.96391425748432	0.0	(-12.96391425748432+0j)
-3.2248441478806384	-10.399619778120002	-0.0016176560542817907	-10.401237434646648	0.0	(-10.401237434646648+0j)
-2.8944696677688655	-8.377954657634007	-0.0016161179643722121	-8.379570780254152	0.0	(-8.379570780254152+0j)
-2.6028267385229356	-6.7747070307699415	-0.0016142455582491596	-6.776321301819576	0.0	(-6.776321301819576+0j)
-2.3445875439884927	-5.497090751425992	-0.0016119714822079997	-5.498702812408909	0.0	(-5.498702812408909+0j)
-2.1152725626084434	-4.474378014124091	-0.0016092152483881325	-4.475987453705601	0.0	(-4.475987453705601+0j)
-1.91109764116945	-3.652294194083436	-0.001605880633790417	-3.653900509895183	0.0	(-3.653900509895183+0j)
-1.7288517247497297	-2.988928286170115	-0.0016018525372387055	-2.9905308334520404	0.0	(-2.9905308334520404+0j)
-1.5657985056984083	-2.4517249604473683	-0.001596993173365351	-2.453322911388283	0.0	(-2.453322911388283+0j)
-1.4195968592424206	-2.015255242770945	-0.001591137453648942	-2.016847566766669	0.0	(-2.016847566766669+0j)
-1.288236127587193	-1.6595523204208464	-0.0015840873679486907	-1.661137775577677	0.0	(-1.661137775577677+0j)
-1.1699832100598067	-1.3688607118218497	-0.0015756051337566335	-1.3704378285301828	0.0	(-1.3704378285301828+0j)
-1.0633390935385967	-1.1306900278474845	-0.001565404821783671	-1.132257070331217	0.0	(-1.132257070331217+0j)
-0.9670029722379032	-0.9350947483169391	-0.001553142091931932	-0.9366496526071556	0.0	(-0.9366496526071556+0j)
-0.8798425001969499	-0.7741228251528197	-0.0015384015788997617	-0.7756631196904549	0.0	(-0.7756631196904549+0j)
-0.8008690236946738	-0.64139119311366	-0.0015206813562853715	-0.6429139060793813	0.0	(-0.6429139060793813+0j)
-0.7292168764216649	-0.5317572528581697	-0.0014993739144563123	-0.5332588039930591	0.0	(-0.5332588039930591+0j)
-0.6641260039734804	-0.44106334915378337	-0.0014737441460217708	-0.4425394211650174	0.0	(-0.4425394211650174+0j)
-0.6049273282968711	-0.3659370725203905	-0.0014429101694804951	-0.36738246333942953	0.0	(-0.36738246333942953+0j)
-0.5510303762797573	-0.3036344755830109	-0.001405846726151166	-0.3050429536040101	0.0	(-0.3050429536040101+0j)
-0.5019127866383676	-0.2519164453910915	-0.0013614485681729103	-0.25328066763602586	0.0	(-0.25328066763602586+0j)
-0.4571113808679674	-0.20895081451901992	-0.0013086901341956177	-0.21026240395275236	0.0	(-0.21026240395275236+0j)
-0.4162145412936012	-0.17323454438424285	-0.0012468768954822355	-0.17448441790454652	0.0	(-0.17448441790454652+0j)
-0.3788556852603932	-0.1435316302541221	-0.0011759193688062706	-0.14471059979006612	0.0	(-0.14471059979006612+0j)
-0.34470766161339816	-0.11882337197497701	-0.0010965231830190774	-0.11992293449204132	0.0	(-0.11992293449204132+0j)
-0.3134779256766165	-0.09826840988651428	-0.0010102121184356594	-0.09928155938820583	0.0	(-0.09928155938820583+0j)
-0.2849043733852332	-0.08117050197403239	-0.0009191702104532816	-0.08209238415669325	0.0	(-0.08209238415669325+0j)
-0.25875173517890027	-0.06695246045809174	-0.0008259576873920399	-0.06778074839772305	0.0	(-0.06778074839772305+0j)
-0.23480844661153963	-0.055135006600124256	-0.0007331882066408628	-0.05586996596103056	0.0	(-0.05586996596103056+0j)
-0.212883926073651	-0.045319565980531704	-0.000643246611005881	-0.045963854825101035	0.0	(-0.045963854825101035+0j)
-0.19280620111107946	-0.037174231186886016	-0.0005580942643193691	-0.03773251465985126	0.0	(-0.03773251465985126+0j)
-0.17441983400144742	-0.030422278493092474	-0.00047917374799289576	-0.0309007354846981	0.0	(-0.0309007354846981+0j)
-0.15758410486934307	-0.024832750107472115	-0.00040739934101389195	-0.025238534437485884	0.0	(-0.025238534437485884+0j)
-0.14217141696755908	-0.020212711802563548	-0.00034320770783938465	-0.020553426493544146	0.0	(-0.020553426493544146+0j)
-0.12806589405274613	-0.016400873219529197	-0.0002866419402704082	-0.016684116983707847	0.0	(-0.016684116983707847+0j)
-0.11516214422460175	-0.013262319462407973	-0.0002374469352031147	-0.01349535058080768	0.0	(-0.01349535058080768+0j)
-0.10336416832807228	-0.010684151294154062	-0.00019516103697754094	-0.010873683946019187	0.0	(-0.010873683946019187+0j)
-0.09258439416006585	-0.008571870041986436	-0.0001591954240002056	-0.008723987787252207	0.0	(-0.008723987787252207+0j)
-0.08274282037550368	-0.0068463743236928665	-0.00012889775385636383	-0.006966527368978425	0.0	(-0.006966527368978425+0j)
-0.07376625623382203	-0.005441460558753888	-0.00010359989687559745	-0.005534509016801715	0.0	(-0.005534509016801715+0j)
-0.06558764523333163	-0.00430173920725337	-8.265144424567453e-05	-0.004372010346654239	0.0	(-0.004372010346654239+0j)
-0.05814546230242274	-0.003380894786362464	-6.544148050918741e-05	-0.003432234001501145	0.0	(-0.003432234001501145+0j)
-0.05138317559911824	-0.0026402307346498196	-5.1411248586798186e-05	-0.002676038699746402	0.0	(-0.002676038699746402+0j)
-0.04524876515177241	-0.002047450747760253	-4.006010875873961e-05	-0.002070708608821562	0.0	(-0.002070708608821562+0j)
-0.03969429158520362	-0.001575636784451167	-3.09468059004267e-05	-0.0015889254873758312	0.0	(-0.0015889254873758312+0j)
-0.03467550904442404	-0.0012023909274899334	-2.368763621275055e-05	-0.0012079107580573805	0.0	(-0.0012079107580573805+0j)
-0.030151517174235212	-0.000909113987908201	-1.7952712423219275e-05	-0.0009087082537195965	0.0	(-0.0009087082537195965+0j)
-0.02608444765559201	-0.0006803984094973195	-1.3461194181010883e-05	-0.0006755829073146736	0.0	(-0.0006755829073146736+0j)
-0.02243918135414162	-0.000503516859844057	-9.976085305091198e-06	-0.0004955156385633	0.0	(-0.0004955156385633+0j)
-0.019183092615622097	-0.00036799104229953504	-7.298997317994882e-06	-0.00035777984675907114	0.0	(-0.00035777984675907114+0j)
-0.016285817657726173	-0.0002652278567807056	-5.265129967374493e-06	-0.0002535904075236672	0.0	(-0.0002535904075236672+0j)
-0.013719044367779796	-0.00018821217836511054	-3.7386136132466774e-06	-0.00017582086353168735	0.0	(-0.00017582086353168735+0j)
-0.011456321127917031	-0.00013124729378595815	-2.608285499361429e-06	-0.00011877731545331944	0.0	(-0.00011877731545331944+0j)
-0.009472882560933205	-8.973550401323243e-05	-1.7839235594285796e-06	-7.796311055856027e-05	0.0	(-7.796311055856027e-05+0j)
-0.007745490326256713	-5.999262039413633e-05	-1.1929307248692567e-06	-4.9711330972196595e-05	0.0	(-4.9711330972196595e-05+0j)
-0.006252287301247293	-3.909109649733816e-05	-7.774444406027925e-07	-3.0817616178830846e-05	0.0	(-3.0817616178830846e-05+0j)
-0.004972663662352951	-2.472738389888546e-05	-4.918363454287089e-07	-1.8539891418759076e-05	0.0	(-1.8539891418759076e-05+0j)
-0.003887133536989527	-1.5109807134388712e-05	-3.005629727326209e-07	-1.0763408589354975e-05	0.0	(-1.0763408589354975e-05+0j)
-0.0029772210332922053	-8.863845081077507e-06	-1.7632783055887558e-07	-5.979450759552781e-06	0.0	(-5.979450759552781e-06+0j)
-0.002225354573642715	-4.95220297843255e-06	-9.851696347595862e-08	-3.143745082825417e-06	0.0	(-3.143745082825417e-06+0j)
-0.0016147685612493414	-2.607477506399268e-06	-5.187301255205057e-08	-1.5417945646696445e-06	0.0	(-1.5417945646696445e-06+0j)
-0.0011294114988857744	-1.2755703338154115e-06	-2.537640142463715e-08	-6.915454862152479e-07	0.0	(-6.915454862152479e-07+0j)
-0.0007538597567461701	-5.683045328413948e-07	-1.1306013902867562e-08	-2.7572669406948663e-07	0.0	(-2.7572669406948663e-07+0j)
-0.00047323625358382216	-2.2395255170605162e-07	-4.455387170310132e-09	-9.35543245078823e-08	0.0	(-9.35543245078823e-08+0j)
-0.000273133373004004	-7.460183944854437e-08	-1.4840679796179757e-09	-2.5125626667402127e-08	0.0	(-2.5125626667402127e-08+0j)
-0.00013953948593826147	-1.947126813591427e-08	-3.8744474295526743e-10	-4.667923861591743e-09	0.0	(-4.667923861591743e-09+0j)
-5.876849174459226e-05	-3.453735621934209e-09	-6.912159733474255e-11	-1.8527887329563066e-09	0.0	(-1.8527887329563066e-09+0j)
-1.7391824727346766e-05	-3.024755673467504e-10	-0.0	-4.378832112562243e-10	0.0	(-4.378832112562243e-10+0j)
-2.1724007034307707e-06	-4.719324816266507e-12	1.862645149230957e-09	2.6175469533843906e-15	-8.629502850771859e-05	(2.6175469533843906e-15-8.629502850771859e-05j)
2.1724007034307707e-06	4.719324816266507e-12	-1.862645149230957e-09	2.6175469533843906e-15	8.629502850771859e-05	(2.6175469533843906e-15+8.629502850771859e-05j)
1.7391824727346766e-05	3.024755673467504e-10	0.0	4.3788580082510194e-10	0.0	(4.3788580082510194e-10+0j)
5.876849174459226e-05	3.453735621934209e-09	6.912159733474255e-11	1.852811847811205e-09	0.0	(1.852811847811205e-09+0j)
0.00013953948593826147	1.947126813591427e-08	3.8744474295526743e-10	4.667927468643747e-09	0.0	(4.667927468643747e-09+0j)
0.000273133373004004	7.460183944854437e-08	1.4840679796179757e-09	2.5125625776897017e-08	0.0	(2.5125625776897017e-08+0j)
0.00047323625358382216	2.2395255170605162e-07	4.455387170310132e-09	9.35543001791847e-08	0.0	(9.35543001791847e-08+0j)
0.0007538597567461701	5.683045328413948e-07	1.1306013902867562e-08	2.757266833886333e-07	0.0	(2.757266833886333e-07+0j)
0.0011294114988857744	1.2755703338154115e-06	2.537640142463715e-08	6.91545476481554e-07	0.0	(6.91545476481554e-07+0j)
0.0016147685612493414	2.607477506399268e-06	5.187301255205057e-08	1.5417945645578646e-06	0.0	(1.5417945645578646e-06+0j)
0.002225354573642715	4.95220297843255e-06	9.851696347595862e-08	3.1437450957069954e-06	0.0	(3.1437450957069954e-06+0j)
0.0029772210332922053	8.863845081077507e-06	1.7632783055887558e-07	5.979450761423919e-06	0.0	(5.979450761423919e-06+0j)
0.003887133536989527	1.5109807134388712e-05	3.005629727326209e-07	1.0763408589382987e-05	0.0	(1.0763408589382987e-05+0j)
0.004972663662352951	2.472738389888546e-05	4.918363454287089e-07	1.8539891420713788e-05	0.0	(1.8539891420713788e-05+0j)
0.006252287301247293	3.909109649733816e-05	7.774444406027925e-07	3.0817616176844e-05	0.0	(3.0817616176844e-05+0j)
0.007745490326256713	5.999262039413633e-05	1.1929307248692567e-06	4.971133097061808e-05	0.0	(4.971133097061808e-05+0j)
0.009472882560933205	8.973550401323243e-05	1.7839235594285796e-06	7.796311056939405e-05	0.0	(7.796311056939405e-05+0j)
0.011456321127917031	0.00013124729378595815	2.608285499361429e-06	0.00011877731545096325	0.0	(0.00011877731545096325+0j)
0.013719044367779796	0.00018821217836511054	3.7386136132466774e-06	0.00017582086353742235	0.0	(0.00017582086353742235+0j)
0.016285817657726173	0.0002652278567807056	5.265129967374493e-06	0.00025359040752190564	0.0	(0.00025359040752190564+0j)
0.019183092615622097	0.00036799104229953504	7.298997317994882e-06	0.0003577798467737069	0.0	(0.0003577798467737069+0j)
0.02243918135414162	0.000503516859844057	9.976085305091198e-06	0.0004955156385650802	0.0	(0.0004955156385650802+0j)
0.02608444765559201	0.0006803984094973195	1.3461194181010883e-05	0.0006755829073325945	0.0	(0.0006755829073325945+0j)
0.030151517174235212	0.000909113987908201	1.7952712423219275e-05	0.0009087082537215337	0.0	(0.0009087082537215337+0j)
0.03467550904442404	0.0012023909274899334	2.368763621275055e-05	0.001207910758068351	0.0	(0.001207910758068351+0j)
0.03969429158520362	0.001575636784451167	3.09468059004267e-05	0.0015889254873792064	0.0	(0.0015889254873792064+0j)
0.04524876515177241	0.002047450747760253	4.006010875873961e-05	0.002070708608822136	0.0	(0.002070708608822136+0j)
0.05138317559911824	0.0026402307346498196	5.1411248586798186e-05	0.0026760386997369563	0.0	(0.0026760386997369563+0j)
0.05814546230242274	0.003380894786362464	6.544148050918741e-05	0.003432234001506679	0.0	(0.003432234001506679+0j)
0.06558764523333163	0.00430173920725337	8.265144424567453e-05	0.004372010346646986	0.0	(0.004372010346646986+0j)
0.07376625623382203	0.005441460558753888	0.00010359989687559745	0.005534509016805628	0.0	(0.005534509016805628+0j)
0.08274282037550368	0.0068463743236928665	0.00012889775385636383	0.006966527368979372	0.0	(0.006966527368979372+0j)
0.09258439416006585	0.008571870041986436	0.0001591954240002056	0.008723987787253907	0.0	(0.008723987787253907+0j)
0.10336416832807228	0.010684151294154062	0.00019516103697754094	0.010873683946022677	0.0	(0.010873683946022677+0j)
0.11516214422460175	0.013262319462407973	0.0002374469352031147	0.013495350580798744	0.0	(0.013495350580798744+0j)
0.12806589405274613	0.016400873219529197	0.0002866419402704082	0.01668411698369824	0.0	(0.01668411698369824+0j)
0.14217141696755908	0.020212711802563548	0.00034320770783938465	0.020553426493488517	0.0	(0.020553426493488517+0j)
0.15758410486934307	0.024832750107472115	0.00040739934101389195	0.025238534437423805	0.0	(0.025238534437423805+0j)
0.17441983400144742	0.030422278493092474	0.00047917374799289576	0.030900735484660588	0.0	(0.030900735484660588+0j)
0.19280620111107946	0.037174231186886016	0.0005580942643193691	0.03773251465982047	0.0	(0.03773251465982047+0j)
0.212883926073651	0.045319565980531704	0.000643246611005881	0.04596385482514322	0.0	(0.04596385482514322+0j)
0.23480844661153963	0.055135006600124256	0.0007331882066408628	0.055869965960997026	0.0	(0.055869965960997026+0j)
0.25875173517890027	0.06695246045809174	0.0008259576873920399	0.06778074839773231	0.0	(0.06778074839773231+0j)
0.2849043733852332	0.08117050197403239	0.0009191702104532816	0.08209238415670404	0.0	(0.08209238415670404+0j)
0.3134779256766165	0.09826840988651428	0.0010102121184356594	0.09928155938813962	0.0	(0.09928155938813962+0j)
0.34470766161339816	0.11882337197497701	0.0010965231830190774	0.1199229344919607	0.0	(0.1199229344919607+0j)
0.3788556852603932	0.1435316302541221	0.0011759193688062706	0.14471059979006318	0.0	(0.14471059979006318+0j)
0.4162145412936012	0.17323454438424285	0.0012468768954822355	0.1744844179045328	0.0	(0.1744844179045328+0j)
0.4571113808679674	0.20895081451901992	0.0013086901341956177	0.21026240395280135	0.0	(0.21026240395280135+0j)
0.5019127866383676	0.2519164453910915	0.0013614485681729103	0.2532806676360092	0.0	(0.2532806676360092+0j)
0.5510303762797573	0.3036344755830109	0.001405846726151166	0.30504295360402506	0.0	(0.30504295360402506+0j)
0.6049273282968711	0.3659370725203905	0.0014429101694804951	0.36738246333935376	0.0	(0.36738246333935376+0j)
0.6641260039734804	0.44106334915378337	0.0014737441460217708	0.44253942116489875	0.0	(0.44253942116489875+0j)
0.7292168764216649	0.5317572528581697	0.0014993739144563123	0.5332588039931365	0.0	(0.5332588039931365+0j)
0.8008690236946738	0.64139119311366	0.0015206813562853715	0.6429139060793658	0.0	(0.6429139060793658+0j)
0.8798425001969499	0.7741228251528197	0.0015384015788997617	0.7756631196904409	0.0	(0.7756631196904409+0j)
0.9670029722379032	0.9350947483169391	0.001553142091931932	0.936649652607221	0.0	(0.936649652607221+0j)
1.0633390935385967	1.1306900278474845	0.001565404821783671	1.1322570703312178	0.0	(1.1322570703312178+0j)
1.1699832100598067	1.3688607118218497	0.0015756051337566335	1.3704378285301662	0.0	(1.3704378285301662+0j)
1.288236127587193	1.6595523204208464	0.0015840873679486907	1.6611377755776866	0.0	(1.6611377755776866+0j)
1.4195968592424206	2.015255242770945	0.001591137453648942	2.016847566766679	0.0	(2.016847566766679+0j)
1.5657985056984083	2.4517249604473683	0.001596993173365351	2.453322911388287	0.0	(2.453322911388287+0j)
1.7288517247497297	2.988928286170115	0.0016018525372387055	2.990530833452052	0.0	(2.990530833452052+0j)
1.91109764116945	3.652294194083436	0.001605880633790417	3.6539005098952044	0.0	(3.6539005098952044+0j)
2.1152725626084434	4.474378014124091	0.0016092152483881325	4.475987453705606	0.0	(4.475987453705606+0j)
2.3445875439884927	5.497090751425992	0.0016119714822079997	5.4987028124088955	0.0	(5.4987028124088955+0j)
2.6028267385229356	6.7747070307699415	0.0016142455582491596	6.77632130181957	0.0	(6.77632130181957+0j)
2.8944696677688655	8.377954657634007	0.0016161179643722121	8.379570780254168	0.0	(8.379570780254168+0j)
3.2248441478806384	10.399619778120002	0.0016176560542817907	10.401237434646626	0.0	(10.401237434646626+0j)
3.600318783282686	12.96229534125812	0.0016189162042286234	12.963914257484266	0.0	(12.963914257484266+0j)
4.028546909817661	16.229190204601423	0.001619945604709945	16.2308101502065	0.0	(16.2308101502065+0j)
4.518777966401644	20.41935430963698	0.00162078375162072	20.420975093388677	0.0	(20.420975093388677+0j)
5.082257979341708	25.829346168582465	0.0016214636893889616	25.830967632271744	0.0	(25.830967632271744+0j)
5.732748870404016	32.864409611118525	0.0016220130490193782	32.86603162416761	0.0	(32.86603162416761+0j)
6.487207718221543	42.08386397935316	0.0016224549162018043	42.08548643426938	0.0	(42.08548643426938+0j)
7.3666835374462405	54.268026340881455	0.0016228085583449591	54.26964914943993	0.0	(54.26964914943993+0j)
8.397513093736283	70.51822615947232	0.001623090034280121	70.51984924950655	0.0	(70.51984924950655+0j)
9.612932658213833	92.40847429135407	0.0016233127062118644	92.41009760406025	0.0	(92.41009760406025+0j)
11.055275640264293	122.21911948222107	0.0016234876700901082	122.22074296989221	0.0	(122.22074296989221+0j)
12.779006775781696	163.3030141754745	0.001623624117792647	163.30463779959268	0.0	(163.30463779959268+0j)
14.8549685513286	220.67009066096173	0.0016237296422227686	220.67171439060365	0.0	(220.67171439060365+0j)
17.376412657356248	301.9397168387304	0.00162381049454847	301.94134064922514	0.0	(301.94134064922514+0j)
20.467706340503966	418.92700284110623	0.001623871801262543	418.9286267129074	0.0	(418.9286267129074+0j)
24.297124814042526	590.3502742291611	0.0016239177474654744	590.3518981469093	0.0	(590.3518981469093+0j)
29.096018661790005	846.5783019672323	0.0016239517317164828	846.579925918964	0.0	(846.579925918964+0j)
35.188162757133824	1238.2067982225399	0.001623976496922168	1238.2084221990367	0.0	(1238.2084221990367+0j)
43.03579493261443	1852.0796454820418	0.0016239942410048618	1852.0812694762828	0.0	(1852.0812694762828+0j)
53.313822169821755	2842.3636343553776	0.001624006710487418	2842.3652583620883	0.0	(2842.3652583620883+0j)
67.03315485761341	4493.44385016478	0.0016240152796264228	4493.44547418006	0.0	(4493.44547418006+0j)
85.7529925744434	7353.575735472545	0.0016240210173040337	7353.577359493562	0.0	(7353.577359493562+0j)
111.96123149940722	12535.317358863855	0.001624024743535444	12535.318982888599	0.0	(12535.318982888599+0j)
149.78886388774166	22436.703744780396	0.0016240270771525145	22436.705368807474	0.0	(22436.705368807474+0j)
206.42793111814956	42612.4907457195	0.0016240284759746059	42612.492369747975	0.0	(42612.492369747975+0j)
295.1389583532525	87107.00473784293	0.0016240292705670641	87107.0063618722	0.0	(87107.0063618722+0j)
442.1688919595258	195513.3290167148	0.001624029692509436	195513.33064074448	0.0	(195513.33064074448+0j)
704.3698169973163	496136.8390968329	0.0016240298979437883	496136.8407208628	0.0	(496136.8407208628+0j)
1220.4049972628086	1489388.3573440358	0.0016240299870438036	1489388.3589680658	0.0	(1489388.3589680658+0j)
2388.810099822299	5706413.693013022	0.0016240300199337355	5706413.694637052	0.0	(5706413.694637052+0j)
5671.973593979537	32171284.45080115	0.0016240300294895144	32171284.45242518	0.0	(32171284.45242518+0j)
19166.09318222921	367339127.8698931	0.001624030031369501	367339127.8715171	0.0	(367339127.8715171+0j)
153440.0779777444	23543857529.81628	0.0016240300315471371	23543857529.817905	0.0	(23543857529.817905+0j)
