-4062257.047599779	-16501932320774.072	-0.01591549430918905	-16501932320774.088	0.0	(-16501932320774.088+0j)
-507740.6449570468	-257800562541.39783	-0.01591549430915867	-257800562541.41376	0.0	(-257800562541.41376+0j)
-150421.18686009367	-22626533456.399216	-0.015915494308837836	-22626533456.41513	0.0	(-22626533456.41513+0j)
-63446.8398829024	-4025501491.1266546	-0.015915494307212702	-4025501491.14257	0.0	(-4025501491.14257+0j)
-32476.81879197138	-1054743758.8465452	-0.015915494301644816	-1054743758.8624607	0.0	(-1054743758.8624607+0j)
-18788.82371050371	-353019896.42438644	-0.01591549428664761	-353019896.44030195	0.0	(-353019896.44030195+0j)
-11827.838413937889	-139897761.54622474	-0.015915494252306945	-139897761.56214023	0.0	(-139897761.56214023+0j)
-7920.489136472687	-62734148.16098186	-0.015915494182340804	-62734148.17689735	0.0	(-62734148.17689735+0j)
-5560.235461968326	-30916218.392530117	-0.015915494051792364	-30916218.40844561	0.0	(-30916218.40844561+0j)
-4051.312381594628	-16413132.013261935	-0.01591549382434928	-16413132.02917743	0.0	(-16413132.02917743+0j)
-3042.068227295077	-9254179.099518213	-0.015915493449281046	-9254179.115433706	0.0	(-9254179.115433706+0j)
-2341.69741959656	-5483546.804945188	-0.015915492857985155	-5483546.82086068	0.0	(-5483546.82086068+0j)
-1840.5523873295315	-3387633.0905044377	-0.015915491960131378	-3387633.10641993	0.0	(-3387633.10641993+0j)
-1472.5635616933432	-2168443.4432269847	-0.015915490639392574	-2168443.4591424754	0.0	(-2168443.4591424754+0j)
-1196.3009944823236	-1431136.0693993964	-0.015915488748748898	-1431136.0853148852	0.0	(-1431136.0853148852+0j)
-984.887256804191	-970002.9086152845	-0.01591548610535109	-970002.9245307706	0.0	(-970002.9245307706+0j)
-820.3667320751865	-673001.5750957208	-0.015915482484927232	-673001.5910112034	0.0	(-673001.5910112034+0j)
-690.4332693822103	-476698.0994698077	-0.015915477615715903	-476698.1153852853	0.0	(-476698.1153852853+0j)
-586.4606733385415	-343936.1213726955	-0.015915471171907173	-343936.1372881667	0.0	(-343936.1372881667+0j)
-502.28036320721014	-252285.56326356693	-0.015915462766571513	-252285.5791790297	0.0	(-252285.5791790297+0j)
-433.40186208964224	-187837.17406276928	-0.015915451944054974	-187837.18997822123	0.0	(-187837.18997822123+0j)
-376.5035096990875	-141754.89281573085	-0.01591543817181751	-141754.90873116904	0.0	(-141754.90873116904+0j)
-329.0924221029929	-108301.82228561444	-0.015915420831689463	-108301.83820103528	0.0	(-108301.83820103528+0j)
-289.2729647092139	-83678.84811165811	-0.01591539921051963	-83678.86402705732	0.0	(-83678.86402705732+0j)
-255.58628593832233	-65324.34955974587	-0.015915372490186232	-65324.36547511836	0.0	(-65324.36547511836+0j)
-226.8972879628321	-51482.37928488836	-0.015915339736940447	-51482.3952002281	0.0	(-51482.3952002281+0j)
-202.31382423176245	-40930.883475280476	-0.01591529989004978	-40930.899390580365	0.0	(-40930.899390580365+0j)
-181.12814487571467	-32807.40486611788	-0.015915251749706788	-32807.420781369634	0.0	(-32807.420781369634+0j)
-162.77392945908693	-26495.35211155181	-0.01591519396416596	-26495.36802674577	0.0	(-26495.36802674577+0j)
-146.79439036751677	-21548.5930433709	-0.01591512501606963	-21548.608958495915	0.0	(-21548.608958495915+0j)
-132.81833870704781	-17640.711096900075	-0.015915043207920948	-17640.72701194326	0.0	(-17640.72701194326+0j)
-120.54204466100386	-14530.384531055448	-0.015914946646659503	-14530.400446002164	0.0	(-14530.400446002164+0j)
-109.71536078960258	-12037.460393192665	-0.015914833227292303	-12037.47630802591	0.0	(-12037.47630802591+0j)
-100.13101361547054	-10026.219887661546	-0.015914700615529933	-10026.23580236218	0.0	(-10026.23580236218+0j)
-91.6162724451523	-8393.541376744373	-0.015914546229374663	-8393.5572912906	0.0	(-8393.5572912906+0j)
-84.02641786968496	-7060.438900010912	-0.015914367219603844	-7060.454814378115	0.0	(-7060.454814378115+0j)
-77.23958417424923	-5965.953363410932	-0.01591416044908875	-5965.9692775713975	0.0	(-5965.9692775713975+0j)
-71.15265892357522	-5062.700871894628	-0.01591392247088505	-5062.716785817097	0.0	(-5062.716785817097+0j)
-65.678002081681	-4313.599957441294	-0.01591364950502756	-4313.615871090794	0.0	(-4313.615871090794+0j)
-60.740804923448316	-3689.445382748403	-0.015913337413957587	-3689.4612960858058	0.0	(-3689.4612960858058+0j)
-56.276951748412806	-3167.0952980931834	-0.01591298167650703	-3167.1112110748613	0.0	(-3167.1112110748613+0j)
-52.23127923541829	-2728.106530568238	-0.01591257736035875	-2728.122443145586	0.0	(-2728.122443145586+0j)
-48.55615215628762	-2357.6999122245547	-0.01591211909289787	-2357.7158243436565	0.0	(-2357.7158243436565+0j)
-45.2102922146935	-2043.9705221379759	-0.01591160103036364	-2043.9864337390097	0.0	(-2043.9864337390097+0j)
-42.157810512571146	-1777.2809872138541	-0.015911016825205942	-1777.296898230684	0.0	(-1777.296898230684+0j)
-39.367404670512954	-1549.792550491925	-0.015910359591544864	-1549.8084608515223	0.0	(-1549.8084608515223+0j)
-36.81168974285722	-1355.1005017243795	-0.015909621868625556	-1355.116411346248	0.0	(-1355.116411346248+0j)
-34.466638362271254	-1187.9491599955884	-0.01590879558215426	-1187.9650687911694	0.0	(-1187.9650687911694+0j)
-32.3111104589992	-1044.0078590936475	-0.015907872003394344	-1044.0237669656515	0.0	(-1044.0237669656515+0j)
-30.32645675191463	-919.6939791257485	-0.01590684170589408	-919.709885967451	0.0	(-919.709885967451+0j)
-28.496183246158765	-812.0324595986594	-0.015905694519710026	-812.048365293181	0.0	(-812.048365293181+0j)
-26.805666379689328	-718.5437500592068	-0.01590441948298175	-718.5596544786899	0.0	(-718.5596544786899+0j)
-25.241910378451255	-637.1540395537652	-0.015903004790704858	-637.1699425585597	0.0	(-637.1699425585597+0j)
-23.79333991397463	-566.1230242619383	-0.015901437740540047	-566.1389256997211	0.0	(-566.1389256997211+0j)
-22.449622390102537	-503.98554545819314	-0.015899704675486133	-504.0014451631696	0.0	(-504.0014451631696+0j)
-21.201515180617427	-449.5042459539512	-0.0158977909232344	-449.5201437463875	0.0	(-449.5201437463875+0j)
-20.040733945957346	-401.6310170926471	-0.015895680732010663	-401.6469127791982	0.0	(-401.6469127791982+0j)
-18.959838813335132	-359.4754878276494	-0.01589335720269951	-359.49138120286966	0.0	(-359.49138120286966+0j)
-17.95213574044925	-322.27917764351537	-0.015890802217032724	-322.29506849214704	0.0	(-322.29506849214704+0j)
-17.011590822240496	-289.3942223033371	-0.015887996361610424	-289.4101104020513	0.0	(-289.4101104020513+0j)
-16.132755661503882	-260.26580523378556	-0.015884918847509324	-260.2816903505623	0.0	(-260.2816903505623+0j)
-15.310702222436372	-234.41760254411807	-0.015881547425217385	-234.43348443398733	0.0	(-234.43348443398733+0j)
-14.540965833221001	-211.43968736290054	-0.01587785829461798	-211.45556576023876	0.0	(-211.45556576023876+0j)
-13.81949520896811	-190.97844783069255	-0.01587382600972964	-190.9943224396907	0.0	(-190.9943224396907+0j)
-13.142608537358175	-172.72815916623998	-0.015869423377889123	-172.74402965172462	0.0	(-172.74402965172462+0j)
-12.506954812276623	-156.42391867632938	-0.015864621353046168	-156.43978465685237	0.0	(-156.43978465685237+0j)
-11.909479720557647	-141.83570721437383	-0.01585938892281763	-141.85156825861299	0.0	(-141.85156825861299+0j)
-11.347395487676598	-128.76338435374322	-0.015853692988926523	-128.77923998025628	0.0	(-128.77923998025628+0j)
-10.818154173127459	-117.03245971355506	-0.015847498240628113	-117.04830939310472	0.0	(-117.04830939310472+0j)
-10.319423977963961	-106.49051123697754	-0.015840767020700083	-106.50635439615087	0.0	(-106.50635439615087+0j)
-9.849068187765841	-97.0041441672611	-0.015833459183547137	-97.01998019195483	0.0	(-97.01998019195483+0j)
-9.405126425913659	-88.45640308741945	-0.015825531944941802	-88.47223132496181	0.0	(-88.47223132496181+0j)
-8.98579793600448	-80.74456454670239	-0.015816939722892994	-80.76038430590884	0.0	(-80.76038430590884+0j)
-8.589426649741787	-73.77825017129442	-0.015807633969101245	-73.79406072031279	0.0	(-73.79406072031279+0j)
-8.214487828707165	-67.47781028797816	-0.015797562990425142	-67.49361085039267	0.0	(-67.49361085039267+0j)
-7.8595760959111685	-61.77293640741824	-0.01578667175974636	-61.788726157254	0.0	(-61.788726157254+0j)
-7.523394696634503	-56.60146776134816	-0.015774901715581408	-56.617245817700045	0.0	(-56.617245817700045+0j)
-7.204745848394378	-51.908362739956026	-0.015762190549745984	-51.92412816167531	0.0	(-51.92412816167531+0j)
-6.902522057400854	-47.64481075290532	-0.015748471982332892	-47.660562533540755	0.0	(-47.660562533540755+0j)
-6.6156982940154645	-43.76746391743913	-0.01573367552321633	-43.78320098040056	0.0	(-43.78320098040056+0j)
-6.343324932840438	-40.237771203595145	-0.01571772621924414	-40.2534923973678	0.0	(-40.2534923973678+0j)
-6.084521374442966	-37.02140035605332	-0.015700544386224407	-37.03710444936189	0.0	(-37.03710444936189+0j)
-5.838470275605943	-34.087735159134134	-0.015682045324754368	-34.103420835859474	0.0	(-34.103420835859474+0j)
-5.60441232360277	-31.4094374929506	-0.015662139018876527	-31.42510334680194	0.0	(-31.42510334680194+0j)
-5.38164149749948	-28.962065207608447	-0.015640729816479803	-28.97770973648083	0.0	(-28.97770973648083+0j)
-5.169500766042979	-26.723738170118942	-0.015617716090291526	-26.739359770079073	0.0	(-26.739359770079073+0j)
-4.967378177430783	-24.674845957615567	-0.0155929898782292	-24.6904429165693	0.0	(-24.6904429165693+0j)
-4.774703301284134	-22.797791615293608	-0.015566436501798384	-22.813362106237058	0.0	(-22.813362106237058+0j)
-4.590943987558804	-21.07676669690233	-0.015537934161134932	-21.092308770784697	0.0	(-21.092308770784697+0j)
-4.415603411006232	-19.497553483289867	-0.015507353505195082	-19.51306506143032	0.0	(-19.51306506143032+0j)
-4.24821737321238	-18.04735085006349	-0.015474557175495658	-18.062829716128096	0.0	(-18.062829716128096+0j)
-4.088351837252103	-16.714620745162645	-0.015439399321697956	-16.730064536632522	0.0	(-16.730064536632522+0j)
-3.9356006726549024	-15.48895265460172	-0.01540172508721246	-15.504358853749192	0.0	(-15.504358853749192+0j)
-3.789583590727793	-14.360943791113352	-0.01536137006287667	-14.37630971540807	0.0	(-14.37630971540807+0j)
-3.64994425236183	-13.32209304534916	-0.015318159706624849	-13.337415837298055	0.0	(-13.337415837298055+0j)
-3.5163485322931636	-12.364707000560285	-0.015271908726927916	-12.379983616924951	0.0	(-12.379983616924951+0j)
-3.3884829254269957	-11.48181653591029	-0.015222420427643055	-11.497043736261885	0.0	(-11.497043736261885+0j)
-3.2660530822878577	-10.667102736322017	-0.015169486011811985	-10.682277070909292	0.0	(-10.682277070909292+0j)
-3.148782461954948	-9.914830992715062	-0.015112883842002184	-9.929948789567836	0.0	(-9.929948789567836+0j)
-3.036411091994994	-9.219792319590232	-0.015052378655315333	-9.234849670885191	0.0	(-9.234849670885191+0j)
-2.928694425934691	-8.577251040500931	-0.014987720732931104	-8.592243788029837	0.0	(-8.592243788029837+0j)
-2.825402289733909	-7.982898098833615	-0.014918645028466444	-7.997821818664105	0.0	(-7.997821818664105+0j)
-2.726317909543103	-7.4328093438954745	-0.014844870268938135	-7.4476593300834075	0.0	(-7.4476593300834075+0j)
-2.6312370137641037	-6.923408222602238	-0.014766098060080047	-6.9381794700423	0.0	(-6.9381794700423+0j)
-2.5399670030929564	-6.451432376801015	-0.014682012057833394	-6.466119563230793	0.0	(-6.466119563230793+0j)
-2.4523261828149674	-6.0139037069198285	-0.014592277312509262	-6.028501174286853	0.0	(-6.028501174286853+0j)
-2.368143052153487	-5.608101515462834	-0.014496539950785493	-5.622603250957268	0.0	(-5.622603250957268+0j)
-2.2872556459514426	-5.231538389936751	-0.01439442742766608	-5.2459380072945905	0.0	(-5.2459380072945905+0j)
-2.2095109243945865	-4.88193852501902	-0.014285549644248975	-4.896229246956641	0.0	(-4.896229246956641+0j)
-2.134764206872377	-4.557218218943449	-0.014169501271280095	-4.5713928618929955	0.0	(-4.5713928618929955+0j)
-2.0628786464216957	-4.255468309862607	-0.01404586562511124	-4.269519272626675	0.0	(-4.269519272626675+0j)
-1.9937247415135764	-3.974938344923377	-0.013914220397019584	-3.98885760305032	0.0	(-3.98885760305032+0j)
-1.9271798822278001	-3.7140222984635574	-0.013774145431918695	-3.727801406417752	0.0	(-3.727801406417752+0j)
-1.863127928117564	-3.4712456765316464	-0.013625232592393231	-3.484875779743416	0.0	(-3.484875779743416+0j)
-1.8014588152994475	-3.245253863220089	-0.013467097544448324	-3.258725721952096	0.0	(-3.258725721952096+0j)
-1.7420681905148345	-3.03480158040363	-0.013299393087346255	-3.048105606946304	0.0	(-3.048105606946304+0j)
-1.6848570701003769	-2.8387433466672265	-0.01312182345092178	-2.8518696568617177	0.0	(-2.8518696568617177+0j)
-1.6297315219786033	-2.6560248337306946	-0.012934158828186604	-2.6689633130501007	0.0	(-2.6689633130501007+0j)
-1.5766023689375699	-2.485675029739557	-0.012736249320831595	-2.4984154133359326	0.0	(-2.4984154133359326+0j)
-1.5253849116116884	-2.3267991285725986	-0.012528037462412996	-2.339331093882893	0.0	(-2.339331093882893+0j)
-1.475998669706335	-2.1785720729748705	-0.012309568549249084	-2.190885342660684	0.0	(-2.190885342660684+0j)
-1.4283671401274947	-2.040232686995998	-0.01208099814259903	-2.0523171394381112	0.0	(-2.0523171394381112+0j)
-1.3824175707859427	-1.911078340017707	-0.011842596289927215	-1.9229241240361266	0.0	(-1.9229241240361266+0j)
-1.3380807489440103	-1.7904600906945636	-0.011594748225980325	-1.802057740994981	0.0	(-1.802057740994981+0j)
-1.2952908030630967	-1.677778264499842	-0.011337951533251204	-1.6891188143060758	0.0	(-1.6891188143060758+0j)
-1.2539850171922076	-1.572478423342541	-0.011072809945686619	-1.5835535108238736	0.0	(-1.5835535108238736+0j)
-1.2141036570130084	-1.4740476899723607	-0.010800024153159716	-1.484849655497592	0.0	(-1.484849655497592+0j)
-1.1755898067255313	-1.382011393676972	-0.010520380096737654	-1.3925333653349914	0.0	(-1.3925333653349914+0j)
-1.1383892160216253	-1.2959300071543307	-0.010234735331260358	-1.3061659726348018	0.0	(-1.3061659726348018+0j)
-1.102450156450796	-1.2153963474583847	-0.009944004072391174	-1.225341210932834	0.0	(-1.225341210932834+0j)
-1.0677232865359136	-1.1400330166110528	-0.009649141544276076	-1.1496826399348141	0.0	(-1.1496826399348141+0j)
-1.0341615250446599	-1.0694900598826966	-0.009351128208136954	-1.0788412879688527	0.0	(-1.0788412879688527+0j)
-1.0017199318670553	-1.003442821899738	-0.009050954389863716	-1.0124934926675817	0.0	(-1.0124934926675817+0j)
-0.9703555959901904	-0.9415899826694776	-0.008749605744652751	-0.950338922403765	0.0	(-0.950338922403765+0j)
-0.9400275300988208	-0.8836517573436894	-0.008448049907171806	-0.8920987626550728	0.0	(-0.8920987626550728+0j)
-0.9106965713649502	-0.8293682450958758	-0.008147224583747807	-0.8375140529281966	0.0	(-0.8375140529281966+0j)
-0.8823252880212902	-0.7784979138818526	-0.00784802725442328	-0.7863441611921077	0.0	(-0.7863441611921077+0j)
-0.8548778913426676	-0.7308162091064857	-0.007551306571655034	-0.738365383918437	0.0	(-0.738365383918437+0j)
-0.8283201526864177	-0.6861142753464503	-0.007257855471741859	-0.6933696609172023	0.0	(-0.6933696609172023+0j)
-0.8026193252675695	-0.6441977812929686	-0.006968405956283877	-0.6511633950326791	0.0	(-0.6511633950326791+0j)
-0.7777440703675577	-0.6048858389918965	-0.006683625454554976	-0.6115663677545604	0.0	(-0.6115663677545604+0j)
-0.7536643876962961	-0.5680100092816329	-0.006404114643248054	-0.5744107424738119	0.0	(-0.5744107424738119+0j)
-0.7303515496469766	-0.53341338607174	-0.006130406576687385	-0.539540147836833	0.0	(-0.539540147836833+0j)
-0.7077780392009602	-0.5009497527751559	-0.0058629669669780764	-0.506808834437763	0.0	(-0.506808834437763+0j)
-0.6859174912568177	-0.4704828048120465	-0.005602195448173201	-0.4760808985261751	0.0	(-0.4760808985261751+0j)
-0.6647446371729734	-0.441885432650228	-0.005348427659825527	-0.44722956705914535	0.0	(-0.44722956705914535+0j)
-0.644235252327683	-0.41503906034171334	-0.005101937991746496	-0.4201365389066226	0.0	(-0.4201365389066226+0j)
-0.6243661065132793	-0.3898330349625516	-0.004862942842034548	-0.3946913774809244	0.0	(-0.3946913774809244+0j)
-0.6051149169938791	-0.36616406276850916	-0.004631604253237789	-0.37079095047736743	0.0	(-0.37079095047736743+0j)
-0.5864603040670644	-0.3439356882464336	-0.004408033805844482	-0.34833891276654166	0.0	(-0.34833891276654166+0j)
-0.5683817489806017	-0.3230578125742477	-0.004192296663301331	-0.3272452289204356	0.0	(-0.3272452289204356+0j)
-0.5508595540650095	-0.3034462483047011	-0.00398441567777314	-0.30742573201607815	0.0	(-0.30742573201607815+0j)
-0.5338748049518669	-0.2850223073623939	-0.003784375480372726	-0.28880171579286257	0.0	(-0.28880171579286257+0j)
-0.5174093347561604	-0.2677124196928124	-0.003592126493243847	-0.2712995573991864	0.0	(-0.2712995573991864+0j)
-0.5014456901088119	-0.2514477801287026	-0.003407588813431112	-0.2548503682750217	0.0	(-0.2548503682750217+0j)
-0.4859670989327906	-0.2361640212451527	-0.0032306559297778457	-0.23938967083597	0.0	(-0.23938967083597+0j)
-0.47095743986299343	-0.22180091016230508	-0.0030611982440932137	-0.22485709894053668	0.0	(-0.22485709894053668+0j)
-0.4564012132163665	-0.20830206742537125	-0.0028990663765224773	-0.2111961202002833	0.0	(-0.2111961202002833+0j)
-0.4422835134246209	-0.19561470624722682	-0.002744094242482001	-0.1983537784180457	0.0	(-0.1983537784180457+0j)
-0.4285900028473402	-0.1836893905406831	-0.0025961018947585346	-0.1862804545556784	0.0	(-0.1862804545556784+0j)
-0.41530688688838896	-0.1724798102969251	-0.0024548981295153373	-0.17492964479568757	0.0	(-0.17492964479568757+0j)
-0.4024208903432601	-0.1619425729846622	-0.0023202828591021795	-0.16425775437399334	0.0	(-0.16425775437399334+0j)
-0.389919234909446	-0.15203700975236775	-0.0021920492578430153	-0.15422390595219462	0.0	(-0.15422390595219462+0j)
-0.3777896177960279	-0.14272499531446883	-0.0020699856894850046	-0.14478976144872432	0.0	(-0.14478976144872432+0j)
-0.3660201913725601	-0.13397078049240552	-0.0019538774268419603	-0.13591935629101543	0.0	(-0.13591935629101543+0j)
-0.354599543800905	-0.12574083646380996	-0.0018435081754531236	-0.12757894517491025	0.0	(-0.12757894517491025+0j)
-0.3435166805970615	-0.11800370984842355	-0.0017386614138974689	-0.11973685845463948	0.0	(-0.11973685845463948+0j)
-0.3327610070731549	-0.11072988782834026	-0.0016391215638358325	-0.11236336839677108	0.0	(-0.11236336839677108+0j)
-0.3223223116127228	-0.10389167256336918	-0.0015446750029718627	-0.10543056456589474	0.0	(-0.10543056456589474+0j)
-0.3121907497351576	-0.0974630642201998	-0.001455110933992543	-0.09891223766698025	0.0	(-0.09891223766698025+0j)
-0.30235682890776616	-0.09141965198716018	-0.0013702221222250067	-0.09278377125665553	0.0	(-0.09278377125665553+0j)
-0.2928113940662991	-0.08573851249504949	-0.0012898055142760657	-0.0870220407209008	0.0	(-0.0870220407209008+0j)
-0.28354561380707677	-0.08039811510923192	-0.001213662749344302	-0.08160531903400185	0.0	(-0.08160531903400185+0j)
-0.2745509672159419	-0.07537823359920921	-0.0011416005742449498	-0.07651318879087167	0.0	(-0.07651318879087167+0j)
-0.2658192313012629	-0.0706598637295943	-0.0010734311724924562	-0.07172646007754618	0.0	(-0.07172646007754618+0j)
-0.25734246900006463	-0.06622514635104923	-0.0010089724170670334	-0.06722709377173218	0.0	(-0.06722709377173218+0j)
-0.24911301772811112	-0.06205729560160621	-0.0009480480557662708	-0.06299812989047984	0.0	(-0.06299812989047984+0j)
-0.24112347844640347	-0.0581405318580932	-0.0008904878373271697	-0.05902362062595294	0.0	(-0.05902362062595294+0j)
-0.2333667052180859	-0.054460019104344996	-0.0008361275858050688	-0.05528856775959849	0.0	(-0.05528856775959849+0j)
-0.225835795231207	-0.05100180640771166	-0.0007848092300252407	-0.05177886413819968	0.0	(-0.05177886413819968+0j)
-0.21852407926412534	-0.047752773218233735	-0.0007363807942829981	-0.048481238940913496	0.0	(-0.048481238940913496+0j)
-0.211425112571636	-0.04470057822592895	-0.0006906963558649393	-0.04538320647768852	0.0	(-0.04538320647768852+0j)
-0.20453266617107863	-0.04183361153104989	-0.0006476159743989074	-0.042473018274843545	0.0	(-0.042473018274843545+0j)
-0.19784071850882584	-0.03914094990008846	-0.000607005597513699	-0.03973961822644525	0.0	(-0.03973961822644525+0j)
-0.19134344748859874	-0.036612314896822144	-0.0005687369468036608	-0.03717260060933182	0.0	(-0.03717260060933182+0j)
-0.18503522284406232	-0.0342380336929518	-0.0005326873876445593	-0.034762170762790374	0.0	(-0.034762170762790374+0j)
-0.17891059883908308	-0.03200900237695932	-0.0004987397859977704	-0.0324991082552334	0.0	(-0.0324991082552334+0j)
-0.17296430727992232	-0.02991665159282339	-0.00046678235496591116	-0.030374732376487825	0.0	(-0.030374732376487825+0j)
-0.16719125082446273	-0.02795291435224841	-0.0004367084935219534	-0.028380869798542287	0.0	(-0.028380869798542287+0j)
-0.1615864965743571	-0.026110195875174724	-0.0004084166195290617	-0.026509824257524118	0.0	(-0.026509824257524118+0j)
-0.15614526993671918	-0.024381345323610897	-0.00038180999888819405	-0.024754348129666672	0.0	(-0.024754348129666672+0j)
-0.15086294874268072	-0.02275962930333671	-0.0003567965724046829	-0.023107615772815813	0.0	(-0.023107615772815813+0j)
-0.14573505761078795	-0.021238707016819684	-0.00033328878173977117	-0.021563198519073394	0.0	(-0.021563198519073394+0j)
-0.1407572625438378	-0.019812606958834883	-0.0003112033956147009	-0.02011504120952385	0.0	(-0.02011504120952385+0j)
-0.1359253657483311	-0.018475705053817584	-0.00029046133725874057	-0.018757440176861203	0.0	(-0.018757440176861203+0j)
-0.13123530066627967	-0.017222704140968825	-0.00027098751393390686	-0.017485022568862533	0.0	(-0.017485022568862533+0j)
-0.12668312720961808	-0.016048614719608275	-0.00025271064923106936	-0.01629272694428688	0.0	(-0.01629272694428688+0j)
-0.12226502718796878	-0.014948736873274745	-0.00023556311870933657	-0.015175785041876251	0.0	(-0.015175785041876251+0j)
-0.11797729992097018	-0.01391864329664255	-0.00021948078934306282	-0.014129704660875873	0.0	(-0.014129704660875873+0j)
-0.11381635802681951	-0.012954163354489161	-0.00020440286314649114	-0.013150253575246792	0.0	(-0.013150253575246792+0j)
-0.10977872337909478	-0.01205136810674381	-0.00019027172526300264	-0.012233444414438023	0.0	(-0.012233444414438023+0j)
-0.10586102322431669	-0.011206556238099318	-0.00017703279673595418	-0.011375520458366635	0.0	(-0.011375520458366635+0j)
-0.10205998645307823	-0.010416240834802512	-0.00016463439211484855	-0.010572942277279156	0.0	(-0.010572942277279156+0j)
-0.09837244001792601	-0.009677136955080452	-0.0001530275819973781	-0.009822375175310682	0.0	(-0.009822375175310682+0j)
-0.09479530549150439	-0.008986149943227642	-0.0001421660605625874	-0.00912067737532307	0.0	(-0.00912067737532307+0j)
-0.09132559575879504	-0.008340364440698841	-0.0001320060181113192	-0.00846488891028932	0.0	(-0.00846488891028932+0j)
-0.08796041183757511	-0.007737034050635823	-0.00012250601859555842	-0.007852221169204395	0.0	(-0.007852221169204395+0j)
-0.08469693982150671	-0.007173571615127929	-0.00011362688209359817	-0.007280047061168532	0.0	(-0.007280047061168532+0j)
-0.08153244794053156	-0.0066475400671754895	-0.0001053315721616599	-0.006745891757545888	0.0	(-0.006745891757545888+0j)
-0.07846428373350321	-0.006156643821811697	-9.75850879735063e-05	-0.006247423977693358	0.0	(-0.006247423977693358+0j)
-0.07548987132822536	-0.005698720673152022	-9.035436114785967e-05	-0.0057824477855007005	0.0	(-0.0057824477855007005+0j)
-0.0726067088242958	-0.005271734166296074	-8.360815714478776e-05	-0.005348894863187699	0.0	(-0.005348894863187699+0j)
-0.0698123657743687	-0.004873766415014246	-7.731698110937658e-05	-0.004944817236304976	0.0	(-0.004944817236304976+0j)
-0.06710448075965493	-0.004503011338022899	-7.145298802662126e-05	-0.004568380420691191	0.0	(-0.004568380420691191+0j)
-0.06448075905567281	-0.004157768288395731	-6.598989705004499e-05	-0.004217856965627494	0.0	(-0.004217856965627494+0j)
-0.06193897038444741	-0.003836436052285453	-6.090290986442426e-05	-0.0038916203718705198	0.0	(-0.0038916203718705198+0j)
-0.05947694674953034	-0.0035375071946464683	-5.616863293411711e-05	-0.0035881393580053356	0.0	(-0.0035881393580053356+0j)
-0.05709258035037935	-0.003259562731064522	-5.176500349577396e-05	-0.003305972458414836	0.0	(-0.003305972458414836+0j)
-0.05478382157279376	-0.003001267106119703	-4.7671219147460424e-05	-0.0030437629299535003	0.0	(-0.0030437629299535003+0j)
-0.0525486770522525	-0.002761363459941929	-4.3867670890662684e-05	-0.0028002339506478357	0.0	(-0.0028002339506478357+0j)
-0.05038520780714346	-0.00253866916576903	-4.033587948377715e-05	-0.0025741840923253516	0.0	(-0.0025741840923253516+0j)
-0.04829152743900835	-0.0023320716223924963	-3.705843496533135e-05	-0.0023644830516255802	0.0	(-0.0023644830516255802+0j)
-0.04626580039705615	-0.0021405242863802407	-3.401893920838006e-05	-0.002170067623120749	0.0	(-0.002170067623120749+0j)
-0.04430624030431983	-0.001963042929904135	-3.120195137711335e-05	-0.001989937901622122	0.0	(-0.001989937901622122+0j)
-0.0424111083429481	-0.0017987021108772823	-2.8592936150317882e-05	-0.0018231536987474966	0.0	(-0.0018231536987474966+0j)
-0.04057871169623432	-0.0016466318429261037	-2.6178214586281e-05	-0.0016688311627810802	0.0	(-0.0016688311627810802+0j)
-0.038807402045089236	-0.0015060144534891962	-2.3944917503371245e-05	-0.0015261395885486136	0.0	(-0.0015261395885486136+0j)
-0.0370955741167656	-0.0013760816190524503	-2.1880941267227173e-05	-0.0013942984070913506	0.0	(-0.0013942984070913506+0j)
-0.03544166428373683	-0.001256111567201107	-1.997490585807782e-05	-0.0012725743445305487	0.0	(-0.0012725743445305487+0j)
-0.03384414921072317	-0.0011454264357976939	-1.821611511871879e-05	-0.0011602787400226357	0.0	(-0.0011602787400226357+0j)
-0.03230154454794487	-0.0010433897801828671	-1.6594519067325564e-05	-0.0010567650141787147	0.0	(-0.0010567650141787147+0j)
-0.030812403668764587	-0.0009494042198468975	-1.510067818060179e-05	-0.0009614262786719945	0.0	(-0.0009614262786719945+0j)
-0.029375316449958718	-0.0008629092165352152	-1.37257295492077e-05	-0.000873693079367992	0.0	(-0.000873693079367992+0j)
-0.027988908092932717	-0.0007833789762346345	-1.2461354812387528e-05	-0.0007930312650220215	0.0	(-0.0007930312650220215+0j)
-0.02665183798426606	-0.000710320467939567	-1.1299749769477786e-05	-0.0007189399747189734	0.0	(-0.0007189399747189734+0j)
-0.025362798594040566	-0.0006432715525218661	-1.0233595608610814e-05	-0.0006509497367613568	0.0	(-0.0006509497367613568+0j)
-0.024120514410469796	-0.0005817992154256811	-9.256031651716513e-06	-0.0005886206732416093	0.0	(-0.0005886206732416093+0j)
-0.022923740909409487	-0.000525497897281734	-8.360629541925846e-06	-0.0005315408038541496	0.0	(-0.0005315408038541496+0j)
-0.021771263557387018	-0.000473987916885208	-7.5413687937953005e-06	-0.00047932444358360837	0.0	(-0.00047932444358360837+0j)
-0.02066189684684411	-0.0004269139813096266	-6.792613660877578e-06	-0.00043161068877642356	0.0	(-0.00043161068877642356+0j)
-0.019594483362340376	-0.0003839437782370338	-6.109091216899287e-06	-0.00038806198682219594	0.0	(-0.00038806198682219594+0j)
-0.01856789287651589	-0.00034476664587376955	-5.485870622123912e-06	-0.0003483627845511334	0.0	(-0.0003483627845511334+0j)
-0.017581021474659796	-0.00030909231609244894	-4.9183434668975685e-06	-0.0003122182510341127	0.0	(-0.0003122182510341127+0j)
-0.0166327907067782	-0.0002766497266954873	-4.402205200904064e-06	-0.00027935307062590235	0.0	(-0.00027935307062590235+0j)
-0.015722146766098555	-0.0002471858989347433	-3.933437545811103e-06	-0.00024951030226101536	0.0	(-0.00024951030226101536+0j)
-0.014848059692990303	-0.0002204648766466033	-3.508291831622046e-06	-0.00022245030132602139	0.0	(-0.00022245030132602139+0j)
-0.01400952260332125	-0.00019626672357296902	-3.123273245364544e-06	-0.00019794970071237668	0.0	(-0.00019794970071237668+0j)
-0.01320555094030825	-0.0001743865756370761	-2.7751259096930883e-06	-0.00017580044762725174	0.0	(-0.00017580044762725174+0j)
-0.012435181748956657	-0.00015463374512958474	-2.4608188027741564e-06	-0.00015580889323367977	0.0	(-0.00015580889323367977+0j)
-0.01169747297221872	-0.00013683087393578743	-2.177532360292389e-06	-0.00013779493199980364	0.0	(-0.00013779493199980364+0j)
-0.010991502768034012	-0.00012081313309969934	-1.9226458789489698e-06	-0.0001215911882576005	0.0	(-0.0001215911882576005+0j)
-0.0103163688464472	-0.00010642746617594633	-1.693725562290638e-06	-0.00010704224715067719	0.0	(-0.00010704224715067719+0j)
-0.009671187826028764	-9.353187396632697e-05	-1.4885131918163097e-06	-9.400392772407767e-05	0.0	(-9.400392772407767e-05+0j)
-0.0090550946088535	-8.199473837528773e-05	-1.3049154631517013e-06	-8.234259571145306e-05	0.0	(-8.234259571145306e-05+0j)
-0.008467241773319324	-7.169418324784377e-05	-1.1409938224460348e-06	-7.193451389030981e-05	0.0	(-7.193451389030981e-05+0j)
-0.00790679898411556	-6.251747017521084e-05	-9.949549621524057e-07	-6.266522810227995e-05	0.0	(-6.266522810227995e-05+0j)
-0.007372952418675131	-5.436042736804747e-05	-8.65141714712081e-07	-5.4428986761952586e-05	0.0	(-5.4428986761952586e-05+0j)
-0.006864904209469354	-4.712690980519006e-05	-7.500244919356192e-07	-4.7128192276691354e-05	0.0	(-4.7128192276691354e-05+0j)
-0.00638187190152713	-4.0728288967501505e-05	-6.481932359747589e-07	-4.0672882659239596e-05	0.0	(-4.0672882659239596e-05+0j)
-0.0059230879245824606	-3.508297056233456e-05	-5.58349756829557e-07	-3.498024164171349e-05	0.0	(-3.498024164171349e-05+0j)
-0.005487799079275197	-3.0115938734493705e-05	-4.793003881786717e-07	-2.9974135910169595e-05	0.0	(-2.9974135910169595e-05+0j)
-0.005075266036850213	-2.5758325344805268e-05	-4.0994946175487713e-07	-2.5584678546742602e-05	0.0	(-2.5584678546742602e-05+0j)
-0.00468476285181929	-2.1947002977786005e-05	-3.492923042358598e-07	-2.1747816490505334e-05	0.0	(-2.1747816490505334e-05+0j)
-0.004315576487068442	-1.8624200415737994e-05	-2.964096893265378e-07	-1.8404942830861857e-05	0.0	(-1.8404942830861857e-05+0j)
-0.003967006350910908	-1.573713938816748e-05	-2.5046174414455894e-07	-1.550253164494336e-05	0.0	(-1.550253164494336e-05+0j)
-0.0036383638456027453	-1.3237691472989197e-05	-2.1068262867629528e-07	-1.2991796338748664e-05	0.0	(-1.2991796338748664e-05+0j)
-0.0033289719268539634	-1.108205408978179e-05	-1.7637512428336777e-07	-1.0828371283911141e-05	0.0	(-1.0828371283911141e-05+0j)
-0.0030381646738833206	-9.230444585632543e-06	-1.469063136028126e-07	-8.972018502016506e-06	0.0	(-8.972018502016506e-06+0j)
-0.002765286869579454	-7.646811471068537e-06	-1.2170221452834085e-07	-7.386359021234601e-06	0.0	(-7.386359021234601e-06+0j)
-0.0025096935903448805	-6.298561917418177e-06	-1.002443241304718e-07	-6.038630468810093e-06	0.0	(-6.038630468810093e-06+0j)
-0.0022707498052125484	-5.156304677872827e-06	-8.206479833461345e-08	-4.899462204671175e-06	0.0	(-4.899462204671175e-06+0j)
-0.0020478299838372883	-4.193607642703028e-06	-6.674308679066599e-08	-3.942648850199679e-06	0.0	(-3.942648850199679e-06+0j)
-0.001840317712976406	-3.386769284694709e-06	-5.3902112995274365e-08	-3.1448774339228178e-06	0.0	(-3.1448774339228178e-06+0j)
-0.0016476053210851282	-2.7146032940680283e-06	-4.320427251514048e-08	-2.4853559651971518e-06	0.0	(-2.4853559651971518e-06+0j)
-0.0014690935106634537	-2.158235743073471e-06	-3.434906830079854e-08	-1.9453424567550508e-06	0.0	(-1.9453424567550508e-06+0j)
-0.0013041909980012522	-1.7009141592675022e-06	-2.7070200303569436e-08	-1.5076977632983055e-06	0.0	(-1.5076977632983055e-06+0j)
-0.0011523141599783147	-1.327827923286529e-06	-2.113301889039576e-08	-1.1566561833267367e-06	0.0	(-1.1566561833267367e-06+0j)
-0.0010128866875853285	-1.0259394418875787e-06	-1.6327248886227608e-08	-8.778856041047092e-07	0.0	(-8.778856041047092e-07+0j)
-0.0008853392458406116	-7.83825580225623e-07	-1.2475356925278903e-08	-6.586590392038257e-07	0.0	(-6.586590392038257e-07+0j)
-0.0007691091397858128	-5.91528868902073e-07	-9.415089152753353e-09	-4.879660282998714e-07	0.0	(-4.879660282998714e-07+0j)
-0.000663639986251706	-4.404180313521645e-07	-7.011112757027149e-09	-3.564651474566045e-07	0.0	(-3.564651474566045e-07+0j)
-0.0005683813910927198	-3.230574057404953e-07	-5.142646841704846e-09	-2.563391032405413e-07	0.0	(-2.563391032405413e-07+0j)
-0.0004827886315959191	-2.330848627982601e-07	-3.707828000187874e-09	-1.8110671497028021e-07	0.0	(-1.8110671497028021e-07+0j)
-0.00040632234377683705	-1.6509784705230215e-07	-2.62516550719738e-09	-1.254177323871334e-07	0.0	(-1.254177323871334e-07+0j)
-0.0003384482142808416	-1.1454719374989047e-07	-1.8160790205001833e-09	-8.490809848910967e-08	0.0	(-8.490809848910967e-08+0j)
-0.0002786366766146315	-7.763839755484672e-08	-1.2340024113655092e-09	-5.602921013857933e-08	0.0	(-5.602921013857933e-08+0j)
-0.0002263626114379906	-5.124003185702671e-08	-8.381903171539307e-10	-3.5844310494810555e-08	0.0	(-3.5844310494810555e-08+0j)
-0.0001811050506511092	-3.279903937134083e-08	-5.122274160385132e-10	-2.221412320707499e-08	0.0	(-2.221412320707499e-08+0j)
-0.00014234688501760587	-2.0262635674215505e-08	-3.7252902984619143e-10	-1.3148347848741389e-08	0.0	(-1.3148347848741389e-08+0j)
-0.00010957457506787214	-1.2006587501304747e-08	-1.8626451492309571e-10	-7.328295355935252e-09	0.0	(-7.328295355935252e-09+0j)
-8.227786503151151e-05	-6.769647074143624e-09	-0.0	-4.270187856126375e-09	0.0	(-4.270187856126375e-09+0j)
-5.9949499551469586e-05	-3.593942496471652e-09	-3.7252902984619143e-10	-1.9327184780653513e-09	0.0	(-1.9327184780653513e-09+0j)
-4.208494293595911e-05	-1.7711424219229345e-09	-0.0	-8.717179420805245e-10	0.0	(-8.717179420805245e-10+0j)
-2.818210070747449e-05	-7.942308002862342e-10	-0.0	-3.4820941801021795e-10	0.0	(-3.4820941801021795e-10+0j)
-1.7741043211075948e-05	-3.14744614217264e-10	-0.0	-1.174549813976147e-10	0.0	(-1.174549813976147e-10+0j)
-1.0263731046704024e-05	-1.0534417499907609e-10	-0.0	-3.150762075136809e-11	0.0	(-3.150762075136809e-11+0j)
-5.253742092569803e-06	-2.7601805975239737e-11	-0.0	-5.923393781317839e-12	0.0	(-5.923393781317839e-12+0j)
-2.2159998886550805e-06	-4.910655506519329e-12	-0.0	-4.582232678066178e-13	0.0	(-4.582232678066178e-13+0j)
-6.565031510556671e-07	-4.3099638734602e-13	-0.0	-2.3273223251257684e-13	0.0	(-2.3273223251257684e-13+0j)
-8.205618931236921e-08	-6.733218204467375e-15	-0.0	-3.77004007455587e-14	0.0	(-3.77004007455587e-14+0j)
8.205618931236921e-08	6.733218204467375e-15	0.0	-1.5590784815902297e-14	-2.5600077707488212e-06	(-1.5590784815902297e-14-2.5600077707488212e-06j)
6.565031510556671e-07	4.3099638734602e-13	0.0	-1.5590784815902297e-14	2.5600077707488212e-06	(-1.5590784815902297e-14+2.5600077707488212e-06j)
2.2159998886550805e-06	4.910655506519329e-12	0.0	7.875275139346548e-13	0.0	(7.875275139346548e-13+0j)
5.253742092569803e-06	2.7601805975239737e-11	0.0	5.613547767650708e-12	0.0	(5.613547767650708e-12+0j)
1.0263731046704024e-05	1.0534417499907609e-10	0.0	3.1170811550516754e-11	0.0	(3.1170811550516754e-11+0j)
1.7741043211075948e-05	3.14744614217264e-10	0.0	1.175812262293406e-10	0.0	(1.175812262293406e-10+0j)
2.818210070747449e-05	7.942308002862342e-10	0.0	3.482885578505413e-10	0.0	(3.482885578505413e-10+0j)
4.208494293595911e-05	1.7711424219229345e-09	0.0	8.715474139982878e-10	0.0	(8.715474139982878e-10+0j)
5.9949499551469586e-05	3.593942496471652e-09	3.7252902984619143e-10	1.9326689266083453e-09	0.0	(1.9326689266083453e-09+0j)
8.227786503151151e-05	6.769647074143624e-09	0.0	4.270097304473722e-09	0.0	(4.270097304473722e-09+0j)
0.00010957457506787214	1.2006587501304747e-08	1.8626451492309571e-10	7.328228558000375e-09	0.0	(7.328228558000375e-09+0j)
0.00014234688501760587	2.0262635674215505e-08	3.7252902984619143e-10	1.3148320266902286e-08	0.0	(1.3148320266902286e-08+0j)
0.0001811050506511092	3.279903937134083e-08	5.122274160385132e-10	2.2214053467819294e-08	0.0	(2.2214053467819294e-08+0j)
0.0002263626114379906	5.124003185702671e-08	8.381903171539307e-10	3.5844260133848725e-08	0.0	(3.5844260133848725e-08+0j)
0.0002786366766146315	7.763839755484672e-08	1.2340024113655092e-09	5.602918927771014e-08	0.0	(5.602918927771014e-08+0j)
0.0003384482142808416	1.1454719374989047e-07	1.8160790205001833e-09	8.49080131714213e-08	0.0	(8.49080131714213e-08+0j)
0.00040632234377683705	1.6509784705230215e-07	2.62516550719738e-09	1.2541774896952387e-07	0.0	(1.2541774896952387e-07+0j)
0.0004827886315959191	2.330848627982601e-07	3.707828000187874e-09	1.8110677487071078e-07	0.0	(1.8110677487071078e-07+0j)
0.0005683813910927198	3.230574057404953e-07	5.142646841704846e-09	2.563390747587767e-07	0.0	(2.563390747587767e-07+0j)
0.000663639986251706	4.404180313521645e-07	7.011112757027149e-09	3.5646511470405085e-07	0.0	(3.5646511470405085e-07+0j)
0.0007691091397858128	5.91528868902073e-07	9.415089152753353e-09	4.879660156598523e-07	0.0	(4.879660156598523e-07+0j)
0.0008853392458406116	7.83825580225623e-07	1.2475356925278903e-08	6.586584313888776e-07	0.0	(6.586584313888776e-07+0j)
0.0010128866875853285	1.0259394418875787e-06	1.6327248886227608e-08	8.778856022304362e-07	0.0	(8.778856022304362e-07+0j)
0.0011523141599783147	1.327827923286529e-06	2.113301889039576e-08	1.1566559694326523e-06	0.0	(1.1566559694326523e-06+0j)
0.0013041909980012522	1.7009141592675022e-06	2.7070200303569436e-08	1.5076977675223045e-06	0.0	(1.5076977675223045e-06+0j)
0.0014690935106634537	2.158235743073471e-06	3.434906830079854e-08	1.9453424002584957e-06	0.0	(1.9453424002584957e-06+0j)
0.0016476053210851282	2.7146032940680283e-06	4.320427251514048e-08	2.485355950406556e-06	0.0	(2.485355950406556e-06+0j)
0.001840317712976406	3.386769284694709e-06	5.3902112995274365e-08	3.1448772074136945e-06	0.0	(3.1448772074136945e-06+0j)
0.0020478299838372883	4.193607642703028e-06	6.674308679066599e-08	3.942648841277831e-06	0.0	(3.942648841277831e-06+0j)
0.0022707498052125484	5.156304677872827e-06	8.206479833461345e-08	4.899461897868954e-06	0.0	(4.899461897868954e-06+0j)
0.0025096935903448805	6.298561917418177e-06	1.002443241304718e-07	6.038630445789361e-06	0.0	(6.038630445789361e-06+0j)
0.002765286869579454	7.646811471068537e-06	1.2170221452834085e-07	7.386359108812452e-06	0.0	(7.386359108812452e-06+0j)
0.0030381646738833206	9.230444585632543e-06	1.469063136028126e-07	8.972018480139331e-06	0.0	(8.972018480139331e-06+0j)
0.0033289719268539634	1.108205408978179e-05	1.7637512428336777e-07	1.082837118493891e-05	0.0	(1.082837118493891e-05+0j)
0.0036383638456027453	1.3237691472989197e-05	2.1068262867629528e-07	1.2991796353749975e-05	0.0	(1.2991796353749975e-05+0j)
0.003967006350910908	1.573713938816748e-05	2.5046174414455894e-07	1.5502531545197975e-05	0.0	(1.5502531545197975e-05+0j)
0.004315576487068442	1.8624200415737994e-05	2.964096893265378e-07	1.840494284470141e-05	0.0	(1.840494284470141e-05+0j)
0.00468476285181929	2.1947002977786005e-05	3.492923042358598e-07	2.174781637634784e-05	0.0	(2.174781637634784e-05+0j)
0.005075266036850213	2.5758325344805268e-05	4.0994946175487713e-07	2.5584678533170038e-05	0.0	(2.5584678533170038e-05+0j)
0.005487799079275197	3.0115938734493705e-05	4.793003881786717e-07	2.9974135924253377e-05	0.0	(2.9974135924253377e-05+0j)
0.0059230879245824606	3.508297056233456e-05	5.58349756829557e-07	3.498024163090733e-05	0.0	(3.498024163090733e-05+0j)
0.00638187190152713	4.0728288967501505e-05	6.481932359747589e-07	4.0672882850573e-05	0.0	(4.0672882850573e-05+0j)
0.006864904209469354	4.712690980519006e-05	7.500244919356192e-07	4.7128192371604845e-05	0.0	(4.7128192371604845e-05+0j)
0.007372952418675131	5.436042736804747e-05	8.65141714712081e-07	5.4428987281373863e-05	0.0	(5.4428987281373863e-05+0j)
0.00790679898411556	6.251747017521084e-05	9.949549621524057e-07	6.266522827805503e-05	0.0	(6.266522827805503e-05+0j)
0.008467241773319324	7.169418324784377e-05	1.1409938224460348e-06	7.193451422711627e-05	0.0	(7.193451422711627e-05+0j)
0.0090550946088535	8.199473837528773e-05	1.3049154631517013e-06	8.234259581787325e-05	0.0	(8.234259581787325e-05+0j)
0.009671187826028764	9.353187396632697e-05	1.4885131918163097e-06	9.400392778938845e-05	0.0	(9.400392778938845e-05+0j)
0.0103163688464472	0.00010642746617594633	1.693725562290638e-06	0.00010704224715703511	0.0	(0.00010704224715703511+0j)
0.010991502768034012	0.00012081313309969934	1.9226458789489698e-06	0.00012159118820383072	0.0	(0.00012159118820383072+0j)
0.01169747297221872	0.00013683087393578743	2.177532360292389e-06	0.00013779493203346338	0.0	(0.00013779493203346338+0j)
0.012435181748956657	0.00015463374512958474	2.4608188027741564e-06	0.00015580889333115407	0.0	(0.00015580889333115407+0j)
0.01320555094030825	0.0001743865756370761	2.7751259096930883e-06	0.00017580044761485126	0.0	(0.00017580044761485126+0j)
0.01400952260332125	0.00019626672357296902	3.123273245364544e-06	0.0001979497008383919	0.0	(0.0001979497008383919+0j)
0.014848059692990303	0.0002204648766466033	3.508291831622046e-06	0.0002224503014169126	0.0	(0.0002224503014169126+0j)
0.015722146766098555	0.0002471858989347433	3.933437545811103e-06	0.0002495103023850399	0.0	(0.0002495103023850399+0j)
0.0166327907067782	0.0002766497266954873	4.402205200904064e-06	0.0002793530706243367	0.0	(0.0002793530706243367+0j)
0.017581021474659796	0.00030909231609244894	4.9183434668975685e-06	0.00031221825123189153	0.0	(0.00031221825123189153+0j)
0.01856789287651589	0.00034476664587376955	5.485870622123912e-06	0.000348362784607015	0.0	(0.000348362784607015+0j)
0.019594483362340376	0.0003839437782370338	6.109091216899287e-06	0.0003880619868279979	0.0	(0.0003880619868279979+0j)
0.02066189684684411	0.0004269139813096266	6.792613660877578e-06	0.0004316106888321591	0.0	(0.0004316106888321591+0j)
0.021771263557387018	0.000473987916885208	7.5413687937953005e-06	0.0004793244435877399	0.0	(0.0004793244435877399+0j)
0.022923740909409487	0.000525497897281734	8.360629541925846e-06	0.0005315408038840618	0.0	(0.0005315408038840618+0j)
0.024120514410469796	0.0005817992154256811	9.256031651716513e-06	0.0005886206733429097	0.0	(0.0005886206733429097+0j)
0.025362798594040566	0.0006432715525218661	1.0233595608610814e-05	0.0006509497367810684	0.0	(0.0006509497367810684+0j)
0.02665183798426606	0.000710320467939567	1.1299749769477786e-05	0.0007189399747221893	0.0	(0.0007189399747221893+0j)
0.027988908092932717	0.0007833789762346345	1.2461354812387528e-05	0.0007930312650504528	0.0	(0.0007930312650504528+0j)
0.029375316449958718	0.0008629092165352152	1.37257295492077e-05	0.0008736930793481815	0.0	(0.0008736930793481815+0j)
0.030812403668764587	0.0009494042198468975	1.510067818060179e-05	0.0009614262786974245	0.0	(0.0009614262786974245+0j)
0.03230154454794487	0.0010433897801828671	1.6594519067325564e-05	0.0010567650141728871	0.0	(0.0010567650141728871+0j)
0.03384414921072317	0.0011454264357976939	1.821611511871879e-05	0.0011602787401565151	0.0	(0.0011602787401565151+0j)
0.03544166428373683	0.001256111567201107	1.997490585807782e-05	0.0012725743446106153	0.0	(0.0012725743446106153+0j)
0.0370955741167656	0.0013760816190524503	2.1880941267227173e-05	0.0013942984070488738	0.0	(0.0013942984070488738+0j)
0.038807402045089236	0.0015060144534891962	2.3944917503371245e-05	0.0015261395885119362	0.0	(0.0015261395885119362+0j)
0.04057871169623432	0.0016466318429261037	2.6178214586281e-05	0.0016688311627774375	0.0	(0.0016688311627774375+0j)
0.0424111083429481	0.0017987021108772823	2.8592936150317882e-05	0.0018231536987325973	0.0	(0.0018231536987325973+0j)
0.04430624030431983	0.001963042929904135	3.120195137711335e-05	0.00198993790165482	0.0	(0.00198993790165482+0j)
0.04626580039705615	0.0021405242863802407	3.401893920838006e-05	0.0021700676230744123	0.0	(0.0021700676230744123+0j)
0.04829152743900835	0.0023320716223924963	3.705843496533135e-05	0.0023644830515690512	0.0	(0.0023644830515690512+0j)
0.05038520780714346	0.00253866916576903	4.033587948377715e-05	0.0025741840923214016	0.0	(0.0025741840923214016+0j)
0.0525486770522525	0.002761363459941929	4.3867670890662684e-05	0.0028002339507194793	0.0	(0.0028002339507194793+0j)
0.05478382157279376	0.003001267106119703	4.7671219147460424e-05	0.003043762929974448	0.0	(0.003043762929974448+0j)
0.05709258035037935	0.003259562731064522	5.176500349577396e-05	0.003305972458404393	0.0	(0.003305972458404393+0j)
0.05947694674953034	0.0035375071946464683	5.616863293411711e-05	0.0035881393582211426	0.0	(0.0035881393582211426+0j)
0.06193897038444741	0.003836436052285453	6.090290986442426e-05	0.0038916203719737267	0.0	(0.0038916203719737267+0j)
0.06448075905567281	0.004157768288395731	6.598989705004499e-05	0.0042178569654682824	0.0	(0.0042178569654682824+0j)
0.06710448075965493	0.004503011338022899	7.145298802662126e-05	0.004568380420328108	0.0	(0.004568380420328108+0j)
0.0698123657743687	0.004873766415014246	7.731698110937658e-05	0.004944817235860585	0.0	(0.004944817235860585+0j)
0.0726067088242958	0.005271734166296074	8.360815714478776e-05	0.0053488948631804	0.0	(0.0053488948631804+0j)
0.07548987132822536	0.005698720673152022	9.035436114785967e-05	0.005782447785611583	0.0	(0.005782447785611583+0j)
0.07846428373350321	0.006156643821811697	9.75850879735063e-05	0.006247423977851936	0.0	(0.006247423977851936+0j)
0.08153244794053156	0.0066475400671754895	0.0001053315721616599	0.006745891757401162	0.0	(0.006745891757401162+0j)
0.08469693982150671	0.007173571615127929	0.00011362688209359817	0.007280047061613778	0.0	(0.007280047061613778+0j)
0.08796041183757511	0.007737034050635823	0.00012250601859555842	0.00785222116902337	0.0	(0.00785222116902337+0j)
0.09132559575879504	0.008340364440698841	0.0001320060181113192	0.008464888910086803	0.0	(0.008464888910086803+0j)
0.09479530549150439	0.008986149943227642	0.0001421660605625874	0.009120677375258401	0.0	(0.009120677375258401+0j)
0.09837244001792601	0.009677136955080452	0.0001530275819973781	0.009822375175319038	0.0	(0.009822375175319038+0j)
0.10205998645307823	0.010416240834802512	0.00016463439211484855	0.010572942277244831	0.0	(0.010572942277244831+0j)
0.10586102322431669	0.011206556238099318	0.00017703279673595418	0.011375520458008284	0.0	(0.011375520458008284+0j)
0.10977872337909478	0.01205136810674381	0.00019027172526300264	0.012233444414693786	0.0	(0.012233444414693786+0j)
0.11381635802681951	0.012954163354489161	0.00020440286314649114	0.013150253575154376	0.0	(0.013150253575154376+0j)
0.11797729992097018	0.01391864329664255	0.00021948078934306282	0.014129704661116923	0.0	(0.014129704661116923+0j)
0.12226502718796878	0.014948736873274745	0.00023556311870933657	0.01517578504170632	0.0	(0.01517578504170632+0j)
0.12668312720961808	0.016048614719608275	0.00025271064923106936	0.016292726944421354	0.0	(0.016292726944421354+0j)
0.13123530066627967	0.017222704140968825	0.00027098751393390686	0.01748502256906027	0.0	(0.01748502256906027+0j)
0.1359253657483311	0.018475705053817584	0.00029046133725874057	0.018757440176643443	0.0	(0.018757440176643443+0j)
0.1407572625438378	0.019812606958834883	0.0003112033956147009	0.020115041209595147	0.0	(0.020115041209595147+0j)
0.14573505761078795	0.021238707016819684	0.00033328878173977117	0.021563198518606667	0.0	(0.021563198518606667+0j)
0.15086294874268072	0.02275962930333671	0.0003567965724046829	0.02310761577276486	0.0	(0.02310761577276486+0j)
0.15614526993671918	0.024381345323610897	0.00038180999888819405	0.02475434812999367	0.0	(0.02475434812999367+0j)
0.1615864965743571	0.026110195875174724	0.0004084166195290617	0.02650982425644661	0.0	(0.02650982425644661+0j)
0.16719125082446273	0.02795291435224841	0.0004367084935219534	0.028380869798094836	0.0	(0.028380869798094836+0j)
0.17296430727992232	0.02991665159282339	0.00046678235496591116	0.03037473237642826	0.0	(0.03037473237642826+0j)
0.17891059883908308	0.03200900237695932	0.0004987397859977704	0.03249910825536039	0.0	(0.03249910825536039+0j)
0.18503522284406232	0.0342380336929518	0.0005326873876445593	0.03476217076261797	0.0	(0.03476217076261797+0j)
0.19134344748859874	0.036612314896822144	0.0005687369468036608	0.037172600609431755	0.0	(0.037172600609431755+0j)
0.19784071850882584	0.03914094990008846	0.000607005597513699	0.0397396182265233	0.0	(0.0397396182265233+0j)
0.20453266617107863	0.04183361153104989	0.0006476159743989074	0.042473018274915834	0.0	(0.042473018274915834+0j)
0.211425112571636	0.04470057822592895	0.0006906963558649393	0.045383206478265006	0.0	(0.045383206478265006+0j)
0.21852407926412534	0.047752773218233735	0.0007363807942829981	0.04848123894097629	0.0	(0.04848123894097629+0j)
0.225835795231207	0.05100180640771166	0.0007848092300252407	0.05177886413808236	0.0	(0.05177886413808236+0j)
0.2333667052180859	0.054460019104344996	0.0008361275858050688	0.05528856775944877	0.0	(0.05528856775944877+0j)
0.24112347844640347	0.0581405318580932	0.0008904878373271697	0.05902362062604968	0.0	(0.05902362062604968+0j)
0.24911301772811112	0.06205729560160621	0.0009480480557662708	0.06299812989115344	0.0	(0.06299812989115344+0j)
0.25734246900006463	0.06622514635104923	0.0010089724170670334	0.06722709377229806	0.0	(0.06722709377229806+0j)
0.2658192313012629	0.0706598637295943	0.0010734311724924562	0.07172646007781099	0.0	(0.07172646007781099+0j)
0.2745509672159419	0.07537823359920921	0.0011416005742449498	0.0765131887911447	0.0	(0.0765131887911447+0j)
0.28354561380707677	0.08039811510923192	0.001213662749344302	0.0816053190346118	0.0	(0.0816053190346118+0j)
0.2928113940662991	0.08573851249504949	0.0012898055142760657	0.08702204072067135	0.0	(0.08702204072067135+0j)
0.30235682890776616	0.09141965198716018	0.0013702221222250067	0.09278377125588984	0.0	(0.09278377125588984+0j)
0.3121907497351576	0.0974630642201998	0.001455110933992543	0.09891223766694808	0.0	(0.09891223766694808+0j)
0.3223223116127228	0.10389167256336918	0.0015446750029718627	0.1054305645656914	0.0	(0.1054305645656914+0j)
0.3327610070731549	0.11072988782834026	0.0016391215638358325	0.11236336839767896	0.0	(0.11236336839767896+0j)
0.3435166805970615	0.11800370984842355	0.0017386614138974689	0.11973685845448105	0.0	(0.11973685845448105+0j)
0.354599543800905	0.12574083646380996	0.0018435081754531236	0.12757894517427262	0.0	(0.12757894517427262+0j)
0.3660201913725601	0.13397078049240552	0.0019538774268419603	0.13591935629021	0.0	(0.13591935629021+0j)
0.3777896177960279	0.14272499531446883	0.0020699856894850046	0.14478976144780756	0.0	(0.14478976144780756+0j)
0.389919234909446	0.15203700975236775	0.0021920492578430153	0.15422390595181987	0.0	(0.15422390595181987+0j)
0.4024208903432601	0.1619425729846622	0.0023202828591021795	0.16425775437481827	0.0	(0.16425775437481827+0j)
0.41530688688838896	0.1724798102969251	0.0024548981295153373	0.17492964479613224	0.0	(0.17492964479613224+0j)
0.4285900028473402	0.1836893905406831	0.0025961018947585346	0.1862804545547139	0.0	(0.1862804545547139+0j)
0.4422835134246209	0.19561470624722682	0.002744094242482001	0.19835377841809537	0.0	(0.19835377841809537+0j)
0.4564012132163665	0.20830206742537125	0.0028990663765224773	0.21119612020103037	0.0	(0.21119612020103037+0j)
0.47095743986299343	0.22180091016230508	0.0030611982440932137	0.2248570989405807	0.0	(0.2248570989405807+0j)
0.4859670989327906	0.2361640212451527	0.0032306559297778457	0.23938967083562934	0.0	(0.23938967083562934+0j)
0.5014456901088119	0.2514477801287026	0.003407588813431112	0.2548503682747303	0.0	(0.2548503682747303+0j)
0.5174093347561604	0.2677124196928124	0.003592126493243847	0.2712995573990712	0.0	(0.2712995573990712+0j)
0.5338748049518669	0.2850223073623939	0.003784375480372726	0.2888017157915035	0.0	(0.2888017157915035+0j)
0.5508595540650095	0.3034462483047011	0.00398441567777314	0.30742573201621376	0.0	(0.30742573201621376+0j)
0.5683817489806017	0.3230578125742477	0.004192296663301331	0.32724522892467967	0.0	(0.32724522892467967+0j)
0.5864603040670644	0.3439356882464336	0.004408033805844482	0.34833891276675577	0.0	(0.34833891276675577+0j)
0.6051149169938791	0.36616406276850916	0.004631604253237789	0.3707909504776858	0.0	(0.3707909504776858+0j)
0.6243661065132793	0.3898330349625516	0.004862942842034548	0.3946913774819716	0.0	(0.3946913774819716+0j)
0.644235252327683	0.41503906034171334	0.005101937991746496	0.4201365389061489	0.0	(0.4201365389061489+0j)
0.6647446371729734	0.441885432650228	0.005348427659825527	0.447229567059203	0.0	(0.447229567059203+0j)
0.6859174912568177	0.4704828048120465	0.005602195448173201	0.47608089852592267	0.0	(0.47608089852592267+0j)
0.7077780392009602	0.5009497527751559	0.0058629669669780764	0.5068088344379902	0.0	(0.5068088344379902+0j)
0.7303515496469766	0.53341338607174	0.006130406576687385	0.5395401478353861	0.0	(0.5395401478353861+0j)
0.7536643876962961	0.5680100092816329	0.006404114643248054	0.5744107424748792	0.0	(0.5744107424748792+0j)
0.7777440703675577	0.6048858389918965	0.006683625454554976	0.6115663677583357	0.0	(0.6115663677583357+0j)
0.8026193252675695	0.6441977812929686	0.006968405956283877	0.6511633950314651	0.0	(0.6511633950314651+0j)
0.8283201526864177	0.6861142753464503	0.007257855471741859	0.6933696609160902	0.0	(0.6933696609160902+0j)
0.8548778913426676	0.7308162091064857	0.007551306571655034	0.7383653839217326	0.0	(0.7383653839217326+0j)
0.8823252880212902	0.7784979138818526	0.00784802725442328	0.7863441611922493	0.0	(0.7863441611922493+0j)
0.9106965713649502	0.8293682450958758	0.008147224583747807	0.8375140529270871	0.0	(0.8375140529270871+0j)
0.9400275300988208	0.8836517573436894	0.008448049907171806	0.892098762655626	0.0	(0.892098762655626+0j)
0.9703555959901904	0.9415899826694776	0.008749605744652751	0.9503389224057269	0.0	(0.9503389224057269+0j)
1.0017199318670553	1.003442821899738	0.009050954389863716	1.0124934926677949	0.0	(1.0124934926677949+0j)
1.0341615250446599	1.0694900598826966	0.009351128208136954	1.0788412879661906	0.0	(1.0788412879661906+0j)
1.0677232865359136	1.1400330166110528	0.009649141544276076	1.1496826399351117	0.0	(1.1496826399351117+0j)
1.102450156450796	1.2153963474583847	0.009944004072391174	1.225341210930617	0.0	(1.225341210930617+0j)
1.1383892160216253	1.2959300071543307	0.010234735331260358	1.3061659726313302	0.0	(1.3061659726313302+0j)
1.1755898067255313	1.382011393676972	0.010520380096737654	1.3925333653342697	0.0	(1.3925333653342697+0j)
1.2141036570130084	1.4740476899723607	0.010800024153159716	1.4848496554968118	0.0	(1.4848496554968118+0j)
1.2539850171922076	1.572478423342541	0.011072809945686619	1.5835535108254895	0.0	(1.5835535108254895+0j)
1.2952908030630967	1.677778264499842	0.011337951533251204	1.6891188143028935	0.0	(1.6891188143028935+0j)
1.3380807489440103	1.7904600906945636	0.011594748225980325	1.8020577409943568	0.0	(1.8020577409943568+0j)
1.3824175707859427	1.911078340017707	0.011842596289927215	1.9229241240353134	0.0	(1.9229241240353134+0j)
1.4283671401274947	2.040232686995998	0.01208099814259903	2.052317139437069	0.0	(2.052317139437069+0j)
1.475998669706335	2.1785720729748705	0.012309568549249084	2.1908853426604993	0.0	(2.1908853426604993+0j)
1.5253849116116884	2.3267991285725986	0.012528037462412996	2.339331093883997	0.0	(2.339331093883997+0j)
1.5766023689375699	2.485675029739557	0.012736249320831595	2.4984154133388223	0.0	(2.4984154133388223+0j)
1.6297315219786033	2.6560248337306946	0.012934158828186604	2.6689633130472705	0.0	(2.6689633130472705+0j)
1.6848570701003769	2.8387433466672265	0.01312182345092178	2.851869656859554	0.0	(2.851869656859554+0j)
1.7420681905148345	3.03480158040363	0.013299393087346255	3.0481056069460095	0.0	(3.0481056069460095+0j)
1.8014588152994475	3.245253863220089	0.013467097544448324	3.258725721954347	0.0	(3.258725721954347+0j)
1.863127928117564	3.4712456765316464	0.013625232592393231	3.48487577974644	0.0	(3.48487577974644+0j)
1.9271798822278001	3.7140222984635574	0.013774145431918695	3.727801406414827	0.0	(3.727801406414827+0j)
1.9937247415135764	3.974938344923377	0.013914220397019584	3.988857603049305	0.0	(3.988857603049305+0j)
2.0628786464216957	4.255468309862607	0.01404586562511124	4.26951927262853	0.0	(4.26951927262853+0j)
2.134764206872377	4.557218218943449	0.014169501271280095	4.571392861893697	0.0	(4.571392861893697+0j)
2.2095109243945865	4.88193852501902	0.014285549644248975	4.896229246956241	0.0	(4.896229246956241+0j)
2.2872556459514426	5.231538389936751	0.01439442742766608	5.245938007297291	0.0	(5.245938007297291+0j)
2.368143052153487	5.608101515462834	0.014496539950785493	5.622603250953092	0.0	(5.622603250953092+0j)
2.4523261828149674	6.0139037069198285	0.014592277312509262	6.028501174285575	0.0	(6.028501174285575+0j)
2.5399670030929564	6.451432376801015	0.014682012057833394	6.466119563229944	0.0	(6.466119563229944+0j)
2.6312370137641037	6.923408222602238	0.014766098060080047	6.93817947004215	0.0	(6.93817947004215+0j)
2.726317909543103	7.4328093438954745	0.014844870268938135	7.447659330082164	0.0	(7.447659330082164+0j)
2.825402289733909	7.982898098833615	0.014918645028466444	7.997821818664936	0.0	(7.997821818664936+0j)
2.928694425934691	8.577251040500931	0.014987720732931104	8.592243788033326	0.0	(8.592243788033326+0j)
3.036411091994994	9.219792319590232	0.015052378655315333	9.234849670883454	0.0	(9.234849670883454+0j)
3.148782461954948	9.914830992715062	0.015112883842002184	9.929948789571988	0.0	(9.929948789571988+0j)
3.2660530822878577	10.667102736322017	0.015169486011811985	10.682277070908492	0.0	(10.682277070908492+0j)
3.3884829254269957	11.48181653591029	0.015222420427643055	11.497043736263032	0.0	(11.497043736263032+0j)
3.5163485322931636	12.364707000560285	0.015271908726927916	12.379983616927	0.0	(12.379983616927+0j)
3.64994425236183	13.32209304534916	0.015318159706624849	13.337415837299034	0.0	(13.337415837299034+0j)
3.789583590727793	14.360943791113352	0.01536137006287667	14.376309715407064	0.0	(14.376309715407064+0j)
3.9356006726549024	15.48895265460172	0.01540172508721246	15.504358853748306	0.0	(15.504358853748306+0j)
4.088351837252103	16.714620745162645	0.015439399321697956	16.730064536632078	0.0	(16.730064536632078+0j)
4.24821737321238	18.04735085006349	0.015474557175495658	18.062829716128817	0.0	(18.062829716128817+0j)
4.415603411006232	19.497553483289867	0.015507353505195082	19.51306506143074	0.0	(19.51306506143074+0j)
4.590943987558804	21.07676669690233	0.015537934161134932	21.09230877078207	0.0	(21.09230877078207+0j)
4.774703301284134	22.797791615293608	0.015566436501798384	22.813362106238817	0.0	(22.813362106238817+0j)
4.967378177430783	24.674845957615567	0.0155929898782292	24.69044291657012	0.0	(24.69044291657012+0j)
5.169500766042979	26.723738170118942	0.015617716090291526	26.739359770075897	0.0	(26.739359770075897+0j)
5.38164149749948	28.962065207608447	0.015640729816479803	28.97770973647624	0.0	(28.97770973647624+0j)
5.60441232360277	31.4094374929506	0.015662139018876527	31.4251033468037	0.0	(31.4251033468037+0j)
5.838470275605943	34.087735159134134	0.015682045324754368	34.1034208358589	0.0	(34.1034208358589+0j)
6.084521374442966	37.02140035605332	0.015700544386224407	37.037104449357976	0.0	(37.037104449357976+0j)
6.343324932840438	40.237771203595145	0.01571772621924414	40.253492397372234	0.0	(40.253492397372234+0j)
6.6156982940154645	43.76746391743913	0.01573367552321633	43.78320098039781	0.0	(43.78320098039781+0j)
6.902522057400854	47.64481075290532	0.015748471982332892	47.66056253353834	0.0	(47.66056253353834+0j)
7.204745848394378	51.908362739956026	0.015762190549745984	51.924128161674766	0.0	(51.924128161674766+0j)
7.523394696634503	56.60146776134816	0.015774901715581408	56.617245817700045	0.0	(56.617245817700045+0j)
7.8595760959111685	61.77293640741824	0.01578667175974636	61.788726157254004	0.0	(61.788726157254004+0j)
8.214487828707165	67.47781028797816	0.015797562990425142	67.49361085039264	0.0	(67.49361085039264+0j)
8.589426649741787	73.77825017129442	0.015807633969101245	73.79406072031286	0.0	(73.79406072031286+0j)
8.98579793600448	80.74456454670239	0.015816939722892994	80.76038430590883	0.0	(80.76038430590883+0j)
9.405126425913659	88.45640308741945	0.015825531944941802	88.47223132496178	0.0	(88.47223132496178+0j)
9.849068187765841	97.0041441672611	0.015833459183547137	97.01998019195493	0.0	(97.01998019195493+0j)
10.319423977963961	106.49051123697754	0.015840767020700083	106.5063543961509	0.0	(106.5063543961509+0j)
10.818154173127459	117.03245971355506	0.015847498240628113	117.04830939310463	0.0	(117.04830939310463+0j)
11.347395487676598	128.76338435374322	0.015853692988926523	128.77923998025528	0.0	(128.77923998025528+0j)
11.909479720557647	141.83570721437383	0.01585938892281763	141.8515682586126	0.0	(141.8515682586126+0j)
12.506954812276623	156.42391867632938	0.015864621353046168	156.43978465685117	0.0	(156.43978465685117+0j)
13.142608537358175	172.72815916623998	0.015869423377889123	172.74402965172348	0.0	(172.74402965172348+0j)
13.81949520896811	190.97844783069255	0.01587382600972964	190.9943224396895	0.0	(190.9943224396895+0j)
14.540965833221001	211.43968736290054	0.01587785829461798	211.45556576023668	0.0	(211.45556576023668+0j)
15.310702222436372	234.41760254411807	0.015881547425217385	234.43348443398625	0.0	(234.43348443398625+0j)
16.132755661503882	260.26580523378556	0.015884918847509324	260.2816903505636	0.0	(260.2816903505636+0j)
17.011590822240496	289.3942223033371	0.015887996361610424	289.4101104020512	0.0	(289.4101104020512+0j)
17.95213574044925	322.27917764351537	0.015890802217032724	322.29506849214334	0.0	(322.29506849214334+0j)
18.959838813335132	359.4754878276494	0.01589335720269951	359.49138120286864	0.0	(359.49138120286864+0j)
20.040733945957346	401.6310170926471	0.015895680732010663	401.64691277919866	0.0	(401.64691277919866+0j)
21.201515180617427	449.5042459539512	0.0158977909232344	449.52014374638543	0.0	(449.52014374638543+0j)
22.449622390102537	503.98554545819314	0.015899704675486133	504.0014451631709	0.0	(504.0014451631709+0j)
23.79333991397463	566.1230242619383	0.015901437740540047	566.138925699723	0.0	(566.138925699723+0j)
25.241910378451255	637.1540395537652	0.015903004790704858	637.1699425585605	0.0	(637.1699425585605+0j)
26.805666379689328	718.5437500592068	0.01590441948298175	718.5596544786886	0.0	(718.5596544786886+0j)
28.496183246158765	812.0324595986594	0.015905694519710026	812.0483652931796	0.0	(812.0483652931796+0j)
30.32645675191463	919.6939791257485	0.01590684170589408	919.7098859674521	0.0	(919.7098859674521+0j)
32.3111104589992	1044.0078590936475	0.015907872003394344	1044.0237669656467	0.0	(1044.0237669656467+0j)
34.466638362271254	1187.9491599955884	0.01590879558215426	1187.9650687911685	0.0	(1187.9650687911685+0j)
36.81168974285722	1355.1005017243795	0.015909621868625556	1355.1164113462444	0.0	(1355.1164113462444+0j)
39.367404670512954	1549.792550491925	0.015910359591544864	1549.8084608515135	0.0	(1549.8084608515135+0j)
42.157810512571146	1777.2809872138541	0.015911016825205942	1777.296898230677	0.0	(1777.296898230677+0j)
45.2102922146935	2043.9705221379759	0.01591160103036364	2043.9864337390027	0.0	(2043.9864337390027+0j)
48.55615215628762	2357.6999122245547	0.01591211909289787	2357.715824343652	0.0	(2357.715824343652+0j)
52.23127923541829	2728.106530568238	0.01591257736035875	2728.1224431455803	0.0	(2728.1224431455803+0j)
56.276951748412806	3167.0952980931834	0.01591298167650703	3167.1112110748627	0.0	(3167.1112110748627+0j)
60.740804923448316	3689.445382748403	0.015913337413957587	3689.4612960858085	0.0	(3689.4612960858085+0j)
65.678002081681	4313.599957441294	0.01591364950502756	4313.615871090799	0.0	(4313.615871090799+0j)
71.15265892357522	5062.700871894628	0.01591392247088505	5062.716785817102	0.0	(5062.716785817102+0j)
77.23958417424923	5965.953363410932	0.01591416044908875	5965.9692775714	0.0	(5965.9692775714+0j)
84.02641786968496	7060.438900010912	0.015914367219603844	7060.45481437811	0.0	(7060.45481437811+0j)
91.6162724451523	8393.541376744373	0.015914546229374663	8393.557291290634	0.0	(8393.557291290634+0j)
100.13101361547054	10026.219887661546	0.015914700615529933	10026.235802362158	0.0	(10026.235802362158+0j)
109.71536078960258	12037.460393192665	0.015914833227292303	12037.476308025925	0.0	(12037.476308025925+0j)
120.54204466100386	14530.384531055448	0.015914946646659503	14530.400446002071	0.0	(14530.400446002071+0j)
132.81833870704781	17640.711096900075	0.015915043207920948	17640.727011943298	0.0	(17640.727011943298+0j)
146.79439036751677	21548.5930433709	0.01591512501606963	21548.608958495915	0.0	(21548.608958495915+0j)
162.77392945908693	26495.35211155181	0.01591519396416596	26495.36802674577	0.0	(26495.36802674577+0j)
181.12814487571467	32807.40486611788	0.015915251749706788	32807.420781369634	0.0	(32807.420781369634+0j)
202.31382423176245	40930.883475280476	0.01591529989004978	40930.899390580365	0.0	(40930.899390580365+0j)
226.8972879628321	51482.37928488836	0.015915339736940447	51482.3952002281	0.0	(51482.3952002281+0j)
255.58628593832233	65324.34955974587	0.015915372490186232	65324.36547511836	0.0	(65324.36547511836+0j)
289.2729647092139	83678.84811165811	0.01591539921051963	83678.86402705732	0.0	(83678.86402705732+0j)
329.0924221029929	108301.82228561444	0.015915420831689463	108301.83820103528	0.0	(108301.83820103528+0j)
376.5035096990875	141754.89281573085	0.01591543817181751	141754.90873116904	0.0	(141754.90873116904+0j)
433.40186208964224	187837.17406276928	0.015915451944054974	187837.18997822123	0.0	(187837.18997822123+0j)
502.28036320721014	252285.56326356693	0.015915462766571513	252285.5791790297	0.0	(252285.5791790297+0j)
586.4606733385415	343936.1213726955	0.015915471171907173	343936.1372881667	0.0	(343936.1372881667+0j)
690.4332693822103	476698.0994698077	0.015915477615715903	476698.1153852853	0.0	(476698.1153852853+0j)
820.3667320751865	673001.5750957208	0.015915482484927232	673001.5910112034	0.0	(673001.5910112034+0j)
984.887256804191	970002.9086152845	0.01591548610535109	970002.9245307706	0.0	(970002.9245307706+0j)
1196.3009944823236	1431136.0693993964	0.015915488748748898	1431136.0853148852	0.0	(1431136.0853148852+0j)
1472.5635616933432	2168443.4432269847	0.015915490639392574	2168443.4591424754	0.0	(2168443.4591424754+0j)
1840.5523873295315	3387633.0905044377	0.015915491960131378	3387633.10641993	0.0	(3387633.10641993+0j)
2341.69741959656	5483546.804945188	0.015915492857985155	5483546.82086068	0.0	(5483546.82086068+0j)
3042.068227295077	9254179.099518213	0.015915493449281046	9254179.115433706	0.0	(9254179.115433706+0j)
4051.312381594628	16413132.013261935	0.01591549382434928	16413132.02917743	0.0	(16413132.02917743+0j)
5560.235461968326	30916218.392530117	0.015915494051792364	30916218.40844561	0.0	(30916218.40844561+0j)
7920.489136472687	62734148.16098186	0.015915494182340804	62734148.17689735	0.0	(62734148.17689735+0j)
11827.838413937889	139897761.54622474	0.015915494252306945	139897761.56214023	0.0	(139897761.56214023+0j)
18788.82371050371	353019896.42438644	0.01591549428664761	353019896.44030195	0.0	(353019896.44030195+0j)
32476.81879197138	1054743758.8465452	0.015915494301644816	1054743758.8624607	0.0	(1054743758.8624607+0j)
63446.8398829024	4025501491.1266546	0.015915494307212702	4025501491.14257	0.0	(4025501491.14257+0j)
150421.18686009367	22626533456.399216	0.015915494308837836	22626533456.41513	0.0	(22626533456.41513+0j)
507740.6449570468	257800562541.39783	0.01591549430915867	257800562541.41376	0.0	(257800562541.41376+0j)
4062257.047599779	16501932320774.072	0.01591549430918905	16501932320774.088	0.0	(16501932320774.088+0j)
