-1.0	-1.0	-0.0058569038037506235	-1.0058963918028607	0.0	(-1.0058963918028607+0j)
-0.990025	-0.9801495006250001	-0.005846589862753557	-0.9860235820456783	0.0	(-0.9860235820456783+0j)
-0.9801	-0.96059601	-0.005836013643586958	-0.9664533427331785	0.0	(-0.9664533427331785+0j)
-0.970225	-0.941336550625	-0.005825167136765748	-0.9471789346829514	0.0	(-0.9471789346829514+0j)
-0.9603999999999999	-0.9223681599999999	-0.00581404205390019	-0.9281964029209586	0.0	(-0.9281964029209586+0j)
-0.9506249999999999	-0.9036878906249999	-0.005802629818133942	-0.9095023863378072	0.0	(-0.9095023863378072+0j)
-0.9409	-0.8852928099999999	-0.005790921554494784	-0.8910937356449861	0.0	(-0.8910937356449861+0j)
-0.931225	-0.8671800006249999	-0.005778908080207347	-0.8729674017725946	0.0	(-0.8729674017725946+0j)
-0.9216	-0.84934656	-0.005766579895025701	-0.85512039346314	0.0	(-0.85512039346314+0j)
-0.9120250000000001	-0.8317896006250002	-0.005753927171653025	-0.8375497582850221	0.0	(-0.8375497582850221+0j)
-0.9025000000000001	-0.8145062500000001	-0.005740939746325548	-0.8202525731151493	0.0	(-0.8202525731151493+0j)
-0.8930250000000001	-0.7974936506250001	-0.00572760710964868	-0.8032259389563787	0.0	(-0.8032259389563787+0j)
-0.8836000000000002	-0.7807489600000003	-0.0057139183977845025	-0.7864669779292432	0.0	(-0.7864669779292432+0j)
-0.8742250000000001	-0.7642693506250002	-0.005699862384101618	-0.7699728314327029	0.0	(-0.7699728314327029+0j)
-0.8649000000000001	-0.7480520100000002	-0.005685427471410563	-0.7537406589679989	0.0	(-0.7537406589679989+0j)
-0.8556250000000001	-0.7320941406250001	-0.0056706016849204935	-0.7377676373549007	0.0	(-0.7377676373549007+0j)
-0.8464	-0.7163929600000001	-0.005655372666065508	-0.7220509601882433	0.0	(-0.7220509601882433+0j)
-0.8372250000000001	-0.7009457006250002	-0.005639727667361507	-0.706587837445945	0.0	(-0.706587837445945+0j)
-0.8281000000000001	-0.6857496100000001	-0.005623653548466912	-0.6913754951951849	0.0	(-0.6913754951951849+0j)
-0.819025	-0.670801950625	-0.005607136773632327	-0.6764111753640915	0.0	(-0.6764111753640915+0j)
-0.81	-0.6561000000000001	-0.00559016341073546	-0.6616921355586717	0.0	(-0.6616921355586717+0j)
-0.801025	-0.641641050625	-0.005572719132107712	-0.6472156489122869	0.0	(-0.6472156489122869+0j)
-0.7921	-0.6274224100000001	-0.005554789217367767	-0.632979003959804	0.0	(-0.632979003959804+0j)
-0.7832250000000001	-0.6134414006250001	-0.005536358558484827	-0.6189795045313725	0.0	(-0.6189795045313725+0j)
-0.7744	-0.59969536	-0.005517411667299622	-0.6052144696627314	0.0	(-0.6052144696627314+0j)
-0.765625	-0.586181640625	-0.005497932685734632	-0.5916812335201215	0.0	(-0.5916812335201215+0j)
-0.7569	-0.5728976100000001	-0.005477905398925811	-0.5783771453384172	0.0	(-0.5783771453384172+0j)
-0.748225	-0.559840650625	-0.005457313251506255	-0.5652995693716539	0.0	(-0.5652995693716539+0j)
-0.7395999999999999	-0.5470081599999999	-0.005436139367267327	-0.5524458848552574	0.0	(-0.5524458848552574+0j)
-0.7310249999999999	-0.5343975506249999	-0.005414366572414664	-0.5398134859794114	0.0	(-0.5398134859794114+0j)
-0.7224999999999999	-0.5220062499999999	-0.00539197742262485	-0.5273997818730928	0.0	(-0.5273997818730928+0j)
-0.7140249999999999	-0.5098317006249998	-0.005368954234093352	-0.5152021965982472	0.0	(-0.5152021965982472+0j)
-0.7055999999999999	-0.4978713599999999	-0.005345279118745299	-0.5032181691536944	0.0	(-0.5032181691536944+0j)
-0.697225	-0.48612270062499996	-0.005320934023757849	-0.4914451534881866	0.0	(-0.4914451534881866+0j)
-0.6889000000000001	-0.4745832100000001	-0.005295900775516242	-0.47988061852230873	0.0	(-0.47988061852230873+0j)
-0.6806250000000001	-0.4632503906250002	-0.005270161128095092	-0.4685220481785639	0.0	(-0.4685220481785639+0j)
-0.6724000000000001	-0.45212176000000015	-0.0052436968163223135	-0.4573669414193403	0.0	(-0.4573669414193403+0j)
-0.6642250000000001	-0.4411948506250001	-0.005216489613445331	-0.4464128122922199	0.0	(-0.4464128122922199+0j)
-0.6561000000000001	-0.43046721000000016	-0.005188521393378218	-0.43565718998220426	0.0	(-0.43565718998220426+0j)
-0.6480250000000001	-0.4199364006250001	-0.00515977419746447	-0.4250976188704223	0.0	(-0.4250976188704223+0j)
-0.6400000000000001	-0.4096000000000002	-0.005130230305643589	-0.41473165859886296	0.0	(-0.41473165859886296+0j)
-0.6320250000000001	-0.3994556006250001	-0.005099872311860961	-0.40455688414069907	0.0	(-0.40455688414069907+0j)
-0.6241000000000001	-0.38950081000000014	-0.00506868320351033	-0.3945708858757449	0.0	(-0.3945708858757449+0j)
-0.616225	-0.379733250625	-0.005036646444646821	-0.3847712696705631	0.0	(-0.3847712696705631+0j)
-0.6084	-0.3701505600000001	-0.00500374606265678	-0.3751556569627701	0.0	(-0.3751556569627701+0j)
-0.6006250000000001	-0.3607503906250001	-0.004969966738019234	-0.36572168484901063	0.0	(-0.36572168484901063+0j)
-0.5929	-0.35153040999999996	-0.004935293896743235	-0.3564670061760687	0.0	(-0.3564670061760687+0j)
-0.585225	-0.342488300625	-0.0048997138050164155	-0.34738928963455423	0.0	(-0.34738928963455423+0j)
-0.5776	-0.33362176	-0.004863213665553551	-0.3384862198546193	0.0	(-0.3384862198546193+0j)
-0.570025	-0.324928500625	-0.004825781715090389	-0.3297554975030222	0.0	(-0.3297554975030222+0j)
-0.5625	-0.31640625	-0.004787407322428249	-0.32119483938095394	0.0	(-0.32119483938095394+0j)
-0.555025	-0.308052750625	-0.0047480810863995615	-0.3128019785219358	0.0	(-0.3128019785219358+0j)
-0.5476	-0.29986576	-0.004707794933094159	-0.30457466428910124	0.0	(-0.30457466428910124+0j)
-0.540225	-0.29184305062499993	-0.004666542211661454	-0.2965106624711551	0.0	(-0.2965106624711551+0j)
-0.5328999999999999	-0.2839824099999999	-0.004624317787985027	-0.2886077553762993	0.0	(-0.2886077553762993+0j)
-0.525625	-0.276281640625	-0.004581118135514074	-0.28086374192335695	0.0	(-0.28086374192335695+0j)
-0.5184	-0.26873855999999996	-0.0045369414225310285	-0.27327643772943344	0.0	(-0.27327643772943344+0j)
-0.5112249999999999	-0.26135100062499994	-0.004491787595136655	-0.26584367519331564	0.0	(-0.26584367519331564+0j)
-0.5041	-0.25411680999999997	-0.004445658455243232	-0.25856330357391283	0.0	(-0.25856330357391283+0j)
-0.49702499999999994	-0.24703385062499994	-0.004398557732883187	-0.25143318906307655	0.0	(-0.25143318906307655+0j)
-0.4900000000000001	-0.2401000000000001	-0.004350491152164595	-0.2444512148520639	0.0	(-0.2444512148520639+0j)
-0.4830250000000001	-0.23331315062500008	-0.004301466490236267	-0.23761528119104278	0.0	(-0.23761528119104278+0j)
-0.4761000000000001	-0.22667121000000007	-0.0042514936286635	-0.23092330544101694	0.0	(-0.23092330544101694+0j)
-0.46922500000000006	-0.22017210062500006	-0.004200584596660435	-0.22437322211760227	0.0	(-0.22437322211760227+0j)
-0.4624000000000001	-0.21381376000000007	-0.004148753605676233	-0.21796298292616717	0.0	(-0.21796298292616717+0j)
-0.45562500000000006	-0.20759414062500006	-0.004096017074889161	-0.21169055678785717	0.0	(-0.21169055678785717+0j)
-0.4489000000000001	-0.20151121000000008	-0.004042393647224728	-0.20555392985611606	0.0	(-0.20555392985611606+0j)
-0.44222500000000003	-0.19556295062500004	-0.003987904195580509	-0.19955110552341127	0.0	(-0.19955110552341127+0j)
-0.43560000000000004	-0.18974736000000003	-0.003932571819010609	-0.19368010441784508	0.0	(-0.19368010441784508+0j)
-0.42902500000000005	-0.18406245062500004	-0.0038764218286959115	-0.1879389643895435	0.0	(-0.1879389643895435+0j)
-0.42250000000000004	-0.17850625000000003	-0.0038194817236017393	-0.1823257404866581	0.0	(-0.1823257404866581+0j)
-0.41602500000000003	-0.17307680062500003	-0.0037617811558013255	-0.17683850492100034	0.0	(-0.17683850492100034+0j)
-0.4096	-0.16777216	-0.0037033518855207987	-0.17147534702333625	0.0	(-0.17147534702333625+0j)
-0.403225	-0.162590400625	-0.003644227726038389	-0.16623437318848316	0.0	(-0.16623437318848316+0j)
-0.39690000000000003	-0.15752961000000001	-0.0035844444786463725	-0.16111370681042517	0.0	(-0.16111370681042517+0j)
-0.390625	-0.152587890625	-0.0035240398579581915	-0.15611148820774562	0.0	(-0.15611148820774562+0j)
-0.3844	-0.14776336	-0.003463053407914352	-0.1512258745397107	0.0	(-0.1512258745397107+0j)
-0.378225	-0.143054150625	-0.0034015264089083987	-0.14645503971348914	0.0	(-0.14645503971348914+0j)
-0.3721	-0.13845840999999998	-0.003339501776517993	-0.14179717428296607	0.0	(-0.14179717428296607+0j)
-0.366025	-0.133974300625	-0.0032770239523849244	-0.13725048533972814	0.0	(-0.13725048533972814+0j)
-0.36	-0.1296	-0.0032141387878416765	-0.13281319639686606	0.0	(-0.13281319639686606+0j)
-0.354025	-0.125333700625	-0.0031508934209300656	-0.12848354726619304	0.0	(-0.12848354726619304+0j)
-0.34809999999999997	-0.12117360999999997	-0.0030873361474993916	-0.1242597939296473	0.0	(-0.1242597939296473+0j)
-0.34222499999999995	-0.11711795062499997	-0.0030235162871070243	-0.120140208405558	0.0	(-0.120140208405558+0j)
-0.3364	-0.11316495999999998	-0.002959484044473216	-0.11612307861054584	0.0	(-0.11612307861054584+0j)
-0.33062500000000006	-0.10931289062500003	-0.0028952903672640916	-0.11220670821779666	0.0	(-0.11220670821779666+0j)
-0.3249000000000001	-0.10556001000000005	-0.002830986800992052	-0.10838941651247315	0.0	(-0.10838941651247315+0j)
-0.3192250000000001	-0.10190460062500006	-0.002766625341831417	-0.10466953824499768	0.0	(-0.10466953824499768+0j)
-0.31360000000000005	-0.09834496000000002	-0.0027022582881489777	-0.10104542348293097	0.0	(-0.10104542348293097+0j)
-0.30802500000000005	-0.09487940062500003	-0.0026379380915444737	-0.09751543746214997	0.0	(-0.09751543746214997+0j)
-0.30250000000000005	-0.09150625000000003	-0.0025737172081851316	-0.09407796043797496	0.0	(-0.09407796043797496+0j)
-0.29702500000000004	-0.08822385062500002	-0.0025096479512014807	-0.09073138753689859	0.0	(-0.09073138753689859+0j)
-0.2916	-0.08503056000000002	-0.002445782344889169	-0.08747412860949219	0.0	(-0.08747412860949219+0j)
-0.286225	-0.081924750625	-0.0023821719814337843	-0.08430460808508217	0.0	(-0.08430460808508217+0j)
-0.28090000000000004	-0.07890481000000002	-0.0023188678808431515	-0.08122126482870995	0.0	(-0.08122126482870995+0j)
-0.275625	-0.075969140625	-0.0022559203547347882	-0.07822255200091392	0.0	(-0.07822255200091392+0j)
-0.27040000000000003	-0.07311616000000001	-0.002193378874585566	-0.07530693692083154	0.0	(-0.07530693692083154+0j)
-0.265225	-0.070344300625	-0.002131291945006692	-0.0724729009331321	0.0	(-0.0724729009331321+0j)
-0.2601	-0.06765201	-0.0020697069825604776	-0.06971893927929054	0.0	(-0.06971893927929054+0j)
-0.255025	-0.065037750625	-0.002008670200586403	-0.06704356097373404	0.0	(-0.06704356097373404+0j)
-0.25	-0.0625	-0.001948226500453391	-0.06444528868540403	0.0	(-0.06444528868540403+0j)
-0.245025	-0.060037250625	-0.001888419369603377	-0.061922658625314105	0.0	(-0.061922658625314105+0j)
-0.24009999999999998	-0.05764800999999999	-0.0018292907866987711	-0.05947422044069291	0.0	(-0.05947422044069291+0j)
-0.235225	-0.055330800624999996	-0.001770881134133739	-0.057098537116324136	0.0	(-0.057098537116324136+0j)
-0.2304	-0.05308416	-0.00171322911811677	-0.0547941848836942	0.0	(-0.0547941848836942+0j)
-0.22562500000000002	-0.050906640625000006	-0.0016563716964803372	-0.05255975313854755	0.0	(-0.05255975313854755+0j)
-0.22090000000000004	-0.04879681000000002	-0.0016003440143228043	-0.05039384436741606	0.0	(-0.05039384436741606+0j)
-0.21622500000000003	-0.04675325062500001	-0.0015451793475386218	-0.048295074083627765	0.0	(-0.048295074083627765+0j)
-0.2116	-0.044774560000000005	-0.0014909090542455337	-0.046262070773222926	0.0	(-0.046262070773222926+0j)
-0.20702500000000001	-0.04285935062500001	-0.0014375625340722967	-0.0442934758510959	0.0	(-0.0442934758510959+0j)
-0.2025	-0.04100625000000001	-0.0013851671952275916	-0.04238794362756225	0.0	(-0.04238794362756225+0j)
-0.198025	-0.039213900625000006	-0.0013337484292305522	-0.04054414128539816	0.0	(-0.04054414128539816+0j)
-0.1936	-0.03748096	-0.0012833295931458403	-0.03876074886726256	0.0	(-0.03876074886726256+0j)
-0.189225	-0.035806100625000004	-0.0012339319991317224	-0.03703645927325072	0.0	(-0.03703645927325072+0j)
-0.18489999999999998	-0.03418800999999999	-0.0011855749110779423	-0.0353699782681906	0.0	(-0.0353699782681906+0j)
-0.18062499999999998	-0.03262539062499999	-0.0011382755480819611	-0.033760024498162906	0.0	(-0.033760024498162906+0j)
-0.17639999999999997	-0.031116959999999992	-0.001092049094486687	-0.03220532951561694	0.0	(-0.03220532951561694+0j)
-0.17222500000000002	-0.029661450625000006	-0.0010469087161808222	-0.03070463781237896	0.0	(-0.03070463781237896+0j)
-0.16810000000000003	-0.02825761000000001	-0.0010028655828439696	-0.029256706859792172	0.0	(-0.029256706859792172+0j)
-0.16402500000000003	-0.02690420062500001	-0.0009599288958027207	-0.02786030715520866	0.0	(-0.02786030715520866+0j)
-0.16000000000000003	-0.02560000000000001	-0.0009181059211511317	-0.026514222274056833	0.0	(-0.026514222274056833+0j)
-0.15602500000000002	-0.02434380062500001	-0.0008774020277790701	-0.025217248926734236	0.0	(-0.025217248926734236+0j)
-0.1521	-0.023134410000000005	-0.000837820729944757	-0.023968197019614588	0.0	(-0.023968197019614588+0j)
-0.148225	-0.021970650624999997	-0.000799363734023513	-0.02276588971951411	0.0	(-0.02276588971951411+0j)
-0.1444	-0.02085136	-0.0007620309890627036	-0.02160916352100873	0.0	(-0.02160916352100873+0j)
-0.140625	-0.019775390625	-0.0007258207407735799	-0.020496868316054025	0.0	(-0.020496868316054025+0j)
-0.1369	-0.01874161	-0.0006907295885933036	-0.019427867465388868	0.0	(-0.019427867465388868+0j)
-0.13322499999999998	-0.017748900624999994	-0.0006567525454553337	-0.018401037871253256	0.0	(-0.018401037871253256+0j)
-0.1296	-0.016796159999999997	-0.0006238830999131806	-0.0174152700509563	0.0	(-0.0174152700509563+0j)
-0.126025	-0.015882300624999998	-0.0005921132802706071	-0.016469468210855164	0.0	(-0.016469468210855164+0j)
-0.12250000000000003	-0.015006250000000006	-0.0005614337203817821	-0.015562550320305112	0.0	(-0.015562550320305112+0j)
-0.11902500000000002	-0.014166950625000004	-0.0005318337267957579	-0.014693448185144288	0.0	(-0.014693448185144288+0j)
-0.11560000000000002	-0.013363360000000005	-0.0005033013469324041	-0.013861107520283484	0.0	(-0.013861107520283484+0j)
-0.11222500000000002	-0.012594450625000005	-0.00047582343799035254	-0.013064488020974338	0.0	(-0.013064488020974338+0j)
-0.10890000000000001	-0.011859210000000002	-0.0004493857363017939	-0.012302563432352715	0.0	(-0.012302563432352715+0j)
-0.10562500000000001	-0.011156640625000002	-0.00042397292686414956	-0.011574321616876954	0.0	(-0.011574321616876954+0j)
-0.1024	-0.01048576	-0.000399568712794042	-0.010878764619323822	0.0	(-0.010878764619323822+0j)
-0.09922500000000001	-0.009845600625000001	-0.00037615588446509446	-0.01021490872905452	0.0	(-0.01021490872905452+0j)
-0.0961	-0.00923521	-0.00035371638810730716	-0.009581784539327915	0.0	(-0.009581784539327915+0j)
-0.093025	-0.008653650624999999	-0.00033223139366202886	-0.008978437003505228	0.0	(-0.008978437003505228+0j)
-0.09	-0.0081	-0.00031168136170295346	-0.00840392548807005	0.0	(-0.00840392548807005+0j)
-0.08702499999999999	-0.007573350624999998	-0.00029204610925005065	-0.007857323822460118	0.0	(-0.007857323822460118+0j)
-0.0841	-0.007072809999999999	-0.00027330487431909134	-0.00733772034578446	0.0	(-0.00733772034578446+0j)
-0.08122500000000002	-0.006597500625000003	-0.0002554363790655545	-0.006844217950568797	0.0	(-0.006844217950568797+0j)
-0.07840000000000001	-0.006146560000000001	-0.0002384188913971269	-0.00637593412372977	0.0	(-0.00637593412372977+0j)
-0.07562500000000001	-0.005719140625000002	-0.00022223028494380848	-0.00593200098503186	0.0	(-0.00593200098503186+0j)
-0.0729	-0.005314410000000001	-0.00020684809728972742	-0.00551156532331461	0.0	(-0.00551156532331461+0j)
-0.07022500000000001	-0.004931550625000001	-0.0001922495863840301	-0.005113788630804303	0.0	(-0.005113788630804303+0j)
-0.06760000000000001	-0.004569760000000001	-0.0001784117850625322	-0.004737847135835584	0.0	(-0.004737847135835584+0j)
-0.065025	-0.004228250625	-0.00016531155362396743	-0.004382931834307631	0.0	(-0.004382931834307631+0j)
-0.0625	-0.00390625	-0.00015292563041720275	-0.004048248520191572	0.0	(-0.004048248520191572+0j)
-0.060024999999999995	-0.0036030006249999995	-0.00014123068040716724	-0.003733017815389658	0.0	(-0.003733017815389658+0j)
-0.0576	-0.00331776	-0.00013020334169844272	-0.003436475199226784	0.0	(-0.003436475199226784+0j)
-0.05522500000000001	-0.003049800625000001	-0.00011982027000467799	-0.0031578710378382087	0.0	(-0.0031578710378382087+0j)
-0.0529	-0.0027984100000000003	-0.00011005818106299414	-0.002896470613706044	0.0	(-0.002896470613706044+0j)
-0.050625	-0.0025628906250000005	-0.00010089389099984802	-0.0026515541555999726	0.0	(-0.0026515541555999726+0j)
-0.0484	-0.00234256	-9.230435466356379e-05	-0.0024224168692033783	0.0	(-0.0024224168692033783+0j)
-0.046224999999999995	-0.0021367506249999994	-8.426670194622288e-05	-0.0022083689687669443	0.0	(-0.0022083689687669443+0j)
-0.04409999999999999	-0.0019448099999999995	-7.675827212455522e-05	-0.002008735710244447	0.0	(-0.002008735710244447+0j)
-0.04202500000000001	-0.0017661006250000006	-6.975664625447076e-05	-0.0018228574265519283	0.0	(-0.0018228574265519283+0j)
-0.04000000000000001	-0.0016000000000000007	-6.323967766103111e-05	-0.001650089565888278	0.0	(-0.001650089565888278+0j)
-0.038025	-0.0014459006250000003	-5.7185520568991954e-05	-0.0014898027345059675	0.0	(-0.0014898027345059675+0j)
-0.0361	-0.00130321	-5.157265692468105e-05	-0.0013413827459970264	0.0	(-0.0013413827459970264+0j)
-0.034225	-0.001171350625	-4.6379921462058604e-05	-0.001204230680150107	0.0	(-0.001204230680150107+0j)
-0.0324	-0.0010497599999999998	-4.158652507146865e-05	-0.0010777629558722766	0.0	(-0.0010777629558722766+0j)
-0.030625000000000006	-0.0009378906250000004	-3.717207652931265e-05	-0.0009614114246971596	0.0	(-0.0009614114246971596+0j)
-0.028900000000000006	-0.0008352100000000003	-3.311660265148397e-05	-0.0008546234941909233	0.0	(-0.0008546234941909233+0j)
-0.027225000000000003	-0.0007412006250000001	-2.9400566934456585e-05	-0.0007568622941912835	0.0	(-0.0007568622941912835+0j)
-0.0256	-0.00065536	-2.6004886748642875e-05	-0.0006676069030827477	0.0	(-0.0006676069030827477+0j)
-0.024025	-0.000577200625	-2.2910949150301008e-05	-0.0005863526552860882	0.0	(-0.0005863526552860882+0j)
-0.0225	-0.00050625	-2.010062537860513e-05	-0.0005126115522192236	0.0	(-0.0005126115522192236+0j)
-0.021025	-0.0004420506249999999	-1.7556284105380016e-05	-0.0004459127912780063	0.0	(-0.0004459127912780063+0j)
-0.019600000000000003	-0.0003841600000000001	-1.5260803503114317e-05	-0.00038580339949825505	0.0	(-0.00038580339949825505+0j)
-0.018225	-0.0003321506250000001	-1.3197582198865021e-05	-0.00033184889244178593	0.0	(-0.00033184889244178593+0j)
-0.016900000000000002	-0.00028561000000000005	-1.1350549179889313e-05	-0.0002836337551925771	0.0	(-0.0002836337551925771+0j)
-0.015625	-0.000244140625	-9.704172714730674e-06	-0.00024076136426237976	0.0	(-0.00024076136426237976+0j)
-0.0144	-0.00020736	-8.243468355484396e-06	-0.0002028528140123127	0.0	(-0.0002028528140123127+0j)
-0.013225	-0.00017490062500000002	-6.954006081638653e-06	-0.00016954418152629477	0.0	(-0.00016954418152629477+0j)
-0.0121	-0.00014641	-5.821916651438386e-06	-0.00014048231608592072	0.0	(-0.00014048231608592072+0j)
-0.011024999999999998	-0.00012155062499999997	-4.833897211398153e-06	-0.00011532025302984225	0.0	(-0.00011532025302984225+0j)
-0.010000000000000002	-0.00010000000000000005	-3.97721623102143e-06	-9.371417041832074e-05	0.0	(-9.371417041832074e-05+0j)
-0.009025	-8.1450625e-05	-3.2397178149068395e-06	-7.53234876275246e-05	0.0	(-7.53234876275246e-05+0j)
-0.0081	-6.560999999999999e-05	-2.6098254437556534e-06	-5.981416633665213e-05	0.0	(-5.981416633665213e-05+0j)
-0.007225000000000001	-5.220062500000002e-05	-2.0765451971271887e-06	-4.6863706661301525e-05	0.0	(-4.6863706661301525e-05+0j)
-0.0064	-4.096e-05	-1.6294685085682659e-06	-3.6165922513887075e-05	0.0	(-3.6165922513887075e-05+0j)
-0.005625	-3.1640625e-05	-1.258774510404237e-06	-2.743429058484597e-05	0.0	(-2.743429058484597e-05+0j)
-0.004900000000000001	-2.4010000000000006e-05	-9.55231982402438e-07	-2.0403637587480744e-05	0.0	(-2.0403637587480744e-05+0j)
-0.0042250000000000005	-1.7850625000000003e-05	-7.102009753623406e-07	-1.4830529239389326e-05	0.0	(-1.4830529239389326e-05+0j)
-0.0036	-1.296e-05	-5.156341700285338e-07	-1.0492878122966059e-05	0.0	(-1.0492878122966059e-05+0j)
-0.003025	-9.150625e-06	-3.6407791981218907e-07	-7.189194700849738e-06	0.0	(-7.189194700849738e-06+0j)
-0.0025000000000000005	-6.250000000000003e-06	-2.4867311765319755e-07	-4.737750399934917e-06	0.0	(-4.737750399934917e-06+0j)
-0.002025	-4.100624999999999e-06	-1.6315590301019256e-07	-2.9757925123459777e-06	0.0	(-2.9757925123459777e-06+0j)
-0.0016	-2.56e-06	-1.0185809173890448e-07	-1.7588681063577208e-06	0.0	(-1.7588681063577208e-06+0j)
-0.0012250000000000002	-1.5006250000000003e-06	-5.970758820694755e-08	-9.602687804412391e-07	0.0	(-9.602687804412391e-07+0j)
-0.0009	-8.1e-07	-3.2228740565187763e-08	-4.7058719779630555e-07	0.0	(-4.7058719779630555e-07+0j)
-0.0006250000000000001	-3.906250000000002e-07	-1.5542582332273014e-08	-1.9736849708641716e-07	0.0	(-1.9736849708641716e-07+0j)
-0.0004	-1.6e-07	-6.366462912410498e-09	-6.484003267298218e-08	0.0	(-6.484003267298218e-08+0j)
-0.000225	-5.0625e-08	-2.013621269725263e-09	-1.3712505235645533e-08	0.0	(-1.3712505235645533e-08+0j)
-0.0001	-1e-08	-4.001776687800884e-10	-9.800046427732735e-10	0.0	(-9.800046427732735e-10+0j)
-2.5e-05	-6.25e-10	-0.0	2.5614276324970042e-18	-0.00018393803487106464	(2.5614276324970042e-18-0.00018393803487106464j)
2.5e-05	6.25e-10	0.0	2.5614276324970042e-18	0.00018393803487106464	(2.5614276324970042e-18+0.00018393803487106464j)
0.0001	1e-08	4.001776687800884e-10	9.800046416642823e-10	0.0	(9.800046416642823e-10+0j)
0.000225	5.0625e-08	2.013621269725263e-09	1.37125052442187e-08	0.0	(1.37125052442187e-08+0j)
0.0004	1.6e-07	6.366462912410498e-09	6.484003268452879e-08	0.0	(6.484003268452879e-08+0j)
0.0006250000000000001	3.906250000000002e-07	1.5542582332273014e-08	1.9736849706718147e-07	0.0	(1.9736849706718147e-07+0j)
0.0009	8.1e-07	3.2228740565187763e-08	4.7058719776067754e-07	0.0	(4.7058719776067754e-07+0j)
0.0012250000000000002	1.5006250000000003e-06	5.970758820694755e-08	9.6026878043079e-07	0.0	(9.6026878043079e-07+0j)
0.0016	2.56e-06	1.0185809173890448e-07	1.7588681063629768e-06	0.0	(1.7588681063629768e-06+0j)
0.002025	4.100624999999999e-06	1.6315590301019256e-07	2.9757925123464605e-06	0.0	(2.9757925123464605e-06+0j)
0.0025000000000000005	6.250000000000003e-06	2.4867311765319755e-07	4.73775039992288e-06	0.0	(4.73775039992288e-06+0j)
0.003025	9.150625e-06	3.6407791981218907e-07	7.189194700842903e-06	0.0	(7.189194700842903e-06+0j)
0.0036	1.296e-05	5.156341700285338e-07	1.0492878122950641e-05	0.0	(1.0492878122950641e-05+0j)
0.0042250000000000005	1.7850625000000003e-05	7.102009753623406e-07	1.4830529239401037e-05	0.0	(1.4830529239401037e-05+0j)
0.004900000000000001	2.4010000000000006e-05	9.55231982402438e-07	2.0403637587464698e-05	0.0	(2.0403637587464698e-05+0j)
0.005625	3.1640625e-05	1.258774510404237e-06	2.743429058486108e-05	0.0	(2.743429058486108e-05+0j)
0.0064	4.096e-05	1.6294685085682659e-06	3.616592251390146e-05	0.0	(3.616592251390146e-05+0j)
0.007225000000000001	5.220062500000002e-05	2.0765451971271887e-06	4.686370666130416e-05	0.0	(4.686370666130416e-05+0j)
0.0081	6.560999999999999e-05	2.6098254437556534e-06	5.981416633664577e-05	0.0	(5.981416633664577e-05+0j)
0.009025	8.1450625e-05	3.2397178149068395e-06	7.532348762751997e-05	0.0	(7.532348762751997e-05+0j)
0.010000000000000002	0.00010000000000000005	3.97721623102143e-06	9.371417041830839e-05	0.0	(9.371417041830839e-05+0j)
0.011024999999999998	0.00012155062499999997	4.833897211398153e-06	0.00011532025302984007	0.0	(0.00011532025302984007+0j)
0.0121	0.00014641	5.821916651438386e-06	0.00014048231608592974	0.0	(0.00014048231608592974+0j)
0.013225	0.00017490062500000002	6.954006081638653e-06	0.00016954418152629	0.0	(0.00016954418152629+0j)
0.0144	0.00020736	8.243468355484396e-06	0.0002028528140123156	0.0	(0.0002028528140123156+0j)
0.015625	0.000244140625	9.704172714730674e-06	0.000240761364262362	0.0	(0.000240761364262362+0j)
0.016900000000000002	0.00028561000000000005	1.1350549179889313e-05	0.00028363375519255474	0.0	(0.00028363375519255474+0j)
0.018225	0.0003321506250000001	1.3197582198865021e-05	0.0003318488924417772	0.0	(0.0003318488924417772+0j)
0.019600000000000003	0.0003841600000000001	1.5260803503114317e-05	0.00038580339949822936	0.0	(0.00038580339949822936+0j)
0.021025	0.0004420506249999999	1.7556284105380016e-05	0.00044591279127797584	0.0	(0.00044591279127797584+0j)
0.0225	0.00050625	2.010062537860513e-05	0.0005126115522192025	0.0	(0.0005126115522192025+0j)
0.024025	0.000577200625	2.2910949150301008e-05	0.0005863526552860401	0.0	(0.0005863526552860401+0j)
0.0256	0.00065536	2.6004886748642875e-05	0.0006676069030827237	0.0	(0.0006676069030827237+0j)
0.027225000000000003	0.0007412006250000001	2.9400566934456585e-05	0.0007568622941912295	0.0	(0.0007568622941912295+0j)
0.028900000000000006	0.0008352100000000003	3.311660265148397e-05	0.0008546234941909152	0.0	(0.0008546234941909152+0j)
0.030625000000000006	0.0009378906250000004	3.717207652931265e-05	0.0009614114246971478	0.0	(0.0009614114246971478+0j)
0.0324	0.0010497599999999998	4.158652507146865e-05	0.001077762955872269	0.0	(0.001077762955872269+0j)
0.034225	0.001171350625	4.6379921462058604e-05	0.0012042306801501015	0.0	(0.0012042306801501015+0j)
0.0361	0.00130321	5.157265692468105e-05	0.0013413827459970284	0.0	(0.0013413827459970284+0j)
0.038025	0.0014459006250000003	5.7185520568991954e-05	0.0014898027345059642	0.0	(0.0014898027345059642+0j)
0.04000000000000001	0.0016000000000000007	6.323967766103111e-05	0.0016500895658882883	0.0	(0.0016500895658882883+0j)
0.04202500000000001	0.0017661006250000006	6.975664625447076e-05	0.0018228574265519272	0.0	(0.0018228574265519272+0j)
0.04409999999999999	0.0019448099999999995	7.675827212455522e-05	0.002008735710244443	0.0	(0.002008735710244443+0j)
0.046224999999999995	0.0021367506249999994	8.426670194622288e-05	0.0022083689687669374	0.0	(0.0022083689687669374+0j)
0.0484	0.00234256	9.230435466356379e-05	0.002422416869203374	0.0	(0.002422416869203374+0j)
0.050625	0.0025628906250000005	0.00010089389099984802	0.002651554155599971	0.0	(0.002651554155599971+0j)
0.0529	0.0027984100000000003	0.00011005818106299414	0.0028964706137060174	0.0	(0.0028964706137060174+0j)
0.05522500000000001	0.003049800625000001	0.00011982027000467799	0.003157871037838207	0.0	(0.003157871037838207+0j)
0.0576	0.00331776	0.00013020334169844272	0.003436475199226772	0.0	(0.003436475199226772+0j)
0.060024999999999995	0.0036030006249999995	0.00014123068040716724	0.0037330178153896264	0.0	(0.0037330178153896264+0j)
0.0625	0.00390625	0.00015292563041720275	0.004048248520191552	0.0	(0.004048248520191552+0j)
0.065025	0.004228250625	0.00016531155362396743	0.004382931834307639	0.0	(0.004382931834307639+0j)
0.06760000000000001	0.004569760000000001	0.0001784117850625322	0.004737847135835636	0.0	(0.004737847135835636+0j)
0.07022500000000001	0.004931550625000001	0.0001922495863840301	0.0051137886308042935	0.0	(0.0051137886308042935+0j)
0.0729	0.005314410000000001	0.00020684809728972742	0.00551156532331457	0.0	(0.00551156532331457+0j)
0.07562500000000001	0.005719140625000002	0.00022223028494380848	0.005932000985031855	0.0	(0.005932000985031855+0j)
0.07840000000000001	0.006146560000000001	0.0002384188913971269	0.006375934123729813	0.0	(0.006375934123729813+0j)
0.08122500000000002	0.006597500625000003	0.0002554363790655545	0.006844217950568773	0.0	(0.006844217950568773+0j)
0.0841	0.007072809999999999	0.00027330487431909134	0.007337720345784469	0.0	(0.007337720345784469+0j)
0.08702499999999999	0.007573350624999998	0.00029204610925005065	0.007857323822460094	0.0	(0.007857323822460094+0j)
0.09	0.0081	0.00031168136170295346	0.008403925488070143	0.0	(0.008403925488070143+0j)
0.093025	0.008653650624999999	0.00033223139366202886	0.008978437003505311	0.0	(0.008978437003505311+0j)
0.0961	0.00923521	0.00035371638810730716	0.009581784539327962	0.0	(0.009581784539327962+0j)
0.09922500000000001	0.009845600625000001	0.00037615588446509446	0.010214908729054593	0.0	(0.010214908729054593+0j)
0.1024	0.01048576	0.000399568712794042	0.010878764619323831	0.0	(0.010878764619323831+0j)
0.10562500000000001	0.011156640625000002	0.00042397292686414956	0.01157432161687704	0.0	(0.01157432161687704+0j)
0.10890000000000001	0.011859210000000002	0.0004493857363017939	0.012302563432352762	0.0	(0.012302563432352762+0j)
0.11222500000000002	0.012594450625000005	0.00047582343799035254	0.013064488020974362	0.0	(0.013064488020974362+0j)
0.11560000000000002	0.013363360000000005	0.0005033013469324041	0.01386110752028341	0.0	(0.01386110752028341+0j)
0.11902500000000002	0.014166950625000004	0.0005318337267957579	0.014693448185144323	0.0	(0.014693448185144323+0j)
0.12250000000000003	0.015006250000000006	0.0005614337203817821	0.015562550320305018	0.0	(0.015562550320305018+0j)
0.126025	0.015882300624999998	0.0005921132802706071	0.016469468210855227	0.0	(0.016469468210855227+0j)
0.1296	0.016796159999999997	0.0006238830999131806	0.017415270050956232	0.0	(0.017415270050956232+0j)
0.13322499999999998	0.017748900624999994	0.0006567525454553337	0.018401037871253287	0.0	(0.018401037871253287+0j)
0.1369	0.01874161	0.0006907295885933036	0.019427867465388972	0.0	(0.019427867465388972+0j)
0.140625	0.019775390625	0.0007258207407735799	0.020496868316054073	0.0	(0.020496868316054073+0j)
0.1444	0.02085136	0.0007620309890627036	0.02160916352100875	0.0	(0.02160916352100875+0j)
0.148225	0.021970650624999997	0.000799363734023513	0.022765889719514085	0.0	(0.022765889719514085+0j)
0.1521	0.023134410000000005	0.000837820729944757	0.02396819701961471	0.0	(0.02396819701961471+0j)
0.15602500000000002	0.02434380062500001	0.0008774020277790701	0.0252172489267342	0.0	(0.0252172489267342+0j)
0.16000000000000003	0.02560000000000001	0.0009181059211511317	0.026514222274056868	0.0	(0.026514222274056868+0j)
0.16402500000000003	0.02690420062500001	0.0009599288958027207	0.027860307155208684	0.0	(0.027860307155208684+0j)
0.16810000000000003	0.02825761000000001	0.0010028655828439696	0.029256706859792286	0.0	(0.029256706859792286+0j)
0.17222500000000002	0.029661450625000006	0.0010469087161808222	0.03070463781237898	0.0	(0.03070463781237898+0j)
0.17639999999999997	0.031116959999999992	0.001092049094486687	0.03220532951561679	0.0	(0.03220532951561679+0j)
0.18062499999999998	0.03262539062499999	0.0011382755480819611	0.03376002449816294	0.0	(0.03376002449816294+0j)
0.18489999999999998	0.03418800999999999	0.0011855749110779423	0.035369978268190674	0.0	(0.035369978268190674+0j)
0.189225	0.035806100625000004	0.0012339319991317224	0.03703645927325066	0.0	(0.03703645927325066+0j)
0.1936	0.03748096	0.0012833295931458403	0.038760748867262496	0.0	(0.038760748867262496+0j)
0.198025	0.039213900625000006	0.0013337484292305522	0.040544141285398086	0.0	(0.040544141285398086+0j)
0.2025	0.04100625000000001	0.0013851671952275916	0.04238794362756225	0.0	(0.04238794362756225+0j)
0.20702500000000001	0.04285935062500001	0.0014375625340722967	0.04429347585109607	0.0	(0.04429347585109607+0j)
0.2116	0.044774560000000005	0.0014909090542455337	0.04626207077322274	0.0	(0.04626207077322274+0j)
0.21622500000000003	0.04675325062500001	0.0015451793475386218	0.0482950740836278	0.0	(0.0482950740836278+0j)
0.22090000000000004	0.04879681000000002	0.0016003440143228043	0.05039384436741613	0.0	(0.05039384436741613+0j)
0.22562500000000002	0.050906640625000006	0.0016563716964803372	0.052559753138547764	0.0	(0.052559753138547764+0j)
0.2304	0.05308416	0.00171322911811677	0.05479418488369419	0.0	(0.05479418488369419+0j)
0.235225	0.055330800624999996	0.001770881134133739	0.05709853711632409	0.0	(0.05709853711632409+0j)
0.24009999999999998	0.05764800999999999	0.0018292907866987711	0.05947422044069286	0.0	(0.05947422044069286+0j)
0.245025	0.060037250625	0.001888419369603377	0.06192265862531393	0.0	(0.06192265862531393+0j)
0.25	0.0625	0.001948226500453391	0.06444528868540444	0.0	(0.06444528868540444+0j)
0.255025	0.065037750625	0.002008670200586403	0.06704356097373479	0.0	(0.06704356097373479+0j)
0.2601	0.06765201	0.0020697069825604776	0.06971893927929071	0.0	(0.06971893927929071+0j)
0.265225	0.070344300625	0.002131291945006692	0.07247290093313193	0.0	(0.07247290093313193+0j)
0.27040000000000003	0.07311616000000001	0.002193378874585566	0.0753069369208317	0.0	(0.0753069369208317+0j)
0.275625	0.075969140625	0.0022559203547347882	0.07822255200091395	0.0	(0.07822255200091395+0j)
0.28090000000000004	0.07890481000000002	0.0023188678808431515	0.08122126482871035	0.0	(0.08122126482871035+0j)
0.286225	0.081924750625	0.0023821719814337843	0.0843046080850824	0.0	(0.0843046080850824+0j)
0.2916	0.08503056000000002	0.002445782344889169	0.08747412860949234	0.0	(0.08747412860949234+0j)
0.29702500000000004	0.08822385062500002	0.0025096479512014807	0.09073138753689812	0.0	(0.09073138753689812+0j)
0.30250000000000005	0.09150625000000003	0.0025737172081851316	0.09407796043797546	0.0	(0.09407796043797546+0j)
0.30802500000000005	0.09487940062500003	0.0026379380915444737	0.09751543746215015	0.0	(0.09751543746215015+0j)
0.31360000000000005	0.09834496000000002	0.0027022582881489777	0.10104542348293122	0.0	(0.10104542348293122+0j)
0.3192250000000001	0.10190460062500006	0.002766625341831417	0.10466953824499751	0.0	(0.10466953824499751+0j)
0.3249000000000001	0.10556001000000005	0.002830986800992052	0.10838941651247315	0.0	(0.10838941651247315+0j)
0.33062500000000006	0.10931289062500003	0.0028952903672640916	0.11220670821779709	0.0	(0.11220670821779709+0j)
0.3364	0.11316495999999998	0.002959484044473216	0.11612307861054612	0.0	(0.11612307861054612+0j)
0.34222499999999995	0.11711795062499997	0.0030235162871070243	0.12014020840555857	0.0	(0.12014020840555857+0j)
0.34809999999999997	0.12117360999999997	0.0030873361474993916	0.12425979392964688	0.0	(0.12425979392964688+0j)
0.354025	0.125333700625	0.0031508934209300656	0.128483547266193	0.0	(0.128483547266193+0j)
0.36	0.1296	0.0032141387878416765	0.13281319639686692	0.0	(0.13281319639686692+0j)
0.366025	0.133974300625	0.0032770239523849244	0.13725048533972914	0.0	(0.13725048533972914+0j)
0.3721	0.13845840999999998	0.003339501776517993	0.14179717428296526	0.0	(0.14179717428296526+0j)
0.378225	0.143054150625	0.0034015264089083987	0.14645503971348953	0.0	(0.14645503971348953+0j)
0.3844	0.14776336	0.003463053407914352	0.15122587453971056	0.0	(0.15122587453971056+0j)
0.390625	0.152587890625	0.0035240398579581915	0.15611148820774517	0.0	(0.15611148820774517+0j)
0.39690000000000003	0.15752961000000001	0.0035844444786463725	0.16111370681042583	0.0	(0.16111370681042583+0j)
0.403225	0.162590400625	0.003644227726038389	0.1662343731884835	0.0	(0.1662343731884835+0j)
0.4096	0.16777216	0.0037033518855207987	0.1714753470233371	0.0	(0.1714753470233371+0j)
0.41602500000000003	0.17307680062500003	0.0037617811558013255	0.1768385049210008	0.0	(0.1768385049210008+0j)
0.42250000000000004	0.17850625000000003	0.0038194817236017393	0.1823257404866586	0.0	(0.1823257404866586+0j)
0.42902500000000005	0.18406245062500004	0.0038764218286959115	0.18793896438954183	0.0	(0.18793896438954183+0j)
0.43560000000000004	0.18974736000000003	0.003932571819010609	0.193680104417845	0.0	(0.193680104417845+0j)
0.44222500000000003	0.19556295062500004	0.003987904195580509	0.1995511055234106	0.0	(0.1995511055234106+0j)
0.4489000000000001	0.20151121000000008	0.004042393647224728	0.20555392985611623	0.0	(0.20555392985611623+0j)
0.45562500000000006	0.20759414062500006	0.004096017074889161	0.21169055678785628	0.0	(0.21169055678785628+0j)
0.4624000000000001	0.21381376000000007	0.004148753605676233	0.21796298292616803	0.0	(0.21796298292616803+0j)
0.46922500000000006	0.22017210062500006	0.004200584596660435	0.2243732221176019	0.0	(0.2243732221176019+0j)
0.4761000000000001	0.22667121000000007	0.0042514936286635	0.23092330544101652	0.0	(0.23092330544101652+0j)
0.4830250000000001	0.23331315062500008	0.004301466490236267	0.23761528119104283	0.0	(0.23761528119104283+0j)
0.4900000000000001	0.2401000000000001	0.004350491152164595	0.24445121485206495	0.0	(0.24445121485206495+0j)
0.49702499999999994	0.24703385062499994	0.004398557732883187	0.25143318906307605	0.0	(0.25143318906307605+0j)
0.5041	0.25411680999999997	0.004445658455243232	0.2585633035739133	0.0	(0.2585633035739133+0j)
0.5112249999999999	0.26135100062499994	0.004491787595136655	0.26584367519331475	0.0	(0.26584367519331475+0j)
0.5184	0.26873855999999996	0.0045369414225310285	0.27327643772943333	0.0	(0.27327643772943333+0j)
0.525625	0.276281640625	0.004581118135514074	0.28086374192335734	0.0	(0.28086374192335734+0j)
0.5328999999999999	0.2839824099999999	0.004624317787985027	0.2886077553762994	0.0	(0.2886077553762994+0j)
0.540225	0.29184305062499993	0.004666542211661454	0.2965106624711555	0.0	(0.2965106624711555+0j)
0.5476	0.29986576	0.004707794933094159	0.3045746642891022	0.0	(0.3045746642891022+0j)
0.555025	0.308052750625	0.0047480810863995615	0.3128019785219348	0.0	(0.3128019785219348+0j)
0.5625	0.31640625	0.004787407322428249	0.3211948393809534	0.0	(0.3211948393809534+0j)
0.570025	0.324928500625	0.004825781715090389	0.3297554975030217	0.0	(0.3297554975030217+0j)
0.5776	0.33362176	0.004863213665553551	0.33848621985461874	0.0	(0.33848621985461874+0j)
0.585225	0.342488300625	0.0048997138050164155	0.3473892896345553	0.0	(0.3473892896345553+0j)
0.5929	0.35153040999999996	0.004935293896743235	0.3564670061760682	0.0	(0.3564670061760682+0j)
0.6006250000000001	0.3607503906250001	0.004969966738019234	0.3657216848490118	0.0	(0.3657216848490118+0j)
0.6084	0.3701505600000001	0.00500374606265678	0.37515565696277065	0.0	(0.37515565696277065+0j)
0.616225	0.379733250625	0.005036646444646821	0.38477126967055975	0.0	(0.38477126967055975+0j)
0.6241000000000001	0.38950081000000014	0.00506868320351033	0.3945708858757448	0.0	(0.3945708858757448+0j)
0.6320250000000001	0.3994556006250001	0.005099872311860961	0.4045568841406989	0.0	(0.4045568841406989+0j)
0.6400000000000001	0.4096000000000002	0.005130230305643589	0.41473165859886196	0.0	(0.41473165859886196+0j)
0.6480250000000001	0.4199364006250001	0.00515977419746447	0.42509761887041814	0.0	(0.42509761887041814+0j)
0.6561000000000001	0.43046721000000016	0.005188521393378218	0.43565718998220326	0.0	(0.43565718998220326+0j)
0.6642250000000001	0.4411948506250001	0.005216489613445331	0.44641281229221774	0.0	(0.44641281229221774+0j)
0.6724000000000001	0.45212176000000015	0.0052436968163223135	0.4573669414193425	0.0	(0.4573669414193425+0j)
0.6806250000000001	0.4632503906250002	0.005270161128095092	0.46852204817856347	0.0	(0.46852204817856347+0j)
0.6889000000000001	0.4745832100000001	0.005295900775516242	0.47988061852231007	0.0	(0.47988061852231007+0j)
0.697225	0.48612270062499996	0.005320934023757849	0.49144515348818674	0.0	(0.49144515348818674+0j)
0.7055999999999999	0.4978713599999999	0.005345279118745299	0.503218169153692	0.0	(0.503218169153692+0j)
0.7140249999999999	0.5098317006249998	0.005368954234093352	0.5152021965982471	0.0	(0.5152021965982471+0j)
0.7224999999999999	0.5220062499999999	0.00539197742262485	0.5273997818730918	0.0	(0.5273997818730918+0j)
0.7310249999999999	0.5343975506249999	0.005414366572414664	0.5398134859794109	0.0	(0.5398134859794109+0j)
0.7395999999999999	0.5470081599999999	0.005436139367267327	0.5524458848552554	0.0	(0.5524458848552554+0j)
0.748225	0.559840650625	0.005457313251506255	0.5652995693716542	0.0	(0.5652995693716542+0j)
0.7569	0.5728976100000001	0.005477905398925811	0.5783771453384163	0.0	(0.5783771453384163+0j)
0.765625	0.586181640625	0.005497932685734632	0.5916812335201198	0.0	(0.5916812335201198+0j)
0.7744	0.59969536	0.005517411667299622	0.6052144696627308	0.0	(0.6052144696627308+0j)
0.7832250000000001	0.6134414006250001	0.005536358558484827	0.6189795045313728	0.0	(0.6189795045313728+0j)
0.7921	0.6274224100000001	0.005554789217367767	0.6329790039598031	0.0	(0.6329790039598031+0j)
0.801025	0.641641050625	0.005572719132107712	0.6472156489122862	0.0	(0.6472156489122862+0j)
0.81	0.6561000000000001	0.00559016341073546	0.6616921355586675	0.0	(0.6616921355586675+0j)
0.819025	0.670801950625	0.005607136773632327	0.6764111753640916	0.0	(0.6764111753640916+0j)
0.8281000000000001	0.6857496100000001	0.005623653548466912	0.6913754951951876	0.0	(0.6913754951951876+0j)
0.8372250000000001	0.7009457006250002	0.005639727667361507	0.7065878374459452	0.0	(0.7065878374459452+0j)
0.8464	0.7163929600000001	0.005655372666065508	0.7220509601882393	0.0	(0.7220509601882393+0j)
0.8556250000000001	0.7320941406250001	0.0056706016849204935	0.7377676373548983	0.0	(0.7377676373548983+0j)
0.8649000000000001	0.7480520100000002	0.005685427471410563	0.7537406589679997	0.0	(0.7537406589679997+0j)
0.8742250000000001	0.7642693506250002	0.005699862384101618	0.7699728314327055	0.0	(0.7699728314327055+0j)
0.8836000000000002	0.7807489600000003	0.0057139183977845025	0.7864669779292444	0.0	(0.7864669779292444+0j)
0.8930250000000001	0.7974936506250001	0.00572760710964868	0.803225938956376	0.0	(0.803225938956376+0j)
0.9025000000000001	0.8145062500000001	0.005740939746325548	0.8202525731151497	0.0	(0.8202525731151497+0j)
0.9120250000000001	0.8317896006250002	0.005753927171653025	0.8375497582850208	0.0	(0.8375497582850208+0j)
0.9216	0.84934656	0.005766579895025701	0.8551203934631428	0.0	(0.8551203934631428+0j)
0.931225	0.8671800006249999	0.005778908080207347	0.8729674017725932	0.0	(0.8729674017725932+0j)
0.9409	0.8852928099999999	0.005790921554494784	0.8910937356449816	0.0	(0.8910937356449816+0j)
0.9506249999999999	0.9036878906249999	0.005802629818133942	0.9095023863378084	0.0	(0.9095023863378084+0j)
0.9603999999999999	0.9223681599999999	0.00581404205390019	0.9281964029209566	0.0	(0.9281964029209566+0j)
0.970225	0.941336550625	0.005825167136765748	0.9471789346829503	0.0	(0.9471789346829503+0j)
0.9801	0.96059601	0.005836013643586958	0.9664533427331776	0.0	(0.9664533427331776+0j)
0.990025	0.9801495006250001	0.005846589862753557	0.9860235820456775	0.0	(0.9860235820456775+0j)
1.0	1.0	0.0058569038037506235	1.0058963918028558	0.0	(1.0058963918028558+0j)
