-153440.0779777444	-23543857529.81628	-0.013926057520245096	-23543857529.830208	0.0	(-23543857529.830208+0j)
-19166.09318222921	-367339127.8698931	-0.013926057501585529	-367339127.8838191	0.0	(-367339127.8838191+0j)
-5671.973593979537	-32171284.45080115	-0.013926057304104697	-32171284.464727208	0.0	(-32171284.464727208+0j)
-2388.810099822299	-5706413.693013022	-0.013926056300329842	-5706413.706939078	0.0	(-5706413.706939078+0j)
-1220.4049972628086	-1489388.3573440358	-0.013926052845448058	-1489388.3712700887	0.0	(-1489388.3712700887+0j)
-704.3698169973163	-496136.8390968329	-0.013926043486048315	-496136.85302287637	0.0	(-496136.85302287637+0j)
-442.1688919595258	-195513.3290167148	-0.013926021906453579	-195513.3429427367	0.0	(-195513.3429427367+0j)
-295.1389583532525	-87107.00473784293	-0.013925977584044562	-87107.01866382052	0.0	(-87107.01866382052+0j)
-206.42793111814956	-42612.4907457195	-0.01392589411707302	-42612.50467161362	0.0	(-42612.50467161362+0j)
-149.78886388774166	-22436.703744780396	-0.013925747179554953	-22436.717670527574	0.0	(-22436.717670527574+0j)
-111.96123149940722	-12535.317358863855	-0.013925502047666807	-12535.331284365902	0.0	(-12535.331284365902+0j)
-85.7529925744434	-7353.575735472545	-0.013925110630346092	-7353.589660583175	0.0	(-7353.589660583175+0j)
-67.03315485761341	-4493.44385016478	-0.013924507923173554	-4493.457774672704	0.0	(-4493.457774672704+0j)
-53.313822169821755	-2842.3636343553776	-0.013923607788678209	-2842.3775579631683	0.0	(-2842.3775579631683+0j)
-43.03579493261443	-1852.0796454820418	-0.013922297947469965	-1852.093567779991	0.0	(-1852.093567779991+0j)
-35.188162757133824	-1238.2067982225399	-0.013920434042483488	-1238.2207186565852	0.0	(-1238.2207186565852+0j)
-29.096018661790005	-846.5783019672323	-0.013917832612408788	-846.5922197998455	0.0	(-846.5922197998455+0j)
-24.297124814042526	-590.3502742291611	-0.013914262779241938	-590.3641884919396	0.0	(-590.3641884919396+0j)
-20.467706340503966	-418.92700284110623	-0.013909436417787741	-418.94091227752443	0.0	(-418.94091227752443+0j)
-17.376412657356248	-301.9397168387304	-0.01390299653064136	-301.953619835261	0.0	(-301.953619835261+0j)
-14.8549685513286	-220.67009066096173	-0.013894503499153466	-220.68398516446194	0.0	(-220.68398516446194+0j)
-12.779006775781696	-163.3030141754745	-0.013883418817296893	-163.31689759429207	0.0	(-163.31689759429207+0j)
-11.055275640264293	-122.21911948222107	-0.013869085838943323	-122.23298856806974	0.0	(-122.23298856806974+0j)
-9.612932658213833	-92.40847429135407	-0.013850706977058036	-92.42232499952111	0.0	(-92.42232499952111+0j)
-8.397513093736283	-70.51822615947232	-0.013827316682327982	-70.5320535069394	0.0	(-70.5320535069394+0j)
-7.3666835374462405	-54.268026340881455	-0.013797749394563814	-54.281824371029735	0.0	(-54.281824371029735+0j)
-6.487207718221543	-42.08386397935316	-0.01376060149768879	-42.097625820425414	0.0	(-42.097625820425414+0j)
-5.732748870404016	-32.864409611118525	-0.01371418611184483	-32.878127085387966	0.0	(-32.878127085387966+0j)
-5.082257979341708	-25.829346168582465	-0.013656479316167248	-25.84300873998803	0.0	(-25.84300873998803+0j)
-4.518777966401644	-20.41935430963698	-0.013585056103224517	-20.432948151501705	0.0	(-20.432948151501705+0j)
-4.028546909817661	-16.229190204601423	-0.01349701400866579	-16.242697939916642	0.0	(-16.242697939916642+0j)
-3.600318783282686	-12.96229534125812	-0.013388881921858935	-12.975696074728836	0.0	(-12.975696074728836+0j)
-3.2248441478806384	-10.399619778120002	-0.013256511046498928	-10.412888781801097	0.0	(-10.412888781801097+0j)
-2.8944696677688655	-8.377954657634007	-0.01309494435785896	-8.391062522563491	0.0	(-8.391062522563491+0j)
-2.6028267385229356	-6.7747070307699415	-0.012898261094383853	-6.787618512688644	0.0	(-6.787618512688644+0j)
-2.3445875439884927	-5.497090751425992	-0.012659403557185757	-5.509763518617056	0.0	(-5.509763518617056+0j)
-2.1152725626084434	-4.474378014124091	-0.012370059290114477	-4.486761364874475	0.0	(-4.486761364874475+0j)
-1.91109764116945	-3.652294194083436	-0.01202085872548642	-3.66432799746632	0.0	(-3.66432799746632+0j)
-1.7288517247497297	-2.988928286170115	-0.011602354165184159	-3.0005429053366384	0.0	(-3.0005429053366384+0j)
-1.5657985056984083	-2.4517249604473683	-0.011107080403395319	-2.4628432439152497	0.0	(-2.4628432439152497+0j)
-1.4195968592424206	-2.015255242770945	-0.010532279597209152	-2.025797252114605	0.0	(-2.025797252114605+0j)
-1.288236127587193	-1.6595523204208464	-0.009882153644865513	-1.6694423237640459	0.0	(-1.6694423237640459+0j)
-1.1699832100598067	-1.3688607118218497	-0.009168526024626387	-1.3780348510888067	0.0	(-1.3780348510888067+0j)
-1.0633390935385967	-1.1306900278474845	-0.008409571807649573	-1.1391027200446553	0.0	(-1.1391027200446553+0j)
-0.9670029722379032	-0.9350947483169391	-0.007627161474578809	-0.9427224206115485	0.0	(-0.9427224206115485+0j)
-0.8798425001969499	-0.7741228251528197	-0.006843789918055263	-0.7809645565002943	0.0	(-0.7809645565002943+0j)
-0.8008690236946738	-0.64139119311366	-0.006079946977135925	-0.6474667035743286	0.0	(-0.6474667035743286+0j)
-0.7292168764216649	-0.5317572528581697	-0.005352388966572051	-0.5371031515749014	0.0	(-0.5371031515749014+0j)
-0.6641260039734804	-0.44106334915378337	-0.004673375084070021	-0.4457286091438832	0.0	(-0.4457286091438832+0j)
-0.6049273282968711	-0.3659370725203905	-0.0040506834066880845	-0.36997849963101115	0.0	(-0.36997849963101115+0j)
-0.5510303762797573	-0.3036344755830109	-0.0034881309917449157	-0.3071126668713183	0.0	(-0.3071126668713183+0j)
-0.5019127866383676	-0.2519164453910915	-0.002986339961866247	-0.2548925014016653	0.0	(-0.2548925014016653+0j)
-0.4571113808679674	-0.20895081451901992	-0.0025435574777364664	-0.2114838985359528	0.0	(-0.2114838985359528+0j)
-0.4162145412936012	-0.17323454438424285	-0.0021564109844006423	-0.17538025254723238	0.0	(-0.17538025254723238+0j)
-0.3788556852603932	-0.1435316302541221	-0.001820540549212416	-0.1453410482488976	0.0	(-0.1453410482488976+0j)
-0.34470766161339816	-0.11882337197497701	-0.001531091623757344	-0.12034265510553742	0.0	(-0.12034265510553742+0j)
-0.3134779256766165	-0.09826840988651428	-0.001283075932251837	-0.09953872770547745	0.0	(-0.09953872770547745+0j)
-0.2849043733852332	-0.08117050197403239	-0.0010716198940084727	-0.08222821632615271	0.0	(-0.08222821632615271+0j)
-0.25875173517890027	-0.06695246045809174	-0.0008921235726276122	-0.06782943869383687	0.0	(-0.06782943869383687+0j)
-0.23480844661153963	-0.055135006600124256	-0.0007403521826732039	-0.055859001138507246	0.0	(-0.055859001138507246+0j)
-0.212883926073651	-0.045319565980531704	-0.0006124791033662924	-0.045914615211079104	0.0	(-0.045914615211079104+0j)
-0.19280620111107946	-0.037174231186886016	-0.0005050956184046745	-0.03766105477571353	0.0	(-0.03766105477571353+0j)
-0.17441983400144742	-0.030422278493092474	-0.0004151990106452452	-0.030818652772347178	0.0	(-0.030818652772347178+0j)
-0.15758410486934307	-0.024832750107472115	-0.0003401675457086195	-0.02515385709607432	0.0	(-0.02515385709607432+0j)
-0.14217141696755908	-0.020212711802563548	-0.0002777283846598699	-0.020471459673791763	0.0	(-0.020471459673791763+0j)
-0.12806589405274613	-0.016400873219529197	-0.00022592254831106383	-0.016608188034586226	0.0	(-0.016608188034586226+0j)
-0.11516214422460175	-0.013262319462407973	-0.00018306963361356397	-0.013427408806772796	0.0	(-0.013427408806772796+0j)
-0.10336416832807228	-0.010684151294154062	-0.00014773395972624836	-0.010814740793437484	0.0	(-0.010814740793437484+0j)
-0.09258439416006585	-0.008571870041986436	-0.00011869310609569082	-0.008674413956570546	0.0	(-0.008674413956570546+0j)
-0.08274282037550368	-0.0068463743236928665	-9.490931897764286e-05	-0.00692624163427292	0.0	(-0.00692624163427292+0j)
-0.07376625623382203	-0.005441460558753888	-7.55039433604443e-05	-0.0055030981670416024	0.0	(-0.0055030981670416024+0j)
-0.06558764523333163	-0.00430173920725337	-5.973483576444671e-05	-0.004348814057103968	0.0	(-0.004348814057103968+0j)
-0.05814546230242274	-0.003380894786362464	-4.697659368306794e-05	-0.0034164168257847165	0.0	(-0.0034164168257847165+0j)
-0.05138317559911824	-0.0026402307346498196	-3.670337307775106e-05	-0.0026666586828680092	0.0	(-0.0026666586828680092+0j)
-0.04524876515177241	-0.002047450747760253	-2.8474037499037762e-05	-0.002066782604316609	0.0	(-0.002066782604316609+0j)
-0.03969429158520362	-0.001575636784451167	-2.1919377795409643e-05	-0.0015894869324344283	0.0	(-0.0015894869324344283+0j)
-0.03467550904442404	-0.0012023909274899334	-1.6731150941140527e-05	-0.0012120555572873554	0.0	(-0.0012120555572873554+0j)
-0.030151517174235212	-0.000909113987908201	-1.2652704026372418e-05	-0.0009156264171558675	0.0	(-0.0009156264171558675+0j)
-0.02608444765559201	-0.0006803984094973195	-9.470970877423211e-06	-0.0006845757131410682	0.0	(-0.0006845757131410682+0j)
-0.02243918135414162	-0.000503516859844057	-7.009651569944708e-06	-0.0005059990617325525	0.0	(-0.0005059990617325525+0j)
-0.019183092615622097	-0.00036799104229953504	-5.123407432705562e-06	-0.00036927396371849995	0.0	(-0.00036927396371849995+0j)
-0.016285817657726173	-0.0002652278567807056	-3.6929253838025033e-06	-0.0002656905721736651	0.0	(-0.0002656905721736651+0j)
-0.013719044367779796	-0.00018821217836511054	-2.620724774260452e-06	-0.00018813989693096633	0.0	(-0.00018813989693096633+0j)
-0.011456321127917031	-0.00013124729378595815	-1.8275974497328206e-06	-0.00013085036813972103	0.0	(-0.00013085036813972103+0j)
-0.009472882560933205	-8.973550401323243e-05	-1.2495870379325424e-06	-8.916516356858598e-05	0.0	(-8.916516356858598e-05+0j)
-0.007745490326256713	-5.999262039413633e-05	-8.354272580390897e-07	-5.9353936703697835e-05	0.0	(-5.9353936703697835e-05+0j)
-0.006252287301247293	-3.909109649733816e-05	-5.443706584173923e-07	-3.8453608859263726e-05	0.0	(-3.8453608859263726e-05+0j)
-0.004972663662352951	-2.472738389888546e-05	-3.4434928579685216e-07	-2.413374385697986e-05	0.0	(-2.413374385697986e-05+0j)
-0.003887133536989527	-1.5109807134388712e-05	-2.1041796571807933e-07	-1.4582738078620579e-05	0.0	(-1.4582738078620579e-05+0j)
-0.0029772210332922053	-8.863845081077507e-06	-1.2343775779299904e-07	-8.41165410611528e-06	0.0	(-8.41165410611528e-06+0j)
-0.002225354573642715	-4.95220297843255e-06	-6.89645503371139e-08	-4.573035786705459e-06	0.0	(-4.573035786705459e-06+0j)
-0.0016147685612493414	-2.607477506399268e-06	-3.631175786722451e-08	-2.2925982323607304e-06	0.0	(-2.2925982323607304e-06+0j)
-0.0011294114988857744	-1.2755703338154115e-06	-1.776370481820777e-08	-1.0135834328535015e-06	0.0	(-1.0135834328535015e-06+0j)
-0.0007538597567461701	-5.683045328413948e-07	-7.91478669270873e-09	-3.641189263783359e-07	0.0	(-3.641189263783359e-07+0j)
-0.00047323625358382216	-2.2395255170605162e-07	-3.1170202419161795e-09	-1.072335669297694e-07	0.0	(-1.072335669297694e-07+0j)
-0.000273133373004004	-7.460183944854437e-08	-1.039006747305393e-09	-2.6351887101117844e-08	0.0	(-2.6351887101117844e-08+0j)
-0.00013953948593826147	-1.947126813591427e-08	-2.8521753847599026e-10	-4.600127465910877e-09	0.0	(-4.600127465910877e-09+0j)
-5.876849174459226e-05	-3.453735621934209e-09	-0.0	-3.003167504560884e-09	0.0	(-3.003167504560884e-09+0j)
-1.7391824727346766e-05	-3.024755673467504e-10	-2.6077032089233397e-09	-7.667226556269366e-12	0.0	(-7.667226556269366e-12+0j)
-2.1724007034307707e-06	-4.719324816266507e-12	-0.0	1.895850999965081e-14	-4.6871898241876763e-07	(1.895850999965081e-14-4.6871898241876763e-07j)
2.1724007034307707e-06	4.719324816266507e-12	0.0	1.895850999965081e-14	4.6871898241876763e-07	(1.895850999965081e-14+4.6871898241876763e-07j)
1.7391824727346766e-05	3.024755673467504e-10	2.6077032089233397e-09	7.634395551907532e-12	0.0	(7.634395551907532e-12+0j)
5.876849174459226e-05	3.453735621934209e-09	0.0	3.0031996119063563e-09	0.0	(3.0031996119063563e-09+0j)
0.00013953948593826147	1.947126813591427e-08	2.8521753847599026e-10	4.600075870335232e-09	0.0	(4.600075870335232e-09+0j)
0.000273133373004004	7.460183944854437e-08	1.039006747305393e-09	2.6351892140392934e-08	0.0	(2.6351892140392934e-08+0j)
0.00047323625358382216	2.2395255170605162e-07	3.1170202419161795e-09	1.0723363592587191e-07	0.0	(1.0723363592587191e-07+0j)
0.0007538597567461701	5.683045328413948e-07	7.91478669270873e-09	3.641189115397583e-07	0.0	(3.641189115397583e-07+0j)
0.0011294114988857744	1.2755703338154115e-06	1.776370481820777e-08	1.0135834309794978e-06	0.0	(1.0135834309794978e-06+0j)
0.0016147685612493414	2.607477506399268e-06	3.631175786722451e-08	2.2925982128550494e-06	0.0	(2.2925982128550494e-06+0j)
0.002225354573642715	4.95220297843255e-06	6.89645503371139e-08	4.573035726436462e-06	0.0	(4.573035726436462e-06+0j)
0.0029772210332922053	8.863845081077507e-06	1.2343775779299904e-07	8.411654083823655e-06	0.0	(8.411654083823655e-06+0j)
0.003887133536989527	1.5109807134388712e-05	2.1041796571807933e-07	1.4582738075122692e-05	0.0	(1.4582738075122692e-05+0j)
0.004972663662352951	2.472738389888546e-05	3.4434928579685216e-07	2.4133743844301005e-05	0.0	(2.4133743844301005e-05+0j)
0.006252287301247293	3.909109649733816e-05	5.443706584173923e-07	3.84536088666822e-05	0.0	(3.84536088666822e-05+0j)
0.007745490326256713	5.999262039413633e-05	8.354272580390897e-07	5.935393669392115e-05	0.0	(5.935393669392115e-05+0j)
0.009472882560933205	8.973550401323243e-05	1.2495870379325424e-06	8.916516355727881e-05	0.0	(8.916516355727881e-05+0j)
0.011456321127917031	0.00013124729378595815	1.8275974497328206e-06	0.00013085036815141602	0.0	(0.00013085036815141602+0j)
0.013719044367779796	0.00018821217836511054	2.620724774260452e-06	0.00018813989693705548	0.0	(0.00018813989693705548+0j)
0.016285817657726173	0.0002652278567807056	3.6929253838025033e-06	0.0002656905721826083	0.0	(0.0002656905721826083+0j)
0.019183092615622097	0.00036799104229953504	5.123407432705562e-06	0.00036927396370781005	0.0	(0.00036927396370781005+0j)
0.02243918135414162	0.000503516859844057	7.009651569944708e-06	0.0005059990617345436	0.0	(0.0005059990617345436+0j)
0.02608444765559201	0.0006803984094973195	9.470970877423211e-06	0.0006845757131395541	0.0	(0.0006845757131395541+0j)
0.030151517174235212	0.000909113987908201	1.2652704026372418e-05	0.0009156264171557172	0.0	(0.0009156264171557172+0j)
0.03467550904442404	0.0012023909274899334	1.6731150941140527e-05	0.0012120555572948393	0.0	(0.0012120555572948393+0j)
0.03969429158520362	0.001575636784451167	2.1919377795409643e-05	0.0015894869324122093	0.0	(0.0015894869324122093+0j)
0.04524876515177241	0.002047450747760253	2.8474037499037762e-05	0.0020667826043268248	0.0	(0.0020667826043268248+0j)
0.05138317559911824	0.0026402307346498196	3.670337307775106e-05	0.00266665868288975	0.0	(0.00266665868288975+0j)
0.05814546230242274	0.003380894786362464	4.697659368306794e-05	0.0034164168258308137	0.0	(0.0034164168258308137+0j)
0.06558764523333163	0.00430173920725337	5.973483576444671e-05	0.0043488140571577745	0.0	(0.0043488140571577745+0j)
0.07376625623382203	0.005441460558753888	7.55039433604443e-05	0.005503098167019023	0.0	(0.005503098167019023+0j)
0.08274282037550368	0.0068463743236928665	9.490931897764286e-05	0.006926241634321947	0.0	(0.006926241634321947+0j)
0.09258439416006585	0.008571870041986436	0.00011869310609569082	0.008674413956568788	0.0	(0.008674413956568788+0j)
0.10336416832807228	0.010684151294154062	0.00014773395972624836	0.010814740793424432	0.0	(0.010814740793424432+0j)
0.11516214422460175	0.013262319462407973	0.00018306963361356397	0.013427408806762964	0.0	(0.013427408806762964+0j)
0.12806589405274613	0.016400873219529197	0.00022592254831106383	0.01660818803466288	0.0	(0.01660818803466288+0j)
0.14217141696755908	0.020212711802563548	0.0002777283846598699	0.02047145967373762	0.0	(0.02047145967373762+0j)
0.15758410486934307	0.024832750107472115	0.0003401675457086195	0.02515385709609352	0.0	(0.02515385709609352+0j)
0.17441983400144742	0.030422278493092474	0.0004151990106452452	0.03081865277233693	0.0	(0.03081865277233693+0j)
0.19280620111107946	0.037174231186886016	0.0005050956184046745	0.03766105477569182	0.0	(0.03766105477569182+0j)
0.212883926073651	0.045319565980531704	0.0006124791033662924	0.045914615211557055	0.0	(0.045914615211557055+0j)
0.23480844661153963	0.055135006600124256	0.0007403521826732039	0.055859001138751335	0.0	(0.055859001138751335+0j)
0.25875173517890027	0.06695246045809174	0.0008921235726276122	0.06782943869381346	0.0	(0.06782943869381346+0j)
0.2849043733852332	0.08117050197403239	0.0010716198940084727	0.08222821632602814	0.0	(0.08222821632602814+0j)
0.3134779256766165	0.09826840988651428	0.001283075932251837	0.09953872770517468	0.0	(0.09953872770517468+0j)
0.34470766161339816	0.11882337197497701	0.001531091623757344	0.12034265510541431	0.0	(0.12034265510541431+0j)
0.3788556852603932	0.1435316302541221	0.001820540549212416	0.14534104824889438	0.0	(0.14534104824889438+0j)
0.4162145412936012	0.17323454438424285	0.0021564109844006423	0.17538025254721412	0.0	(0.17538025254721412+0j)
0.4571113808679674	0.20895081451901992	0.0025435574777364664	0.2114838985357558	0.0	(0.2114838985357558+0j)
0.5019127866383676	0.2519164453910915	0.002986339961866247	0.25489250140166786	0.0	(0.25489250140166786+0j)
0.5510303762797573	0.3036344755830109	0.0034881309917449157	0.3071126668712829	0.0	(0.3071126668712829+0j)
0.6049273282968711	0.3659370725203905	0.0040506834066880845	0.36997849963094653	0.0	(0.36997849963094653+0j)
0.6641260039734804	0.44106334915378337	0.004673375084070021	0.44572860914396206	0.0	(0.44572860914396206+0j)
0.7292168764216649	0.5317572528581697	0.005352388966572051	0.537103151574944	0.0	(0.537103151574944+0j)
0.8008690236946738	0.64139119311366	0.006079946977135925	0.6474667035743672	0.0	(0.6474667035743672+0j)
0.8798425001969499	0.7741228251528197	0.006843789918055263	0.7809645565003079	0.0	(0.7809645565003079+0j)
0.9670029722379032	0.9350947483169391	0.007627161474578809	0.9427224206115128	0.0	(0.9427224206115128+0j)
1.0633390935385967	1.1306900278474845	0.008409571807649573	1.1391027200445953	0.0	(1.1391027200445953+0j)
1.1699832100598067	1.3688607118218497	0.009168526024626387	1.3780348510888023	0.0	(1.3780348510888023+0j)
1.288236127587193	1.6595523204208464	0.009882153644865513	1.6694423237640432	0.0	(1.6694423237640432+0j)
1.4195968592424206	2.015255242770945	0.010532279597209152	2.025797252114605	0.0	(2.025797252114605+0j)
1.5657985056984083	2.4517249604473683	0.011107080403395319	2.462843243915247	0.0	(2.462843243915247+0j)
1.7288517247497297	2.988928286170115	0.011602354165184159	3.000542905336515	0.0	(3.000542905336515+0j)
1.91109764116945	3.652294194083436	0.01202085872548642	3.664327997466271	0.0	(3.664327997466271+0j)
2.1152725626084434	4.474378014124091	0.012370059290114477	4.486761364874489	0.0	(4.486761364874489+0j)
2.3445875439884927	5.497090751425992	0.012659403557185757	5.509763518617072	0.0	(5.509763518617072+0j)
2.6028267385229356	6.7747070307699415	0.012898261094383853	6.7876185126886694	0.0	(6.7876185126886694+0j)
2.8944696677688655	8.377954657634007	0.01309494435785896	8.391062522563471	0.0	(8.391062522563471+0j)
3.2248441478806384	10.399619778120002	0.013256511046498928	10.412888781801076	0.0	(10.412888781801076+0j)
3.600318783282686	12.96229534125812	0.013388881921858935	12.97569607472885	0.0	(12.97569607472885+0j)
4.028546909817661	16.229190204601423	0.01349701400866579	16.24269793991679	0.0	(16.24269793991679+0j)
4.518777966401644	20.41935430963698	0.013585056103224517	20.432948151501748	0.0	(20.432948151501748+0j)
5.082257979341708	25.829346168582465	0.013656479316167248	25.843008739988083	0.0	(25.843008739988083+0j)
5.732748870404016	32.864409611118525	0.01371418611184483	32.878127085387824	0.0	(32.878127085387824+0j)
6.487207718221543	42.08386397935316	0.01376060149768879	42.097625820425435	0.0	(42.097625820425435+0j)
7.3666835374462405	54.268026340881455	0.013797749394563814	54.281824371029586	0.0	(54.281824371029586+0j)
8.397513093736283	70.51822615947232	0.013827316682327982	70.5320535069396	0.0	(70.5320535069396+0j)
9.612932658213833	92.40847429135407	0.013850706977058036	92.42232499952118	0.0	(92.42232499952118+0j)
11.055275640264293	122.21911948222107	0.013869085838943323	122.23298856807062	0.0	(122.23298856807062+0j)
12.779006775781696	163.3030141754745	0.013883418817296893	163.31689759429221	0.0	(163.31689759429221+0j)
14.8549685513286	220.67009066096173	0.013894503499153466	220.68398516446155	0.0	(220.68398516446155+0j)
17.376412657356248	301.9397168387304	0.01390299653064136	301.9536198352608	0.0	(301.9536198352608+0j)
20.467706340503966	418.92700284110623	0.013909436417787741	418.9409122775246	0.0	(418.9409122775246+0j)
24.297124814042526	590.3502742291611	0.013914262779241938	590.3641884919393	0.0	(590.3641884919393+0j)
29.096018661790005	846.5783019672323	0.013917832612408788	846.5922197998453	0.0	(846.5922197998453+0j)
35.188162757133824	1238.2067982225399	0.013920434042483488	1238.2207186565793	0.0	(1238.2207186565793+0j)
43.03579493261443	1852.0796454820418	0.013922297947469965	1852.093567779993	0.0	(1852.093567779993+0j)
53.313822169821755	2842.3636343553776	0.013923607788678209	2842.3775579631692	0.0	(2842.3775579631692+0j)
67.03315485761341	4493.44385016478	0.013924507923173554	4493.457774672704	0.0	(4493.457774672704+0j)
85.7529925744434	7353.575735472545	0.013925110630346092	7353.589660583175	0.0	(7353.589660583175+0j)
111.96123149940722	12535.317358863855	0.013925502047666807	12535.331284365902	0.0	(12535.331284365902+0j)
149.78886388774166	22436.703744780396	0.013925747179554953	22436.717670527574	0.0	(22436.717670527574+0j)
206.42793111814956	42612.4907457195	0.01392589411707302	42612.50467161362	0.0	(42612.50467161362+0j)
295.1389583532525	87107.00473784293	0.013925977584044562	87107.01866382052	0.0	(87107.01866382052+0j)
442.1688919595258	195513.3290167148	0.013926021906453579	195513.3429427367	0.0	(195513.3429427367+0j)
704.3698169973163	496136.8390968329	0.013926043486048315	496136.85302287637	0.0	(496136.85302287637+0j)
1220.4049972628086	1489388.3573440358	0.013926052845448058	1489388.3712700887	0.0	(1489388.3712700887+0j)
2388.810099822299	5706413.693013022	0.013926056300329842	5706413.706939078	0.0	(5706413.706939078+0j)
5671.973593979537	32171284.45080115	0.013926057304104697	32171284.464727208	0.0	(32171284.464727208+0j)
19166.09318222921	367339127.8698931	0.013926057501585529	367339127.8838191	0.0	(367339127.8838191+0j)
153440.0779777444	23543857529.81628	0.013926057520245096	23543857529.830208	0.0	(23543857529.830208+0j)
