-115538939807.54784	-1.3349246611852162e+22	-7.957747154594768e-05	-1.3349246611852162e+22	0.0	(-1.3349246611852162e+22+0j)
-3610100237.830515	-1.303282372718394e+19	-7.957747154594768e-05	-1.303282372718394e+19	0.0	(-1.303282372718394e+19+0j)
-475296258.06521416	-2.2590653293079466e+17	-7.957747154594768e-05	-2.2590653293079466e+17	0.0	(-2.2590653293079466e+17+0j)
-112754193.59960234	-1.2713508174296606e+16	-7.957747154594768e-05	-1.2713508174296606e+16	0.0	(-1.2713508174296606e+16+0j)
-36932200.132644616	-1363987406637715.0	-7.957747154594768e-05	-1363987406637715.0	0.0	(-1363987406637715+0j)
-14834811.40232114	-220071629342437.28	-7.957747154594766e-05	-220071629342437.28	0.0	(-220071629342437.28+0j)
-6859487.69539958	-47052571443338.234	-7.957747154594763e-05	-47052571443338.234	0.0	(-47052571443338.234+0j)
-3515896.2237945297	-12361526256492.633	-7.957747154594754e-05	-12361526256492.633	0.0	(-12361526256492.633+0j)
-1949566.3289140568	-3800808870835.432	-7.957747154594726e-05	-3800808870835.432	0.0	(-3800808870835.432+0j)
-1150205.9122240169	-1322973640515.0828	-7.957747154594647e-05	-1322973640515.0828	0.0	(-1322973640515.0828+0j)
-713505.9958817187	-509090806159.1632	-7.957747154594454e-05	-509090806159.16327	0.0	(-509090806159.16327+0j)
-461318.2887914525	-212814563573.47394	-7.95774715459402e-05	-212814563573.47403	0.0	(-212814563573.47403+0j)
-308813.5506359625	-95365809056.39018	-7.957747154593099e-05	-95365809056.39026	0.0	(-95365809056.39026+0j)
-212931.27748644107	-45339728932.00777	-7.957747154591256e-05	-45339728932.00784	0.0	(-45339728932.00784+0j)
-150608.73115506288	-22682989900.13801	-7.95774715458775e-05	-22682989900.13809	0.0	(-22682989900.13809+0j)
-108916.4741451148	-11862798340.20346	-7.957747154581352e-05	-11862798340.20354	0.0	(-11862798340.20354+0j)
-80314.89772234108	-6450482796.150107	-7.957747154570094e-05	-6450482796.150187	0.0	(-6450482796.150187+0j)
-60253.955237135895	-3630539121.718776	-7.957747154550929e-05	-3630539121.718856	0.0	(-3630539121.718856+0j)
-45903.6832929697	-2107148139.8612654	-7.957747154519237e-05	-2107148139.861345	0.0	(-2107148139.861345+0j)
-35456.26974892441	-1257147064.5084922	-7.957747154468167e-05	-1257147064.5085719	0.0	(-1257147064.5085719+0j)
-27728.986625662732	-768896699.2861826	-7.957747154387776e-05	-768896699.2862623	0.0	(-768896699.2862623+0j)
-21931.302492924053	-480982029.03613675	-7.95774715426387e-05	-480982029.0362163	0.0	(-480982029.0362163+0j)
-17524.50851895492	-307108398.8309236	-7.957747154076531e-05	-307108398.8310032	0.0	(-307108398.8310032+0j)
-14134.99918561637	-199798201.97737545	-7.957747153798189e-05	-199798201.97745502	0.0	(-199798201.97745502+0j)
-11499.491110740193	-132238295.80599272	-7.95774715339122e-05	-132238295.8060723	0.0	(-132238295.8060723+0j)
-9429.707428980537	-88919382.19617073	-7.957747152804888e-05	-88919382.1962503	0.0	(-88919382.1962503+0j)
-7789.1842275240315	-60671390.93030915	-7.957747151971538e-05	-60671390.93038873	0.0	(-60671390.93038873+0j)
-6477.776235045894	-41961584.951325364	-7.957747150801895e-05	-41961584.951404944	0.0	(-41961584.951404944+0j)
-5421.14208026209	-29388781.454388376	-7.957747149179267e-05	-29388781.454467952	0.0	(-29388781.454467952+0j)
-4563.504427544982	-20825572.660222653	-7.957747146952483e-05	-20825572.66030223	0.0	(-20825572.66030223+0j)
-3862.597452504743	-14919659.080096131	-7.957747143927302e-05	-14919659.080175709	0.0	(-14919659.080175709+0j)
-3286.096400971938	-10798429.556480723	-7.957747139856055e-05	-10798429.5565603	0.0	(-10798429.5565603+0j)
-2809.064875770807	-7890845.476289258	-7.957747134425199e-05	-7890845.476368836	0.0	(-7890845.476368836+0j)
-2412.1097507435006	-5818273.449631873	-7.957747127240442e-05	-5818273.44971145	0.0	(-5818273.44971145+0j)
-2080.033868466833	-4326540.893969099	-7.957747117809041e-05	-4326540.894048677	0.0	(-4326540.894048677+0j)
-1800.8427535883898	-3243034.623151814	-7.957747105518836e-05	-3243034.6232313914	0.0	(-3243034.6232313914+0j)
-1565.0056935079515	-2449242.820712304	-7.957747089613483e-05	-2449242.8207918815	0.0	(-2449242.8207918815+0j)
-1364.9013608055645	-1862955.7247288818	-7.957747069163352e-05	-1862955.7248084594	0.0	(-1862955.7248084594+0j)
-1194.3985439769606	-1426587.8818542834	-7.957747043031403e-05	-1426587.881933861	0.0	(-1426587.881933861+0j)
-1048.5366489982152	-1099429.1042924065	-7.957747009833325e-05	-1099429.104371984	0.0	(-1099429.104371984+0j)
-923.2804783562661	-852446.8417137756	-7.957746967891111e-05	-852446.8417933531	0.0	(-852446.8417933531+0j)
-815.3307358951056	-664764.2088952544	-7.957746915179136e-05	-664764.2089748319	0.0	(-664764.2089748319+0j)
-721.9766459924645	-521250.27735852834	-7.957746849261706e-05	-521250.2774381058	0.0	(-521250.2774381058+0j)
-640.9806220444812	-410856.15783653	-7.95774676722089e-05	-410856.15791610745	0.0	(-410856.15791610745+0j)
-570.4874863084759	-325455.9720345635	-7.957746665573342e-05	-325455.9721141409	0.0	(-325455.9721141409+0j)
-508.9526159645364	-259032.76529714486	-7.957746540174645e-05	-259032.76537672232	0.0	(-259032.76537672232+0j)
-455.0847668284599	-207102.14499931372	-7.95774638610952e-05	-207102.1450788912	0.0	(-207102.1450788912+0j)
-407.80034521290173	-166301.1215557618	-7.957746197566085e-05	-166301.12163533928	0.0	(-166301.12163533928+0j)
-366.1866579904585	-134092.66849022103	-7.95774596769212e-05	-134092.6685697985	0.0	(-134092.6685697985+0j)
-329.4722407396022	-108551.95741797441	-7.957745688431035e-05	-108551.95749755186	0.0	(-108551.95749755186+0j)
-297.0027940115139	-88210.65965064577	-7.957745350335014e-05	-88210.65973022323	0.0	(-88210.65973022323+0j)
-268.2215844161198	-71942.81834669369	-7.957744942352507e-05	-71942.81842627114	0.0	(-71942.81842627114+0j)
-242.65341670997407	-58880.68064102432	-7.957744451586899e-05	-58880.68072060177	0.0	(-58880.68072060177+0j)
-219.89147465555652	-48352.26062619525	-7.957743863022852e-05	-48352.26070577269	0.0	(-48352.26070577269+0j)
-199.58647632205054	-39834.761530652446	-7.957743159216435e-05	-39834.76161022988	0.0	(-39834.76161022988+0j)
-181.4377042506011	-32919.64052372859	-7.957742319944675e-05	-32919.64060330601	0.0	(-32919.64060330601+0j)
-165.18556037450617	-27286.269356239623	-7.957741321809749e-05	-27286.269435817037	0.0	(-27286.269435817037+0j)
-150.6053656645301	-22681.97616694682	-7.957740137792443e-05	-22681.976246524224	0.0	(-22681.976246524224+0j)
-137.5021796102317	-18906.84939756442	-7.957738736748951e-05	-18906.849477141808	0.0	(-18906.849477141808+0j)
-125.70645822261099	-15802.113638873043	-7.957737082844448e-05	-15802.113718450413	0.0	(-15802.113718450413+0j)
-115.07040382178485	-13241.197835708637	-7.957735134916104e-05	-13241.19791528599	0.0	(-13241.19791528599+0j)
-105.46488742371571	-11122.842479297027	-7.95773284575749e-05	-11122.842558874356	0.0	(-11122.842558874356+0j)
-96.77684657631767	-9365.758033256128	-7.957730161315363e-05	-9365.75811283343	0.0	(-9365.75811283343+0j)
-88.9070791874087	-7904.468729636161	-7.957727019788933e-05	-7904.468809213431	0.0	(-7904.468809213431+0j)
-81.76836814309524	-6686.066028784753	-7.957723350620591e-05	-6686.066108361987	0.0	(-6686.066108361987+0j)
-75.28388304294427	-5667.663046023711	-7.957719073365908e-05	-5667.663125600902	0.0	(-5667.663125600902+0j)
-69.38581473166131	-4814.391285976428	-7.957714096429438e-05	-4814.391365553569	0.0	(-4814.391365553569+0j)
-64.01420592105464	-4097.818559703187	-7.95770831565137e-05	-4097.81863928027	0.0	(-4097.81863928027+0j)
-59.115947414088076	-3494.6952386652265	-7.957701612728533e-05	-3494.6953182422426	0.0	(-3494.6953182422426+0j)
-54.64391453644624	-2985.9573958664405	-7.957693853451452e-05	-2985.957475443379	0.0	(-2985.957475443379+0j)
-50.55622256613401	-2555.931640156478	-7.957684885737263e-05	-2555.9317197333266	0.0	(-2555.9317197333266+0j)
-46.81558340022886	-2191.698849103784	-7.957674537436093e-05	-2191.6989286805297	0.0	(-2191.6989286805297+0j)
-43.38874854766387	-1882.5835005324038	-7.95766261388619e-05	-1882.58358010903	0.0	(-1882.58358010903+0j)
-40.24602589825985	-1619.7426006034027	-7.957648895190445e-05	-1619.7426801798917	0.0	(-1619.7426801798917+0j)
-37.36085968009373	-1395.8338360356536	-7.957633133184064e-05	-1395.8339156119962	0.0	(-1395.8339156119962+0j)
-34.70946465146033	-1204.746936390974	-7.957615048059955e-05	-1204.7470159671268	0.0	(-1204.7470159671268+0j)
-32.27050693833846	-1041.3856180573505	-7.957594324614853e-05	-1041.3856976332952	0.0	(-1041.3856976332952+0j)
-30.02482507063014	-901.4901205219402	-7.957570608075323e-05	-901.4902000976545	0.0	(-901.4902000976545+0j)
-27.955185729009187	-781.492409143399	-7.95754349945848e-05	-781.4924887188396	0.0	(-781.4924887188396+0j)
-26.04606952040824	-678.3977374619391	-7.957512550417449e-05	-678.3978170370675	0.0	(-678.3978170370675+0j)
-24.283482779757314	-589.68753591477	-7.957477257516402e-05	-589.687615489543	0.0	(-589.687615489543+0j)
-22.654791969690592	-513.2395991899573	-7.957437055874125e-05	-513.2396787643283	0.0	(-513.2396787643283+0j)
-21.148577735984475	-447.2623402549782	-7.957391312108675e-05	-447.2624198288938	0.0	(-447.2624198288938+0j)
-19.754506088831786	-390.2405108136921	-7.957339316508558e-05	-390.2405903870855	0.0	(-390.2405903870855+0j)
-18.463214530592378	-340.8902908026775	-7.957280274347995e-05	-340.8903703754809	0.0	(-340.8903703754809+0j)
-17.2662112492353	-298.12205090321964	-7.957213296255173e-05	-298.1221304753531	0.0	(-298.1221304753531+0j)
-16.155785751505732	-261.00941324855563	-7.957137387532687e-05	-261.0094928199285	0.0	(-261.0094928199285+0j)
-15.124929527725754	-228.76349321867042	-7.957051436318864e-05	-228.76357278918496	0.0	(-228.76357278918496+0j)
-14.167265526777056	-200.7114125062056	-7.956954200466726e-05	-200.71149207574703	0.0	(-200.71149207574703+0j)
-13.276985379977278	-176.27834078013038	-7.956844293004469e-05	-176.2784203485733	0.0	(-176.2784203485733+0j)
-12.448793450250946	-154.97245836701086	-7.956720166026805e-05	-154.9725379342125	0.0	(-154.9725379342125+0j)
-11.677856901564464	-136.3723418134168	-7.956580092850608e-05	-136.37242137921737	0.0	(-136.37242137921737+0j)
-10.95976108587141	-120.11636305938127	-7.956422148250601e-05	-120.1164426236028	0.0	(-120.1164426236028+0j)
-10.290469633179846	-105.89376527139656	-7.956244186571258e-05	-105.8938448338389	0.0	(-105.8938448338389+0j)
-9.66628870682596	-93.43713736371107	-7.956043817489389e-05	-93.43721692414961	0.0	(-93.43721692414961+0j)
-9.083834952317964	-82.51605744095352	-7.955818379177864e-05	-82.51613699913676	0.0	(-82.51613699913676+0j)
-8.54000672565172	-72.9317148741766	-7.955564908594293e-05	-72.93179442982623	0.0	(-72.93179442982623+0j)
-8.031958237018966	-64.51235312121682	-7.955280108588976e-05	-64.51243267401783	0.0	(-64.51243267401783+0j)
-7.55707628938072	-57.10940204352027	-7.954960311493685e-05	-57.10948159312341	0.0	(-57.10948159312341+0j)
-7.112959329349116	-50.59419042097463	-7.954601438816579e-05	-50.59426996698888	0.0	(-50.59426996698888+0j)
-6.697398560975816	-44.85514748456093	-7.954198956628264e-05	-44.85522702655039	0.0	(-44.85522702655039+0j)
-6.308360902032065	-39.795417270286805	-7.953747826179363e-05	-39.79549680776499	0.0	(-39.79549680776499+0j)
-5.943973587744939	-35.33082201180944	-7.953242449240368e-05	-35.330901544233946	0.0	(-35.330901544233946+0j)
-5.602510249202979	-31.388121092424424	-7.952676607599513e-05	-31.3882006191905	0.0	(-31.3882006191905+0j)
-5.282378313174805	-27.903520643499498	-7.952043396093275e-05	-27.90360016393337	0.0	(-27.90360016393337+0j)
-4.9821075872492955	-24.821396010926996	-7.951335148476262e-05	-24.82147552427846	0.0	(-24.82147552427846+0j)
-4.700339909312186	-22.09319526307289	-7.950543355361711e-05	-22.09327476850651	0.0	(-22.09327476850651+0j)
-4.435819753682888	-19.676496887163317	-7.949658573380103e-05	-19.67657638374925	0.0	(-19.67657638374925+0j)
-4.1873856979766995	-17.53419898361981	-7.948670324610086e-05	-17.534278470323873	0.0	(-17.534278470323873+0j)
-3.9539626651260744	-15.63382075721089	-7.947566985232234e-05	-15.633900232883526	0.0	(-15.633900232883526+0j)
-3.734554864163536	-13.946900033447527	-7.946335662240895e-05	-13.94697949681178	0.0	(-13.94697949681178+0j)
-3.528239361484268	-12.448472991926915	-7.94496205692093e-05	-12.448552441566223	0.0	(-12.448552441566223+0j)
-3.3341602214984007	-11.116624382622264	-7.943430313653313e-05	-11.116703816966247	0.0	(-11.116703816966247+0j)
-3.151523161963152	-9.932098240390223	-7.941722852454394e-05	-9.93217765769868	0.0	(-9.93217765769868+0j)
-2.979590674951364	-8.877960590257125	-7.93982018347636e-05	-8.878039988601358	0.0	(-8.878039988601358+0j)
-2.817677569449973	-7.939306885381509	-7.93770070149885e-05	-7.939386262622179	0.0	(-7.939386262622179+0j)
-2.665146896065137	-7.103007977605635	-7.935340458221388e-05	-7.1030873313667655	0.0	(-7.1030873313667655+0j)
-2.5214062183038766	-6.357489317701456	-7.932712909920733e-05	-6.357568645341361	0.0	(-6.357568645341361+0j)
-2.385904198463431	-5.692538844245427	-7.929788637763075e-05	-5.692618142823966	0.0	(-5.692618142823966+0j)
-2.2581274693377993	-5.0991396677779335	-7.926535037755212e-05	-5.099218934021619	0.0	(-5.099218934021619+0j)
-2.137597765790962	-4.569324208314513	-7.922915976977235e-05	-4.569403438579207	0.0	(-4.569403438579207+0j)
-2.0238692927857462	-4.096046914281077	-7.918891412357783e-05	-4.09612610451238	0.0	(-4.09612610451238+0j)
-1.9165263087306865	-3.6730730920568706	-7.914416967826616e-05	-3.6731522377480874	0.0	(-3.6731522377480874+0j)
-1.815180905043742	-3.2948817180354184	-7.909443465202605e-05	-3.2949608141817235	0.0	(-3.2949608141817235+0j)
-1.7194709646582271	-2.956580398302694	-7.903916403642328e-05	-2.9566594393512946	0.0	(-2.9566594393512946+0j)
-1.6290582838353405	-2.653830892132545	-7.89777538187793e-05	-2.6539098719267535	0.0	(-2.6539098719267535+0j)
-1.5436268431202735	-2.3827838308014617	-7.890953456805421e-05	-2.382862742518018	0.0	(-2.382862742518018+0j)
-1.462881214602596	-2.1400214480371664	-7.883376431236891e-05	-2.140100284115168	0.0	(-2.140100284115168+0j)
-1.3865450938329436	-1.9225072972322061	-7.8749620627925e-05	-1.922586049292975	0.0	(-1.922586049292975+0j)
-1.3143599458206694	-1.727542067177713	-7.865619184969166e-05	-1.7276207259348875	0.0	(-1.7276207259348875+0j)
-1.2460837555040882	-1.5527247257311723	-7.855246730369894e-05	-1.5528032808912697	0.0	(-1.5528032808912697+0j)
-1.1814898739569442	-1.3959183222627958	-7.843732644896303e-05	-1.395996762414233	0.0	(-1.395996762414233+0j)
-1.1203659523821103	-1.2552198672570731	-7.830952680380713e-05	-1.2552981797459999	0.0	(-1.2552981797459999+0j)
-1.0625129566546487	-1.1289337830590034	-7.816769051644705e-05	-1.1290119538555465	0.0	(-1.1290119538555465+0j)
-1.0077442558194685	-1.0155484851371344	-7.801028942297495e-05	-1.0156264986829378	0.0	(-1.0156264986829378+0j)
-0.9558847785305477	-0.9137157098263942	-7.783562841705876e-05	-0.9137935488685717	0.0	(-0.9137935488685717+0j)
-0.9067702319455068	-0.8222322535425082	-7.764182693451104e-05	-0.8223098989473321	0.0	(-0.8223098989473321+0j)
-0.860246378066594	-0.7400238309766933	-7.742679833206156e-05	-0.7401012615247969	0.0	(-0.7401012615247969+0j)
-0.8161683629520028	-0.6661307966837522	-7.718822691284818e-05	-0.6662079888392721	0.0	(-0.6662079888392721+0j)
-0.7744000946141033	-0.5996955065383321	-7.692354232092174e-05	-0.5997724341954173	0.0	(-0.5997724341954173+0j)
-0.7348136657778305	-0.5399511234138531	-7.662989099300179e-05	-0.5400277576131747	0.0	(-0.5400277576131747+0j)
-0.6972888179964442	-0.4862116957028782	-7.630410431734958e-05	-0.4862880043168349	0.0	(-0.4862880043168349+0j)
-0.6617124439165367	-0.43786335843399576	-7.594266310681025e-05	-0.4379393058150416	0.0	(-0.4379393058150416+0j)
-0.6279781247521798	-0.3943565251672643	-7.554165794835593e-05	-0.39443207175857103	0.0	(-0.39443207175857103+0j)
-0.5959857002722037	-0.355198954928949	-7.509674496154216e-05	-0.3552740568293778	0.0	(-0.3552740568293778+0j)
-0.5656408688269104	-0.3199495924872621	-7.460309655459637e-05	-0.3200242009677926	0.0	(-0.3200242009677926+0j)
-0.5368548151432363	-0.2882130925424784	-7.40553471373497e-05	-0.2882871535073024	0.0	(-0.2882871535073024+0j)
-0.5095438638022581	-0.2596349491385342	-7.344753498498538e-05	-0.25970840253015437	0.0	(-0.25970840253015437+0j)
-0.48362915648172516	-0.233897160999225	-7.277304452319984e-05	-0.2339699401425108	0.0	(-0.2339699401425108+0j)
-0.4590363512003972	-0.2107143717233744	-7.20245593736809e-05	-0.21078640262632833	0.0	(-0.21078640262632833+0j)
-0.4356953419418585	-0.189830430989833	-7.119404599136987e-05	-0.18990163162460935	0.0	(-0.18990163162460935+0j)
-0.4135399971642477	-0.17101532925460602	-7.027279905097513e-05	-0.17108560888628674	0.0	(-0.17108560888628674+0j)
-0.3925079158202078	-0.15406246398152332	-6.925158852207938e-05	-0.15413172264275488	0.0	(-0.15413172264275488+0j)
-0.3725401996192189	-0.13878620033232747	-6.812094838643878e-05	-0.1388543285859113	0.0	(-0.1388543285859113+0j)
-0.3535812403633112	-0.12501969353685763	-6.687163299648882e-05	-0.12508657269641388	0.0	(-0.12508657269641388+0j)
-0.33557852127769894	-0.11261294394292704	-6.549523840669762e-05	-0.11267844691351878	0.0	(-0.11267844691351878+0j)
-0.3184824313409429	-0.1014310590728384	-6.398494812392615e-05	-0.10149505193789729	0.0	(-0.10149505193789729+0j)
-0.30224609169542305	-0.09135269994515807	-6.233632603764349e-05	-0.09141504434516343	0.0	(-0.09141504434516343+0j)
-0.28682519328887324	-0.0822686915051995	-6.0548055203276084e-05	-0.08232924775592178	0.0	(-0.08232924775592178+0j)
-0.2721778449619495	-0.07408077928813103	-5.86225175229408e-05	-0.07413941007834908	0.0	(-0.07413941007834908+0j)
-0.25826443125586596	-0.06670051645191591	-5.656612767913586e-05	-0.06675709087428072	0.0	(-0.06675709087428072+0j)
-0.245047479268394	-0.06004826709579398	-5.438936997397262e-05	-0.06010266471466449	0.0	(-0.06010266471466449+0j)
-0.23249153393647595	-0.05405231335213555	-5.210652993683812e-05	-0.05410442800362268	0.0	(-0.05410442800362268+0j)
-0.22056304116963918	-0.04864805512999995	-4.973515381577221e-05	-0.04869779818046892	0.0	(-0.04869779818046892+0j)
-0.20923023830074364	-0.04377729261938597	-4.729530056575596e-05	-0.043824595477643814	0.0	(-0.043824595477643814+0j)
-0.19846305135955922	-0.03938758275494704	-4.4808668530320195e-05	-0.0394323985115091	0.0	(-0.0394323985115091+0j)
-0.18823299871062807	-0.03543166180359531	-4.229768228461618e-05	-0.03547396595943532	0.0	(-0.03547396595943532+0j)
-0.17851310062998804	-0.03186692709653224	-3.9784616534192525e-05	-0.0319067174172024	0.0	(-0.0319067174172024+0j)
-0.16927779442592875	-0.028654971685706992	-3.729081753832219e-05	-0.02869226727984203	0.0	(-0.02869226727984203+0j)
-0.160502854737154	-0.02576116637877596	-3.4836062510922e-05	-0.025796006138924604	0.0	(-0.025796006138924604+0j)
-0.15216531866780414	-0.02315428420527438	-3.243807747823577e-05	-0.023186724767860333	0.0	(-0.023186724767860333+0j)
-0.14424341544285674	-0.020806162898620563	-3.0112216691627528e-05	-0.02083627628242559	0.0	(-0.02083627628242559+0j)
-0.13671650028969154	-0.018691401451461226	-2.787129329985763e-05	-0.018719272523850364	0.0	(-0.018719272523850364+0j)
-0.1295649922721751	-0.016787087222488794	-2.5725541983687668e-05	-0.01681281112446386	0.0	(-0.01681281112446386+0j)
-0.12277031582266912	-0.01507255044719792	-2.36826893461158e-05	-0.015096230081849439	0.0	(-0.015096230081849439+0j)
-0.11631484573498085	-0.013529143338352393	-2.1748106321956497e-05	-0.013550887005452417	0.0	(-0.013550887005452417+0j)
-0.11018185539759218	-0.012140041258855913	-1.9925017844707472e-05	-0.01215996049539678	0.0	(-0.01215996049539678+0j)
-0.10435546806162035	-0.010890063714359867	-1.8214747622625746e-05	-0.01090827137843442	0.0	(-0.01090827137843442+0j)
-0.09882061095196068	-0.009765513148918771	-1.6616979382816723e-05	-0.009782121764800334	0.0	(-0.009782121764800334+0j)
-0.09356297204305676	-0.00875402973752982	-1.5130019759356178e-05	-0.008769150108246056	0.0	(-0.008769150108246056+0j)
-0.0885689593327743	-0.007844460557290628	-1.3751051716981911e-05	-0.007858200636251077	0.0	(-0.007858200636251077+0j)
-0.08382566245903932	-0.007026741686696794	-1.2476370756141307e-05	-0.00703920568998688	0.0	(-0.00703920568998688+0j)
-0.07932081651426165	-0.006291791932489164	-1.1301599001401973e-05	-0.006303079671881283	0.0	(-0.006303079671881283+0j)
-0.0750427679222047	-0.005631417017425875	-1.0221874587321026e-05	-0.005641623426505723	0.0	(-0.005641623426505723+0j)
-0.0709804422509	-0.00503822318213335	-9.232015538802398e-06	-0.005047438008593564	0.0	(-0.005047438008593564+0j)
-0.06712331384352481	-0.0045055392613363296	-8.326658648510291e-06	-0.004513846899905658	0.0	(-0.004513846899905658+0j)
-0.0634613771568843	-0.004027346390648316	-7.5003747521571256e-06	-0.004034825829924358	0.0	(-0.004034825829924358+0j)
-0.05998511970433099	-0.0035982145859429185	-6.747762369008681e-06	-0.0036049394480224283	0.0	(-0.0036049394480224283+0j)
-0.05668549650663827	-0.0032132455142040994	-6.063521982435476e-06	-0.003219284164948768	0.0	(-0.003219284164948768+0j)
-0.05355390596056924	-0.0028680208436334936	-5.442513348928504e-06	-0.002873436557065227	0.0	(-0.002873436557065227+0j)
-0.05058216704067513	-0.002558555622530761	-4.879798199001508e-06	-0.0025634067838879782	0.0	(-0.0025634067838879782+0j)
-0.047762497755255276	-0.002281256191820765	-4.370670574908517e-06	-0.0022855965283294934	0.0	(-0.0022855965283294934+0j)
-0.04508749478243518	-0.0020328821857561194	-3.910676873459824e-06	-0.0020367610135664732	0.0	(-0.0020367610135664732+0j)
-0.042550114217009244	-0.0018105122198805322	-3.49562745416733e-06	-0.0018139747009625388	0.0	(-0.0018139747009625388+0j)
-0.04014365336305857	-0.0016115129053334038	-3.1216014530001046e-06	-0.001614600307494385	0.0	(-0.001614600307494385+0j)
-0.0378617335114335	-0.0014335108644908067	-2.7849462237753213e-06	-0.001436260820327776	0.0	(-0.001436260820327776+0j)
-0.03569828364498796	-0.0012743674551980151	-2.4822726216369023e-06	-0.001276814216316394	0.0	(-0.001276814216316394+0j)
-0.03364752501800358	-0.001132155939837177	-2.2104471516681825e-06	-0.0011343306237755065	0.0	(-0.0011343306237755065+0j)
-0.03170395655955184	-0.00100514086152995	-1.9665818333137673e-06	-0.0010070716899676015	0.0	(-0.0010070716899676015+0j)
-0.02986234105363739	-0.0008917594132037571	-1.7480224790041021e-06	-0.0008934719392122324	0.0	(-0.0008934719392122324+0j)
-0.028117692051853972	-0.000790604606322892	-1.552335952973577e-06	-0.0007921219304714361	0.0	(-0.0007921219304714361+0j)
-0.026465261476987124	-0.0007004100650452986	-1.3772968627080024e-06	-0.0007017530398163948	0.0	(-0.0007017530398163948+0j)
-0.02490052787852009	-0.0006200362886289562	-1.2208740392614937e-06	-0.0006212237104191307	0.0	(-0.0006212237104191307+0j)
-0.023419185303362566	-0.0005484582402732332	-1.0812170820783536e-06	-0.0005495070289212721	0.0	(-0.0005495070289212721+0j)
-0.022017132747327733	-0.00048475413441345124	-9.56643177146138e-07	-0.00048567950072956115	0.0	(-0.00048567950072956115+0j)
-0.020690464154952067	-0.00042809530694735634	-8.456243424603827e-07	-0.00042891090844318966	0.0	(-0.00042891090844318966+0j)
-0.019435458937183434	-0.00037773706409894344	-7.46775210256484e-07	-0.00037845514860986197	0.0	(-0.00037845514860986197+0j)
-0.01824857297827658	-0.00033301041574348614	-6.588414196637138e-07	-0.00033364195432128673	0.0	(-0.00033364195432128673+0j)
-0.017126430104928456	-0.00029331460813899975	-5.80688664987561e-07	-0.0002938694169994069	0.0	(-0.0002938694169994069+0j)
-0.016065813992276398	-0.0002581103792344241	-5.112924225281202e-07	-0.00025859723179378496	0.0	(-0.00025859723179378496+0j)
-0.015063660482869518	-0.00022691386714316473	-4.4972836158313494e-07	-0.00022734059631782428	0.0	(-0.00022734059631782428+0j)
-0.014117050296120103	-0.00019929110906318469	-3.951634321930353e-07	-0.00019966470088472464	0.0	(-0.00019966470088472464+0j)
-0.013223202107049626	-0.00017485307396388166	-3.468476124465769e-07	-0.00017517975255563266	0.0	(-0.00017517975255563266+0j)
-0.012379465974371456	-0.0001532511778106206	-3.041062911851578e-07	-0.0001535364829214769	0.0	(-0.0001535364829214769+0j)
-0.011583317099103468	-0.00013417323501838278	-2.663332570734811e-07	-0.00013442209223397134	0.0	(-0.00013442209223397134+0j)
-0.010832349895984403	-0.0001173398042690333	-2.3298426190809797e-07	-0.00011755658860647908	0.0	(-0.00011755658860647908+0j)
-0.01012427236098149	-0.00010250089083933371	-2.0357112426594438e-07	-0.00010268948435791939	0.0	(-0.00010268948435791939+0j)
-0.009456900719129625	-8.943297121147441e-05	-1.776563388289354e-07	-8.959681504931037e-05	0.0	(-8.959681504931037e-05+0j)
-0.008828154337836165	-7.793630901265549e-05	-1.5484815679145392e-07	-7.807845020435803e-05	0.0	(-7.807845020435803e-05+0j)
-0.008236050891625806	-6.783253428945023e-05	-1.347961034320333e-07	-6.795566817588822e-05	0.0	(-6.795566817588822e-05+0j)
-0.007678701765089409	-5.896246079718721e-05	-1.1718689990614095e-07	-5.906896895615483e-05	0.0	(-5.906896895615483e-05+0j)
-0.0071543076815425944	-5.1184118402179374e-05	-1.0174075779079139e-07	-5.1276102926787815e-05	0.0	(-5.1276102926787815e-05+0j)
-0.006661154545597571	-4.437097988033519e-05	-8.820801639664034e-08	-4.445029409779674e-05	0.0	(-4.445029409779674e-05+0j)
-0.006197609488507706	-3.841036337204075e-05	-7.636609464789502e-08	-3.8478639388754534e-05	0.0	(-3.8478639388754534e-05+0j)
-0.0057621171057614	-3.3201993540508135e-05	-6.601673090411708e-08	-3.326066696445866e-05	0.0	(-3.326066696445866e-05+0j)
-0.0053531958769825255	-2.865670609734271e-05	-5.6983486118600274e-08	-2.870703815676748e-05	0.0	(-2.870703815676748e-05+0j)
-0.004969434758740924	-2.4695281821382467e-05	-4.9109487199050506e-08	-2.4738379156616137e-05	0.0	(-2.4738379156616137e-05+0j)
-0.004609489941391005	-2.124739751978485e-05	-4.225538934310436e-08	-2.1284229880774553e-05	0.0	(-2.1284229880774553e-05+0j)
-0.0042720817615405915	-1.8250682577287762e-05	-3.629753757561361e-08	-1.828209861563159e-05	0.0	(-1.828209861563159e-05+0j)
-0.0039559917622083995	-1.5649870822660718e-05	-3.112630950763418e-08	-1.5676612185746862e-05	0.0	(-1.5676612185746862e-05+0j)
-0.0036600598931579927	-1.3396038421503697e-05	-2.6644622441729383e-08	-1.3418752320860495e-05	0.0	(-1.3418752320860495e-05+0j)
-0.0033831818443010794	-1.1445919391608453e-05	-2.2766589835576667e-08	-1.1465169782431078e-05	0.0	(-1.1465169782431078e-05+0j)
-0.0031243065054442727	-9.761291139961403e-06	-1.9416312757591926e-08	-9.777568674155703e-06	0.0	(-9.777568674155703e-06+0j)
-0.002882433546013246	-8.308423147182496e-06	-1.6526794044402493e-08	-8.322154017429728e-06	0.0	(-8.322154017429728e-06+0j)
-0.002656611108727132	-7.0575825830124014e-06	-1.4038963014328943e-08	-7.069136372233396e-06	0.0	(-7.069136372233396e-06+0j)
-0.002445933611515869	-5.982591231943063e-06	-1.1900800434005988e-08	-5.992287877233919e-06	0.0	(-5.992287877233919e-06+0j)
-0.0022495396522746736	-5.060428647156059e-06	-1.0066553901566523e-08	-5.068544607681068e-06	0.0	(-5.068544607681068e-06+0j)
-0.002066610011334495	-4.270876938947961e-06	-8.49603489783135e-09	-4.277650653287879e-06	0.0	(-4.277650653287879e-06+0j)
-0.0018963657467957085	-3.5962030456200454e-06	-7.153989933783578e-09	-3.601839758073398e-06	0.0	(-3.601839758073398e-06+0j)
-0.0017380663781257771	-3.0208747347712567e-06	-6.009536779316705e-09	-3.025550752692487e-06	0.0	(-3.025550752692487e-06+0j)
-0.0015910081536608437	-2.5313069450152867e-06	-5.0356627312453385e-09	-2.5351733948349387e-06	0.0	(-2.5351733948349387e-06+0j)
-0.0014545223978770908	-2.1156354059261222e-06	-4.208774484482092e-09	-2.1188215384482764e-06	0.0	(-2.1188215384482764e-06+0j)
-0.0013279739345110403	-1.7635147707407326e-06	-3.508298185295189e-09	-1.766130869430088e-06	0.0	(-1.766130869430088e-06+0j)
-0.0012107595818094715	-1.4659387649434463e-06	-2.9163212289518017e-09	-1.4680786967793446e-06	0.0	(-1.4680786967793446e-06+0j)
-0.0011023067163799707	-1.2150800969763931e-06	-2.4172761570184775e-09	-1.216823551569456e-06	0.0	(-1.216823551569456e-06+0j)
-0.0010020719022930335	-1.004148097365179e-06	-1.9976557297241015e-09	-1.0055625445706396e-06	0.0	(-1.0055625445706396e-06+0j)
-0.0009095395822565875	-8.272622516914876e-07	-1.6457633478239587e-09	-8.284046534121369e-07	0.0	(-8.284046534121369e-07+0j)
-0.0008242208278445368	-6.793399730527336e-07	-1.3514885210952344e-09	-6.802582756132905e-07	0.0	(-6.802582756132905e-07+0j)
-0.0007456521459127605	-5.559971227043046e-07	-1.106111113813313e-09	-5.567315576287294e-07	0.0	(-5.567315576287294e-07+0j)
-0.0006733943384796818	-4.5345993509648824e-07	-9.021228208894172e-10	-4.5404414642944275e-07	0.0	(-4.5404414642944275e-07+0j)
-0.000607031413484299	-3.684871369567459e-07	-7.330768880819961e-10	-3.689491629811948e-07	0.0	(-3.689491629811948e-07+0j)
-0.000546169543963045	-2.983011707528005e-07	-5.934481350777788e-10	-2.98664290805859e-07	0.0	(-2.98664290805859e-07+0j)
-0.0004904360733083383	-2.4052754200210173e-07	-4.785121632266965e-10	-2.408110070912598e-07	0.0	(-2.408110070912598e-07+0j)
-0.00043947856438664076	-1.9314140855534275e-07	-3.8424161630246093e-10	-1.933610731098624e-07	0.0	(-1.933610731098624e-07+0j)
-0.0003929638904025911	-1.5442061916033963e-07	-3.072088361477654e-10	-1.5458947983142186e-07	0.0	(-1.5458947983142186e-07+0j)
-0.0003505773654986986	-1.2290448920000812e-07	-2.445119662297657e-10	-1.2303315442051693e-07	0.0	(-1.2303315442051693e-07+0j)
-0.00031202191317746496	-9.735767430292548e-08	-1.9368826542631724e-10	-9.745475124811121e-08	0.0	(-9.745475124811121e-08+0j)
-0.0002770172707249694	-7.6738568279911e-08	-1.5266721220541513e-10	-7.68110071234959e-08	0.0	(-7.68110071234959e-08+0j)
-0.0002452992279021977	-6.017171120941433e-08	-1.1971224012086168e-10	-6.02250950061924e-08	0.0	(-6.02250950061924e-08+0j)
-0.0002166188982529601	-4.692374708032628e-08	-9.335394679510501e-11	-4.696251852522824e-08	0.0	(-4.696251852522824e-08+0j)
-0.0001907420214554094	-3.638251874889586e-08	-7.237872523546686e-11	-3.641019910383565e-08	0.0	(-3.641019910383565e-08+0j)
-0.00016744829521816445	-2.8038931571469557e-08	-5.578613126999699e-11	-2.8058300204575697e-08	0.0	(-2.8058300204575697e-08+0j)
-0.00014653073529208012	-2.1471256385237655e-08	-4.271214493201115e-11	-2.1484456768547224e-08	0.0	(-2.1484456768547224e-08+0j)
-0.00012779506223501428	-1.6331577931651172e-08	-3.249169822083786e-11	-1.6340288909613897e-08	0.0	(-1.6340288909613897e-08+0j)
-0.00011105911362970324	-1.2334126720215337e-08	-2.453361958032474e-11	-1.233961158783248e-08	0.0	(-1.233961158783248e-08+0j)
-9.615228051426744e-05	-9.245261048094373e-09	-1.8394530343357475e-11	-9.24849287463524e-09	0.0	(-9.24849287463524e-09+0j)
-8.291496684110361e-05	-6.874891726261311e-09	-1.3642420526593924e-11	-6.876544778460308e-09	0.0	(-6.876544778460308e-09+0j)
-7.119807083313464e-05	-5.069165290360057e-09	-1.0049916454590858e-11	-5.069801573599512e-09	0.0	(-5.069801573599512e-09+0j)
-6.086248715675114e-05	-3.704242342905697e-09	-7.366907084360718e-12	-3.704273031577474e-09	0.0	(-3.704273031577474e-09+0j)
-5.17786288784268e-05	-2.681026408529854e-09	-5.366018740460277e-12	-2.980310399269298e-09	0.0	(-2.980310399269298e-09+0j)
-4.3825968217060246e-05	-1.920715490162775e-09	-3.819877747446299e-12	-2.680720273667329e-09	0.0	(-2.680720273667329e-09+0j)
-3.6892595146728075e-05	-1.3610635766603839e-09	-2.5465851649641993e-12	-1.9201869642214508e-09	0.0	(-1.9201869642214508e-09+0j)
-3.087479294483286e-05	-9.532528393863009e-10	-1.8189894035458565e-12	-1.4903031597523592e-09	0.0	(-1.4903031597523592e-09+0j)
-2.5676629818726766e-05	-6.592893188479286e-10	-1.4551915228366853e-12	-1.3603063910879275e-09	0.0	(-1.3603063910879275e-09+0j)
-2.1209565779881526e-05	-4.498456805711214e-10	-7.275957614183426e-13	-9.525860321010477e-10	0.0	(-9.525860321010477e-10+0j)
-1.7392073968665132e-05	-3.0248423693151933e-10	-0.0	-6.588930803030129e-10	0.0	(-6.588930803030129e-10+0j)
-1.4149275664870152e-05	-2.0020200184048667e-10	-0.0	-4.49210078765825e-10	0.0	(-4.49210078765825e-10+0j)
-1.1412588249403693e-05	-1.3024717055042725e-10	-0.0	-3.014929407805939e-10	0.0	(-3.014929407805939e-10+0j)
-9.119385411082103e-06	-8.316319027585709e-11	-0.0	-1.99490144576781e-10	0.0	(-1.99490144576781e-10+0j)
-7.2126689193504125e-06	-5.2022592940163444e-11	-0.0	-1.297442039701354e-10	0.0	(-1.297442039701354e-10+0j)
-5.640751309042278e-06	-3.181807533046217e-11	-5.820766091346741e-12	-9.648644228023891e-11	0.0	(-9.648644228023891e-11+0j)
-4.356948847079349e-06	-1.8983003256066066e-11	-0.0	-8.280893869880272e-11	0.0	(-8.280893869880272e-11+0j)
-3.319284173343958e-06	-1.1017647423411682e-11	-0.0	-5.1784531208467324e-11	0.0	(-5.1784531208467324e-11+0j)
-2.490198028906501e-06	-6.201086223169823e-12	-0.0	-3.7468439592879137e-11	0.0	(-3.7468439592879137e-11+0j)
-1.8362695044051077e-06	-3.37188569280818e-12	-9.313225746154786e-11	-1.8877330497237382e-11	0.0	(-1.8877330497237382e-11+0j)
-1.327944259712838e-06	-1.7634359569042771e-12	-0.0	-1.0948447454762252e-11	0.0	(-1.0948447454762252e-11+0j)
-9.392701831356639e-07	-8.822284769277035e-13	-0.0	-6.156520487027027e-12	0.0	(-6.156520487027027e-12+0j)
-6.476399743085322e-07	-4.194375363223562e-13	-0.0	-1.7489210191305695e-12	0.0	(-1.7489210191305695e-12+0j)
-4.335401497390365e-07	-1.8795706143574622e-13	-1.4901161193847657e-09	-8.737354932181554e-13	0.0	(-8.737354932181554e-13+0j)
-2.803059836278583e-07	-7.857144445758116e-14	-2.9802322387695314e-09	-4.1465515931372437e-13	0.0	(-4.1465515931372437e-13+0j)
-1.7388190920813872e-07	-3.0234918349867396e-14	-0.0	-2.97687008588495e-14	0.0	(-2.97687008588495e-14+0j)
-1.0258691742558233e-07	-1.0524075626883247e-14	-0.0	-1.033380713439257e-14	0.0	(-1.033380713439257e-14+0j)
-5.688450035767943e-08	-3.2358463809428313e-15	-0.0	-9.597483897176216e-15	-4.80195550461616e-15	(-9.597483897176216e-15-4.80195550461616e-15j)
-2.9156696371674027e-08	-8.501129433099893e-16	-0.0	-9.597483897176216e-15	4.80195550461616e-15	(-9.597483897176216e-15+4.80195550461616e-15j)
-1.3481802671836336e-08	-1.8175900328233338e-16	-0.0	-7.538007622599858e-15	0.0	(-7.538007622599858e-15+0j)
-5.415328609768432e-09	-2.9325783951776495e-17	-0.0	-4.149719563442669e-15	0.0	(-4.149719563442669e-15+0j)
-1.7737699469539985e-09	-3.146259824717191e-18	-0.0	-3.1627317479759858e-15	0.0	(-3.1627317479759858e-15+0j)
-4.207901842403266e-10	-1.77064379153008e-19	-0.0	-2.3643480005531104e-15	0.0	(-2.3643480005531104e-15+0j)
-5.5400123770578256e-11	-3.0691737137953898e-21	-0.0	-8.261801828273686e-16	0.0	(-8.261801828273686e-16+0j)
-1.7310181340867264e-12	-2.9964237805370918e-24	-0.0	-1.752595283772529e-16	0.0	(-1.752595283772529e-16+0j)
1.7310181340867264e-12	2.9964237805370918e-24	0.0	-2.7953144243752426e-17	0.0	(-2.7953144243752426e-17+0j)
5.5400123770578256e-11	3.0691737137953898e-21	0.0	-2.9404226889450716e-18	0.0	(-2.9404226889450716e-18+0j)
4.207901842403266e-10	1.77064379153008e-19	0.0	-1.5931065281086966e-19	0.0	(-1.5931065281086966e-19+0j)
1.7737699469539985e-09	3.146259824717191e-18	0.0	-2.4125531354461977e-21	0.0	(-2.4125531354461977e-21+0j)
5.415328609768432e-09	2.9325783951776495e-17	0.0	3.426700493177759e-23	0.0	(3.426700493177759e-23+0j)
1.3481802671836336e-08	1.8175900328233338e-16	0.0	3.0210822301451427e-15	-4.314847131236912e-15	(3.0210822301451427e-15-4.314847131236912e-15j)
2.9156696371674027e-08	8.501129433099893e-16	0.0	3.0210822301451427e-15	4.314847131236912e-15	(3.0210822301451427e-15+4.314847131236912e-15j)
5.688450035767943e-08	3.2358463809428313e-15	0.0	7.084543129954447e-15	0.0	(7.084543129954447e-15+0j)
1.0258691742558233e-07	1.0524075626883247e-14	0.0	1.0451944641355472e-14	0.0	(1.0451944641355472e-14+0j)
1.7388190920813872e-07	3.0234918349867396e-14	0.0	3.177613299547999e-14	0.0	(3.177613299547999e-14+0j)
2.803059836278583e-07	7.857144445758116e-14	2.9802322387695314e-09	4.046595513744564e-13	0.0	(4.046595513744564e-13+0j)
4.335401497390365e-07	1.8795706143574622e-13	1.4901161193847657e-09	8.544634875429341e-13	0.0	(8.544634875429341e-13+0j)
6.476399743085322e-07	4.194375363223562e-13	0.0	1.7488925322422937e-12	0.0	(1.7488925322422937e-12+0j)
9.392701831356639e-07	8.822284769277035e-13	0.0	6.145557600135999e-12	0.0	(6.145557600135999e-12+0j)
1.327944259712838e-06	1.7634359569042771e-12	0.0	1.094396160744176e-11	0.0	(1.094396160744176e-11+0j)
1.8362695044051077e-06	3.37188569280818e-12	9.313225746154786e-11	1.8881597433205487e-11	0.0	(1.8881597433205487e-11+0j)
2.490198028906501e-06	6.201086223169823e-12	0.0	3.746455898843141e-11	0.0	(3.746455898843141e-11+0j)
3.319284173343958e-06	1.1017647423411682e-11	0.0	5.178482396553484e-11	0.0	(5.178482396553484e-11+0j)
4.356948847079349e-06	1.8983003256066066e-11	0.0	8.281616320942007e-11	0.0	(8.281616320942007e-11+0j)
5.640751309042278e-06	3.181807533046217e-11	5.820766091346741e-12	9.647447420204927e-11	0.0	(9.647447420204927e-11+0j)
7.2126689193504125e-06	5.2022592940163444e-11	0.0	1.2972804331523048e-10	0.0	(1.2972804331523048e-10+0j)
9.119385411082103e-06	8.316319027585709e-11	0.0	1.9949373761725883e-10	0.0	(1.9949373761725883e-10+0j)
1.1412588249403693e-05	1.3024717055042725e-10	0.0	3.0148361913981847e-10	0.0	(3.0148361913981847e-10+0j)
1.4149275664870152e-05	2.0020200184048667e-10	0.0	4.4921704149566246e-10	0.0	(4.4921704149566246e-10+0j)
1.7392073968665132e-05	3.0248423693151933e-10	0.0	6.588861953332445e-10	0.0	(6.588861953332445e-10+0j)
2.1209565779881526e-05	4.498456805711214e-10	7.275957614183426e-13	9.525847336129138e-10	0.0	(9.525847336129138e-10+0j)
2.5676629818726766e-05	6.592893188479286e-10	1.4551915228366853e-12	1.360309650757992e-09	0.0	(1.360309650757992e-09+0j)
3.087479294483286e-05	9.532528393863009e-10	1.8189894035458565e-12	1.4903092728985607e-09	0.0	(1.4903092728985607e-09+0j)
3.6892595146728075e-05	1.3610635766603839e-09	2.5465851649641993e-12	1.920193942591513e-09	0.0	(1.920193942591513e-09+0j)
4.3825968217060246e-05	1.920715490162775e-09	3.819877747446299e-12	2.68071973392828e-09	0.0	(2.68071973392828e-09+0j)
5.17786288784268e-05	2.681026408529854e-09	5.366018740460277e-12	2.9803174340730074e-09	0.0	(2.9803174340730074e-09+0j)
6.086248715675114e-05	3.704242342905697e-09	7.366907084360718e-12	3.7042731605959246e-09	0.0	(3.7042731605959246e-09+0j)
7.119807083313464e-05	5.069165290360057e-09	1.0049916454590858e-11	5.0698031836188115e-09	0.0	(5.0698031836188115e-09+0j)
8.291496684110361e-05	6.874891726261311e-09	1.3642420526593924e-11	6.876541880970141e-09	0.0	(6.876541880970141e-09+0j)
9.615228051426744e-05	9.245261048094373e-09	1.8394530343357475e-11	9.248489746497233e-09	0.0	(9.248489746497233e-09+0j)
0.00011105911362970324	1.2334126720215337e-08	2.453361958032474e-11	1.2339604805520362e-08	0.0	(1.2339604805520362e-08+0j)
0.00012779506223501428	1.6331577931651172e-08	3.249169822083786e-11	1.6340285071365382e-08	0.0	(1.6340285071365382e-08+0j)
0.00014653073529208012	2.1471256385237655e-08	4.271214493201115e-11	2.1484457735408317e-08	0.0	(2.1484457735408317e-08+0j)
0.00016744829521816445	2.8038931571469557e-08	5.578613126999699e-11	2.8058298676750752e-08	0.0	(2.8058298676750752e-08+0j)
0.0001907420214554094	3.638251874889586e-08	7.237872523546686e-11	3.641019627824624e-08	0.0	(3.641019627824624e-08+0j)
0.0002166188982529601	4.692374708032628e-08	9.335394679510501e-11	4.6962523748434426e-08	0.0	(4.6962523748434426e-08+0j)
0.0002452992279021977	6.017171120941433e-08	1.1971224012086168e-10	6.022509625454955e-08	0.0	(6.022509625454955e-08+0j)
0.0002770172707249694	7.6738568279911e-08	1.5266721220541513e-10	7.68110026185534e-08	0.0	(7.68110026185534e-08+0j)
0.00031202191317746496	9.735767430292548e-08	1.9368826542631724e-10	9.745475354785638e-08	0.0	(9.745475354785638e-08+0j)
0.0003505773654986986	1.2290448920000812e-07	2.445119662297657e-10	1.230331576929774e-07	0.0	(1.230331576929774e-07+0j)
0.0003929638904025911	1.5442061916033963e-07	3.072088361477654e-10	1.5458948663143463e-07	0.0	(1.5458948663143463e-07+0j)
0.00043947856438664076	1.9314140855534275e-07	3.8424161630246093e-10	1.9336108123996733e-07	0.0	(1.9336108123996733e-07+0j)
0.0004904360733083383	2.4052754200210173e-07	4.785121632266965e-10	2.4081101099208486e-07	0.0	(2.4081101099208486e-07+0j)
0.000546169543963045	2.983011707528005e-07	5.934481350777788e-10	2.9866428109585e-07	0.0	(2.9866428109585e-07+0j)
0.000607031413484299	3.684871369567459e-07	7.330768880819961e-10	3.689491560354844e-07	0.0	(3.689491560354844e-07+0j)
0.0006733943384796818	4.5345993509648824e-07	9.021228208894172e-10	4.5404414643444835e-07	0.0	(4.5404414643444835e-07+0j)
0.0007456521459127605	5.559971227043046e-07	1.106111113813313e-09	5.567315553660684e-07	0.0	(5.567315553660684e-07+0j)
0.0008242208278445368	6.793399730527336e-07	1.3514885210952344e-09	6.802582747381217e-07	0.0	(6.802582747381217e-07+0j)
0.0009095395822565875	8.272622516914876e-07	1.6457633478239587e-09	8.284046583186193e-07	0.0	(8.284046583186193e-07+0j)
0.0010020719022930335	1.004148097365179e-06	1.9976557297241015e-09	1.0055625429095012e-06	0.0	(1.0055625429095012e-06+0j)
0.0011023067163799707	1.2150800969763931e-06	2.4172761570184775e-09	1.2168235380440432e-06	0.0	(1.2168235380440432e-06+0j)
0.0012107595818094715	1.4659387649434463e-06	2.9163212289518017e-09	1.468078681715114e-06	0.0	(1.468078681715114e-06+0j)
0.0013279739345110403	1.7635147707407326e-06	3.508298185295189e-09	1.7661308762583864e-06	0.0	(1.7661308762583864e-06+0j)
0.0014545223978770908	2.1156354059261222e-06	4.208774484482092e-09	2.118821534719214e-06	0.0	(2.118821534719214e-06+0j)
0.0015910081536608437	2.5313069450152867e-06	5.0356627312453385e-09	2.5351733978639404e-06	0.0	(2.5351733978639404e-06+0j)
0.0017380663781257771	3.0208747347712567e-06	6.009536779316705e-09	3.0255507442177268e-06	0.0	(3.0255507442177268e-06+0j)
0.0018963657467957085	3.5962030456200454e-06	7.153989933783578e-09	3.601839756458582e-06	0.0	(3.601839756458582e-06+0j)
0.002066610011334495	4.270876938947961e-06	8.49603489783135e-09	4.277650649687667e-06	0.0	(4.277650649687667e-06+0j)
0.0022495396522746736	5.060428647156059e-06	1.0066553901566523e-08	5.068544604437977e-06	0.0	(5.068544604437977e-06+0j)
0.002445933611515869	5.982591231943063e-06	1.1900800434005988e-08	5.992287877431479e-06	0.0	(5.992287877431479e-06+0j)
0.002656611108727132	7.0575825830124014e-06	1.4038963014328943e-08	7.06913636757827e-06	0.0	(7.06913636757827e-06+0j)
0.002882433546013246	8.308423147182496e-06	1.6526794044402493e-08	8.322154017476033e-06	0.0	(8.322154017476033e-06+0j)
0.0031243065054442727	9.761291139961403e-06	1.9416312757591926e-08	9.777568675960519e-06	0.0	(9.777568675960519e-06+0j)
0.0033831818443010794	1.1445919391608453e-05	2.2766589835576667e-08	1.1465169786603692e-05	0.0	(1.1465169786603692e-05+0j)
0.0036600598931579927	1.3396038421503697e-05	2.6644622441729383e-08	1.3418752324952342e-05	0.0	(1.3418752324952342e-05+0j)
0.0039559917622083995	1.5649870822660718e-05	3.112630950763418e-08	1.567661218364674e-05	0.0	(1.567661218364674e-05+0j)
0.0042720817615405915	1.8250682577287762e-05	3.629753757561361e-08	1.8282098614406167e-05	0.0	(1.8282098614406167e-05+0j)
0.004609489941391005	2.124739751978485e-05	4.225538934310436e-08	2.1284229880241705e-05	0.0	(2.1284229880241705e-05+0j)
0.004969434758740924	2.4695281821382467e-05	4.9109487199050506e-08	2.4738379164260657e-05	0.0	(2.4738379164260657e-05+0j)
0.0053531958769825255	2.865670609734271e-05	5.6983486118600274e-08	2.8707038143836656e-05	0.0	(2.8707038143836656e-05+0j)
0.0057621171057614	3.3201993540508135e-05	6.601673090411708e-08	3.326066695511424e-05	0.0	(3.326066695511424e-05+0j)
0.006197609488507706	3.841036337204075e-05	7.636609464789502e-08	3.84786393891967e-05	0.0	(3.84786393891967e-05+0j)
0.006661154545597571	4.437097988033519e-05	8.820801639664034e-08	4.445029410203795e-05	0.0	(4.445029410203795e-05+0j)
0.0071543076815425944	5.1184118402179374e-05	1.0174075779079139e-07	5.127610292244484e-05	0.0	(5.127610292244484e-05+0j)
0.007678701765089409	5.896246079718721e-05	1.1718689990614095e-07	5.906896895085609e-05	0.0	(5.906896895085609e-05+0j)
0.008236050891625806	6.783253428945023e-05	1.347961034320333e-07	6.795566817111906e-05	0.0	(6.795566817111906e-05+0j)
0.008828154337836165	7.793630901265549e-05	1.5484815679145392e-07	7.807845018798233e-05	0.0	(7.807845018798233e-05+0j)
0.009456900719129625	8.943297121147441e-05	1.776563388289354e-07	8.959681505162072e-05	0.0	(8.959681505162072e-05+0j)
0.01012427236098149	0.00010250089083933371	2.0357112426594438e-07	0.0001026894843264811	0.0	(0.0001026894843264811+0j)
0.010832349895984403	0.0001173398042690333	2.3298426190809797e-07	0.00011755658858580123	0.0	(0.00011755658858580123+0j)
0.011583317099103468	0.00013417323501838278	2.663332570734811e-07	0.0001344220922142666	0.0	(0.0001344220922142666+0j)
0.012379465974371456	0.0001532511778106206	3.041062911851578e-07	0.0001535364829232532	0.0	(0.0001535364829232532+0j)
0.013223202107049626	0.00017485307396388166	3.468476124465769e-07	0.0001751797525578642	0.0	(0.0001751797525578642+0j)
0.014117050296120103	0.00019929110906318469	3.951634321930353e-07	0.0001996647008732047	0.0	(0.0001996647008732047+0j)
0.015063660482869518	0.00022691386714316473	4.4972836158313494e-07	0.0002273405962557683	0.0	(0.0002273405962557683+0j)
0.016065813992276398	0.0002581103792344241	5.112924225281202e-07	0.00025859723180480723	0.0	(0.00025859723180480723+0j)
0.017126430104928456	0.00029331460813899975	5.80688664987561e-07	0.0002938694169713062	0.0	(0.0002938694169713062+0j)
0.01824857297827658	0.00033301041574348614	6.588414196637138e-07	0.0003336419543400161	0.0	(0.0003336419543400161+0j)
0.019435458937183434	0.00037773706409894344	7.46775210256484e-07	0.0003784551486319537	0.0	(0.0003784551486319537+0j)
0.020690464154952067	0.00042809530694735634	8.456243424603827e-07	0.0004289109084697555	0.0	(0.0004289109084697555+0j)
0.022017132747327733	0.00048475413441345124	9.56643177146138e-07	0.00048567950077997926	0.0	(0.00048567950077997926+0j)
0.023419185303362566	0.0005484582402732332	1.0812170820783536e-06	0.0005495070289111624	0.0	(0.0005495070289111624+0j)
0.02490052787852009	0.0006200362886289562	1.2208740392614937e-06	0.0006212237104087272	0.0	(0.0006212237104087272+0j)
0.026465261476987124	0.0007004100650452986	1.3772968627080024e-06	0.0007017530398306648	0.0	(0.0007017530398306648+0j)
0.028117692051853972	0.000790604606322892	1.552335952973577e-06	0.0007921219304223283	0.0	(0.0007921219304223283+0j)
0.02986234105363739	0.0008917594132037571	1.7480224790041021e-06	0.000893471939153218	0.0	(0.000893471939153218+0j)
0.03170395655955184	0.00100514086152995	1.9665818333137673e-06	0.0010070716899720459	0.0	(0.0010070716899720459+0j)
0.03364752501800358	0.001132155939837177	2.2104471516681825e-06	0.0011343306239433254	0.0	(0.0011343306239433254+0j)
0.03569828364498796	0.0012743674551980151	2.4822726216369023e-06	0.0012768142164478198	0.0	(0.0012768142164478198+0j)
0.0378617335114335	0.0014335108644908067	2.7849462237753213e-06	0.0014362608203810207	0.0	(0.0014362608203810207+0j)
0.04014365336305857	0.0016115129053334038	3.1216014530001046e-06	0.0016146003075606483	0.0	(0.0016146003075606483+0j)
0.042550114217009244	0.0018105122198805322	3.49562745416733e-06	0.0018139747010462906	0.0	(0.0018139747010462906+0j)
0.04508749478243518	0.0020328821857561194	3.910676873459824e-06	0.002036761013578156	0.0	(0.002036761013578156+0j)
0.047762497755255276	0.002281256191820765	4.370670574908517e-06	0.0022855965283532786	0.0	(0.0022855965283532786+0j)
0.05058216704067513	0.002558555622530761	4.879798199001508e-06	0.0025634067839237587	0.0	(0.0025634067839237587+0j)
0.05355390596056924	0.0028680208436334936	5.442513348928504e-06	0.0028734365570510056	0.0	(0.0028734365570510056+0j)
0.05668549650663827	0.0032132455142040994	6.063521982435476e-06	0.0032192841650096143	0.0	(0.0032192841650096143+0j)
0.05998511970433099	0.0035982145859429185	6.747762369008681e-06	0.0036049394479242386	0.0	(0.0036049394479242386+0j)
0.0634613771568843	0.004027346390648316	7.5003747521571256e-06	0.0040348258298809605	0.0	(0.0040348258298809605+0j)
0.06712331384352481	0.0045055392613363296	8.326658648510291e-06	0.00451384689989523	0.0	(0.00451384689989523+0j)
0.0709804422509	0.00503822318213335	9.232015538802398e-06	0.005047438008463545	0.0	(0.005047438008463545+0j)
0.0750427679222047	0.005631417017425875	1.0221874587321026e-05	0.005641623426508117	0.0	(0.005641623426508117+0j)
0.07932081651426165	0.006291791932489164	1.1301599001401973e-05	0.006303079671611212	0.0	(0.006303079671611212+0j)
0.08382566245903932	0.007026741686696794	1.2476370756141307e-05	0.007039205690048714	0.0	(0.007039205690048714+0j)
0.0885689593327743	0.007844460557290628	1.3751051716981911e-05	0.007858200636253629	0.0	(0.007858200636253629+0j)
0.09356297204305676	0.00875402973752982	1.5130019759356178e-05	0.008769150108289402	0.0	(0.008769150108289402+0j)
0.09882061095196068	0.009765513148918771	1.6616979382816723e-05	0.009782121764769653	0.0	(0.009782121764769653+0j)
0.10435546806162035	0.010890063714359867	1.8214747622625746e-05	0.010908271378636031	0.0	(0.010908271378636031+0j)
0.11018185539759218	0.012140041258855913	1.9925017844707472e-05	0.012159960495339402	0.0	(0.012159960495339402+0j)
0.11631484573498085	0.013529143338352393	2.1748106321956497e-05	0.013550887005378544	0.0	(0.013550887005378544+0j)
0.12277031582266912	0.01507255044719792	2.36826893461158e-05	0.015096230081883861	0.0	(0.015096230081883861+0j)
0.1295649922721751	0.016787087222488794	2.5725541983687668e-05	0.01681281112444757	0.0	(0.01681281112444757+0j)
0.13671650028969154	0.018691401451461226	2.787129329985763e-05	0.018719272523894128	0.0	(0.018719272523894128+0j)
0.14424341544285674	0.020806162898620563	3.0112216691627528e-05	0.02083627628243349	0.0	(0.02083627628243349+0j)
0.15216531866780414	0.02315428420527438	3.243807747823577e-05	0.023186724767714665	0.0	(0.023186724767714665+0j)
0.160502854737154	0.02576116637877596	3.4836062510922e-05	0.025796006138665856	0.0	(0.025796006138665856+0j)
0.16927779442592875	0.028654971685706992	3.729081753832219e-05	0.02869226727990005	0.0	(0.02869226727990005+0j)
0.17851310062998804	0.03186692709653224	3.9784616534192525e-05	0.031906717417111125	0.0	(0.031906717417111125+0j)
0.18823299871062807	0.03543166180359531	4.229768228461618e-05	0.03547396595949677	0.0	(0.03547396595949677+0j)
0.19846305135955922	0.03938758275494704	4.4808668530320195e-05	0.0394323985115102	0.0	(0.0394323985115102+0j)
0.20923023830074364	0.04377729261938597	4.729530056575596e-05	0.04382459547758975	0.0	(0.04382459547758975+0j)
0.22056304116963918	0.04864805512999995	4.973515381577221e-05	0.04869779818023924	0.0	(0.04869779818023924+0j)
0.23249153393647595	0.05405231335213555	5.210652993683812e-05	0.054104428003500765	0.0	(0.054104428003500765+0j)
0.245047479268394	0.06004826709579398	5.438936997397262e-05	0.06010266471473265	0.0	(0.06010266471473265+0j)
0.25826443125586596	0.06670051645191591	5.656612767913586e-05	0.06675709087443914	0.0	(0.06675709087443914+0j)
0.2721778449619495	0.07408077928813103	5.86225175229408e-05	0.07413941007841571	0.0	(0.07413941007841571+0j)
0.28682519328887324	0.0822686915051995	6.0548055203276084e-05	0.08232924775593131	0.0	(0.08232924775593131+0j)
0.30224609169542305	0.09135269994515807	6.233632603764349e-05	0.09141504434515038	0.0	(0.09141504434515038+0j)
0.3184824313409429	0.1014310590728384	6.398494812392615e-05	0.10149505193780928	0.0	(0.10149505193780928+0j)
0.33557852127769894	0.11261294394292704	6.549523840669762e-05	0.1126784469135162	0.0	(0.1126784469135162+0j)
0.3535812403633112	0.12501969353685763	6.687163299648882e-05	0.12508657269629855	0.0	(0.12508657269629855+0j)
0.3725401996192189	0.13878620033232747	6.812094838643878e-05	0.13885432858576252	0.0	(0.13885432858576252+0j)
0.3925079158202078	0.15406246398152332	6.925158852207938e-05	0.15413172264239938	0.0	(0.15413172264239938+0j)
0.4135399971642477	0.17101532925460602	7.027279905097513e-05	0.17108560888626256	0.0	(0.17108560888626256+0j)
0.4356953419418585	0.189830430989833	7.119404599136987e-05	0.1899016316249931	0.0	(0.1899016316249931+0j)
0.4590363512003972	0.2107143717233744	7.20245593736809e-05	0.21078640262613962	0.0	(0.21078640262613962+0j)
0.48362915648172516	0.233897160999225	7.277304452319984e-05	0.23396994014282027	0.0	(0.23396994014282027+0j)
0.5095438638022581	0.2596349491385342	7.344753498498538e-05	0.2597084025299511	0.0	(0.2597084025299511+0j)
0.5368548151432363	0.2882130925424784	7.40553471373497e-05	0.28828715350728296	0.0	(0.28828715350728296+0j)
0.5656408688269104	0.3199495924872621	7.460309655459637e-05	0.32002420096740963	0.0	(0.32002420096740963+0j)
0.5959857002722037	0.355198954928949	7.509674496154216e-05	0.3552740568291095	0.0	(0.3552740568291095+0j)
0.6279781247521798	0.3943565251672643	7.554165794835593e-05	0.3944320717584006	0.0	(0.3944320717584006+0j)
0.6617124439165367	0.43786335843399576	7.594266310681025e-05	0.43793930581490226	0.0	(0.43793930581490226+0j)
0.6972888179964442	0.4862116957028782	7.630410431734958e-05	0.4862880043167598	0.0	(0.4862880043167598+0j)
0.7348136657778305	0.5399511234138531	7.662989099300179e-05	0.5400277576132254	0.0	(0.5400277576132254+0j)
0.7744000946141033	0.5996955065383321	7.692354232092174e-05	0.5997724341953268	0.0	(0.5997724341953268+0j)
0.8161683629520028	0.6661307966837522	7.718822691284818e-05	0.6662079888390013	0.0	(0.6662079888390013+0j)
0.860246378066594	0.7400238309766933	7.742679833206156e-05	0.7401012615246642	0.0	(0.7401012615246642+0j)
0.9067702319455068	0.8222322535425082	7.764182693451104e-05	0.8223098989474437	0.0	(0.8223098989474437+0j)
0.9558847785305477	0.9137157098263942	7.783562841705876e-05	0.9137935488684807	0.0	(0.9137935488684807+0j)
1.0077442558194685	1.0155484851371344	7.801028942297495e-05	1.0156264986827999	0.0	(1.0156264986827999+0j)
1.0625129566546487	1.1289337830590034	7.816769051644705e-05	1.1290119538555599	0.0	(1.1290119538555599+0j)
1.1203659523821103	1.2552198672570731	7.830952680380713e-05	1.2552981797461797	0.0	(1.2552981797461797+0j)
1.1814898739569442	1.3959183222627958	7.843732644896303e-05	1.3959967624138239	0.0	(1.3959967624138239+0j)
1.2460837555040882	1.5527247257311723	7.855246730369894e-05	1.552803280891418	0.0	(1.552803280891418+0j)
1.3143599458206694	1.727542067177713	7.865619184969166e-05	1.7276207259351093	0.0	(1.7276207259351093+0j)
1.3865450938329436	1.9225072972322061	7.8749620627925e-05	1.9225860492928706	0.0	(1.9225860492928706+0j)
1.462881214602596	2.1400214480371664	7.883376431236891e-05	2.140100284114866	0.0	(2.140100284114866+0j)
1.5436268431202735	2.3827838308014617	7.890953456805421e-05	2.3828627425180318	0.0	(2.3828627425180318+0j)
1.6290582838353405	2.653830892132545	7.89777538187793e-05	2.653909871926838	0.0	(2.653909871926838+0j)
1.7194709646582271	2.956580398302694	7.903916403642328e-05	2.956659439351317	0.0	(2.956659439351317+0j)
1.815180905043742	3.2948817180354184	7.909443465202605e-05	3.294960814181724	0.0	(3.294960814181724+0j)
1.9165263087306865	3.6730730920568706	7.914416967826616e-05	3.6731522377480776	0.0	(3.6731522377480776+0j)
2.0238692927857462	4.096046914281077	7.918891412357783e-05	4.096126104512388	0.0	(4.096126104512388+0j)
2.137597765790962	4.569324208314513	7.922915976977235e-05	4.5694034385791955	0.0	(4.5694034385791955+0j)
2.2581274693377993	5.0991396677779335	7.926535037755212e-05	5.099218934021601	0.0	(5.099218934021601+0j)
2.385904198463431	5.692538844245427	7.929788637763075e-05	5.69261814282396	0.0	(5.69261814282396+0j)
2.5214062183038766	6.357489317701456	7.932712909920733e-05	6.3575686453413605	0.0	(6.3575686453413605+0j)
2.665146896065137	7.103007977605635	7.935340458221388e-05	7.103087331366787	0.0	(7.103087331366787+0j)
2.817677569449973	7.939306885381509	7.93770070149885e-05	7.939386262622175	0.0	(7.939386262622175+0j)
2.979590674951364	8.877960590257125	7.93982018347636e-05	8.878039988601348	0.0	(8.878039988601348+0j)
3.151523161963152	9.932098240390223	7.941722852454394e-05	9.932177657698642	0.0	(9.932177657698642+0j)
3.3341602214984007	11.116624382622264	7.943430313653313e-05	11.116703816966242	0.0	(11.116703816966242+0j)
3.528239361484268	12.448472991926915	7.94496205692093e-05	12.448552441566257	0.0	(12.448552441566257+0j)
3.734554864163536	13.946900033447527	7.946335662240895e-05	13.946979496811746	0.0	(13.946979496811746+0j)
3.9539626651260744	15.63382075721089	7.947566985232234e-05	15.633900232883464	0.0	(15.633900232883464+0j)
4.1873856979766995	17.53419898361981	7.948670324610086e-05	17.53427847032384	0.0	(17.53427847032384+0j)
4.435819753682888	19.676496887163317	7.949658573380103e-05	19.676576383749197	0.0	(19.676576383749197+0j)
4.700339909312186	22.09319526307289	7.950543355361711e-05	22.093274768506433	0.0	(22.093274768506433+0j)
4.9821075872492955	24.821396010926996	7.951335148476262e-05	24.82147552427847	0.0	(24.82147552427847+0j)
5.282378313174805	27.903520643499498	7.952043396093275e-05	27.903600163933287	0.0	(27.903600163933287+0j)
5.602510249202979	31.388121092424424	7.952676607599513e-05	31.38820061919037	0.0	(31.38820061919037+0j)
5.943973587744939	35.33082201180944	7.953242449240368e-05	35.33090154423399	0.0	(35.33090154423399+0j)
6.308360902032065	39.795417270286805	7.953747826179363e-05	39.79549680776507	0.0	(39.79549680776507+0j)
6.697398560975816	44.85514748456093	7.954198956628264e-05	44.85522702655027	0.0	(44.85522702655027+0j)
7.112959329349116	50.59419042097463	7.954601438816579e-05	50.59426996698894	0.0	(50.59426996698894+0j)
7.55707628938072	57.10940204352027	7.954960311493685e-05	57.10948159312351	0.0	(57.10948159312351+0j)
8.031958237018966	64.51235312121682	7.955280108588976e-05	64.5124326740179	0.0	(64.5124326740179+0j)
8.54000672565172	72.9317148741766	7.955564908594293e-05	72.93179442982571	0.0	(72.93179442982571+0j)
9.083834952317964	82.51605744095352	7.955818379177864e-05	82.51613699913692	0.0	(82.51613699913692+0j)
9.66628870682596	93.43713736371107	7.956043817489389e-05	93.43721692414964	0.0	(93.43721692414964+0j)
10.290469633179846	105.89376527139656	7.956244186571258e-05	105.89384483383878	0.0	(105.89384483383878+0j)
10.95976108587141	120.11636305938127	7.956422148250601e-05	120.11644262360264	0.0	(120.11644262360264+0j)
11.677856901564464	136.3723418134168	7.956580092850608e-05	136.3724213792176	0.0	(136.3724213792176+0j)
12.448793450250946	154.97245836701086	7.956720166026805e-05	154.97253793421262	0.0	(154.97253793421262+0j)
13.276985379977278	176.27834078013038	7.956844293004469e-05	176.27842034857326	0.0	(176.27842034857326+0j)
14.167265526777056	200.7114125062056	7.956954200466726e-05	200.711492075747	0.0	(200.711492075747+0j)
15.124929527725754	228.76349321867042	7.957051436318864e-05	228.76357278918593	0.0	(228.76357278918593+0j)
16.155785751505732	261.00941324855563	7.957137387532687e-05	261.0094928199291	0.0	(261.0094928199291+0j)
17.2662112492353	298.12205090321964	7.957213296255173e-05	298.12213047535244	0.0	(298.12213047535244+0j)
18.463214530592378	340.8902908026775	7.957280274347995e-05	340.8903703754814	0.0	(340.8903703754814+0j)
19.754506088831786	390.2405108136921	7.957339316508558e-05	390.24059038708583	0.0	(390.24059038708583+0j)
21.148577735984475	447.2623402549782	7.957391312108675e-05	447.2624198288905	0.0	(447.2624198288905+0j)
22.654791969690592	513.2395991899573	7.957437055874125e-05	513.2396787643304	0.0	(513.2396787643304+0j)
24.283482779757314	589.68753591477	7.957477257516402e-05	589.6876154895434	0.0	(589.6876154895434+0j)
26.04606952040824	678.3977374619391	7.957512550417449e-05	678.3978170370664	0.0	(678.3978170370664+0j)
27.955185729009187	781.492409143399	7.95754349945848e-05	781.4924887188331	0.0	(781.4924887188331+0j)
30.02482507063014	901.4901205219402	7.957570608075323e-05	901.4902000976489	0.0	(901.4902000976489+0j)
32.27050693833846	1041.3856180573505	7.957594324614853e-05	1041.3856976332954	0.0	(1041.3856976332954+0j)
34.70946465146033	1204.746936390974	7.957615048059955e-05	1204.747015967123	0.0	(1204.747015967123+0j)
37.36085968009373	1395.8338360356536	7.957633133184064e-05	1395.833915611993	0.0	(1395.833915611993+0j)
40.24602589825985	1619.7426006034027	7.957648895190445e-05	1619.7426801798917	0.0	(1619.7426801798917+0j)
43.38874854766387	1882.5835005324038	7.95766261388619e-05	1882.58358010903	0.0	(1882.58358010903+0j)
46.81558340022886	2191.698849103784	7.957674537436093e-05	2191.6989286805297	0.0	(2191.6989286805297+0j)
50.55622256613401	2555.931640156478	7.957684885737263e-05	2555.9317197333266	0.0	(2555.9317197333266+0j)
54.64391453644624	2985.9573958664405	7.957693853451452e-05	2985.957475443379	0.0	(2985.957475443379+0j)
59.115947414088076	3494.6952386652265	7.957701612728533e-05	3494.6953182422426	0.0	(3494.6953182422426+0j)
64.01420592105464	4097.818559703187	7.95770831565137e-05	4097.81863928027	0.0	(4097.81863928027+0j)
69.38581473166131	4814.391285976428	7.957714096429438e-05	4814.391365553569	0.0	(4814.391365553569+0j)
75.28388304294427	5667.663046023711	7.957719073365908e-05	5667.663125600902	0.0	(5667.663125600902+0j)
81.76836814309524	6686.066028784753	7.957723350620591e-05	6686.066108361987	0.0	(6686.066108361987+0j)
88.9070791874087	7904.468729636161	7.957727019788933e-05	7904.468809213431	0.0	(7904.468809213431+0j)
96.77684657631767	9365.758033256128	7.957730161315363e-05	9365.75811283343	0.0	(9365.75811283343+0j)
105.46488742371571	11122.842479297027	7.95773284575749e-05	11122.842558874356	0.0	(11122.842558874356+0j)
115.07040382178485	13241.197835708637	7.957735134916104e-05	13241.19791528599	0.0	(13241.19791528599+0j)
125.70645822261099	15802.113638873043	7.957737082844448e-05	15802.113718450413	0.0	(15802.113718450413+0j)
137.5021796102317	18906.84939756442	7.957738736748951e-05	18906.849477141808	0.0	(18906.849477141808+0j)
150.6053656645301	22681.97616694682	7.957740137792443e-05	22681.976246524224	0.0	(22681.976246524224+0j)
165.18556037450617	27286.269356239623	7.957741321809749e-05	27286.269435817037	0.0	(27286.269435817037+0j)
181.4377042506011	32919.64052372859	7.957742319944675e-05	32919.64060330601	0.0	(32919.64060330601+0j)
199.58647632205054	39834.761530652446	7.957743159216435e-05	39834.76161022988	0.0	(39834.76161022988+0j)
219.89147465555652	48352.26062619525	7.957743863022852e-05	48352.26070577269	0.0	(48352.26070577269+0j)
242.65341670997407	58880.68064102432	7.957744451586899e-05	58880.68072060177	0.0	(58880.68072060177+0j)
268.2215844161198	71942.81834669369	7.957744942352507e-05	71942.81842627114	0.0	(71942.81842627114+0j)
297.0027940115139	88210.65965064577	7.957745350335014e-05	88210.65973022323	0.0	(88210.65973022323+0j)
329.4722407396022	108551.95741797441	7.957745688431035e-05	108551.95749755186	0.0	(108551.95749755186+0j)
366.1866579904585	134092.66849022103	7.95774596769212e-05	134092.6685697985	0.0	(134092.6685697985+0j)
407.80034521290173	166301.1215557618	7.957746197566085e-05	166301.12163533928	0.0	(166301.12163533928+0j)
455.0847668284599	207102.14499931372	7.95774638610952e-05	207102.1450788912	0.0	(207102.1450788912+0j)
508.9526159645364	259032.76529714486	7.957746540174645e-05	259032.76537672232	0.0	(259032.76537672232+0j)
570.4874863084759	325455.9720345635	7.957746665573342e-05	325455.9721141409	0.0	(325455.9721141409+0j)
640.9806220444812	410856.15783653	7.95774676722089e-05	410856.15791610745	0.0	(410856.15791610745+0j)
721.9766459924645	521250.27735852834	7.957746849261706e-05	521250.2774381058	0.0	(521250.2774381058+0j)
815.3307358951056	664764.2088952544	7.957746915179136e-05	664764.2089748319	0.0	(664764.2089748319+0j)
923.2804783562661	852446.8417137756	7.957746967891111e-05	852446.8417933531	0.0	(852446.8417933531+0j)
1048.5366489982152	1099429.1042924065	7.957747009833325e-05	1099429.104371984	0.0	(1099429.104371984+0j)
1194.3985439769606	1426587.8818542834	7.957747043031403e-05	1426587.881933861	0.0	(1426587.881933861+0j)
1364.9013608055645	1862955.7247288818	7.957747069163352e-05	1862955.7248084594	0.0	(1862955.7248084594+0j)
1565.0056935079515	2449242.820712304	7.957747089613483e-05	2449242.8207918815	0.0	(2449242.8207918815+0j)
1800.8427535883898	3243034.623151814	7.957747105518836e-05	3243034.6232313914	0.0	(3243034.6232313914+0j)
2080.033868466833	4326540.893969099	7.957747117809041e-05	4326540.894048677	0.0	(4326540.894048677+0j)
2412.1097507435006	5818273.449631873	7.957747127240442e-05	5818273.44971145	0.0	(5818273.44971145+0j)
2809.064875770807	7890845.476289258	7.957747134425199e-05	7890845.476368836	0.0	(7890845.476368836+0j)
3286.096400971938	10798429.556480723	7.957747139856055e-05	10798429.5565603	0.0	(10798429.5565603+0j)
3862.597452504743	14919659.080096131	7.957747143927302e-05	14919659.080175709	0.0	(14919659.080175709+0j)
4563.504427544982	20825572.660222653	7.957747146952483e-05	20825572.66030223	0.0	(20825572.66030223+0j)
5421.14208026209	29388781.454388376	7.957747149179267e-05	29388781.454467952	0.0	(29388781.454467952+0j)
6477.776235045894	41961584.951325364	7.957747150801895e-05	41961584.951404944	0.0	(41961584.951404944+0j)
7789.1842275240315	60671390.93030915	7.957747151971538e-05	60671390.93038873	0.0	(60671390.93038873+0j)
9429.707428980537	88919382.19617073	7.957747152804888e-05	88919382.1962503	0.0	(88919382.1962503+0j)
11499.491110740193	132238295.80599272	7.95774715339122e-05	132238295.8060723	0.0	(132238295.8060723+0j)
14134.99918561637	199798201.97737545	7.957747153798189e-05	199798201.97745502	0.0	(199798201.97745502+0j)
17524.50851895492	307108398.8309236	7.957747154076531e-05	307108398.8310032	0.0	(307108398.8310032+0j)
21931.302492924053	480982029.03613675	7.95774715426387e-05	480982029.0362163	0.0	(480982029.0362163+0j)
27728.986625662732	768896699.2861826	7.957747154387776e-05	768896699.2862623	0.0	(768896699.2862623+0j)
35456.26974892441	1257147064.5084922	7.957747154468167e-05	1257147064.5085719	0.0	(1257147064.5085719+0j)
45903.6832929697	2107148139.8612654	7.957747154519237e-05	2107148139.861345	0.0	(2107148139.861345+0j)
60253.955237135895	3630539121.718776	7.957747154550929e-05	3630539121.718856	0.0	(3630539121.718856+0j)
80314.89772234108	6450482796.150107	7.957747154570094e-05	6450482796.150187	0.0	(6450482796.150187+0j)
108916.4741451148	11862798340.20346	7.957747154581352e-05	11862798340.20354	0.0	(11862798340.20354+0j)
150608.73115506288	22682989900.13801	7.95774715458775e-05	22682989900.13809	0.0	(22682989900.13809+0j)
212931.27748644107	45339728932.00777	7.957747154591256e-05	45339728932.00784	0.0	(45339728932.00784+0j)
308813.5506359625	95365809056.39018	7.957747154593099e-05	95365809056.39026	0.0	(95365809056.39026+0j)
461318.2887914525	212814563573.47394	7.95774715459402e-05	212814563573.47403	0.0	(212814563573.47403+0j)
713505.9958817187	509090806159.1632	7.957747154594454e-05	509090806159.16327	0.0	(509090806159.16327+0j)
1150205.9122240169	1322973640515.0828	7.957747154594647e-05	1322973640515.0828	0.0	(1322973640515.0828+0j)
1949566.3289140568	3800808870835.432	7.957747154594726e-05	3800808870835.432	0.0	(3800808870835.432+0j)
3515896.2237945297	12361526256492.633	7.957747154594754e-05	12361526256492.633	0.0	(12361526256492.633+0j)
6859487.69539958	47052571443338.234	7.957747154594763e-05	47052571443338.234	0.0	(47052571443338.234+0j)
14834811.40232114	220071629342437.28	7.957747154594766e-05	220071629342437.28	0.0	(220071629342437.28+0j)
36932200.132644616	1363987406637715.0	7.957747154594768e-05	1363987406637715.0	0.0	(1363987406637715+0j)
112754193.59960234	1.2713508174296606e+16	7.957747154594768e-05	1.2713508174296606e+16	0.0	(1.2713508174296606e+16+0j)
475296258.06521416	2.2590653293079466e+17	7.957747154594768e-05	2.2590653293079466e+17	0.0	(2.2590653293079466e+17+0j)
3610100237.830515	1.303282372718394e+19	7.957747154594768e-05	1.303282372718394e+19	0.0	(1.303282372718394e+19+0j)
115538939807.54784	1.3349246611852162e+22	7.957747154594768e-05	1.3349246611852162e+22	0.0	(1.3349246611852162e+22+0j)
