-1209598.9185262648	-1463129543699.9094	-0.04420970641440866	-1463129543699.9536	0.0	(-1463129543699.9536+0j)
-151172.1627947616	-22853022804.045902	-0.044209706413985486	-22853022804.09011	0.0	(-22853022804.09011+0j)
-44778.073711307276	-2005075885.2952678	-0.044209706409515624	-2005075885.3394775	0.0	(-2005075885.3394775+0j)
-18882.672722805288	-356555329.15657485	-0.04420970638686178	-356555329.20078456	0.0	(-356555329.20078456+0j)
-9662.612764718197	-93366085.44089504	-0.04420970630919109	-93366085.48510474	0.0	(-93366085.48510474+0j)
-5588.031222884966	-31226092.94793725	-0.04420970609979455	-31226092.992146958	0.0	(-31226092.992146958+0j)
-3516.197255818686	-12363643.141826857	-0.04420970561979691	-12363643.186036563	0.0	(-12363643.186036563+0j)
-2353.417045125024	-5538571.788284998	-0.04420970464060445	-5538571.832494703	0.0	(-5538571.832494703+0j)
-1651.1612699663262	-2726333.539436811	-0.044209702810902064	-2726333.583646514	0.0	(-2726333.583646514+0j)
-1202.2970203207008	-1445518.1250720355	-0.044209699617973996	-1445518.169281735	0.0	(-1445518.169281735+0j)
-902.1421224679432	-813860.4091309654	-0.04420969434308337	-813860.4533406597	0.0	(-813860.4533406597+0j)
-693.9000596638814	-481497.29280153813	-0.04420968601060553	-481497.3370112241	0.0	(-481497.3370112241+0j)
-544.9348050674845	-296953.9417739373	-0.04420967333056694	-296953.9859836106	0.0	(-296953.9859836106+0j)
-435.5826956730059	-189732.28476976248	-0.04420965463419666	-189732.32897941713	0.0	(-189732.32897941713+0j)
-353.51441291600565	-124972.44013934814	-0.04420962780204939	-124972.48434897594	0.0	(-124972.48434897594+0j)
-290.732144905761	-84525.18008150441	-0.04420959018420808	-84525.2242910946	0.0	(-84525.2242910946+0j)
-241.89345215900826	-58512.44219740242	-0.04420953851202002	-58512.48640694094	0.0	(-58512.48640694094+0j)
-203.33721107049217	-41346.02140592589	-0.04420946880076189	-41346.06561539469	0.0	(-41346.06561539469+0j)
-172.49739387007384	-29755.350891967388	-0.044209376242567	-29755.39510134363	0.0	(-29755.39510134363+0j)
-147.53926170486494	-21767.833744416628	-0.04420925508888071	-21767.877953671716	0.0	(-21767.877953671716+0j)
-127.12737129116371	-16161.368531401395	-0.04420909852163798	-16161.412740499916	0.0	(-16161.412740499916+0j)
-110.27401318935443	-12160.357984885915	-0.04420889851227833	-12160.402193784428	0.0	(-12160.402193784428+0j)
-96.23802379441496	-9261.75722385438	-0.04420864566762988	-9261.801432500048	0.0	(-9261.801432500048+0j)
-84.4558929953336	-7132.797861639239	-0.044208329061601825	-7132.842069968301	0.0	(-7132.842069968301+0j)
-74.494019787306	-5549.358984071538	-0.04420793605152636	-5549.403192007583	0.0	(-5549.403192007583+0j)
-66.01508458138542	-4357.991392287471	-0.04420745207788305	-4358.035599739548	0.0	(-4358.035599739548+0j)
-58.754011270063216	-3452.0338403227156	-0.04420686044602177	-3452.0780471831627	0.0	(-3452.0780471831627+0j)
-52.50054922355529	-2756.3076687749517	-0.04420614208837352	-2756.3518749170407	0.0	(-2756.3518749170407+0j)
-47.08649306653929	-2217.1378293052526	-0.04420527530549948	-2217.1820345805636	0.0	(-2217.1820345805636+0j)
-42.376196144271574	-1795.7419996577771	-0.0442042354841787	-1795.7862038932603	0.0	(-1795.7862038932603+0j)
-38.25945280426815	-1463.785728882022	-0.04420299479056951	-1463.829931876811	0.0	(-1463.829931876811+0j)
-34.64610438705312	-1200.3525491985815	-0.04420152183630142	-1200.3967507204188	0.0	(-1200.3967507204188+0j)
-31.461913247165306	-989.8519851721558	-0.04419978131515774	-989.8961849534713	0.0	(-989.8961849534713+0j)
-28.64537912446167	-820.5577451841444	-0.0441977336077959	-820.6019429177522	0.0	(-820.6019429177522+0j)
-26.14526252799216	-683.5747526576309	-0.04419533435171849	-683.6189479919823	0.0	(-683.6189479919823+0j)
-23.918643319342358	-572.1014982379209	-0.0441925339734526	-572.1456907718945	0.0	(-572.1456907718945+0j)
-21.929387844185747	-480.89805122072164	-0.044189277179615474	-480.9422404979017	0.0	(-480.9422404979017+0j)
-20.14693040131219	-405.89880459531736	-0.044185502403238264	-405.9429900977212	0.0	(-405.9429900977212+0j)
-18.545298368552277	-343.92809157862774	-0.044181141201384624	-343.9722727198293	0.0	(-343.9722727198293+0j)
-17.102327529253973	-292.4896069178783	-0.044176117599733285	-292.53378303547885	0.0	(-292.53378303547885+0j)
-15.799026860736173	-249.60924974626312	-0.044170347379390865	-249.6534200936429	0.0	(-249.6534200936429+0j)
-14.619061513616193	-213.7169595388942	-0.044163737300759634	-213.76112327619603	0.0	(-213.76112327619603+0j)
-13.548329813570865	-183.55724073729314	-0.044156184258799275	-183.6013969216285	0.0	(-183.6013969216285+0j)
-12.57461548493147	-158.12095459387834	-0.044147574363489955	-158.16510216957494	0.0	(-158.16510216957494+0j)
-11.687300380670402	-136.59299018801852	-0.04413778193871805	-136.6371279831976	0.0	(-136.6371279831976+0j)
-10.877126133024653	-118.31187291372784	-0.04412666843216344	-118.3559996664642	0.0	(-118.3559996664642+0j)
-10.135995551894553	-102.73840582802616	-0.04411408122805957	-102.78252028413534	0.0	(-102.78252028413534+0j)
-9.456806469667123	-89.43118860473795	-0.0440998523539195	-89.47528970297867	0.0	(-89.47528970297867+0j)
-8.833312191087042	-78.02740426520697	-0.04408379707146439	-78.07149132984067	0.0	(-78.07149132984067+0j)
-8.260003852004482	-68.22766363512889	-0.04406571234104739	-68.27173641271553	0.0	(-68.27173641271553+0j)
-7.732010893868104	-59.783992462895036	-0.0440453751478259	-59.828050885004856	0.0	(-59.828050885004856+0j)
-7.245016576502953	-52.490265193802564	-0.04402254067678898	-52.53430890643995	0.0	(-52.53430890643995+0j)
-6.795186021636264	-46.17455306864087	-0.043996940322481595	-46.2185809086989	0.0	(-46.2185809086989+0j)
-6.379104735595156	-40.692977227692545	-0.043968279517871724	-40.73698684724614	0.0	(-40.73698684724614+0j)
-5.993725926010504	-35.92475047613048	-0.043936235365264156	-35.96873823083797	0.0	(-35.96873823083797+0j)
-5.636325223067443	-31.76816202018626	-0.043900454050461786	-31.812123121033	0.0	(-31.812123121033+0j)
-5.30446165546979	-28.137313454349307	-0.04386054801949105	-28.18124228930327	0.0	(-28.18124228930327+0j)
-4.995943926236034	-24.95945571409472	-0.043816092895124746	-25.00334620253965	0.0	(-25.00334620253965+0j)
-4.708801192652311	-22.17280867192383	-0.04376662410812897	-22.21665452647023	0.0	(-22.21665452647023+0j)
-4.441257685203385	-19.72476982637813	-0.04371163321560596	-19.768564654176146	0.0	(-19.768564654176146+0j)
-4.191710607642078	-17.570437818219116	-0.043650563875974116	-17.61417506750684	0.0	(-17.61417506750684+0j)
-3.958710848952246	-15.671391585612211	-0.043582807446985894	-15.71506439587344	0.0	(-15.71506439587344+0j)
-3.7409461113238116	-13.994677807828747	-0.04350769816970198	-14.038278833117161	0.0	(-14.038278833117161+0j)
-3.537226119203227	-12.51196861837352	-0.04342450789747085	-12.555489870438247	0.0	(-12.555489870438247+0j)
-3.3464696252667663	-11.198858952833092	-0.043332440324666294	-11.2422916777158	0.0	(-11.2422916777158+0j)
-3.1676929716073188	-10.034278762370406	-0.04323062466515744	-10.077613341662234	0.0	(-10.077613341662234+0j)
-2.9999999999999973	-8.999999999999984	-0.04311810872517055	-9.043225861639476	0.0	(-9.043225861639476+0j)
-2.842573135012568	-8.080222027895179	-0.042993851309284986	-8.123327555211935	0.0	(-8.123327555211935+0j)
-2.6946654889263955	-7.26122209721093	-0.042856713891713596	-7.304194530658538	0.0	(-7.304194530658538+0j)
-2.5555938587270473	-6.531059970763399	-0.04270545147766988	-6.573885300256359	0.0	(-6.573885300256359+0j)
-2.4247325034618408	-5.879327713344326	-0.04253870257142952	-5.921990560214592	0.0	(-5.921990560214592+0j)
-2.3015076055802877	-5.296937258543909	-0.042354978158587936	-5.339420746177406	0.0	(-5.339420746177406+0j)
-2.1853923329131555	-4.775939648755604	-0.0421526496002223	-4.818225260800763	0.0	(-4.818225260800763+0j)
-2.075902429071858	-4.309370895026441	-0.04192993532825641	-4.351438319930446	0.0	(-4.351438319930446+0j)
-1.9725922695643299	-3.8911202619449536	-0.04168488623472057	-3.9329472224553643	0.0	(-3.9329472224553643+0j)
-1.8750513290776138	-3.515817486675726	-0.04141536970087273	-3.55737955289244	0.0	(-3.55737955289244+0j)
-1.7829010123805906	-3.178736019947735	-0.041119052419978486	-3.220006404659431	0.0	(-3.220006404659431+0j)
-1.695791807327491	-2.875709853799038	-0.040793382744941195	-2.916659189585444	0.0	(-2.916659189585444+0j)
-1.6134007236404333	-2.603061895043474	-0.04043557455251721	-2.643657994645495	0.0	(-2.643657994645495+0j)
-1.5354289856404248	-2.357542169944784	-0.04004259681922728	-2.397749775662596	0.0	(-2.397749775662596+0j)
-1.4615999509842248	-2.136274416717088	-0.03961117614980602	-2.1760549519278203	0.0	(-2.1760549519278203+0j)
-1.39165723083669	-1.936709848140044	-0.03913782262679182	-1.9760211945048756	0.0	(-1.9760211945048756+0j)
-1.3253629898383261	-1.756587054833187	-0.038618891135077875	-1.7953833910163355	0.0	(-1.7953833910163355+0j)
-1.2624964067782076	-1.5938971771278856	-0.03805068914610303	-1.6321289258873861	0.0	(-1.6321289258873861+0j)
-1.202852279106299	-1.4468536053512178	-0.03742963683857121	-1.4844675417112023	0.0	(-1.4844675417112023+0j)
-1.146239756361531	-1.313865579063742	-0.036752476733213905	-1.3508051493397377	0.0	(-1.3508051493397377+0j)
-1.0924811892911694	-1.193515148955048	-0.03601651954486457	-1.229721036912764	0.0	(-1.229721036912764+0j)
-1.0414110829259533	-1.084537043641007	-0.03521990343092043	-1.1199479970215676	0.0	(-1.1199479970215676+0j)
-0.9928751431821456	-0.9858010499489662	-0.034361837886051225	-1.0203549516304344	0.0	(-1.0203549516304344+0j)
-0.946729407710138	-0.8962965714231887	-0.03344280283328449	-0.929931709882631	0.0	(-0.929931709882631+0j)
-0.9028394527202239	-0.8151190773881535	-0.03246467814109376	-0.8477755462913928	0.0	(-0.8477755462913928+0j)
-0.8610796684073763	-0.741458195344557	-0.03143078762469415	-0.7730793361824458	0.0	(-0.7730793361824458+0j)
-0.821332596383606	-0.6745872338822354	-0.030345852493454895	-0.7051210306892269	0.0	(-0.7051210306892269+0j)
-0.783488323222002	-0.6138539526252244	-0.02921585995265553	-0.6432542938358317	0.0	(-0.6432542938358317+0j)
-0.7474439248322069	-0.5586724207685737	-0.028047861440344688	-0.5869001582770436	0.0	(-0.5869001582770436+0j)
-0.7131029569328535	-0.5085158271863791	-0.026849720698755398	-0.5355395836704778	0.0	(-0.5355395836704778+0j)
-0.6803749873708325	-0.46291012343986043	-0.025629834251147753	-0.4887068226304632	0.0	(-0.4887068226304632+0j)
-0.6491751664677271	-0.4214283967584012	-0.024396846224388903	-0.4459835144529302	0.0	(-0.4459835144529302+0j)
-0.6194238319567661	-0.383685883596004	-0.023159376565979325	-0.40699343722346326	0.0	(-0.40699343722346326+0j)
-0.591046145414866	-0.3493355460097709	-0.021925777440531875	-0.3713978556247015	0.0	(-0.3713978556247015+0j)
-0.5639717573986723	-0.3180641431433469	-0.020703927796947023	-0.33889140572037635	0.0	(-0.33889140572037635+0j)
-0.5381344987652963	-0.2895887387613767	-0.019501071448901605	-0.30919846034054077	0.0	(-0.30919846034054077+0j)
-0.5134720959014145	-0.2636535932693914	-0.018323699967295735	-0.28206992049254503	0.0	(-0.28206992049254503+0j)
-0.4899259078018587	-0.24002739513547533	-0.01717747849236169	-0.2572803806103936	0.0	(-0.2572803806103936+0j)
-0.4674406831336701	-0.2185007922484722	-0.01606721030891589	-0.23462561929767906	0.0	(-0.23462561929767906+0j)
-0.44596433559636334	-0.19888418862390578	-0.014996834639252965	-0.21392037292640567	0.0	(-0.21392037292640567+0j)
-0.4254477360460714	-0.18100577610672763	-0.01396945146705456	-0.1949963565684698	0.0	(-0.1949963565684698+0j)
-0.4058445199922993	-0.16470977440777984	-0.01298736715044893	-0.17770050423819653	0.0	(-0.17770050423819653+0j)
-0.38711090920292607	-0.14985485602391607	-0.012052154946808974	-0.16189340698413202	0.0	(-0.16189340698413202+0j)
-0.3692055462674028	-0.13631273539461133	-0.011164725205014492	-0.14744793181363247	0.0	(-0.14744793181363247+0j)
-0.35208934107114	-0.12396690409590955	-0.010325400757169364	-0.1342480063896057	0.0	(-0.1342480063896057+0j)
-0.3357253282270783	-0.11271149601317945	-0.009533993864476991	-0.1221875542678736	0.0	(-0.1221875542678736+0j)
-0.3200785345944261	-0.10245026830811522	-0.008789881872277713	-0.11116956413183192	0.0	(-0.11116956413183192+0j)
-0.30511585609049147	-0.09309568563783349	-0.008092079462516362	-0.10110527517716414	0.0	(-0.10110527517716414+0j)
-0.29080594307025415	-0.0845680965249799	-0.00743930603305667	-0.09191346042649237	0.0	(-0.09191346042649237+0j)
-0.27711909361055953	-0.07679499204353805	-0.006830047271945954	-0.08351979065930405	0.0	(-0.08351979065930405+0j)
-0.26402715409224337	-0.06971033809804922	-0.006262610430984375	-0.07585626370773775	0.0	(-0.07585626370773775+0j)
-0.25150342652467966	-0.06325397355365495	-0.005735173143499705	-0.06886068657942615	0.0	(-0.06886068657942615+0j)
-0.2395225821037321	-0.05737106733763908	-0.00524582588666592	-0.06247620071044637	0.0	(-0.06247620071044637+0j)
-0.22806058053632985	-0.05201162839456779	-0.0047926083713643874	-0.05665084315141539	0.0	(-0.05665084315141539+0j)
-0.2170945947033171	-0.04713006304939752	-0.004373540265093061	-0.051337138477071144	0.0	(-0.051337138477071144+0j)
-0.20660294026719475	-0.04268477492705004	-0.003986646727744056	-0.046491717685289015	0.0	(-0.046491717685289015+0j)
-0.19656500986324205	-0.03863780310253644	-0.003629979276959308	-0.042074961414303065	0.0	(-0.042074961414303065+0j)
-0.1869612115415512	-0.03495449462108466	-0.00330163250854415	-0.03805066570502755	0.0	(-0.03805066570502755+0j)
-0.1777729111540156	-0.03160320794017353	-0.0029997571858633026	-0.03438572934373907	0.0	(-0.03438572934373907+0j)
-0.16898237840451125	-0.02855504421124543	-0.0027225701865992227	-0.031049862672428583	0.0	(-0.031049862672428583+0j)
-0.16057273630262453	-0.025783603643712193	-0.002468361760738988	-0.028015318539102222	0.0	(-0.028015318539102222+0j)
-0.152527913781502	-0.023264764482537306	-0.0022355005140447387	-0.025256646662066878	0.0	(-0.025256646662066878+0j)
-0.14483260125889905	-0.020976482387419247	-0.0020224364894563113	-0.02275047280301428	0.0	(-0.02275047280301428+0j)
-0.13747220893745052	-0.01889860823014205	-0.0018277026769821653	-0.020475303682707786	0.0	(-0.020475303682707786+0j)
-0.13043282765570904	-0.017012722530263896	-0.0016499152421221852	-0.018411357477713882	0.0	(-0.018411357477713882+0j)
-0.12370119211573812	-0.01530198493085475	-0.0014877727247050027	-0.016540418292965597	0.0	(-0.016540418292965597+0j)
-0.117264646326104	-0.013750997277986258	-0.0013400544248051705	-0.014845711602989474	0.0	(-0.014845711602989474+0j)
-0.1111111111111111	-0.012345679012345678	-0.001205618160417532	-0.013311796713939767	0.0	(-0.013311796713939767+0j)
-0.10522905354813994	-0.011073153710637303	-0.0010833975529264683	-0.011924472046990762	0.0	(-0.011924472046990762+0j)
-0.09960745820508124	-0.009921645730077006	-0.0009723989710300196	-0.010670689466186095	0.0	(-0.010670689466186095+0j)
-0.09423580005917682	-0.00888038601279315	-0.0008716982415510333	-0.009538474737023407	0.0	(-0.009538474737023407+0j)
-0.08910401898715839	-0.007939526199663883	-0.0007804372162396878	-0.008516852221310068	0.0	(-0.008516852221310068+0j)
-0.08420249572447475	-0.007090060286230188	-0.0006978202670290812	-0.007595772823088274	0.0	(-0.007595772823088274+0j)
-0.0795220291986808	-0.006323753127875842	-0.0006231107679621761	-0.006766044877594328	0.0	(-0.006766044877594328+0j)
-0.07505381514877553	-0.005633075168386567	-0.000555627609925835	-0.006019268074250958	0.0	(-0.006019268074250958+0j)
-0.07078942594847114	-0.005011142826114079	-0.0004947417841338897	-0.005347770675188387	0.0	(-0.005347770675188387+0j)
-0.06672079155709584	-0.004451664026005432	-0.0004398730617638513	-0.004744550305873995	0.0	(-0.004744550305873995+0j)
-0.06284018152711322	-0.003948888414360542	-0.0003904867900694775	-0.004203218519383593	0.0	(-0.004203218519383593+0j)
-0.059140188002125955	-0.0034975618369268028	-0.0003460908194258261	-0.0037179492287662498	0.0	(-0.0037179492287662498+0j)
-0.05561370964374471	-0.003092884700338743	-0.0003062325709873859	-0.003283430994217272	0.0	(-0.003283430994217272+0j)
-0.05225393642987957	-0.0027304738724178955	-0.0002704962507404929	-0.002894823064462673	0.0	(-0.002894823064462673+0j)
-0.049054335270878616	-0.002406327808867766	-0.000238500212624837	-0.0025477150048013476	0.0	(-0.0025477150048013476+0j)
-0.046008636393517745	-0.0021167946227909256	-0.00020989447090391522	-0.0022380897033628198	0.0	(-0.0022380897033628198+0j)
-0.043110820446164204	-0.0018585428395414096	-0.00018435836004360162	-0.0019622895246897486	0.0	(-0.0019622895246897486+0j)
-0.04035510628151127	-0.0016285346029920702	-0.00016159833885143193	-0.001716985371435287	0.0	(-0.001716985371435287+0j)
-0.03773593937613485	-0.0014240011205993246	-0.0001413459345123158	-0.0014991484183767237	0.0	(-0.0014991484183767237+0j)
-0.03524798084876816	-0.001242420153915127	-0.00012335582135314382	-0.0013060242918333186	0.0	(-0.0013060242918333186+0j)
-0.03288609704164967	-0.0010814953786327994	-0.00010740402856868059	-0.0011351094812457132	0.0	(-0.0011351094812457132+0j)
-0.030645349631579707	-0.0009391374540417626	-9.328627081917062e-05	-0.0009841297850131183	0.0	(-0.0009841297850131183+0j)
-0.02852098623944262	-0.0008134466560704753	-8.081639534696095e-05	-0.0008510206085694999	0.0	(-0.0008510206085694999+0j)
-0.026508431508921782	-0.0007026969410631971	-6.982493924390099e-05	-0.0007339089487691939	0.0	(-0.0007339089487691939+0j)
-0.024603278626967397	-0.0006053213191961908	-6.015779048240688e-05	-0.0006310969131978104	0.0	(-0.0006310969131978104+0j)
-0.022801281260282438	-0.0005198984271105071	-5.167494642188686e-05	-0.000541046637649397	0.0	(-0.000541046637649397+0j)
-0.02109834588367813	-0.00044514019902731797	-4.4249363715387346e-05	-0.00046236647738177666	0.0	(-0.00046236647738177666+0j)
-0.019490524477627863	-0.0003798805444130109	-3.776589365678262e-05	-0.0003937983597884506	0.0	(-0.0003937983597884506+0j)
-0.01797400757372418	-0.00032306494826029415	-3.2120297359661265e-05	-0.0003342061966867182	0.0	(-0.0003342061966867182+0j)
-0.01654511762802453	-0.00027374091732516805	-2.72183352656441e-05	-0.0002825652639446057	0.0	(-0.0002825652639446057+0j)
-0.015200302703466109	-0.0002310492022769991	-2.2974925952823355e-05	-0.00023795246479751026	0.0	(-0.00023795246479751026+0j)
-0.013936130443643347	-0.0001942157317422429	-1.9313369232776267e-05	-0.000199537401107908	0.0	(-0.000199537401107908+0j)
-0.012749282321279155	-0.0001625441997076812	-1.6164629093040617e-05	-0.0001665741834841947	0.0	(-0.0001665741834841947+0j)
-0.011636548145689705	-0.00013540925274695451	-1.3466672044160077e-05	-0.00013839391776098185	0.0	(-0.00013839391776098185+0j)
-0.010594820814445106	-0.00011225022809019927	-1.1163856878937395e-05	-0.00011439781080692594	0.0	(-0.00011439781080692594+0j)
-0.009621091295271172	-9.256539771194272e-05	-9.206372055814427e-06	-9.405084384646586e-05	0.0	(-9.405084384646586e-05+0j)
-0.008712443825023735	-7.590667740419422e-05	-7.549717189192506e-06	-7.687596596452717e-05	0.0	(-7.687596596452717e-05+0j)
-0.00786605131330065	-6.187476326347888e-05	-6.154225324905838e-06	-6.244876459921593e-05	0.0	(-6.244876459921593e-05+0j)
-0.007079170938941881	-5.0114661182759274e-05	-4.984622812287398e-06	-5.039257405492211e-05	0.0	(-5.039257405492211e-05+0j)
-0.0063491399283072195	-4.031157782922501e-05	-4.0096243125731235e-06	-4.037398569456506e-05	0.0	(-4.037398569456506e-05+0j)
-0.005673371504818021	-3.218714423168109e-05	-3.201559835019907e-06	-3.209872727302687e-05	0.0	(-3.209872727302687e-05+0j)
-0.005049350999806567	-2.5495945519247576e-05	-2.5360316158185015e-06	-2.5307881306870116e-05	0.0	(-2.5307881306870116e-05+0j)
-0.004474632115236381	-2.0022332566704812e-05	-1.9915984239560203e-06	-1.9774415564182875e-05	0.0	(-1.9774415564182875e-05+0j)
-0.0039468333293421	-1.5577493329605645e-05	-1.549485659779748e-06	-1.5300000059547157e-05	0.0	(-1.5300000059547157e-05+0j)
-0.0034636344366900593	-1.1996763511025264e-05	-1.1933187238355458e-06	-1.1712087329312654e-05	0.0	(-1.1712087329312654e-05+0j)
-0.0030227732145828184	-9.137157906799345e-06	-9.08877524352647e-07	-8.861236954586847e-06	0.0	(-8.861236954586847e-06+0j)
-0.0026220422081243964	-6.8751053411858605e-06	-6.838723720647977e-07	-6.618662547469516e-06	0.0	(-6.618662547469516e-06+0j)
-0.0022592856266295245	-5.104371542694764e-06	-5.077370701656037e-07	-4.873986946483019e-06	0.0	(-4.873986946483019e-06+0j)
-0.0019323963444015978	-3.7341556318566585e-06	-3.7144104680919554e-07	-3.53318454697074e-06	0.0	(-3.53318454697074e-06+0j)
-0.0016393129992216462	-2.687347109417069e-06	-2.673141352715902e-07	-2.516704029284919e-06	0.0	(-2.516704029284919e-06+0j)
-0.0013780171821857227	-1.8989313543990793e-06	-1.8889068087446503e-07	-1.7577454395962823e-06	0.0	(-1.7577454395962823e-06+0j)
-0.001146530712802266	-1.3145326753988722e-06	-1.307591901422711e-07	-1.2007023244379622e-06	0.0	(-1.2007023244379622e-06+0j)
-0.000942912993515015	-8.890849133394468e-07	-8.843926480039954e-08	-7.997258768711101e-07	0.0	(-7.997258768711101e-07+0j)
-0.000765258438052294	-5.856204770102366e-07	-5.8253135648556054e-08	-5.174313162453522e-07	0.0	(-5.174313162453522e-07+0j)
-0.0006116939682207532	-3.7416951075765185e-07	-3.722107067005709e-08	-3.237128753300813e-07	0.0	(-3.237128753300813e-07+0j)
-0.00048037657396195644	-2.30761652811427e-07	-2.295564627274871e-08	-1.946839981246012e-07	0.0	(-1.946839981246012e-07+0j)
-0.0003694909316743242	-1.3652354858956012e-07	-1.3578755897469819e-08	-1.117140025830923e-07	0.0	(-1.117140025830923e-07+0j)
-0.00027724707597164255	-7.686594113482573e-08	-7.639755494892597e-09	-6.059611876245325e-08	0.0	(-6.059611876245325e-08+0j)
-0.00020187812020332262	-4.075477541682718e-08	-4.0745362639427185e-09	-3.059026300164285e-08	0.0	(-3.059026300164285e-08+0j)
-0.00014163802120147604	-2.0061329049869775e-08	-1.964508555829525e-09	-1.4146755389580983e-08	0.0	(-1.4146755389580983e-08+0j)
-9.47993838462065e-05	-8.986923177620399e-09	-8.731149137020111e-10	-5.456443642350266e-09	0.0	(-5.456443642350266e-09+0j)
-5.965130115383321e-05	-3.5582777293453034e-09	-0.0	-3.1715521609897505e-09	0.0	(-3.1715521609897505e-09+0j)
-3.449722569349556e-05	-1.1900585805479704e-09	-1.1641532182693481e-09	-5.409598302304552e-10	0.0	(-5.409598302304552e-10+0j)
-1.7652868226157262e-05	-3.1162375661007266e-10	-0.0	-1.0610430311986287e-10	0.0	(-1.0610430311986287e-10+0j)
-7.444119536771307e-06	-5.5414915677740256e-11	-0.0	-1.0887396551614605e-11	0.0	(-1.0887396551614605e-11+0j)
-2.2049914955961543e-06	-4.8619874956513654e-12	-0.0	-2.3271521629583485e-13	0.0	(-2.3271521629583485e-13+0j)
-2.7557343862331254e-07	-7.59407200746766e-14	-0.0	1.360452549226121e-13	-0.026417373943166223	(1.360452549226121e-13-0.026417373943166223j)
2.7557343862331254e-07	7.59407200746766e-14	0.0	1.360452549226121e-13	0.026417373943166223	(1.360452549226121e-13+0.026417373943166223j)
2.2049914955961543e-06	4.8619874956513654e-12	0.0	2.6043640138923943e-13	0.0	(2.6043640138923943e-13+0j)
7.444119536771307e-06	5.5414915677740256e-11	0.0	1.081777579585727e-11	0.0	(1.081777579585727e-11+0j)
1.7652868226157262e-05	3.1162375661007266e-10	0.0	1.0628043493746387e-10	0.0	(1.0628043493746387e-10+0j)
3.449722569349556e-05	1.1900585805479704e-09	1.1641532182693481e-09	5.410008534769958e-10	0.0	(5.410008534769958e-10+0j)
5.965130115383321e-05	3.5582777293453034e-09	0.0	3.1716015450456594e-09	0.0	(3.1716015450456594e-09+0j)
9.47993838462065e-05	8.986923177620399e-09	8.731149137020111e-10	5.456395462322085e-09	0.0	(5.456395462322085e-09+0j)
0.00014163802120147604	2.0061329049869775e-08	1.964508555829525e-09	1.414677870154942e-08	0.0	(1.414677870154942e-08+0j)
0.00020187812020332262	4.075477541682718e-08	4.0745362639427185e-09	3.059028614003232e-08	0.0	(3.059028614003232e-08+0j)
0.00027724707597164255	7.686594113482573e-08	7.639755494892597e-09	6.059611974302804e-08	0.0	(6.059611974302804e-08+0j)
0.0003694909316743242	1.3652354858956012e-07	1.3578755897469819e-08	1.1171397769452398e-07	0.0	(1.1171397769452398e-07+0j)
0.00048037657396195644	2.30761652811427e-07	2.295564627274871e-08	1.9468395914786827e-07	0.0	(1.9468395914786827e-07+0j)
0.0006116939682207532	3.7416951075765185e-07	3.722107067005709e-08	3.23712899882441e-07	0.0	(3.23712899882441e-07+0j)
0.000765258438052294	5.856204770102366e-07	5.8253135648556054e-08	5.174313198929432e-07	0.0	(5.174313198929432e-07+0j)
0.000942912993515015	8.890849133394468e-07	8.843926480039954e-08	7.997259159518868e-07	0.0	(7.997259159518868e-07+0j)
0.001146530712802266	1.3145326753988722e-06	1.307591901422711e-07	1.2007022927136113e-06	0.0	(1.2007022927136113e-06+0j)
0.0013780171821857227	1.8989313543990793e-06	1.8889068087446503e-07	1.757745483466765e-06	0.0	(1.757745483466765e-06+0j)
0.0016393129992216462	2.687347109417069e-06	2.673141352715902e-07	2.516703981158069e-06	0.0	(2.516703981158069e-06+0j)
0.0019323963444015978	3.7341556318566585e-06	3.7144104680919554e-07	3.5331845662432073e-06	0.0	(3.5331845662432073e-06+0j)
0.0022592856266295245	5.104371542694764e-06	5.077370701656037e-07	4.87398691114743e-06	0.0	(4.87398691114743e-06+0j)
0.0026220422081243964	6.8751053411858605e-06	6.838723720647977e-07	6.618662551503487e-06	0.0	(6.618662551503487e-06+0j)
0.0030227732145828184	9.137157906799345e-06	9.08877524352647e-07	8.861236948927285e-06	0.0	(8.861236948927285e-06+0j)
0.0034636344366900593	1.1996763511025264e-05	1.1933187238355458e-06	1.1712087317401279e-05	0.0	(1.1712087317401279e-05+0j)
0.0039468333293421	1.5577493329605645e-05	1.549485659779748e-06	1.5300000067037006e-05	0.0	(1.5300000067037006e-05+0j)
0.004474632115236381	2.0022332566704812e-05	1.9915984239560203e-06	1.977441554956268e-05	0.0	(1.977441554956268e-05+0j)
0.005049350999806567	2.5495945519247576e-05	2.5360316158185015e-06	2.5307881314605245e-05	0.0	(2.5307881314605245e-05+0j)
0.005673371504818021	3.218714423168109e-05	3.201559835019907e-06	3.209872729342108e-05	0.0	(3.209872729342108e-05+0j)
0.0063491399283072195	4.031157782922501e-05	4.0096243125731235e-06	4.0373985709040034e-05	0.0	(4.0373985709040034e-05+0j)
0.007079170938941881	5.0114661182759274e-05	4.984622812287398e-06	5.039257406423754e-05	0.0	(5.039257406423754e-05+0j)
0.00786605131330065	6.187476326347888e-05	6.154225324905838e-06	6.244876456917804e-05	0.0	(6.244876456917804e-05+0j)
0.008712443825023735	7.590667740419422e-05	7.549717189192506e-06	7.687596596327844e-05	0.0	(7.687596596327844e-05+0j)
0.009621091295271172	9.256539771194272e-05	9.206372055814427e-06	9.405084385120644e-05	0.0	(9.405084385120644e-05+0j)
0.010594820814445106	0.00011225022809019927	1.1163856878937395e-05	0.00011439781080790403	0.0	(0.00011439781080790403+0j)
0.011636548145689705	0.00013540925274695451	1.3466672044160077e-05	0.00013839391779403833	0.0	(0.00013839391779403833+0j)
0.012749282321279155	0.0001625441997076812	1.6164629093040617e-05	0.00016657418348277098	0.0	(0.00016657418348277098+0j)
0.013936130443643347	0.0001942157317422429	1.9313369232776267e-05	0.00019953740110664273	0.0	(0.00019953740110664273+0j)
0.015200302703466109	0.0002310492022769991	2.2974925952823355e-05	0.00023795246479573127	0.0	(0.00023795246479573127+0j)
0.01654511762802453	0.00027374091732516805	2.72183352656441e-05	0.0002825652639561698	0.0	(0.0002825652639561698+0j)
0.01797400757372418	0.00032306494826029415	3.2120297359661265e-05	0.00033420619667529446	0.0	(0.00033420619667529446+0j)
0.019490524477627863	0.0003798805444130109	3.776589365678262e-05	0.0003937983597860023	0.0	(0.0003937983597860023+0j)
0.02109834588367813	0.00044514019902731797	4.4249363715387346e-05	0.00046236647737644894	0.0	(0.00046236647737644894+0j)
0.022801281260282438	0.0005198984271105071	5.167494642188686e-05	0.0005410466376265748	0.0	(0.0005410466376265748+0j)
0.024603278626967397	0.0006053213191961908	6.015779048240688e-05	0.0006310969131878681	0.0	(0.0006310969131878681+0j)
0.026508431508921782	0.0007026969410631971	6.982493924390099e-05	0.0007339089487411005	0.0	(0.0007339089487411005+0j)
0.02852098623944262	0.0008134466560704753	8.081639534696095e-05	0.0008510206085975423	0.0	(0.0008510206085975423+0j)
0.030645349631579707	0.0009391374540417626	9.328627081917062e-05	0.0009841297850945942	0.0	(0.0009841297850945942+0j)
0.03288609704164967	0.0010814953786327994	0.00010740402856868059	0.0011351094812942658	0.0	(0.0011351094812942658+0j)
0.03524798084876816	0.001242420153915127	0.00012335582135314382	0.0013060242919447523	0.0	(0.0013060242919447523+0j)
0.03773593937613485	0.0014240011205993246	0.0001413459345123158	0.001499148418394018	0.0	(0.001499148418394018+0j)
0.04035510628151127	0.0016285346029920702	0.00016159833885143193	0.001716985371508172	0.0	(0.001716985371508172+0j)
0.043110820446164204	0.0018585428395414096	0.00018435836004360162	0.0019622895247020738	0.0	(0.0019622895247020738+0j)
0.046008636393517745	0.0021167946227909256	0.00020989447090391522	0.002238089703327264	0.0	(0.002238089703327264+0j)
0.049054335270878616	0.002406327808867766	0.000238500212624837	0.002547715004785424	0.0	(0.002547715004785424+0j)
0.05225393642987957	0.0027304738724178955	0.0002704962507404929	0.002894823064519065	0.0	(0.002894823064519065+0j)
0.05561370964374471	0.003092884700338743	0.0003062325709873859	0.0032834309942303256	0.0	(0.0032834309942303256+0j)
0.059140188002125955	0.0034975618369268028	0.0003460908194258261	0.0037179492288223373	0.0	(0.0037179492288223373+0j)
0.06284018152711322	0.003948888414360542	0.0003904867900694775	0.004203218519426194	0.0	(0.004203218519426194+0j)
0.06672079155709584	0.004451664026005432	0.0004398730617638513	0.004744550305954518	0.0	(0.004744550305954518+0j)
0.07078942594847114	0.005011142826114079	0.0004947417841338897	0.0053477706752146845	0.0	(0.0053477706752146845+0j)
0.07505381514877553	0.005633075168386567	0.000555627609925835	0.006019268074208386	0.0	(0.006019268074208386+0j)
0.0795220291986808	0.006323753127875842	0.0006231107679621761	0.006766044877633834	0.0	(0.006766044877633834+0j)
0.08420249572447475	0.007090060286230188	0.0006978202670290812	0.0075957728231226705	0.0	(0.0075957728231226705+0j)
0.08910401898715839	0.007939526199663883	0.0007804372162396878	0.008516852221405606	0.0	(0.008516852221405606+0j)
0.09423580005917682	0.00888038601279315	0.0008716982415510333	0.00953847473720881	0.0	(0.00953847473720881+0j)
0.09960745820508124	0.009921645730077006	0.0009723989710300196	0.010670689466270563	0.0	(0.010670689466270563+0j)
0.10522905354813994	0.011073153710637303	0.0010833975529264683	0.011924472047214318	0.0	(0.011924472047214318+0j)
0.1111111111111111	0.012345679012345678	0.001205618160417532	0.013311796713857437	0.0	(0.013311796713857437+0j)
0.117264646326104	0.013750997277986258	0.0013400544248051705	0.014845711603062629	0.0	(0.014845711603062629+0j)
0.12370119211573812	0.01530198493085475	0.0014877727247050027	0.01654041829283142	0.0	(0.01654041829283142+0j)
0.13043282765570904	0.017012722530263896	0.0016499152421221852	0.018411357477605958	0.0	(0.018411357477605958+0j)
0.13747220893745052	0.01889860823014205	0.0018277026769821653	0.020475303682716366	0.0	(0.020475303682716366+0j)
0.14483260125889905	0.020976482387419247	0.0020224364894563113	0.02275047280307454	0.0	(0.02275047280307454+0j)
0.152527913781502	0.023264764482537306	0.0022355005140447387	0.02525664666210697	0.0	(0.02525664666210697+0j)
0.16057273630262453	0.025783603643712193	0.002468361760738988	0.028015318539347068	0.0	(0.028015318539347068+0j)
0.16898237840451125	0.02855504421124543	0.0027225701865992227	0.031049862672338835	0.0	(0.031049862672338835+0j)
0.1777729111540156	0.03160320794017353	0.0029997571858633026	0.03438572934384614	0.0	(0.03438572934384614+0j)
0.1869612115415512	0.03495449462108466	0.00330163250854415	0.038050665705069264	0.0	(0.038050665705069264+0j)
0.19656500986324205	0.03863780310253644	0.003629979276959308	0.04207496141450913	0.0	(0.04207496141450913+0j)
0.20660294026719475	0.04268477492705004	0.003986646727744056	0.046491717685534506	0.0	(0.046491717685534506+0j)
0.2170945947033171	0.04713006304939752	0.004373540265093061	0.05133713847721928	0.0	(0.05133713847721928+0j)
0.22806058053632985	0.05201162839456779	0.0047926083713643874	0.056650843151691645	0.0	(0.056650843151691645+0j)
0.2395225821037321	0.05737106733763908	0.00524582588666592	0.062476200710536826	0.0	(0.062476200710536826+0j)
0.25150342652467966	0.06325397355365495	0.005735173143499705	0.06886068657923472	0.0	(0.06886068657923472+0j)
0.26402715409224337	0.06971033809804922	0.006262610430984375	0.07585626370765433	0.0	(0.07585626370765433+0j)
0.27711909361055953	0.07679499204353805	0.006830047271945954	0.08351979065924241	0.0	(0.08351979065924241+0j)
0.29080594307025415	0.0845680965249799	0.00743930603305667	0.0919134604264316	0.0	(0.0919134604264316+0j)
0.30511585609049147	0.09309568563783349	0.008092079462516362	0.10110527517714263	0.0	(0.10110527517714263+0j)
0.3200785345944261	0.10245026830811522	0.008789881872277713	0.11116956413191253	0.0	(0.11116956413191253+0j)
0.3357253282270783	0.11271149601317945	0.009533993864476991	0.12218755426790195	0.0	(0.12218755426790195+0j)
0.35208934107114	0.12396690409590955	0.010325400757169364	0.13424800638983247	0.0	(0.13424800638983247+0j)
0.3692055462674028	0.13631273539461133	0.011164725205014492	0.1474479318139245	0.0	(0.1474479318139245+0j)
0.38711090920292607	0.14985485602391607	0.012052154946808974	0.16189340698447038	0.0	(0.16189340698447038+0j)
0.4058445199922993	0.16470977440777984	0.01298736715044893	0.17770050423816852	0.0	(0.17770050423816852+0j)
0.4254477360460714	0.18100577610672763	0.01396945146705456	0.19499635656822778	0.0	(0.19499635656822778+0j)
0.44596433559636334	0.19888418862390578	0.014996834639252965	0.21392037292632704	0.0	(0.21392037292632704+0j)
0.4674406831336701	0.2185007922484722	0.01606721030891589	0.23462561929758802	0.0	(0.23462561929758802+0j)
0.4899259078018587	0.24002739513547533	0.01717747849236169	0.25728038061050473	0.0	(0.25728038061050473+0j)
0.5134720959014145	0.2636535932693914	0.018323699967295735	0.2820699204923762	0.0	(0.2820699204923762+0j)
0.5381344987652963	0.2895887387613767	0.019501071448901605	0.3091984603400933	0.0	(0.3091984603400933+0j)
0.5639717573986723	0.3180641431433469	0.020703927796947023	0.3388914057199624	0.0	(0.3388914057199624+0j)
0.591046145414866	0.3493355460097709	0.021925777440531875	0.3713978556242806	0.0	(0.3713978556242806+0j)
0.6194238319567661	0.383685883596004	0.023159376565979325	0.40699343722329656	0.0	(0.40699343722329656+0j)
0.6491751664677271	0.4214283967584012	0.024396846224388903	0.4459835144525415	0.0	(0.4459835144525415+0j)
0.6803749873708325	0.46291012343986043	0.025629834251147753	0.488706822630161	0.0	(0.488706822630161+0j)
0.7131029569328535	0.5085158271863791	0.026849720698755398	0.5355395836702376	0.0	(0.5355395836702376+0j)
0.7474439248322069	0.5586724207685737	0.028047861440344688	0.586900158276984	0.0	(0.586900158276984+0j)
0.783488323222002	0.6138539526252244	0.02921585995265553	0.6432542938358321	0.0	(0.6432542938358321+0j)
0.821332596383606	0.6745872338822354	0.030345852493454895	0.7051210306891852	0.0	(0.7051210306891852+0j)
0.8610796684073763	0.741458195344557	0.03143078762469415	0.7730793361824377	0.0	(0.7730793361824377+0j)
0.9028394527202239	0.8151190773881535	0.03246467814109376	0.8477755462913977	0.0	(0.8477755462913977+0j)
0.946729407710138	0.8962965714231887	0.03344280283328449	0.9299317098826108	0.0	(0.9299317098826108+0j)
0.9928751431821456	0.9858010499489662	0.034361837886051225	1.020354951630403	0.0	(1.020354951630403+0j)
1.0414110829259533	1.084537043641007	0.03521990343092043	1.1199479970215018	0.0	(1.1199479970215018+0j)
1.0924811892911694	1.193515148955048	0.03601651954486457	1.2297210369126834	0.0	(1.2297210369126834+0j)
1.146239756361531	1.313865579063742	0.036752476733213905	1.3508051493397362	0.0	(1.3508051493397362+0j)
1.202852279106299	1.4468536053512178	0.03742963683857121	1.4844675417111866	0.0	(1.4844675417111866+0j)
1.2624964067782076	1.5938971771278856	0.03805068914610303	1.6321289258873992	0.0	(1.6321289258873992+0j)
1.3253629898383261	1.756587054833187	0.038618891135077875	1.7953833910163395	0.0	(1.7953833910163395+0j)
1.39165723083669	1.936709848140044	0.03913782262679182	1.9760211945048332	0.0	(1.9760211945048332+0j)
1.4615999509842248	2.136274416717088	0.03961117614980602	2.1760549519278514	0.0	(2.1760549519278514+0j)
1.5354289856404248	2.357542169944784	0.04004259681922728	2.3977497756626205	0.0	(2.3977497756626205+0j)
1.6134007236404333	2.603061895043474	0.04043557455251721	2.643657994645501	0.0	(2.643657994645501+0j)
1.695791807327491	2.875709853799038	0.040793382744941195	2.916659189585403	0.0	(2.916659189585403+0j)
1.7829010123805906	3.178736019947735	0.041119052419978486	3.220006404659394	0.0	(3.220006404659394+0j)
1.8750513290776138	3.515817486675726	0.04141536970087273	3.557379552892441	0.0	(3.557379552892441+0j)
1.9725922695643299	3.8911202619449536	0.04168488623472057	3.9329472224553914	0.0	(3.9329472224553914+0j)
2.075902429071858	4.309370895026441	0.04192993532825641	4.351438319930415	0.0	(4.351438319930415+0j)
2.1853923329131555	4.775939648755604	0.0421526496002223	4.818225260800717	0.0	(4.818225260800717+0j)
2.3015076055802877	5.296937258543909	0.042354978158587936	5.3394207461774075	0.0	(5.3394207461774075+0j)
2.4247325034618408	5.879327713344326	0.04253870257142952	5.921990560214656	0.0	(5.921990560214656+0j)
2.5555938587270473	6.531059970763399	0.04270545147766988	6.573885300256341	0.0	(6.573885300256341+0j)
2.6946654889263955	7.26122209721093	0.042856713891713596	7.304194530658618	0.0	(7.304194530658618+0j)
2.842573135012568	8.080222027895179	0.042993851309284986	8.123327555211882	0.0	(8.123327555211882+0j)
2.9999999999999973	8.999999999999984	0.04311810872517055	9.043225861639506	0.0	(9.043225861639506+0j)
3.1676929716073188	10.034278762370406	0.04323062466515744	10.077613341662163	0.0	(10.077613341662163+0j)
3.3464696252667663	11.198858952833092	0.043332440324666294	11.242291677715736	0.0	(11.242291677715736+0j)
3.537226119203227	12.51196861837352	0.04342450789747085	12.555489870438304	0.0	(12.555489870438304+0j)
3.7409461113238116	13.994677807828747	0.04350769816970198	14.038278833117037	0.0	(14.038278833117037+0j)
3.958710848952246	15.671391585612211	0.043582807446985894	15.715064395873307	0.0	(15.715064395873307+0j)
4.191710607642078	17.570437818219116	0.043650563875974116	17.614175067506963	0.0	(17.614175067506963+0j)
4.441257685203385	19.72476982637813	0.04371163321560596	19.768564654176185	0.0	(19.768564654176185+0j)
4.708801192652311	22.17280867192383	0.04376662410812897	22.21665452647011	0.0	(22.21665452647011+0j)
4.995943926236034	24.95945571409472	0.043816092895124746	25.003346202539525	0.0	(25.003346202539525+0j)
5.30446165546979	28.137313454349307	0.04386054801949105	28.181242289303242	0.0	(28.181242289303242+0j)
5.636325223067443	31.76816202018626	0.043900454050461786	31.81212312103294	0.0	(31.81212312103294+0j)
5.993725926010504	35.92475047613048	0.043936235365264156	35.96873823083799	0.0	(35.96873823083799+0j)
6.379104735595156	40.692977227692545	0.043968279517871724	40.73698684724643	0.0	(40.73698684724643+0j)
6.795186021636264	46.17455306864087	0.043996940322481595	46.218580908698705	0.0	(46.218580908698705+0j)
7.245016576502953	52.490265193802564	0.04402254067678898	52.53430890644008	0.0	(52.53430890644008+0j)
7.732010893868104	59.783992462895036	0.0440453751478259	59.828050885004615	0.0	(59.828050885004615+0j)
8.260003852004482	68.22766363512889	0.04406571234104739	68.27173641271543	0.0	(68.27173641271543+0j)
8.833312191087042	78.02740426520697	0.04408379707146439	78.07149132984041	0.0	(78.07149132984041+0j)
9.456806469667123	89.43118860473795	0.0440998523539195	89.47528970297853	0.0	(89.47528970297853+0j)
10.135995551894553	102.73840582802616	0.04411408122805957	102.78252028413564	0.0	(102.78252028413564+0j)
10.877126133024653	118.31187291372784	0.04412666843216344	118.35599966646433	0.0	(118.35599966646433+0j)
11.687300380670402	136.59299018801852	0.04413778193871805	136.63712798319756	0.0	(136.63712798319756+0j)
12.57461548493147	158.12095459387834	0.044147574363489955	158.16510216957664	0.0	(158.16510216957664+0j)
13.548329813570865	183.55724073729314	0.044156184258799275	183.60139692162932	0.0	(183.60139692162932+0j)
14.619061513616193	213.7169595388942	0.044163737300759634	213.76112327619742	0.0	(213.76112327619742+0j)
15.799026860736173	249.60924974626312	0.044170347379390865	249.65342009364244	0.0	(249.65342009364244+0j)
17.102327529253973	292.4896069178783	0.044176117599733285	292.533783035478	0.0	(292.533783035478+0j)
18.545298368552277	343.92809157862774	0.044181141201384624	343.97227271982865	0.0	(343.97227271982865+0j)
20.14693040131219	405.89880459531736	0.044185502403238264	405.94299009772067	0.0	(405.94299009772067+0j)
21.929387844185747	480.89805122072164	0.044189277179615474	480.94224049790154	0.0	(480.94224049790154+0j)
23.918643319342358	572.1014982379209	0.0441925339734526	572.1456907718948	0.0	(572.1456907718948+0j)
26.14526252799216	683.5747526576309	0.04419533435171849	683.618947991982	0.0	(683.618947991982+0j)
28.64537912446167	820.5577451841444	0.0441977336077959	820.6019429177512	0.0	(820.6019429177512+0j)
31.461913247165306	989.8519851721558	0.04419978131515774	989.896184953471	0.0	(989.896184953471+0j)
34.64610438705312	1200.3525491985815	0.04420152183630142	1200.3967507204204	0.0	(1200.3967507204204+0j)
38.25945280426815	1463.785728882022	0.04420299479056951	1463.829931876811	0.0	(1463.829931876811+0j)
42.376196144271574	1795.7419996577771	0.0442042354841787	1795.7862038932628	0.0	(1795.7862038932628+0j)
47.08649306653929	2217.1378293052526	0.04420527530549948	2217.1820345805486	0.0	(2217.1820345805486+0j)
52.50054922355529	2756.3076687749517	0.04420614208837352	2756.351874917033	0.0	(2756.351874917033+0j)
58.754011270063216	3452.0338403227156	0.04420686044602177	3452.078047183157	0.0	(3452.078047183157+0j)
66.01508458138542	4357.991392287471	0.04420745207788305	4358.035599739547	0.0	(4358.035599739547+0j)
74.494019787306	5549.358984071538	0.04420793605152636	5549.403192007581	0.0	(5549.403192007581+0j)
84.4558929953336	7132.797861639239	0.044208329061601825	7132.842069968301	0.0	(7132.842069968301+0j)
96.23802379441496	9261.75722385438	0.04420864566762988	9261.801432500048	0.0	(9261.801432500048+0j)
110.27401318935443	12160.357984885915	0.04420889851227833	12160.402193784428	0.0	(12160.402193784428+0j)
127.12737129116371	16161.368531401395	0.04420909852163798	16161.412740499916	0.0	(16161.412740499916+0j)
147.53926170486494	21767.833744416628	0.04420925508888071	21767.877953671716	0.0	(21767.877953671716+0j)
172.49739387007384	29755.350891967388	0.044209376242567	29755.39510134363	0.0	(29755.39510134363+0j)
203.33721107049217	41346.02140592589	0.04420946880076189	41346.06561539469	0.0	(41346.06561539469+0j)
241.89345215900826	58512.44219740242	0.04420953851202002	58512.48640694094	0.0	(58512.48640694094+0j)
290.732144905761	84525.18008150441	0.04420959018420808	84525.2242910946	0.0	(84525.2242910946+0j)
353.51441291600565	124972.44013934814	0.04420962780204939	124972.48434897594	0.0	(124972.48434897594+0j)
435.5826956730059	189732.28476976248	0.04420965463419666	189732.32897941713	0.0	(189732.32897941713+0j)
544.9348050674845	296953.9417739373	0.04420967333056694	296953.9859836106	0.0	(296953.9859836106+0j)
693.9000596638814	481497.29280153813	0.04420968601060553	481497.3370112241	0.0	(481497.3370112241+0j)
902.1421224679432	813860.4091309654	0.04420969434308337	813860.4533406597	0.0	(813860.4533406597+0j)
1202.2970203207008	1445518.1250720355	0.044209699617973996	1445518.169281735	0.0	(1445518.169281735+0j)
1651.1612699663262	2726333.539436811	0.044209702810902064	2726333.583646514	0.0	(2726333.583646514+0j)
2353.417045125024	5538571.788284998	0.04420970464060445	5538571.832494703	0.0	(5538571.832494703+0j)
3516.197255818686	12363643.141826857	0.04420970561979691	12363643.186036563	0.0	(12363643.186036563+0j)
5588.031222884966	31226092.94793725	0.04420970609979455	31226092.992146958	0.0	(31226092.992146958+0j)
9662.612764718197	93366085.44089504	0.04420970630919109	93366085.48510474	0.0	(93366085.48510474+0j)
18882.672722805288	356555329.15657485	0.04420970638686178	356555329.20078456	0.0	(356555329.20078456+0j)
44778.073711307276	2005075885.2952678	0.044209706409515624	2005075885.3394775	0.0	(2005075885.3394775+0j)
151172.1627947616	22853022804.045902	0.044209706413985486	22853022804.09011	0.0	(22853022804.09011+0j)
1209598.9185262648	1463129543699.9094	0.04420970641440866	1463129543699.9536	0.0	(1463129543699.9536+0j)
