-25963.925498107445	-674125427.271274	-0.0007957747154358675	-674125427.2720697	0.0	(-674125427.2720697+0j)
-6490.627825950439	-42128249.57500212	-0.0007957747150816899	-42128249.57579789	0.0	(-42128249.57579789+0j)
-2884.461596072092	-8320118.699214761	-0.000795774713546584	-8320118.700010536	0.0	(-8320118.700010536+0j)
-1622.3034223555637	-2631868.3941865745	-0.0007957747094122539	-2631868.394982349	0.0	(-2631868.394982349+0j)
-1038.1045036316527	-1077660.96046032	-0.0007957747006909225	-1077660.9612560947	0.0	(-1077660.9612560947+0j)
-720.7618889630762	-519497.7005816218	-0.0007957746848231634	-519497.7013773965	0.0	(-519497.7013773965+0j)
-529.4143094470139	-280279.5110472586	-0.0007957746586751107	-280279.5118430333	0.0	(-280279.5118430333+0j)
-405.22237924923235	-164205.1766444087	-0.0007957746185350396	-164205.17744018332	0.0	(-164205.17744018332+0j)
-320.07680939731165	-102449.16391396297	-0.0007957745601093137	-102449.16470973752	0.0	(-102449.16470973752+0j)
-259.17269292908765	-67170.48476011516	-0.0007957744785176954	-67170.48555588964	0.0	(-67170.48555588964+0j)
-214.11054347450596	-45843.32482694831	-0.0007957743682880102	-45843.325622722674	0.0	(-45843.325622722674+0j)
-179.8370922777698	-32341.379758923096	-0.0007957742233501595	-32341.38055469732	0.0	(-32341.38055469732+0j)
-153.16429722491517	-23459.30194440216	-0.0007957740370294728	-23459.302740176197	0.0	(-23459.302740176197+0j)
-132.00026008113662	-17424.06866148771	-0.0007957738020393899	-17424.06945726151	0.0	(-17424.06945726151+0j)
-114.92620417901293	-13208.032406996168	-0.0007957735104734637	-13208.033202769679	0.0	(-13208.033202769679+0j)
-100.95234989431218	-10191.376949183632	-0.0007957731537966721	-10191.377744956786	0.0	(-10191.377744956786+0j)
-89.3711707749886	-7987.206165692176	-0.0007957727228360262	-7987.206961464899	0.0	(-7987.206961464899+0j)
-79.6660394899954	-6346.677848021506	-0.0007957722077704635	-6346.678643793714	0.0	(-6346.678643793714+0j)
-71.45259678142344	-5105.473586808683	-0.0007957715981200098	-5105.474382580281	0.0	(-5105.474382580281+0j)
-64.4401021455765	-4152.526764532334	-0.000795770882734196	-4152.527560303217	0.0	(-4152.527560303217+0j)
-58.40534616997556	-3411.1844612346786	-0.0007957700497797136	-3411.1852570047286	0.0	(-3411.1852570047286+0j)
-53.1746662886106	-2827.545134905101	-0.0007957690867272904	-2827.5459306741877	0.0	(-2827.5459306741877+0j)
-48.61131190080035	-2363.059644716894	-0.0007957679803377691	-2363.0604404848746	0.0	(-2363.0604404848746+0j)
-44.60641475236486	-1989.7322370599936	-0.0007957667166473688	-1989.7330328267103	0.0	(-1989.7330328267103+0j)
-41.07243507516475	-1686.9449230036234	-0.0007957652809521065	-1686.9457187689045	0.0	(-1686.9457187689045+0j)
-37.93833703272188	-1439.3174168083967	-0.0007957636577913603	-1439.3182125720546	0.0	(-1439.3182125720546+0j)
-35.145990988493956	-1235.2406825632984	-0.0007957618309305473	-1235.2414783251224	0.0	(-1235.2414783251224+0j)
-32.64745859752206	-1065.856552876917	-0.0007957597833428929	-1065.8573486367009	0.0	(-1065.8573486367009+0j)
-30.40292155165993	-924.3376388763878	-0.0007957574971902645	-924.3384346338836	0.0	(-924.3384346338836+0j)
-28.379085308632625	-805.3724829546481	-0.0007957549538030431	-805.373278709606	0.0	(-805.373278709606+0j)
-26.54793727901791	-704.7929737706688	-0.0007957521336590026	-704.7937695228003	0.0	(-704.7937695228003+0j)
-24.885772290912822	-619.3016625151644	-0.0007957490163611656	-619.3024582641799	0.0	(-619.3024582641799+0j)
-23.372421553405154	-546.2700892700777	-0.0007957455806146045	-546.2708850156596	0.0	(-546.2708850156596+0j)
-21.99063796447735	-483.5881580847126	-0.0007957418042021534	-483.5889538265179	0.0	(-483.5889538265179+0j)
-20.725602554503787	-429.5506012472539	-0.0007957376639589946	-429.5513969849211	0.0	(-429.5513969849211+0j)
-19.56452553191485	-382.770659288948	-0.0007957331357460819	-382.7714550220841	0.0	(-382.7714550220841+0j)
-18.49632176131648	-342.1139186981496	-0.000795728194422362	-342.11471442634377	0.0	(-342.11471442634377+0j)
-17.511345216339368	-306.6472112858117	-0.0007957228138157524	-306.6480070086259	0.0	(-306.6480070086259+0j)
-16.601170469373372	-275.5988609531945	-0.0007957169666928303	-275.59965667016127	0.0	(-275.59965667016127+0j)
-15.758411931676982	-248.32754660841945	-0.0007957106247271896	-248.3283423190441	0.0	(-248.3283423190441+0j)
-14.976573570196068	-224.2977559034954	-0.0007957037584664159	-224.29855160725387	0.0	(-224.29855160725387+0j)
-14.249923366935638	-203.06031596353833	-0.0007956963372976302	-203.06111165987556	0.0	(-203.06111165987556+0j)
-13.573387972519702	-184.2368610525425	-0.0007956883294115475	-184.23765674087173	0.0	(-184.23765674087173+0j)
-12.942463925037897	-167.50737245090735	-0.0007956797017649967	-167.5081681306091	0.0	(-167.5081681306091+0j)
-12.35314252275965	-152.60013018761268	-0.0007956704200418409	-152.60092585803267	0.0	(-152.60092585803267+0j)
-11.801846002556928	-139.28356906806894	-0.0007956604486122407	-139.28436472851763	0.0	(-139.28436472851763+0j)
-11.285373120608226	-127.35964647134664	-0.0007956497504901936	-127.36044212109702	0.0	(-127.36044212109702+0j)
-10.800852585031993	-116.6584165635923	-0.0007956382872892853	-116.65921220187975	0.0	(-116.65921220187975+0j)
-10.345703071874341	-107.03357205139018	-0.00079562601917658	-107.03436767740916	0.0	(-107.03436767740916+0j)
-9.917598781876578	-98.35876559827977	-0.0007956129048245792	-98.35956121118494	0.0	(-98.35956121118494+0j)
-9.514439677583534	-90.52456237837586	-0.0007955989013611696	-90.52535797727754	0.0	(-90.52535797727754+0j)
-9.134325687808028	-83.4359057709496	-0.0007955839643174818	-83.43670135491375	0.0	(-83.43670135491375+0j)
-8.775534286370473	-77.01000201126372	-0.0007955680475735719	-77.01079757931151	0.0	(-77.01079757931151+0j)
-8.436500949941994	-71.17454827837217	-0.0007955511033018422	-71.17534382947568	0.0	(-71.17534382947568+0j)
-8.115802080094475	-65.86624340326581	-0.0007955330819081028	-65.86703893634747	0.0	(-65.86703893634747+0j)
-7.812140040731365	-61.02953201599826	-0.0007955139319701814	-61.03032752993035	0.0	(-61.03032752993035+0j)
-7.524330016657525	-56.61554219957343	-0.0007954936001739764	-56.61633769317476	0.0	(-56.61633769317476+0j)
-7.251288444301806	-52.5811841024649	-0.000795472031246847	-52.5819795745002	0.0	(-52.5819795745002+0j)
-6.9920228032587755	-48.8883828812907	-0.0007954491678882298	-48.88917833047231	0.0	(-48.88917833047231+0j)
-6.745622588745905	-45.50342410979901	-0.0007954249506973615	-45.50421953479029	0.0	(-45.50421953479029+0j)
-6.511251311394057	-42.396393640130825	-0.0007953993180979869	-42.397189039553844	0.0	(-42.397189039553844+0j)
-6.28813939289932	-39.540697024532236	-0.0007953722062599217	-39.541492396980786	0.0	(-39.541492396980786+0j)
-6.075577844694438	-36.91264614694191	-0.0007953435490173356	-36.91344149099705	0.0	(-36.91344149099705+0j)
-5.872912632539629	-34.49110278944356	-0.0007953132777836114	-34.49189810368925	0.0	(-34.49189810368925+0j)
-5.679539643272203	-32.25717055950054	-0.000795281321462634	-32.2579658425345	0.0	(-32.2579658425345+0j)
-5.494900181287662	-30.19392800231518	-0.0007952476063563494	-30.194723252750123	0.0	(-30.194723252750123+0j)
-5.318476931980488	-28.28619687600858	-0.0007952120560684332	-28.28699209246171	0.0	(-28.28699209246171+0j)
-5.149790337618319	-26.520340521427006	-0.0007951745914038926	-26.521135702495915	0.0	(-26.521135702495915+0j)
-4.988395338183129	-24.884088050007175	-0.0007951351302644233	-24.884883194235673	0.0	(-24.884883194235673+0j)
-4.833878435771186	-23.366380731813685	-0.0007950935875393311	-23.367175837651033	0.0	(-23.367175837651033+0j)
-4.685855046355183	-21.957237515452334	-0.0007950498749918182	-21.958032581211523	0.0	(-21.958032581211523+0j)
-4.543967107204298	-20.6476370713546	-0.0007950039011404246	-20.648432095174183	0.0	(-20.648432095174183+0j)
-4.40788091213969	-19.429414135605423	-0.0007949555711354065	-19.430209115419867	0.0	(-19.430209115419867+0j)
-4.277285150163216	-18.295168255806765	-0.0007949047866298176	-18.295963189326102	0.0	(-18.295963189326102+0j)
-4.1518891259130415	-17.23818331387496	-0.0007948514456450538	-17.238978198576568	0.0	(-17.238978198576568+0j)
-4.031421142934009	-16.252356431695354	-0.0007947954424306037	-16.25315126482571	0.0	(-16.25315126482571+0j)
-3.915627032958444	-15.332135061234949	-0.0007947366673177388	-15.332929839820176	0.0	(-15.332929839820176+0j)
-3.804268816319107	-14.472461226817979	-0.0007946750065668595	-14.473255947681682	0.0	(-14.473255947681682+0j)
-3.6971234803003905	-13.668722028588473	-0.0007946103422082026	-13.6695166883729	0.0	(-13.6695166883729+0j)
-3.5939818637085126	-12.916705636665714	-0.0007945425518755973	-12.917500231854588	0.0	(-12.917500231854588+0j)
-3.4946476372356603	-12.212562108436783	-0.0007944715086329423	-12.213356635376785	0.0	(-12.213356635376785+0j)
-3.39893637032993	-11.552768449551598	-0.0007943970807930598	-11.553562904470429	0.0	(-11.553562904470429+0j)
-3.306674676284117	-10.93409741477867	-0.0007943191317285619	-10.93489179379844	0.0	(-10.93489179379844+0j)
-3.2176994281387747	-10.353589609844597	-0.0007942375196743495	-10.354383908989226	0.0	(-10.354383908989226+0j)
-3.1318570387744358	-9.808528511320977	-0.0007941520975213405	-9.809322726518102	0.0	(-9.809322726518102+0j)
-3.0490027992569613	-9.296418069876786	-0.0007940627126010036	-9.29721219695412	0.0	(-9.29721219695412+0j)
-2.969000270110649	-8.814962603917106	-0.0007939692064602534	-8.81575663859443	0.0	(-8.81575663859443+0j)
-2.8917207207350946	-8.362048726728695	-0.0007938714146262351	-8.362842664606651	0.0	(-8.362842664606651+0j)
-2.8170426126629335	-7.935729081558806	-0.0007937691663605068	-7.936522918105446	0.0	(-7.936522918105446+0j)
-2.7448511227833454	-7.534207686244992	-0.0007936622844020947	-7.535001416782022	0.0	(-7.535001416782022+0j)
-2.675037703037414	-7.155826712671685	-0.0007935505846988748	-7.156620332360157	0.0	(-7.156620332360157+0j)
-2.6074996734312905	-6.799054546944287	-0.0007934338761266988	-6.799848050771236	0.0	(-6.799848050771236+0j)
-2.542139845516731	-6.462474994163829	-0.0007933119601956555	-6.463268376929466	0.0	(-6.463268376929466+0j)
-2.4788661737599393	-6.144777507411241	-0.000793184630742822	-6.145570763717273	0.0	(-6.145570763717273+0j)
-2.4175914324627716	-5.844748334317396	-0.0007930516736108239	-5.845541458556344	0.0	(-5.845541458556344+0j)
-2.358232916118114	-5.561262486662943	-0.0007929128663114895	-5.562055473007623	0.0	(-5.562055473007623+0j)
-2.3007121612768358	-5.293276449047129	-0.0007927679776738364	-5.294069291440934	0.0	(-5.294069291440934+0j)
-2.2449546881792823	-5.039821551978139	-0.0007926167674755957	-5.040614244125154	0.0	(-5.040614244125154+0j)
-2.1908897605623596	-4.799997942936994	-0.0007924589860574238	-4.800790478292319	0.0	(-4.800790478292319+0j)
-2.13845016219549	-4.572969096193918	-0.0007922943739189147	-4.573761467953431	0.0	(-4.573761467953431+0j)
-2.0875719888270416	-4.35795680853529	-0.0007921226612954661	-4.358749009625519	0.0	(-4.358749009625519+0j)
-2.0381944543385164	-4.154236633696283	-0.0007919435677150044	-4.155028656763524	0.0	(-4.155028656763524+0j)
-1.9902597100084227	-3.961133713282811	-0.0007917568015335164	-3.9619255506820372	0.0	(-3.9619255506820372+0j)
-1.9437126758822836	-3.778018966385467	-0.0007915620594482718	-3.778810610168635	0.0	(-3.778810610168635+0j)
-1.89850088333086	-3.604305604008056	-0.0007913590259875597	-3.605097045911988	0.0	(-3.605097045911988+0j)
-1.8545743279562	-3.4394459379141904	-0.0007911473729756924	-3.4402371693479776	0.0	(-3.4402371693479776+0j)
-1.8118853320755182	-3.282928456590411	-0.0007909267589719573	-3.283719468621991	0.0	(-3.283719468621991+0j)
-1.7703884160767358	-3.1342751437786935	-0.0007906968286821207	-3.13506592712115	0.0	(-3.13506592712115+0j)
-1.7300401779976016	-2.993039017485973	-0.0007904572123410049	-2.9938295624830396	0.0	(-2.9938295624830396+0j)
-1.6907991807330216	-2.858801869567457	-0.0007902075250645727	-2.8595921661784485	0.0	(-2.8595921661784485+0j)
-1.6526258463233479	-2.731172187935962	-0.00078994736616986	-2.731962225719946	0.0	(-2.731962225719946+0j)
-1.6154823568201164	-2.609783245197078	-0.0007896763184609981	-2.6105730132964524	0.0	(-2.6105730132964524+0j)
-1.579332561265664	-2.494291339073962	-0.0007893939474794626	-2.4950808261971487	0.0	(-2.4950808261971487+0j)
-1.544141888359463	-2.3843741713863285	-0.0007890998007165712	-2.385163365789755	0.0	(-2.385163365789755+0j)
-1.5098772644173457	-2.279729353604407	-0.0007887934067861352	-2.2805182430737236	0.0	(-2.2805182430737236+0j)
-1.4765070362601456	-2.180073028125719	-0.0007884742745550393	-2.1808615999559646	0.0	(-2.1808615999559646+0j)
-1.4440008986961979	-2.085138595435427	-0.0007881418922293901	-2.08592683641043	0.0	(-2.08592683641043+0j)
-1.4123298262875472	-1.9946755382214134	-0.0007877957263937258	-1.9954634345922042	0.0	(-1.9954634345922042+0j)
-1.3814660091131397	-1.9084483343349852	-0.000787435221000626	-1.9092358717971774	0.0	(-1.9092358717971774+0j)
-1.3513827922636295	-1.826235451226244	-0.0007870597963078947	-1.8270226148964028	0.0	(-1.8270226148964028+0j)
-1.3220546188221383	-1.7478284151489494	-0.0007866688477603105	-1.7486151895396784	0.0	(-1.7486151895396784+0j)
-1.2934569761033048	-1.6730309490303052	-0.0007862617448127507	-1.6738173180244282	0.0	(-1.6738173180244282+0j)
-1.2655663449395995	-1.6016581734437774	-0.0007858378296912924	-1.6024441202670112	0.0	(-1.6024441202670112+0j)
-1.2383601518190859	-1.5335358656133895	-0.0007853964160886801	-1.5343213728058473	0.0	(-1.5343213728058473+0j)
-1.2118167236928987	-1.4684997718217911	-0.0007849367877903119	-1.4692848212081588	0.0	(-1.4692848212081588+0j)
-1.1859152452835946	-1.4063949689960484	-0.0007844581972266571	-1.4071795416541935	0.0	(-1.4071795416541935+0j)
-1.1606357187374863	-1.3470752716092813	-0.0007839598639477448	-1.3478593478374143	0.0	(-1.3478593478374143+0j)
-1.1359589254750273	-1.2904026803663786	-0.0007834409730150866	-1.2911862396485467	0.0	(-1.2911862396485467+0j)
-1.1118663901034846	-1.2362468694417543	-0.0007829006733060867	-1.2370298904117176	0.0	(-1.2370298904117176+0j)
-1.0883403462654702	-1.1844847093092434	-0.0007823380757256712	-1.1852671697125052	0.0	(-1.1852671697125052+0j)
-1.065363704305586	-1.13499982245172	-0.0007817522513195173	-1.1357816991056668	0.0	(-1.1357816991056668+0j)
-1.0429200206454015	-1.0876821694630046	-0.0007811422292828879	-1.0884634382151086	0.0	(-1.0884634382151086+0j)
-1.020993468764418	-1.0424276632595986	-0.0007805069948586794	-1.0432082989434348	0.0	(-1.0432082989434348+0j)
-0.9995688116914875	-0.9991378093063323	-0.0007798454871178537	-0.9999177856954508	0.0	(-0.9999177856954508+0j)
-0.9786313759175298	-0.9577193699302375	-0.0007791565966149671	-0.9584986596896508	0.0	(-0.9584986596896508+0j)
-0.9581670266462455	-0.918084050952107	-0.0007784391629110099	-0.9188626255873191	0.0	(-0.9188626255873191+0j)
-0.9381621443049951	-0.8801482090069465	-0.0007776919719552359	-0.8809260388103254	0.0	(-0.8809260388103254+0j)
-0.9186036022430514	-0.8438325780539101	-0.0007769137533170874	-0.8446096320483244	0.0	(-0.8446096320483244+0j)
-0.89947874554915	-0.8090620136946725	-0.0007761031772587032	-0.8098382595742419	0.0	(-0.8098382595742419+0j)
-0.8807753709246038	-0.7757652540273734	-0.0007752588516378316	-0.7765406580949609	0.0	(-0.7765406580949609+0j)
-0.8624817075523156	-0.743874695862358	-0.000774379318630258	-0.7446492229639711	0.0	(-0.7446492229639711+0j)
-0.8445863989057804	-0.7133261852166339	-0.0007734630512600809	-0.7140997986723436	0.0	(-0.7140997986723436+0j)
-0.8270784854456875	-0.6840588210871323	-0.0007725084497253458	-0.6848314826181108	0.0	(-0.6848314826181108+0j)
-0.8099473881549796	-0.6560147715790732	-0.0007715138375056468	-0.6567864412307269	0.0	(-0.6567864412307269+0j)
-0.7931828928662812	-0.6291391015357225	-0.0007704774572373449	-0.629909737597465	0.0	(-0.629909737597465+0j)
-0.776775135338431	-0.6033796108800378	-0.0007693974663410066	-0.604149169799306	0.0	(-0.604149169799306+0j)
-0.7607145870414965	-0.5786866829377146	-0.0007682719323845494	-0.5794551192304633	0.0	(-0.5794551192304633+0j)
-0.7449920416121038	-0.5550131420653706	-0.0007670988281643596	-0.5557804082213218	0.0	(-0.5557804082213218+0j)
-0.7295986019432299	-0.5323141199575157	-0.0007658760264853502	-0.5330801663400192	0.0	(-0.5330801663400192+0j)
-0.7145256678747282	-0.5105469300518263	-0.0007646012946195091	-0.5113117047923202	0.0	(-0.5113117047923202+0j)
-0.6997649244528762	-0.48967094949453954	-0.0007632722884209772	-0.4904343983811032	0.0	(-0.4904343983811032+0j)
-0.6853083307291001	-0.4696475081667057	-0.0007618865460740831	-0.4704095745264237	0.0	(-0.4704095745264237+0j)
-0.6711481090697825	-0.4504397843079447	-0.0007604414814490574	-0.4512004088824184	0.0	(-0.4512004088824184+0j)
-0.6572767349506936	-0.4320127063074443	-0.0007589343770384018	-0.43277182712137946	0.0	(-0.43277182712137946+0j)
-0.6436869272111243	-0.4143328602624992	-0.0007573623764451752	-0.4150904124848632	0.0	(-0.4150904124848632+0j)
-0.6303716387442216	-0.39736840293307546	-0.0007557224763929183	-0.398124318729903	0.0	(-0.398124318729903+0j)
-0.6173240476013827	-0.3810889797469542	-0.0007540115182258234	-0.38184318812609624	0.0	(-0.38184318812609624+0j)
-0.6045375484898089	-0.365465647534068	-0.0007522261788674712	-0.36621807418054536	0.0	(-0.36621807418054536+0j)
-0.5920057446435135	-0.35047080169092093	-0.0007503629612075916	-0.3512213687928472	0.0	(-0.3512213687928472+0j)
-0.5797224400491665	-0.3360781074965595	-0.0007484181838897512	-0.33682673356065357	0.0	(-0.33682673356065357+0j)
-0.5676816320092142	-0.32226243532064486	-0.0007463879704798187	-0.32300903497705835	0.0	(-0.32300903497705835+0j)
-0.5558775040256674	-0.30899979948180584	-0.0007442682380070612	-0.30974428327740716	0.0	(-0.30974428327740716+0j)
-0.544304418988884	-0.2962673005308266	-0.0007420546848887224	-0.2970095747104856	0.0	(-0.2970095747104856+0j)
-0.5329569126565085	-0.2840430707483572	-0.0007397427782771058	-0.28478303702324437	0.0	(-0.28478303702324437+0j)
-0.5218296874085603	-0.27230622266091575	-0.0007373277409079539	-0.2730437779640211	0.0	(-0.2730437779640211+0j)
-0.5109176062654007	-0.261036800391967	-0.0007348045375825491	-0.2617718366197335	0.0	(-0.2617718366197335+0j)
-0.5002156871560363	-0.2502157336769855	-0.0007321678614854389	-0.2509481374177526	0.0	(-0.2509481374177526+0j)
-0.489719097424872	-0.2398247943826313	-0.0007294121206261615	-0.24055444663055625	0.0	(-0.24055444663055625+0j)
-0.47942314856567775	-0.22984655538062793	-0.0007265314247968411	-0.23057333123762824	0.0	(-0.23057333123762824+0j)
-0.4693232911721022	-0.22026435163661381	-0.0007235195735564104	-0.22098812000114532	0.0	(-0.22098812000114532+0j)
-0.4594151100946494	-0.21106224338327884	-0.0007203700458830051	-0.21178286662988335	0.0	(-0.21178286662988335+0j)
-0.44969431979454255	-0.2022249812554763	-0.0007170759922730571	-0.2029423149054954	0.0	(-0.2029423149054954+0j)
-0.44015675988541014	-0.1937379732728226	-0.0007136302302009988	-0.19445186566078582	0.0	(-0.19445186566078582+0j)
-0.4307983908541856	-0.18558725356255565	-0.0007100252439775203	-0.18629754550247593	0.0	(-0.18629754550247593+0j)
-0.4216152899530627	-0.1777594527222051	-0.0007062531901458561	-0.1784659771791192	0.0	(-0.1784659771791192+0j)
-0.41260364725475723	-0.17024176972792815	-0.000702305909622731	-0.1709443515014996	0.0	(-0.1709443515014996+0j)
-0.4037597618637247	-0.16302194530025169	-0.0006981749478117472	-0.16372040072848537	0.0	(-0.16372040072848537+0j)
-0.39508003827635235	-0.15608823664444404	-0.0006938515838817674	-0.15678237333654205	0.0	(-0.15678237333654205+0j)
-0.3865609828834897	-0.14942939348784964	-0.0006893268703031777	-0.15011901009653242	0.0	(-0.15011901009653242+0j)
-0.37819920060902373	-0.1430346353413046	-0.0006845916835660451	-0.1437195213857912	0.0	(-0.1437195213857912+0j)
-0.3699913916785018	-0.13689362991619455	-0.0006796367867653434	-0.13757356566761678	0.0	(-0.13757356566761678+0j)
-0.3619343485121183	-0.13099647263289152	-0.0006744529044334052	-0.1316712290744461	0.0	(-0.1316712290744461+0j)
-0.354024952736643	-0.1253336671601823	-0.0006690308096368999	-0.12600300603431341	0.0	(-0.12600300603431341+0j)
-0.3462601723111496	-0.119896106928947	-0.0006633614229476997	-0.12055978088335215	0.0	(-0.12055978088335215+0j)
-0.3386370587616388	-0.11467505756673362	-0.0006574359224603901	-0.11533281041019391	0.0	(-0.11533281041019391+0j)
-0.33115274451989835	-0.10966214020306106	-0.0006512458635831612	-0.11031370728093524	0.0	(-0.11031370728093524+0j)
-0.32380444036215683	-0.10484931559824957	-0.000644783306894173	-0.10549442429567245	0.0	(-0.10549442429567245+0j)
-0.31658943294330893	-0.10022886905136591	-0.0006380409519533743	-0.10086723943004361	0.0	(-0.10086723943004361+0j)
-0.3095050824226829	-0.09579339604547173	-0.0006310122746101925	-0.09642474161757447	0.0	(-0.09642474161757447+0j)
-0.3025488201775176	-0.09153578859080788	-0.0006236916650683329	-0.0921598172306951	0.0	(-0.0921598172306951+0j)
-0.29571814660049234	-0.08744922222883028	-0.0006160745637744853	-0.08806563722039626	0.0	(-0.08806563722039626+0j)
-0.28901062897782787	-0.08352714366215967	-0.0006081575920983259	-0.08413564487653474	0.0	(-0.08413564487653474+0j)
-0.28242389944463353	-0.07976325897751248	-0.0005999386747723193	-0.08036354417295305	0.0	(-0.08036354417295305+0j)
-0.27595565301433805	-0.07615152243056975	-0.0005914171511621809	-0.0767432886632272	0.0	(-0.0767432886632272+0j)
-0.26960364567917633	-0.07268612576350285	-0.0005825938726383111	-0.07326907089518997	0.0	(-0.07326907089518997+0j)
-0.26336569257885506	-0.06936148802754	-0.0005734712836066834	-0.06993531231413315	0.0	(-0.06993531231413315+0j)
-0.2572396662346413	-0.06617224588450965	-0.0005640534841223331	-0.06673665362653049	0.0	(-0.06673665362653049+0j)
-0.2512234948462501	-0.06311324436276386	-0.0005543462724347942	-0.06366794559808195	0.0	(-0.06366794559808195+0j)
-0.24531516064902248	-0.060179528044255706	-0.0005443571662854825	-0.06072424026165571	0.0	(-0.06072424026165571+0j)
-0.23951269832899913	-0.05736633266083814	-0.0005340954022741369	-0.05790078251256066	0.0	(-0.05790078251256066+0j)
-0.2338141934936016	-0.05466907707906337	-0.0005235719131168309	-0.05519300207026852	0.0	(-0.05519300207026852+0j)
-0.22821778119573657	-0.052083355653905095	-0.0005127992831144226	-0.05259650578736361	0.0	(-0.05259650578736361+0j)
-0.22272164450923196	-0.049604930932896696	-0.0005017916826216487	-0.05010707028807166	0.0	(-0.05010707028807166+0j)
-0.21732401315361113	-0.04722972669319094	-0.0004905647827396263	-0.047720634920142946	0.0	(-0.047720634920142946+0j)
-0.21202316216629263	-0.04495382129499403	-0.0004791356518368529	-0.04543329500523062	0.0	(-0.04543329500523062+0j)
-0.20681741062039433	-0.0427734413357248	-0.0004675226358273008	-0.043241295374112546	0.0	(-0.043241295374112546+0j)
-0.20170512038639057	-0.04068495559008831	-0.0004557452243930052	-0.04114102417422835	0.0	(-0.04114102417422835+0j)
-0.19668469493595742	-0.03868486922205063	-0.00044382390552962414	-0.039129006937953605	0.0	(-0.039129006937953605+0j)
-0.1917545781864028	-0.03676981825544526	-0.0004317800109162683	-0.037201900900954724	0.0	(-0.037201900900954724+0j)
-0.18691325338415507	-0.034936564290649355	-0.00041963555466737596	-0.03535648956061263	0.0	(-0.03535648956061263+0j)
-0.1821592420258436	-0.03318198945542987	-0.0004074130680183455	-0.03358967746523037	0.0	(-0.03358967746523037+0j)
-0.17749110281557054	-0.031503091578687435	-0.0003951354324335429	-0.031898485225155926	0.0	(-0.031898485225155926+0j)
-0.17290743065703004	-0.029896979576415652	-0.00038282571351185143	-0.030280044737439133	0.0	(-0.030280044737439133+0j)
-0.16840685567919006	-0.02836086903975155	-0.00037050699790870076	-0.028731594615896784	0.0	(-0.028731594615896784+0j)
-0.16398804229430336	-0.02689207801551823	-0.0003582022353024832	-0.027250475818775544	0.0	(-0.027250475818775544+0j)
-0.15964968828706846	-0.025488022970158127	-0.0003459340872156136	-0.025834127466320064	0.0	(-0.025834127466320064+0j)
-0.15539052393380848	-0.024146214928423504	-0.0003337247842641924	-0.024480082840770464	0.0	(-0.024480082840770464+0j)
-0.15120931115058361	-0.02286425577863401	-0.00032159599316288016	-0.02318596556141229	0.0	(-0.02318596556141229+0j)
-0.14710484266919818	-0.02163983473672955	-0.0003095686945601859	-0.021949485927465918	0.0	(-0.021949485927465918+0j)
-0.1430759412401047	-0.020470724961741894	-0.0002976630725301698	-0.02076843742179506	0.0	(-0.02076843742179506+0j)
-0.13912145886124935	-0.019354780315682295	-0.000285898416304982	-0.019640693368599676	0.0	(-0.019640693368599676+0j)
-0.13524027603194239	-0.01828993226119597	-0.00027429303460327543	-0.0185642037386161	0.0	(-0.0185642037386161+0j)
-0.13143130103087308	-0.01727418689066798	-0.0002628641826959579	-0.01753699209557081	0.0	(-0.01753699209557081+0j)
-0.127693469217426	-0.01630562208078172	-0.00025162800215582115	-0.016557152678116662	0.0	(-0.016557152678116662+0j)
-0.12402574235548795	-0.015382384766829878	-0.00024059947306320924	-0.015622847611808993	0.0	(-0.015622847611808993+0j)
-0.12042710795896928	-0.014502688331361244	-0.00022979237828729552	-0.01473230424605867	0.0	(-0.01473230424605867+0j)
-0.1168965786582923	-0.013664810102014318	-0.00021921927933222357	-0.013883812611388121	0.0	(-0.013883812611388121+0j)
-0.11343319158713124	-0.01286708895364282	-0.00020889150312925191	-0.0130757229925399	0.0	(-0.0130757229925399+0j)
-0.11003600778871571	-0.012107923010078304	-0.00019881913906954747	-0.012306443613209013	0.0	(-0.012306443613209013+0j)
-0.1067041116410371	-0.01138576744110291	-0.00018901104550640225	-0.01157443842823559	0.0	(-0.01157443842823559+0j)
-0.10343661030032315	-0.010699132350420918	-0.0001794748649090695	-0.010878225019117612	0.0	(-0.010878225019117612+0j)
-0.10023263316217232	-0.010046580750622607	-0.0001702170468216045	-0.010216372588621505	0.0	(-0.010216372588621505+0j)
-0.09709133133976106	-0.009426726621327267	-0.00016124287776728998	-0.009587500050172252	0.0	(-0.009587500050172252+0j)
-0.09401187715856299	-0.008838233046876738	-0.00015255651724065534	-0.008990274207590326	0.0	(-0.008990274207590326+0j)
-0.09099346366703809	-0.00827981043012458	-0.0001441610389428707	-0.008423408020657696	0.0	(-0.008423408020657696+0j)
-0.08803530416277376	-0.0077502147790320915	-0.00013605847644060191	-0.007885658951970298	0.0	(-0.007885658951970298+0j)
-0.08513663173357726	-0.007248246062938754	-0.00012824987246145615	-0.007375827390527613	0.0	(-0.007375827390527613+0j)
-0.0822966988130406	-0.006772746635524317	-0.00012073533107922595	-0.006892755147631575	0.0	(-0.006892755147631575+0j)
-0.07951477675011609	-0.006322599721620802	-0.00011351407208767968	-0.006435324020757473	0.0	(-0.006435324020757473+0j)
-0.07679015539225904	-0.005896727965167291	-0.00010658448691117138	-0.006002454421248131	0.0	(-0.006002454421248131+0j)
-0.07412214268171152	-0.005494092035728001	-9.994419545256714e-05	-0.005593104061841766	0.0	(-0.005593104061841766+0j)
-0.0715100642645166	-0.0051136892911152945	-9.359010333268676e-05	-0.0052062667002344245	0.0	(-0.0052062667002344245+0j)
-0.06895326311186932	-0.004754552493774679	-8.751845902965844e-05	-0.004840970935043951	0.0	(-0.004840970935043951+0j)
-0.06645109915342487	-0.004415748578698303	-8.172491048038079e-05	-0.004496279050726682	0.0	(-0.004496279050726682+0j)
-0.06400294892219965	-0.004096377470737698	-7.620456075892222e-05	-0.0041712859081754665	0.0	(-0.0041712859081754665+0j)
-0.06160820521071407	-0.0037955709492854565	-7.095202249757888e-05	-0.0038651178779314692	0.0	(-0.0038651178779314692+0j)
-0.05926627673804003	-0.003512491558389945	-6.596147076494766e-05	-0.003576931813163284	0.0	(-0.003576931813163284+0j)
-0.05697658782742883	-0.003246331560456711	-6.122669416138045e-05	-0.003305914059831296	0.0	(-0.003305914059831296+0j)
-0.05473857809420695	-0.002996311931775593	-5.674114393528808e-05	-0.0030512795017440674	0.0	(-0.0030512795017440674+0j)
-0.05255170214364006	-0.002761681398193863	-5.249798096376105e-05	-0.0028122706385285442	0.0	(-0.0028122706385285442+0j)
-0.05041542927847616	-0.0025417155093330314	-4.849012047780394e-05	-0.0025881566948731693	0.0	(-0.0025881566948731693+0j)
-0.048329243215890466	-0.0023357157498206946	-4.471027444596411e-05	-0.0023782327597249584	0.0	(-0.0023782327597249584+0j)
-0.04629264181356468	-0.0021430086860789975	-4.115099156053962e-05	-0.002181818954437938	0.0	(-0.002181818954437938+0j)
-0.04430513680464409	-0.0019629451472782285	-3.78046947975743e-05	-0.001998259629140699	0.0	(-0.001998259629140699+0j)
-0.042366253541325026	-0.0017948994391278354	-3.46637165460021e-05	-0.0018269225868230384	0.0	(-0.0018269225868230384+0j)
-0.04047553074683558	-0.0016382685892380325	-3.17203313223071e-05	-0.0016671983348089487	0.0	(-0.0016671983348089487+0j)
-0.03863252027558087	-0.0014924716228431668	-2.8966786105472445e-05	-0.0015184993633949738	0.0	(-0.0015184993633949738+0j)
-0.03683678688123302	-0.0013569488677333812	-2.6395328342533955e-05	-0.0013802594514934357	0.0	(-0.0013802594514934357+0j)
-0.03508790799255519	-0.0012311612872940186	-2.3998231688427893e-05	-0.0012519329991117966	0.0	(-0.0012519329991117966+0j)
-0.033385473496756204	-0.001114589840602611	-2.1767819554633153e-05	-0.0011329943864762018	0.0	(-0.0011329943864762018+0j)
-0.0317290855301808	-0.0010067348685815285	-1.9696486550131384e-05	-0.0010229373595244404	0.0	(-0.0010229373595244404+0j)
-0.03011835827614827	-0.000907115505250429	-1.7776717905097078e-05	-0.0009212744414289863	0.0	(-0.0009212744414289863+0j)
-0.02855291776975897	-0.0008152691131666175	-1.6001106973136808e-05	-0.0008275363697162225	0.0	(-0.0008275363697162225+0j)
-0.027032401709496032	-0.000730750742183564	-1.4362370911603917e-05	-0.0007412715585000878	0.0	(-0.0007412715585000878+0j)
-0.02555645927545598	-0.00065313261069804	-1.2853364641966097e-05	-0.0006620455853183924	0.0	(-0.0006620455853183924+0j)
-0.024124750954048715	-0.0005820036085948744	-1.146709319351305e-05	-0.0005894407021017145	0.0	(-0.0005894407021017145+0j)
-0.022736948369013972	-0.0005169688211352072	-1.019672253381107e-05	-0.0005230553699419797	0.0	(-0.0005230553699419797+0j)
-0.021392734118607187	-0.00045764907306942	-9.03558898868867e-06	-0.0004625038176100382	0.0	(-0.0004625038176100382+0j)
-0.020091801618814072	-0.00040368049228977975	-7.977207353106197e-06	-0.00040741562427485344	0.0	(-0.00040741562427485344+0j)
-0.018833854952458904	-0.0003547140923702608	-7.015277792135621e-06	-0.00035743532771849765	0.0	(-0.00035743532771849765+0j)
-0.017618608724076994	-0.00031041537337212193	-6.143691628671122e-06	-0.0003122220607203091	0.0	(-0.0003122220607203091+0j)
-0.01644578792042772	-0.0002704639403236863	-5.356536111597587e-06	-0.0002714492204571978	0.0	(-0.0002714492204571978+0j)
-0.015315127776529314	-0.00023455313881141974	-4.6480982543728455e-06	-0.000234804179147723	0.0	(-0.000234804179147723+0j)
-0.014226373647102138	-0.0002023897071469622	-4.012867830888167e-06	-0.00020198804919015301	0.0	(-0.00020198804919015301+0j)
-0.013179280883312026	-0.0001736934446012338	-3.4455396110827374e-06	-0.0001727155229162991	0.0	(-0.0001727155229162991+0j)
-0.012173614714710094	-0.00014819689522220614	-2.941014915242013e-06	-0.0001467148148966274	0.0	(-0.0001467148148966274+0j)
-0.01120915013627032	-0.00012564504677744896	-2.4944025614481724e-06	-0.00012372773892922284	0.0	(-0.00012372773892922284+0j)
-0.010285671800430623	-0.00010579504438617372	-2.1010192773063263e-06	-0.00010350993898895197	0.0	(-0.00010350993898895197+0j)
-0.009402973914047756	-8.841591842826257e-05	-1.756389641616174e-06	-8.583123271512926e-05	0.0	(-8.583123271512926e-05+0j)
-0.008560860140180725	-7.328832633973514e-05	-1.4562456195355011e-06	-7.047586719445757e-05	0.0	(-7.047586719445757e-05+0j)
-0.007759143504621586	-6.020430792531135e-05	-1.1965257490365033e-06	-5.724220156897515e-05	0.0	(-5.724220156897515e-05+0j)
-0.006997646307096736	-4.896705383922458e-05	-9.733740337081187e-07	-4.594106264817582e-05	0.0	(-4.594106264817582e-05+0j)
-0.006276200037065873	-3.939068690526567e-05	-7.831385927525858e-07	-3.639226777316879e-05	0.0	(-3.639226777316879e-05+0j)
-0.005594645294049687	-3.130005596623231e-05	-6.223701155549932e-07	-2.84201014680631e-05	0.0	(-2.84201014680631e-05+0j)
-0.0049528317124213125	-2.4530541971566232e-05	-4.878201644853419e-07	-2.1850165674572486e-05	0.0	(-2.1850165674572486e-05+0j)
-0.004350617890600327	-1.892787603001164e-05	-3.764393663452381e-07	-1.650983431705061e-05	0.0	(-1.650983431705061e-05+0j)
-0.0037878713245918247	-1.4347969171665024e-05	-2.853755303178218e-07	-1.2231981960424367e-05	0.0	(-1.2231981960424367e-05+0j)
-0.0032644683458167333	-1.065675358083944e-05	-2.1197172572762213e-07	-8.859497636403294e-06	0.0	(-8.859497636403294e-06+0j)
-0.0027802940631831423	-7.730035077771427e-06	-1.5376435102965047e-07	-6.248434432362974e-06	0.0	(-6.248434432362974e-06+0j)
-0.0023352423093519186	-5.453356643387282e-06	-1.0848122311557518e-07	-4.269266877270458e-06	0.0	(-4.269266877270458e-06+0j)
-0.0019292155911533708	-3.72187279714925e-06	-7.403971391539699e-08	-2.8067949058726942e-06	0.0	(-2.8067949058726942e-06+0j)
-0.0015621250441151193	-2.440234653451663e-06	-4.854495205819376e-08	-1.7594058778693729e-06	0.0	(-1.7594058778693729e-06+0j)
-0.0012338903910647007	-1.5224854971617999e-06	-3.0288118679777654e-08	-1.0381755322396763e-06	0.0	(-1.0381755322396763e-06+0j)
-0.0009444399047737518	-8.919667337290535e-07	-1.7744852698342584e-08	-5.660390265362965e-07	0.0	(-5.660390265362965e-07+0j)
-0.0006937103746139046	-4.812340838469639e-07	-9.573767556503299e-09	-2.771088019522804e-07	0.0	(-2.771088019522804e-07+0j)
-0.00048164707719774736	-2.319839069731328e-07	-4.615145599018433e-09	-1.1614350599420217e-07	0.0	(-1.1614350599420217e-07+0j)
-0.0003082037509814372	-9.498955211902775e-08	-1.8897594600275625e-09	-3.8146506335851514e-08	0.0	(-3.8146506335851514e-08+0j)
-0.0001733425748087175	-3.004764824131582e-08	-5.977653927402571e-10	-8.06845572155616e-09	0.0	(-8.06845572155616e-09+0j)
-7.703415037924906e-05	-5.934260324652758e-09	-1.177795638795942e-10	-5.936414403142771e-10	0.0	(-5.936414403142771e-10+0j)
-1.9257488627305828e-05	-3.708508682308133e-10	-7.275957614183426e-12	-3.4118317708813767e-16	-4.783786782631534e-05	(-3.4118317708813767e-16-4.783786782631534e-05j)
1.9257488627305828e-05	3.708508682308133e-10	7.275957614183426e-12	-3.4118317708813767e-16	4.783786782631534e-05	(-3.4118317708813767e-16+4.783786782631534e-05j)
7.703415037924906e-05	5.934260324652758e-09	1.177795638795942e-10	5.936415256200276e-10	0.0	(5.936415256200276e-10+0j)
0.0001733425748087175	3.004764824131582e-08	5.977653927402571e-10	8.068456038030788e-09	0.0	(8.068456038030788e-09+0j)
0.0003082037509814372	9.498955211902775e-08	1.8897594600275625e-09	3.814650538308864e-08	0.0	(3.814650538308864e-08+0j)
0.00048164707719774736	2.319839069731328e-07	4.615145599018433e-09	1.1614350541622007e-07	0.0	(1.1614350541622007e-07+0j)
0.0006937103746139046	4.812340838469639e-07	9.573767556503299e-09	2.7710880153402205e-07	0.0	(2.7710880153402205e-07+0j)
0.0009444399047737518	8.919667337290535e-07	1.7744852698342584e-08	5.660390262962686e-07	0.0	(5.660390262962686e-07+0j)
0.0012338903910647007	1.5224854971617999e-06	3.0288118679777654e-08	1.038175532649433e-06	0.0	(1.038175532649433e-06+0j)
0.0015621250441151193	2.440234653451663e-06	4.854495205819376e-08	1.7594058831031126e-06	0.0	(1.7594058831031126e-06+0j)
0.0019292155911533708	3.72187279714925e-06	7.403971391539699e-08	2.8067949062283384e-06	0.0	(2.8067949062283384e-06+0j)
0.0023352423093519186	5.453356643387282e-06	1.0848122311557518e-07	4.269266881410273e-06	0.0	(4.269266881410273e-06+0j)
0.0027802940631831423	7.730035077771427e-06	1.5376435102965047e-07	6.248434431035547e-06	0.0	(6.248434431035547e-06+0j)
0.0032644683458167333	1.065675358083944e-05	2.1197172572762213e-07	8.859497634194556e-06	0.0	(8.859497634194556e-06+0j)
0.0037878713245918247	1.4347969171665024e-05	2.853755303178218e-07	1.2231981955500004e-05	0.0	(1.2231981955500004e-05+0j)
0.004350617890600327	1.892787603001164e-05	3.764393663452381e-07	1.6509834316763917e-05	0.0	(1.6509834316763917e-05+0j)
0.0049528317124213125	2.4530541971566232e-05	4.878201644853419e-07	2.185016568124242e-05	0.0	(2.185016568124242e-05+0j)
0.005594645294049687	3.130005596623231e-05	6.223701155549932e-07	2.8420101475183012e-05	0.0	(2.8420101475183012e-05+0j)
0.006276200037065873	3.939068690526567e-05	7.831385927525858e-07	3.639226777121664e-05	0.0	(3.639226777121664e-05+0j)
0.006997646307096736	4.896705383922458e-05	9.733740337081187e-07	4.594106264521397e-05	0.0	(4.594106264521397e-05+0j)
0.007759143504621586	6.020430792531135e-05	1.1965257490365033e-06	5.7242201568111234e-05	0.0	(5.7242201568111234e-05+0j)
0.008560860140180725	7.328832633973514e-05	1.4562456195355011e-06	7.047586718973879e-05	0.0	(7.047586718973879e-05+0j)
0.009402973914047756	8.841591842826257e-05	1.756389641616174e-06	8.583123271292726e-05	0.0	(8.583123271292726e-05+0j)
0.010285671800430623	0.00010579504438617372	2.1010192773063263e-06	0.0001035099389876475	0.0	(0.0001035099389876475+0j)
0.01120915013627032	0.00012564504677744896	2.4944025614481724e-06	0.00012372773892843942	0.0	(0.00012372773892843942+0j)
0.012173614714710094	0.00014819689522220614	2.941014915242013e-06	0.00014671481489534485	0.0	(0.00014671481489534485+0j)
0.013179280883312026	0.0001736934446012338	3.4455396110827374e-06	0.00017271552291541934	0.0	(0.00017271552291541934+0j)
0.014226373647102138	0.0002023897071469622	4.012867830888167e-06	0.00020198804918841745	0.0	(0.00020198804918841745+0j)
0.015315127776529314	0.00023455313881141974	4.6480982543728455e-06	0.0002348041791435507	0.0	(0.0002348041791435507+0j)
0.01644578792042772	0.0002704639403236863	5.356536111597587e-06	0.0002714492204566828	0.0	(0.0002714492204566828+0j)
0.017618608724076994	0.00031041537337212193	6.143691628671122e-06	0.00031222206072197814	0.0	(0.00031222206072197814+0j)
0.018833854952458904	0.0003547140923702608	7.015277792135621e-06	0.0003574353277178971	0.0	(0.0003574353277178971+0j)
0.020091801618814072	0.00040368049228977975	7.977207353106197e-06	0.0004074156242789732	0.0	(0.0004074156242789732+0j)
0.021392734118607187	0.00045764907306942	9.03558898868867e-06	0.00046250381760925603	0.0	(0.00046250381760925603+0j)
0.022736948369013972	0.0005169688211352072	1.019672253381107e-05	0.0005230553699395022	0.0	(0.0005230553699395022+0j)
0.024124750954048715	0.0005820036085948744	1.146709319351305e-05	0.0005894407021014619	0.0	(0.0005894407021014619+0j)
0.02555645927545598	0.00065313261069804	1.2853364641966097e-05	0.0006620455853174509	0.0	(0.0006620455853174509+0j)
0.027032401709496032	0.000730750742183564	1.4362370911603917e-05	0.0007412715585026196	0.0	(0.0007412715585026196+0j)
0.02855291776975897	0.0008152691131666175	1.6001106973136808e-05	0.0008275363697173012	0.0	(0.0008275363697173012+0j)
0.03011835827614827	0.000907115505250429	1.7776717905097078e-05	0.0009212744414293571	0.0	(0.0009212744414293571+0j)
0.0317290855301808	0.0010067348685815285	1.9696486550131384e-05	0.0010229373595258176	0.0	(0.0010229373595258176+0j)
0.033385473496756204	0.001114589840602611	2.1767819554633153e-05	0.0011329943864777487	0.0	(0.0011329943864777487+0j)
0.03508790799255519	0.0012311612872940186	2.3998231688427893e-05	0.0012519329991071504	0.0	(0.0012519329991071504+0j)
0.03683678688123302	0.0013569488677333812	2.6395328342533955e-05	0.0013802594514899856	0.0	(0.0013802594514899856+0j)
0.03863252027558087	0.0014924716228431668	2.8966786105472445e-05	0.0015184993633958904	0.0	(0.0015184993633958904+0j)
0.04047553074683558	0.0016382685892380325	3.17203313223071e-05	0.0016671983348037311	0.0	(0.0016671983348037311+0j)
0.042366253541325026	0.0017948994391278354	3.46637165460021e-05	0.0018269225868211472	0.0	(0.0018269225868211472+0j)
0.04430513680464409	0.0019629451472782285	3.78046947975743e-05	0.0019982596291405223	0.0	(0.0019982596291405223+0j)
0.04629264181356468	0.0021430086860789975	4.115099156053962e-05	0.0021818189544364304	0.0	(0.0021818189544364304+0j)
0.048329243215890466	0.0023357157498206946	4.471027444596411e-05	0.002378232759726163	0.0	(0.002378232759726163+0j)
0.05041542927847616	0.0025417155093330314	4.849012047780394e-05	0.002588156694875449	0.0	(0.002588156694875449+0j)
0.05255170214364006	0.002761681398193863	5.249798096376105e-05	0.0028122706385292923	0.0	(0.0028122706385292923+0j)
0.05473857809420695	0.002996311931775593	5.674114393528808e-05	0.0030512795017449165	0.0	(0.0030512795017449165+0j)
0.05697658782742883	0.003246331560456711	6.122669416138045e-05	0.00330591405983129	0.0	(0.00330591405983129+0j)
0.05926627673804003	0.003512491558389945	6.596147076494766e-05	0.0035769318131613293	0.0	(0.0035769318131613293+0j)
0.06160820521071407	0.0037955709492854565	7.095202249757888e-05	0.003865117877930254	0.0	(0.003865117877930254+0j)
0.06400294892219965	0.004096377470737698	7.620456075892222e-05	0.004171285908173364	0.0	(0.004171285908173364+0j)
0.06645109915342487	0.004415748578698303	8.172491048038079e-05	0.004496279050724559	0.0	(0.004496279050724559+0j)
0.06895326311186932	0.004754552493774679	8.751845902965844e-05	0.004840970935041311	0.0	(0.004840970935041311+0j)
0.0715100642645166	0.0051136892911152945	9.359010333268676e-05	0.005206266700234324	0.0	(0.005206266700234324+0j)
0.07412214268171152	0.005494092035728001	9.994419545256714e-05	0.005593104061840524	0.0	(0.005593104061840524+0j)
0.07679015539225904	0.005896727965167291	0.00010658448691117138	0.006002454421244831	0.0	(0.006002454421244831+0j)
0.07951477675011609	0.006322599721620802	0.00011351407208767968	0.006435324020754511	0.0	(0.006435324020754511+0j)
0.0822966988130406	0.006772746635524317	0.00012073533107922595	0.006892755147627707	0.0	(0.006892755147627707+0j)
0.08513663173357726	0.007248246062938754	0.00012824987246145615	0.007375827390526683	0.0	(0.007375827390526683+0j)
0.08803530416277376	0.0077502147790320915	0.00013605847644060191	0.007885658951961083	0.0	(0.007885658951961083+0j)
0.09099346366703809	0.00827981043012458	0.0001441610389428707	0.008423408020654851	0.0	(0.008423408020654851+0j)
0.09401187715856299	0.008838233046876738	0.00015255651724065534	0.008990274207586052	0.0	(0.008990274207586052+0j)
0.09709133133976106	0.009426726621327267	0.00016124287776728998	0.00958750005016916	0.0	(0.00958750005016916+0j)
0.10023263316217232	0.010046580750622607	0.0001702170468216045	0.010216372588616626	0.0	(0.010216372588616626+0j)
0.10343661030032315	0.010699132350420918	0.0001794748649090695	0.010878225019110035	0.0	(0.010878225019110035+0j)
0.1067041116410371	0.01138576744110291	0.00018901104550640225	0.011574438428228681	0.0	(0.011574438428228681+0j)
0.11003600778871571	0.012107923010078304	0.00019881913906954747	0.012306443613204862	0.0	(0.012306443613204862+0j)
0.11343319158713124	0.01286708895364282	0.00020889150312925191	0.01307572299253824	0.0	(0.01307572299253824+0j)
0.1168965786582923	0.013664810102014318	0.00021921927933222357	0.013883812611391905	0.0	(0.013883812611391905+0j)
0.12042710795896928	0.014502688331361244	0.00022979237828729552	0.014732304246054187	0.0	(0.014732304246054187+0j)
0.12402574235548795	0.015382384766829878	0.00024059947306320924	0.015622847611805655	0.0	(0.015622847611805655+0j)
0.127693469217426	0.01630562208078172	0.00025162800215582115	0.01655715267811525	0.0	(0.01655715267811525+0j)
0.13143130103087308	0.01727418689066798	0.0002628641826959579	0.01753699209557086	0.0	(0.01753699209557086+0j)
0.13524027603194239	0.01828993226119597	0.00027429303460327543	0.018564203738609703	0.0	(0.018564203738609703+0j)
0.13912145886124935	0.019354780315682295	0.000285898416304982	0.019640693368604138	0.0	(0.019640693368604138+0j)
0.1430759412401047	0.020470724961741894	0.0002976630725301698	0.020768437421796262	0.0	(0.020768437421796262+0j)
0.14710484266919818	0.02163983473672955	0.0003095686945601859	0.021949485927463437	0.0	(0.021949485927463437+0j)
0.15120931115058361	0.02286425577863401	0.00032159599316288016	0.023185965561403846	0.0	(0.023185965561403846+0j)
0.15539052393380848	0.024146214928423504	0.0003337247842641924	0.024480082840769034	0.0	(0.024480082840769034+0j)
0.15964968828706846	0.025488022970158127	0.0003459340872156136	0.025834127466322184	0.0	(0.025834127466322184+0j)
0.16398804229430336	0.02689207801551823	0.0003582022353024832	0.027250475818774593	0.0	(0.027250475818774593+0j)
0.16840685567919006	0.02836086903975155	0.00037050699790870076	0.028731594615895042	0.0	(0.028731594615895042+0j)
0.17290743065703004	0.029896979576415652	0.00038282571351185143	0.030280044737439334	0.0	(0.030280044737439334+0j)
0.17749110281557054	0.031503091578687435	0.0003951354324335429	0.03189848522515489	0.0	(0.03189848522515489+0j)
0.1821592420258436	0.03318198945542987	0.0004074130680183455	0.0335896774652281	0.0	(0.0335896774652281+0j)
0.18691325338415507	0.034936564290649355	0.00041963555466737596	0.0353564895606051	0.0	(0.0353564895606051+0j)
0.1917545781864028	0.03676981825544526	0.0004317800109162683	0.0372019009009534	0.0	(0.0372019009009534+0j)
0.19668469493595742	0.03868486922205063	0.00044382390552962414	0.03912900693795551	0.0	(0.03912900693795551+0j)
0.20170512038639057	0.04068495559008831	0.0004557452243930052	0.041141024174233536	0.0	(0.041141024174233536+0j)
0.20681741062039433	0.0427734413357248	0.0004675226358273008	0.04324129537411477	0.0	(0.04324129537411477+0j)
0.21202316216629263	0.04495382129499403	0.0004791356518368529	0.045433295005236136	0.0	(0.045433295005236136+0j)
0.21732401315361113	0.04722972669319094	0.0004905647827396263	0.04772063492014912	0.0	(0.04772063492014912+0j)
0.22272164450923196	0.049604930932896696	0.0005017916826216487	0.05010707028808047	0.0	(0.05010707028808047+0j)
0.22821778119573657	0.052083355653905095	0.0005127992831144226	0.052596505787373155	0.0	(0.052596505787373155+0j)
0.2338141934936016	0.05466907707906337	0.0005235719131168309	0.05519300207027724	0.0	(0.05519300207027724+0j)
0.23951269832899913	0.05736633266083814	0.0005340954022741369	0.05790078251255887	0.0	(0.05790078251255887+0j)
0.24531516064902248	0.060179528044255706	0.0005443571662854825	0.06072424026165152	0.0	(0.06072424026165152+0j)
0.2512234948462501	0.06311324436276386	0.0005543462724347942	0.06366794559808373	0.0	(0.06366794559808373+0j)
0.2572396662346413	0.06617224588450965	0.0005640534841223331	0.06673665362653307	0.0	(0.06673665362653307+0j)
0.26336569257885506	0.06936148802754	0.0005734712836066834	0.06993531231414321	0.0	(0.06993531231414321+0j)
0.26960364567917633	0.07268612576350285	0.0005825938726383111	0.07326907089518968	0.0	(0.07326907089518968+0j)
0.27595565301433805	0.07615152243056975	0.0005914171511621809	0.07674328866322616	0.0	(0.07674328866322616+0j)
0.28242389944463353	0.07976325897751248	0.0005999386747723193	0.08036354417295248	0.0	(0.08036354417295248+0j)
0.28901062897782787	0.08352714366215967	0.0006081575920983259	0.08413564487653274	0.0	(0.08413564487653274+0j)
0.29571814660049234	0.08744922222883028	0.0006160745637744853	0.08806563722039741	0.0	(0.08806563722039741+0j)
0.3025488201775176	0.09153578859080788	0.0006236916650683329	0.09215981723071046	0.0	(0.09215981723071046+0j)
0.3095050824226829	0.09579339604547173	0.0006310122746101925	0.0964247416175843	0.0	(0.0964247416175843+0j)
0.31658943294330893	0.10022886905136591	0.0006380409519533743	0.10086723943004636	0.0	(0.10086723943004636+0j)
0.32380444036215683	0.10484931559824957	0.000644783306894173	0.10549442429567545	0.0	(0.10549442429567545+0j)
0.33115274451989835	0.10966214020306106	0.0006512458635831612	0.11031370728093973	0.0	(0.11031370728093973+0j)
0.3386370587616388	0.11467505756673362	0.0006574359224603901	0.11533281041018384	0.0	(0.11533281041018384+0j)
0.3462601723111496	0.119896106928947	0.0006633614229476997	0.12055978088333359	0.0	(0.12055978088333359+0j)
0.354024952736643	0.1253336671601823	0.0006690308096368999	0.1260030060342881	0.0	(0.1260030060342881+0j)
0.3619343485121183	0.13099647263289152	0.0006744529044334052	0.13167122907442094	0.0	(0.13167122907442094+0j)
0.3699913916785018	0.13689362991619455	0.0006796367867653434	0.13757356566758938	0.0	(0.13757356566758938+0j)
0.37819920060902373	0.1430346353413046	0.0006845916835660451	0.14371952138576735	0.0	(0.14371952138576735+0j)
0.3865609828834897	0.14942939348784964	0.0006893268703031777	0.1501190100965395	0.0	(0.1501190100965395+0j)
0.39508003827635235	0.15608823664444404	0.0006938515838817674	0.15678237333654116	0.0	(0.15678237333654116+0j)
0.4037597618637247	0.16302194530025169	0.0006981749478117472	0.16372040072846716	0.0	(0.16372040072846716+0j)
0.41260364725475723	0.17024176972792815	0.000702305909622731	0.17094435150148835	0.0	(0.17094435150148835+0j)
0.4216152899530627	0.1777594527222051	0.0007062531901458561	0.1784659771790908	0.0	(0.1784659771790908+0j)
0.4307983908541856	0.18558725356255565	0.0007100252439775203	0.18629754550246141	0.0	(0.18629754550246141+0j)
0.44015675988541014	0.1937379732728226	0.0007136302302009988	0.19445186566077777	0.0	(0.19445186566077777+0j)
0.44969431979454255	0.2022249812554763	0.0007170759922730571	0.20294231490548093	0.0	(0.20294231490548093+0j)
0.4594151100946494	0.21106224338327884	0.0007203700458830051	0.21178286662989995	0.0	(0.21178286662989995+0j)
0.4693232911721022	0.22026435163661381	0.0007235195735564104	0.22098812000115634	0.0	(0.22098812000115634+0j)
0.47942314856567775	0.22984655538062793	0.0007265314247968411	0.23057333123763885	0.0	(0.23057333123763885+0j)
0.489719097424872	0.2398247943826313	0.0007294121206261615	0.24055444663059403	0.0	(0.24055444663059403+0j)
0.5002156871560363	0.2502157336769855	0.0007321678614854389	0.2509481374177621	0.0	(0.2509481374177621+0j)
0.5109176062654007	0.261036800391967	0.0007348045375825491	0.26177183661976183	0.0	(0.26177183661976183+0j)
0.5218296874085603	0.27230622266091575	0.0007373277409079539	0.2730437779640249	0.0	(0.2730437779640249+0j)
0.5329569126565085	0.2840430707483572	0.0007397427782771058	0.2847830370232448	0.0	(0.2847830370232448+0j)
0.544304418988884	0.2962673005308266	0.0007420546848887224	0.29700957471045675	0.0	(0.29700957471045675+0j)
0.5558775040256674	0.30899979948180584	0.0007442682380070612	0.309744283277421	0.0	(0.309744283277421+0j)
0.5676816320092142	0.32226243532064486	0.0007463879704798187	0.32300903497702094	0.0	(0.32300903497702094+0j)
0.5797224400491665	0.3360781074965595	0.0007484181838897512	0.33682673356061676	0.0	(0.33682673356061676+0j)
0.5920057446435135	0.35047080169092093	0.0007503629612075916	0.3512213687927876	0.0	(0.3512213687927876+0j)
0.6045375484898089	0.365465647534068	0.0007522261788674712	0.36621807418050734	0.0	(0.36621807418050734+0j)
0.6173240476013827	0.3810889797469542	0.0007540115182258234	0.38184318812607637	0.0	(0.38184318812607637+0j)
0.6303716387442216	0.39736840293307546	0.0007557224763929183	0.3981243187298833	0.0	(0.3981243187298833+0j)
0.6436869272111243	0.4143328602624992	0.0007573623764451752	0.415090412484836	0.0	(0.415090412484836+0j)
0.6572767349506936	0.4320127063074443	0.0007589343770384018	0.43277182712134354	0.0	(0.43277182712134354+0j)
0.6711481090697825	0.4504397843079447	0.0007604414814490574	0.45120040888238966	0.0	(0.45120040888238966+0j)
0.6853083307291001	0.4696475081667057	0.0007618865460740831	0.47040957452646115	0.0	(0.47040957452646115+0j)
0.6997649244528762	0.48967094949453954	0.0007632722884209772	0.4904343983811527	0.0	(0.4904343983811527+0j)
0.7145256678747282	0.5105469300518263	0.0007646012946195091	0.5113117047923124	0.0	(0.5113117047923124+0j)
0.7295986019432299	0.5323141199575157	0.0007658760264853502	0.5330801663399968	0.0	(0.5330801663399968+0j)
0.7449920416121038	0.5550131420653706	0.0007670988281643596	0.5557804082213192	0.0	(0.5557804082213192+0j)
0.7607145870414965	0.5786866829377146	0.0007682719323845494	0.5794551192304899	0.0	(0.5794551192304899+0j)
0.776775135338431	0.6033796108800378	0.0007693974663410066	0.6041491697993092	0.0	(0.6041491697993092+0j)
0.7931828928662812	0.6291391015357225	0.0007704774572373449	0.6299097375974894	0.0	(0.6299097375974894+0j)
0.8099473881549796	0.6560147715790732	0.0007715138375056468	0.6567864412308594	0.0	(0.6567864412308594+0j)
0.8270784854456875	0.6840588210871323	0.0007725084497253458	0.6848314826180313	0.0	(0.6848314826180313+0j)
0.8445863989057804	0.7133261852166339	0.0007734630512600809	0.7140997986722838	0.0	(0.7140997986722838+0j)
0.8624817075523156	0.743874695862358	0.000774379318630258	0.7446492229639721	0.0	(0.7446492229639721+0j)
0.8807753709246038	0.7757652540273734	0.0007752588516378316	0.7765406580949443	0.0	(0.7765406580949443+0j)
0.89947874554915	0.8090620136946725	0.0007761031772587032	0.8098382595742197	0.0	(0.8098382595742197+0j)
0.9186036022430514	0.8438325780539101	0.0007769137533170874	0.8446096320483116	0.0	(0.8446096320483116+0j)
0.9381621443049951	0.8801482090069465	0.0007776919719552359	0.8809260388103219	0.0	(0.8809260388103219+0j)
0.9581670266462455	0.918084050952107	0.0007784391629110099	0.918862625587319	0.0	(0.918862625587319+0j)
0.9786313759175298	0.9577193699302375	0.0007791565966149671	0.9584986596896556	0.0	(0.9584986596896556+0j)
0.9995688116914875	0.9991378093063323	0.0007798454871178537	0.9999177856954611	0.0	(0.9999177856954611+0j)
1.020993468764418	1.0424276632595986	0.0007805069948586794	1.0432082989434388	0.0	(1.0432082989434388+0j)
1.0429200206454015	1.0876821694630046	0.0007811422292828879	1.0884634382151173	0.0	(1.0884634382151173+0j)
1.065363704305586	1.13499982245172	0.0007817522513195173	1.1357816991056704	0.0	(1.1357816991056704+0j)
1.0883403462654702	1.1844847093092434	0.0007823380757256712	1.1852671697125186	0.0	(1.1852671697125186+0j)
1.1118663901034846	1.2362468694417543	0.0007829006733060867	1.2370298904117247	0.0	(1.2370298904117247+0j)
1.1359589254750273	1.2904026803663786	0.0007834409730150866	1.2911862396485432	0.0	(1.2911862396485432+0j)
1.1606357187374863	1.3470752716092813	0.0007839598639477448	1.3478593478374061	0.0	(1.3478593478374061+0j)
1.1859152452835946	1.4063949689960484	0.0007844581972266571	1.407179541654185	0.0	(1.407179541654185+0j)
1.2118167236928987	1.4684997718217911	0.0007849367877903119	1.4692848212081473	0.0	(1.4692848212081473+0j)
1.2383601518190859	1.5335358656133895	0.0007853964160886801	1.5343213728058382	0.0	(1.5343213728058382+0j)
1.2655663449395995	1.6016581734437774	0.0007858378296912924	1.6024441202669983	0.0	(1.6024441202669983+0j)
1.2934569761033048	1.6730309490303052	0.0007862617448127507	1.6738173180244167	0.0	(1.6738173180244167+0j)
1.3220546188221383	1.7478284151489494	0.0007866688477603105	1.748615189539692	0.0	(1.748615189539692+0j)
1.3513827922636295	1.826235451226244	0.0007870597963078947	1.8270226148964002	0.0	(1.8270226148964002+0j)
1.3814660091131397	1.9084483343349852	0.000787435221000626	1.9092358717971956	0.0	(1.9092358717971956+0j)
1.4123298262875472	1.9946755382214134	0.0007877957263937258	1.9954634345921995	0.0	(1.9954634345921995+0j)
1.4440008986961979	2.085138595435427	0.0007881418922293901	2.08592683641042	0.0	(2.08592683641042+0j)
1.4765070362601456	2.180073028125719	0.0007884742745550393	2.1808615999559597	0.0	(2.1808615999559597+0j)
1.5098772644173457	2.279729353604407	0.0007887934067861352	2.2805182430737116	0.0	(2.2805182430737116+0j)
1.544141888359463	2.3843741713863285	0.0007890998007165712	2.3851633657897686	0.0	(2.3851633657897686+0j)
1.579332561265664	2.494291339073962	0.0007893939474794626	2.49508082619717	0.0	(2.49508082619717+0j)
1.6154823568201164	2.609783245197078	0.0007896763184609981	2.610573013296445	0.0	(2.610573013296445+0j)
1.6526258463233479	2.731172187935962	0.00078994736616986	2.7319622257199554	0.0	(2.7319622257199554+0j)
1.6907991807330216	2.858801869567457	0.0007902075250645727	2.85959216617846	0.0	(2.85959216617846+0j)
1.7300401779976016	2.993039017485973	0.0007904572123410049	2.9938295624830342	0.0	(2.9938295624830342+0j)
1.7703884160767358	3.1342751437786935	0.0007906968286821207	3.1350659271211643	0.0	(3.1350659271211643+0j)
1.8118853320755182	3.282928456590411	0.0007909267589719573	3.2837194686219875	0.0	(3.2837194686219875+0j)
1.8545743279562	3.4394459379141904	0.0007911473729756924	3.440237169347967	0.0	(3.440237169347967+0j)
1.89850088333086	3.604305604008056	0.0007913590259875597	3.6050970459120117	0.0	(3.6050970459120117+0j)
1.9437126758822836	3.778018966385467	0.0007915620594482718	3.778810610168622	0.0	(3.778810610168622+0j)
1.9902597100084227	3.961133713282811	0.0007917568015335164	3.961925550682033	0.0	(3.961925550682033+0j)
2.0381944543385164	4.154236633696283	0.0007919435677150044	4.155028656763532	0.0	(4.155028656763532+0j)
2.0875719888270416	4.35795680853529	0.0007921226612954661	4.358749009625519	0.0	(4.358749009625519+0j)
2.13845016219549	4.572969096193918	0.0007922943739189147	4.573761467953402	0.0	(4.573761467953402+0j)
2.1908897605623596	4.799997942936994	0.0007924589860574238	4.800790478292303	0.0	(4.800790478292303+0j)
2.2449546881792823	5.039821551978139	0.0007926167674755957	5.0406142441251305	0.0	(5.0406142441251305+0j)
2.3007121612768358	5.293276449047129	0.0007927679776738364	5.294069291440911	0.0	(5.294069291440911+0j)
2.358232916118114	5.561262486662943	0.0007929128663114895	5.562055473007606	0.0	(5.562055473007606+0j)
2.4175914324627716	5.844748334317396	0.0007930516736108239	5.845541458556356	0.0	(5.845541458556356+0j)
2.4788661737599393	6.144777507411241	0.000793184630742822	6.145570763717272	0.0	(6.145570763717272+0j)
2.542139845516731	6.462474994163829	0.0007933119601956555	6.463268376929453	0.0	(6.463268376929453+0j)
2.6074996734312905	6.799054546944287	0.0007934338761266988	6.799848050771285	0.0	(6.799848050771285+0j)
2.675037703037414	7.155826712671685	0.0007935505846988748	7.156620332360209	0.0	(7.156620332360209+0j)
2.7448511227833454	7.534207686244992	0.0007936622844020947	7.535001416782019	0.0	(7.535001416782019+0j)
2.8170426126629335	7.935729081558806	0.0007937691663605068	7.936522918105461	0.0	(7.936522918105461+0j)
2.8917207207350946	8.362048726728695	0.0007938714146262351	8.362842664606582	0.0	(8.362842664606582+0j)
2.969000270110649	8.814962603917106	0.0007939692064602534	8.815756638594397	0.0	(8.815756638594397+0j)
3.0490027992569613	9.296418069876786	0.0007940627126010036	9.297212196954149	0.0	(9.297212196954149+0j)
3.1318570387744358	9.808528511320977	0.0007941520975213405	9.809322726518127	0.0	(9.809322726518127+0j)
3.2176994281387747	10.353589609844597	0.0007942375196743495	10.354383908989226	0.0	(10.354383908989226+0j)
3.306674676284117	10.93409741477867	0.0007943191317285619	10.934891793798425	0.0	(10.934891793798425+0j)
3.39893637032993	11.552768449551598	0.0007943970807930598	11.553562904470462	0.0	(11.553562904470462+0j)
3.4946476372356603	12.212562108436783	0.0007944715086329423	12.213356635376773	0.0	(12.213356635376773+0j)
3.5939818637085126	12.916705636665714	0.0007945425518755973	12.917500231854596	0.0	(12.917500231854596+0j)
3.6971234803003905	13.668722028588473	0.0007946103422082026	13.669516688372923	0.0	(13.669516688372923+0j)
3.804268816319107	14.472461226817979	0.0007946750065668595	14.473255947681674	0.0	(14.473255947681674+0j)
3.915627032958444	15.332135061234949	0.0007947366673177388	15.332929839820256	0.0	(15.332929839820256+0j)
4.031421142934009	16.252356431695354	0.0007947954424306037	16.253151264825696	0.0	(16.253151264825696+0j)
4.1518891259130415	17.23818331387496	0.0007948514456450538	17.2389781985766	0.0	(17.2389781985766+0j)
4.277285150163216	18.295168255806765	0.0007949047866298176	18.295963189326116	0.0	(18.295963189326116+0j)
4.40788091213969	19.429414135605423	0.0007949555711354065	19.430209115419814	0.0	(19.430209115419814+0j)
4.543967107204298	20.6476370713546	0.0007950039011404246	20.64843209517419	0.0	(20.64843209517419+0j)
4.685855046355183	21.957237515452334	0.0007950498749918182	21.958032581211558	0.0	(21.958032581211558+0j)
4.833878435771186	23.366380731813685	0.0007950935875393311	23.367175837651125	0.0	(23.367175837651125+0j)
4.988395338183129	24.884088050007175	0.0007951351302644233	24.884883194235705	0.0	(24.884883194235705+0j)
5.149790337618319	26.520340521427006	0.0007951745914038926	26.521135702496004	0.0	(26.521135702496004+0j)
5.318476931980488	28.28619687600858	0.0007952120560684332	28.286992092461645	0.0	(28.286992092461645+0j)
5.494900181287662	30.19392800231518	0.0007952476063563494	30.19472325275017	0.0	(30.19472325275017+0j)
5.679539643272203	32.25717055950054	0.000795281321462634	32.257965842534475	0.0	(32.257965842534475+0j)
5.872912632539629	34.49110278944356	0.0007953132777836114	34.49189810368953	0.0	(34.49189810368953+0j)
6.075577844694438	36.91264614694191	0.0007953435490173356	36.91344149099723	0.0	(36.91344149099723+0j)
6.28813939289932	39.540697024532236	0.0007953722062599217	39.54149239698096	0.0	(39.54149239698096+0j)
6.511251311394057	42.396393640130825	0.0007953993180979869	42.39718903955415	0.0	(42.39718903955415+0j)
6.745622588745905	45.50342410979901	0.0007954249506973615	45.50421953479036	0.0	(45.50421953479036+0j)
6.9920228032587755	48.8883828812907	0.0007954491678882298	48.88917833047259	0.0	(48.88917833047259+0j)
7.251288444301806	52.5811841024649	0.000795472031246847	52.58197957450016	0.0	(52.58197957450016+0j)
7.524330016657525	56.61554219957343	0.0007954936001739764	56.61633769317481	0.0	(56.61633769317481+0j)
7.812140040731365	61.02953201599826	0.0007955139319701814	61.03032752993018	0.0	(61.03032752993018+0j)
8.115802080094475	65.86624340326581	0.0007955330819081028	65.86703893634787	0.0	(65.86703893634787+0j)
8.436500949941994	71.17454827837217	0.0007955511033018422	71.1753438294752	0.0	(71.1753438294752+0j)
8.775534286370473	77.01000201126372	0.0007955680475735719	77.01079757931107	0.0	(77.01079757931107+0j)
9.134325687808028	83.4359057709496	0.0007955839643174818	83.43670135491408	0.0	(83.43670135491408+0j)
9.514439677583534	90.52456237837586	0.0007955989013611696	90.52535797727744	0.0	(90.52535797727744+0j)
9.917598781876578	98.35876559827977	0.0007956129048245792	98.35956121118492	0.0	(98.35956121118492+0j)
10.345703071874341	107.03357205139018	0.00079562601917658	107.03436767740921	0.0	(107.03436767740921+0j)
10.800852585031993	116.6584165635923	0.0007956382872892853	116.65921220187963	0.0	(116.65921220187963+0j)
11.285373120608226	127.35964647134664	0.0007956497504901936	127.36044212109704	0.0	(127.36044212109704+0j)
11.801846002556928	139.28356906806894	0.0007956604486122407	139.28436472851777	0.0	(139.28436472851777+0j)
12.35314252275965	152.60013018761268	0.0007956704200418409	152.6009258580327	0.0	(152.6009258580327+0j)
12.942463925037897	167.50737245090735	0.0007956797017649967	167.50816813060925	0.0	(167.50816813060925+0j)
13.573387972519702	184.2368610525425	0.0007956883294115475	184.2376567408717	0.0	(184.2376567408717+0j)
14.249923366935638	203.06031596353833	0.0007956963372976302	203.06111165987554	0.0	(203.06111165987554+0j)
14.976573570196068	224.2977559034954	0.0007957037584664159	224.2985516072539	0.0	(224.2985516072539+0j)
15.758411931676982	248.32754660841945	0.0007957106247271896	248.32834231904388	0.0	(248.32834231904388+0j)
16.601170469373372	275.5988609531945	0.0007957169666928303	275.59965667016195	0.0	(275.59965667016195+0j)
17.511345216339368	306.6472112858117	0.0007957228138157524	306.64800700862594	0.0	(306.64800700862594+0j)
18.49632176131648	342.1139186981496	0.000795728194422362	342.11471442634513	0.0	(342.11471442634513+0j)
19.56452553191485	382.770659288948	0.0007957331357460819	382.77145502208276	0.0	(382.77145502208276+0j)
20.725602554503787	429.5506012472539	0.0007957376639589946	429.5513969849172	0.0	(429.5513969849172+0j)
21.99063796447735	483.5881580847126	0.0007957418042021534	483.58895382651843	0.0	(483.58895382651843+0j)
23.372421553405154	546.2700892700777	0.0007957455806146045	546.2708850156574	0.0	(546.2708850156574+0j)
24.885772290912822	619.3016625151644	0.0007957490163611656	619.3024582641801	0.0	(619.3024582641801+0j)
26.54793727901791	704.7929737706688	0.0007957521336590026	704.7937695228024	0.0	(704.7937695228024+0j)
28.379085308632625	805.3724829546481	0.0007957549538030431	805.3732787096027	0.0	(805.3732787096027+0j)
30.40292155165993	924.3376388763878	0.0007957574971902645	924.3384346338827	0.0	(924.3384346338827+0j)
32.64745859752206	1065.856552876917	0.0007957597833428929	1065.8573486366981	0.0	(1065.8573486366981+0j)
35.145990988493956	1235.2406825632984	0.0007957618309305473	1235.2414783251297	0.0	(1235.2414783251297+0j)
37.93833703272188	1439.3174168083967	0.0007957636577913603	1439.3182125720546	0.0	(1439.3182125720546+0j)
41.07243507516475	1686.9449230036234	0.0007957652809521065	1686.9457187689045	0.0	(1686.9457187689045+0j)
44.60641475236486	1989.7322370599936	0.0007957667166473688	1989.7330328267103	0.0	(1989.7330328267103+0j)
48.61131190080035	2363.059644716894	0.0007957679803377691	2363.0604404848746	0.0	(2363.0604404848746+0j)
53.1746662886106	2827.545134905101	0.0007957690867272904	2827.5459306741877	0.0	(2827.5459306741877+0j)
58.40534616997556	3411.1844612346786	0.0007957700497797136	3411.1852570047286	0.0	(3411.1852570047286+0j)
64.4401021455765	4152.526764532334	0.000795770882734196	4152.527560303217	0.0	(4152.527560303217+0j)
71.45259678142344	5105.473586808683	0.0007957715981200098	5105.474382580281	0.0	(5105.474382580281+0j)
79.6660394899954	6346.677848021506	0.0007957722077704635	6346.678643793714	0.0	(6346.678643793714+0j)
89.3711707749886	7987.206165692176	0.0007957727228360262	7987.206961464899	0.0	(7987.206961464899+0j)
100.95234989431218	10191.376949183632	0.0007957731537966721	10191.377744956786	0.0	(10191.377744956786+0j)
114.92620417901293	13208.032406996168	0.0007957735104734637	13208.033202769679	0.0	(13208.033202769679+0j)
132.00026008113662	17424.06866148771	0.0007957738020393899	17424.06945726151	0.0	(17424.06945726151+0j)
153.16429722491517	23459.30194440216	0.0007957740370294728	23459.302740176197	0.0	(23459.302740176197+0j)
179.8370922777698	32341.379758923096	0.0007957742233501595	32341.38055469732	0.0	(32341.38055469732+0j)
214.11054347450596	45843.32482694831	0.0007957743682880102	45843.325622722674	0.0	(45843.325622722674+0j)
259.17269292908765	67170.48476011516	0.0007957744785176954	67170.48555588964	0.0	(67170.48555588964+0j)
320.07680939731165	102449.16391396297	0.0007957745601093137	102449.16470973752	0.0	(102449.16470973752+0j)
405.22237924923235	164205.1766444087	0.0007957746185350396	164205.17744018332	0.0	(164205.17744018332+0j)
529.4143094470139	280279.5110472586	0.0007957746586751107	280279.5118430333	0.0	(280279.5118430333+0j)
720.7618889630762	519497.7005816218	0.0007957746848231634	519497.7013773965	0.0	(519497.7013773965+0j)
1038.1045036316527	1077660.96046032	0.0007957747006909225	1077660.9612560947	0.0	(1077660.9612560947+0j)
1622.3034223555637	2631868.3941865745	0.0007957747094122539	2631868.394982349	0.0	(2631868.394982349+0j)
2884.461596072092	8320118.699214761	0.000795774713546584	8320118.700010536	0.0	(8320118.700010536+0j)
6490.627825950439	42128249.57500212	0.0007957747150816899	42128249.57579789	0.0	(42128249.57579789+0j)
25963.925498107445	674125427.271274	0.0007957747154358675	674125427.2720697	0.0	(674125427.2720697+0j)
