-1.0	-1.0	-0.003899296105751436	-1.0039505710775265	0.0	(-1.0039505710775265+0j)
-0.99	-0.9801	-0.0038976803607419833	-0.9840289156949941	0.0	(-0.9840289156949941+0j)
-0.98	-0.9603999999999999	-0.003896014902218304	-0.9643171348361472	0.0	(-0.9643171348361472+0j)
-0.97	-0.9409	-0.00389429766960693	-0.9448090445642919	0.0	(-0.9448090445642919+0j)
-0.96	-0.9216	-0.0038925264944567285	-0.925502968716111	0.0	(-0.925502968716111+0j)
-0.9500000000000001	-0.9025000000000001	-0.0038906990935899622	-0.9063981734253659	0.0	(-0.9063981734253659+0j)
-0.9400000000000001	-0.8836000000000002	-0.0038888130617406296	-0.887494244978678	0.0	(-0.887494244978678+0j)
-0.93	-0.8649000000000001	-0.003886865863635749	-0.8687909123511743	0.0	(-0.8687909123511743+0j)
-0.92	-0.8464	-0.0038848548254708853	-0.8502879827915286	0.0	(-0.8502879827915286+0j)
-0.91	-0.8281000000000001	-0.0038827771257263803	-0.8319853142320425	0.0	(-0.8319853142320425+0j)
-0.9	-0.81	-0.0038806297852653493	-0.8138828012739845	0.0	(-0.8138828012739845+0j)
-0.89	-0.7921	-0.0038784096566485413	-0.7959803664978751	0.0	(-0.7959803664978751+0j)
-0.88	-0.7744	-0.003876113412594455	-0.7782779540323248	0.0	(-0.7782779540323248+0j)
-0.87	-0.7569	-0.0038737375335056706	-0.760775524308932	0.0	(-0.760775524308932+0j)
-0.86	-0.7395999999999999	-0.003871278293974036	-0.7434730496961464	0.0	(-0.7434730496961464+0j)
-0.85	-0.7224999999999999	-0.0038687317481680443	-0.7263705109497163	0.0	(-0.7263705109497163+0j)
-0.84	-0.7055999999999999	-0.003866093713995303	-0.7094678944479147	0.0	(-0.7094678944479147+0j)
-0.8300000000000001	-0.6889000000000001	-0.0038633597559213527	-0.6927651901413662	0.0	(-0.6927651901413662+0j)
-0.8200000000000001	-0.6724000000000001	-0.0038605251663129288	-0.6762623901061838	0.0	(-0.6762623901061838+0j)
-0.81	-0.6561000000000001	-0.0038575849451590698	-0.6599594875695829	0.0	(-0.6599594875695829+0j)
-0.8	-0.6400000000000001	-0.003854533778006842	-0.6438564762805542	0.0	(-0.6438564762805542+0j)
-0.79	-0.6241000000000001	-0.0038513660119297416	-0.6279533501166352	0.0	(-0.6279533501166352+0j)
-0.78	-0.6084	-0.003848075629325748	-0.6122501028428453	0.0	(-0.6122501028428453+0j)
-0.77	-0.5929	-0.0038446562193180664	-0.5967467279629575	0.0	(-0.5967467279629575+0j)
-0.76	-0.5776	-0.003841100946504577	-0.5814432186236106	0.0	(-0.5814432186236106+0j)
-0.75	-0.5625	-0.0038374025167713403	-0.5663395675464717	0.0	(-0.5663395675464717+0j)
-0.74	-0.5476	-0.0038335531398506245	-0.5514357669738174	0.0	(-0.5514357669738174+0j)
-0.73	-0.5328999999999999	-0.0038295444882642917	-0.5367318086190801	0.0	(-0.5367318086190801+0j)
-0.72	-0.5184	-0.0038253676522481796	-0.522227683617688	0.0	(-0.522227683617688+0j)
-0.71	-0.5041	-0.0038210130902014755	-0.5079233824754842	0.0	(-0.5079233824754842+0j)
-0.7000000000000001	-0.4900000000000001	-0.003816470574146107	-0.4938188950131305	0.0	(-0.4938188950131305+0j)
-0.6900000000000001	-0.4761000000000001	-0.0038117291296135007	-0.4799142103053614	0.0	(-0.4799142103053614+0j)
-0.68	-0.4624000000000001	-0.0038067769692984544	-0.4662093166141644	0.0	(-0.4662093166141644+0j)
-0.67	-0.4489000000000001	-0.0038016014197306144	-0.4527042013149997	0.0	(-0.4527042013149997+0j)
-0.66	-0.43560000000000004	-0.003796188840111232	-0.43939885081518404	0.0	(-0.43939885081518404+0j)
-0.65	-0.42250000000000004	-0.0037905245323442524	-0.42629325046336974	0.0	(-0.42629325046336974+0j)
-0.64	-0.4096	-0.003784592641153697	-0.4133873844490353	0.0	(-0.4133873844490353+0j)
-0.63	-0.39690000000000003	-0.003778376043020672	-0.40068123569066166	0.0	(-0.40068123569066166+0j)
-0.62	-0.3844	-0.003771856222489528	-0.38817478571115005	0.0	(-0.38817478571115005+0j)
-0.61	-0.3721	-0.0037650131341796043	-0.3758680144987518	0.0	(-0.3758680144987518+0j)
-0.6	-0.36	-0.003757825048591871	-0.363760900351604	0.0	(-0.363760900351604+0j)
-0.59	-0.34809999999999997	-0.0037502683795133536	-0.3518534197036307	0.0	(-0.3518534197036307+0j)
-0.58	-0.3364	-0.0037423174904907073	-0.3401455469291918	0.0	(-0.3401455469291918+0j)
-0.5700000000000001	-0.3249000000000001	-0.003733944477461676	-0.3286372541235889	0.0	(-0.3286372541235889+0j)
-0.56	-0.31360000000000005	-0.003725118924193416	-0.3173285108559653	0.0	(-0.3173285108559653+0j)
-0.55	-0.30250000000000005	-0.0037158076266746247	-0.3062192838906734	0.0	(-0.3062192838906734+0j)
-0.54	-0.2916	-0.00370597428204039	-0.2953095368726387	0.0	(-0.2953095368726387+0j)
-0.53	-0.28090000000000004	-0.0036955791369745524	-0.2845992299715132	0.0	(-0.2845992299715132+0j)
-0.52	-0.27040000000000003	-0.0036845785898389355	-0.27408831947879747	0.0	(-0.27408831947879747+0j)
-0.51	-0.2601	-0.0036729247400357134	-0.26377675735124306	0.0	(-0.26377675735124306+0j)
-0.5	-0.25	-0.00366056487734414	-0.2536644906931559	0.0	(-0.2536644906931559+0j)
-0.49	-0.24009999999999998	-0.003647440903229633	-0.24375146116937335	0.0	(-0.24375146116937335+0j)
-0.48	-0.2304	-0.0036334886754696865	-0.23403760434003884	0.0	(-0.23403760434003884+0j)
-0.47000000000000003	-0.22090000000000004	-0.003618637266977527	-0.22452284890778784	0.0	(-0.22452284890778784+0j)
-0.46	-0.2116	-0.0036028081295723198	-0.21520711586780622	0.0	(-0.21520711586780622+0j)
-0.45	-0.2025	-0.003585914153836226	-0.20609031755151433	0.0	(-0.20609031755151433+0j)
-0.44	-0.1936	-0.0035678586173657715	-0.1971723565558256	0.0	(-0.1971723565558256+0j)
-0.43	-0.18489999999999998	-0.00354853401598686	-0.18845312455208582	0.0	(-0.18845312455208582+0j)
-0.42	-0.17639999999999997	-0.0035278207762485434	-0.1799325009725023	0.0	(-0.1799325009725023+0j)
-0.41000000000000003	-0.16810000000000003	-0.0035055858531961677	-0.17161035157755303	0.0	(-0.17161035157755303+0j)
-0.4	-0.16000000000000003	-0.0034816812255585024	-0.1634865269158865	0.0	(-0.1634865269158865+0j)
-0.39	-0.1521	-0.003455942311600067	-0.15556086069937325	0.0	(-0.15556086069937325+0j)
-0.38	-0.1444	-0.0034281863435038796	-0.1478331681305428	0.0	(-0.1478331681305428+0j)
-0.37	-0.1369	-0.0033982107566907643	-0.1403032442381639	0.0	(-0.1403032442381639+0j)
-0.36	-0.1296	-0.003365791673205895	-0.13297086229955965	0.0	(-0.13297086229955965+0j)
-0.35000000000000003	-0.12250000000000003	-0.0033306825851852732	-0.12583577245518493	0.0	(-0.12583577245518493+0j)
-0.34	-0.11560000000000002	-0.0032926133750185325	-0.11889770065179606	0.0	(-0.11889770065179606+0j)
-0.33	-0.10890000000000001	-0.003251289842167904	-0.11215634808426465	0.0	(-0.11215634808426465+0j)
-0.32	-0.1024	-0.0032063939410272423	-0.10561139134094284	0.0	(-0.10561139134094284+0j)
-0.31	-0.0961	-0.0031575849672663943	-0.09926248349145159	0.0	(-0.09926248349145159+0j)
-0.3	-0.09	-0.003104501958519365	-0.09310925638540425	0.0	(-0.09310925638540425+0j)
-0.29	-0.0841	-0.0030467675949300437	-0.08715132445218966	0.0	(-0.08715132445218966+0j)
-0.28	-0.07840000000000001	-0.0029839938911559666	-0.08138829030089129	0.0	(-0.08138829030089129+0j)
-0.27	-0.0729	-0.002915789958688914	-0.0758197524108158	0.0	(-0.0758197524108158+0j)
-0.26	-0.06760000000000001	-0.002841772080469083	-0.07044531517185133	0.0	(-0.07044531517185133+0j)
-0.25	-0.0625	-0.002761576273925947	-0.0652646014751504	0.0	(-0.0652646014751504+0j)
-0.24	-0.0576	-0.0026748734201137744	-0.06027726796411209	0.0	(-0.06027726796411209+0j)
-0.23	-0.0529	-0.0025813869037790136	-0.05548302292986593	0.0	(-0.05548302292986593+0j)
-0.22	-0.0484	-0.0024809125429429675	-0.05088164667246304	0.0	(-0.05088164667246304+0j)
-0.21	-0.04409999999999999	-0.0023733403912292606	-0.0464730139501056	0.0	(-0.0464730139501056+0j)
-0.2	-0.04000000000000001	-0.0022586777799217996	-0.04225711791386928	0.0	(-0.04225711791386928+0j)
-0.19	-0.0361	-0.002137072741905585	-0.038234094703130515	0.0	(-0.038234094703130515+0j)
-0.18	-0.0324	-0.0020088367424010477	-0.03440424771897727	0.0	(-0.03440424771897727+0j)
-0.17	-0.028900000000000006	-0.0018744654511121022	-0.030768070594372122	0.0	(-0.030768070594372122+0j)
-0.16	-0.0256	-0.001734656148374668	-0.0273262681051103	0.0	(-0.0273262681051103+0j)
-0.15	-0.0225	-0.0015903202856344103	-0.024079774534986286	0.0	(-0.024079774534986286+0j)
-0.14	-0.019600000000000003	-0.0014425897376942165	-0.021029768508715064	0.0	(-0.021029768508715064+0j)
-0.13	-0.016900000000000002	-0.0012928154059612816	-0.018177680318023755	0.0	(-0.018177680318023755+0j)
-0.12	-0.0144	-0.0011425570670635507	-0.01552518044868735	0.0	(-0.01552518044868735+0j)
-0.11	-0.0121	-0.0009935637096894073	-0.013074127462385312	0.0	(-0.013074127462385312+0j)
-0.1	-0.010000000000000002	-0.0008477440542053116	-0.010826448050253975	0.0	(-0.010826448050253975+0j)
-0.09	-0.0081	-0.0007071274837109015	-0.00878393655320067	0.0	(-0.00878393655320067+0j)
-0.08	-0.0064	-0.0005738162007194573	-0.006947999280940118	0.0	(-0.006947999280940118+0j)
-0.07	-0.004900000000000001	-0.0004499300211501813	-0.005319400783441317	0.0	(-0.005319400783441317+0j)
-0.06	-0.0036	-0.0003375457816891963	-0.0038980508014834895	0.0	(-0.0038980508014834895+0j)
-0.05	-0.0025000000000000005	-0.00023863382084334927	-0.0026828074271078167	0.0	(-0.0026828074271078167+0j)
-0.04	-0.0016	-0.0001549943536936424	-0.0016711884301087384	0.0	(-0.0016711884301087384+0j)
-0.03	-0.0009	-8.819675799012425e-05	-0.0008592557001769302	0.0	(-0.0008592557001769302+0j)
-0.02	-0.0004	-3.9524798538144446e-05	-0.00026088597066319504	0.0	(-0.00026088597066319504+0j)
-0.01	-0.0001	-9.930626005960619e-06	4.1118367391512756e-17	-0.0005262703330107105	(4.1118367391512756e-17-0.0005262703330107105j)
0.01	0.0001	9.930626005960619e-06	4.1118367391512756e-17	0.0005262703330107105	(4.1118367391512756e-17+0.0005262703330107105j)
0.02	0.0004	3.9524798538144446e-05	0.00026088597066317265	0.0	(0.00026088597066317265+0j)
0.03	0.0009	8.819675799012425e-05	0.0008592557001769346	0.0	(0.0008592557001769346+0j)
0.04	0.0016	0.0001549943536936424	0.0016711884301088202	0.0	(0.0016711884301088202+0j)
0.05	0.0025000000000000005	0.00023863382084334927	0.0026828074271078666	0.0	(0.0026828074271078666+0j)
0.06	0.0036	0.0003375457816891963	0.0038980508014835793	0.0	(0.0038980508014835793+0j)
0.07	0.004900000000000001	0.0004499300211501813	0.005319400783441348	0.0	(0.005319400783441348+0j)
0.08	0.0064	0.0005738162007194573	0.00694799928094011	0.0	(0.00694799928094011+0j)
0.09	0.0081	0.0007071274837109015	0.008783936553200743	0.0	(0.008783936553200743+0j)
0.1	0.010000000000000002	0.0008477440542053116	0.010826448050254	0.0	(0.010826448050254+0j)
0.11	0.0121	0.0009935637096894073	0.013074127462385423	0.0	(0.013074127462385423+0j)
0.12	0.0144	0.0011425570670635507	0.015525180448687337	0.0	(0.015525180448687337+0j)
0.13	0.016900000000000002	0.0012928154059612816	0.018177680318023744	0.0	(0.018177680318023744+0j)
0.14	0.019600000000000003	0.0014425897376942165	0.02102976850871512	0.0	(0.02102976850871512+0j)
0.15	0.0225	0.0015903202856344103	0.02407977453498628	0.0	(0.02407977453498628+0j)
0.16	0.0256	0.001734656148374668	0.027326268105110383	0.0	(0.027326268105110383+0j)
0.17	0.028900000000000006	0.0018744654511121022	0.030768070594372237	0.0	(0.030768070594372237+0j)
0.18	0.0324	0.0020088367424010477	0.03440424771897743	0.0	(0.03440424771897743+0j)
0.19	0.0361	0.002137072741905585	0.03823409470313063	0.0	(0.03823409470313063+0j)
0.2	0.04000000000000001	0.0022586777799217996	0.04225711791386925	0.0	(0.04225711791386925+0j)
0.21	0.04409999999999999	0.0023733403912292606	0.04647301395010559	0.0	(0.04647301395010559+0j)
0.22	0.0484	0.0024809125429429675	0.05088164667246328	0.0	(0.05088164667246328+0j)
0.23	0.0529	0.0025813869037790136	0.05548302292986557	0.0	(0.05548302292986557+0j)
0.24	0.0576	0.0026748734201137744	0.0602772679641122	0.0	(0.0602772679641122+0j)
0.25	0.0625	0.002761576273925947	0.06526460147515029	0.0	(0.06526460147515029+0j)
0.26	0.06760000000000001	0.002841772080469083	0.07044531517185113	0.0	(0.07044531517185113+0j)
0.27	0.0729	0.002915789958688914	0.07581975241081584	0.0	(0.07581975241081584+0j)
0.28	0.07840000000000001	0.0029839938911559666	0.08138829030089115	0.0	(0.08138829030089115+0j)
0.29	0.0841	0.0030467675949300437	0.0871513244521897	0.0	(0.0871513244521897+0j)
0.3	0.09	0.003104501958519365	0.09310925638540418	0.0	(0.09310925638540418+0j)
0.31	0.0961	0.0031575849672663943	0.09926248349145134	0.0	(0.09926248349145134+0j)
0.32	0.1024	0.0032063939410272423	0.10561139134094297	0.0	(0.10561139134094297+0j)
0.33	0.10890000000000001	0.003251289842167904	0.112156348084264	0.0	(0.112156348084264+0j)
0.34	0.11560000000000002	0.0032926133750185325	0.11889770065179572	0.0	(0.11889770065179572+0j)
0.35000000000000003	0.12250000000000003	0.0033306825851852732	0.12583577245518457	0.0	(0.12583577245518457+0j)
0.36	0.1296	0.003365791673205895	0.13297086229955987	0.0	(0.13297086229955987+0j)
0.37	0.1369	0.0033982107566907643	0.14030324423816398	0.0	(0.14030324423816398+0j)
0.38	0.1444	0.0034281863435038796	0.1478331681305428	0.0	(0.1478331681305428+0j)
0.39	0.1521	0.003455942311600067	0.1555608606993745	0.0	(0.1555608606993745+0j)
0.4	0.16000000000000003	0.0034816812255585024	0.16348652691588597	0.0	(0.16348652691588597+0j)
0.41000000000000003	0.16810000000000003	0.0035055858531961677	0.17161035157755333	0.0	(0.17161035157755333+0j)
0.42	0.17639999999999997	0.0035278207762485434	0.1799325009725023	0.0	(0.1799325009725023+0j)
0.43	0.18489999999999998	0.00354853401598686	0.1884531245520854	0.0	(0.1884531245520854+0j)
0.44	0.1936	0.0035678586173657715	0.1971723565558263	0.0	(0.1971723565558263+0j)
0.45	0.2025	0.003585914153836226	0.20609031755151463	0.0	(0.20609031755151463+0j)
0.46	0.2116	0.0036028081295723198	0.21520711586780517	0.0	(0.21520711586780517+0j)
0.47000000000000003	0.22090000000000004	0.003618637266977527	0.2245228489077883	0.0	(0.2245228489077883+0j)
0.48	0.2304	0.0036334886754696865	0.23403760434003718	0.0	(0.23403760434003718+0j)
0.49	0.24009999999999998	0.003647440903229633	0.24375146116937393	0.0	(0.24375146116937393+0j)
0.5	0.25	0.00366056487734414	0.2536644906931564	0.0	(0.2536644906931564+0j)
0.51	0.2601	0.0036729247400357134	0.2637767573512427	0.0	(0.2637767573512427+0j)
0.52	0.27040000000000003	0.0036845785898389355	0.27408831947879875	0.0	(0.27408831947879875+0j)
0.53	0.28090000000000004	0.0036955791369745524	0.28459922997151443	0.0	(0.28459922997151443+0j)
0.54	0.2916	0.00370597428204039	0.29530953687263684	0.0	(0.29530953687263684+0j)
0.55	0.30250000000000005	0.0037158076266746247	0.30621928389067393	0.0	(0.30621928389067393+0j)
0.56	0.31360000000000005	0.003725118924193416	0.3173285108559664	0.0	(0.3173285108559664+0j)
0.5700000000000001	0.3249000000000001	0.003733944477461676	0.3286372541235893	0.0	(0.3286372541235893+0j)
0.58	0.3364	0.0037423174904907073	0.34014554692919086	0.0	(0.34014554692919086+0j)
0.59	0.34809999999999997	0.0037502683795133536	0.3518534197036306	0.0	(0.3518534197036306+0j)
0.6	0.36	0.003757825048591871	0.36376090035160386	0.0	(0.36376090035160386+0j)
0.61	0.3721	0.0037650131341796043	0.375868014498749	0.0	(0.375868014498749+0j)
0.62	0.3844	0.003771856222489528	0.3881747857111495	0.0	(0.3881747857111495+0j)
0.63	0.39690000000000003	0.003778376043020672	0.4006812356906616	0.0	(0.4006812356906616+0j)
0.64	0.4096	0.003784592641153697	0.41338738444903406	0.0	(0.41338738444903406+0j)
0.65	0.42250000000000004	0.0037905245323442524	0.4262932504633706	0.0	(0.4262932504633706+0j)
0.66	0.43560000000000004	0.003796188840111232	0.43939885081518293	0.0	(0.43939885081518293+0j)
0.67	0.4489000000000001	0.0038016014197306144	0.4527042013150004	0.0	(0.4527042013150004+0j)
0.68	0.4624000000000001	0.0038067769692984544	0.46620931661416465	0.0	(0.46620931661416465+0j)
0.6900000000000001	0.4761000000000001	0.0038117291296135007	0.47991421030536174	0.0	(0.47991421030536174+0j)
0.7000000000000001	0.4900000000000001	0.003816470574146107	0.49381889501312975	0.0	(0.49381889501312975+0j)
0.71	0.5041	0.0038210130902014755	0.5079233824754839	0.0	(0.5079233824754839+0j)
0.72	0.5184	0.0038253676522481796	0.5222276836176885	0.0	(0.5222276836176885+0j)
0.73	0.5328999999999999	0.0038295444882642917	0.53673180861908	0.0	(0.53673180861908+0j)
0.74	0.5476	0.0038335531398506245	0.5514357669738172	0.0	(0.5514357669738172+0j)
0.75	0.5625	0.0038374025167713403	0.5663395675464727	0.0	(0.5663395675464727+0j)
0.76	0.5776	0.003841100946504577	0.5814432186236095	0.0	(0.5814432186236095+0j)
0.77	0.5929	0.0038446562193180664	0.5967467279629598	0.0	(0.5967467279629598+0j)
0.78	0.6084	0.003848075629325748	0.6122501028428494	0.0	(0.6122501028428494+0j)
0.79	0.6241000000000001	0.0038513660119297416	0.6279533501166317	0.0	(0.6279533501166317+0j)
0.8	0.6400000000000001	0.003854533778006842	0.6438564762805468	0.0	(0.6438564762805468+0j)
0.81	0.6561000000000001	0.0038575849451590698	0.6599594875695807	0.0	(0.6599594875695807+0j)
0.8200000000000001	0.6724000000000001	0.0038605251663129288	0.6762623901061853	0.0	(0.6762623901061853+0j)
0.8300000000000001	0.6889000000000001	0.0038633597559213527	0.6927651901413663	0.0	(0.6927651901413663+0j)
0.84	0.7055999999999999	0.003866093713995303	0.7094678944479108	0.0	(0.7094678944479108+0j)
0.85	0.7224999999999999	0.0038687317481680443	0.7263705109497152	0.0	(0.7263705109497152+0j)
0.86	0.7395999999999999	0.003871278293974036	0.7434730496961449	0.0	(0.7434730496961449+0j)
0.87	0.7569	0.0038737375335056706	0.7607755243089299	0.0	(0.7607755243089299+0j)
0.88	0.7744	0.003876113412594455	0.7782779540323241	0.0	(0.7782779540323241+0j)
0.89	0.7921	0.0038784096566485413	0.7959803664978752	0.0	(0.7959803664978752+0j)
0.9	0.81	0.0038806297852653493	0.8138828012739879	0.0	(0.8138828012739879+0j)
0.91	0.8281000000000001	0.0038827771257263803	0.831985314232048	0.0	(0.831985314232048+0j)
0.92	0.8464	0.0038848548254708853	0.8502879827915252	0.0	(0.8502879827915252+0j)
0.93	0.8649000000000001	0.003886865863635749	0.8687909123511734	0.0	(0.8687909123511734+0j)
0.9400000000000001	0.8836000000000002	0.0038888130617406296	0.8874942449786805	0.0	(0.8874942449786805+0j)
0.9500000000000001	0.9025000000000001	0.0038906990935899622	0.9063981734253651	0.0	(0.9063981734253651+0j)
0.96	0.9216	0.0038925264944567285	0.9255029687161108	0.0	(0.9255029687161108+0j)
0.97	0.9409	0.00389429766960693	0.94480904456429	0.0	(0.94480904456429+0j)
0.98	0.9603999999999999	0.003896014902218304	0.9643171348361462	0.0	(0.9643171348361462+0j)
0.99	0.9801	0.0038976803607419833	0.9840289156949958	0.0	(0.9840289156949958+0j)
1.0	1.0	0.003899296105751436	1.0039505710775276	0.0	(1.0039505710775276+0j)
