-9605195.204771383	-92259774921763.17	-0.001624030031549952	-92259774921763.17	0.0	(-92259774921763.17+0j)
-1200594.1310054827	-1441426267404.8103	-0.0016240300315499066	-1441426267404.812	0.0	(-1441426267404.812+0j)
-355704.3016402785	-126525550205.39822	-0.0016240300315494287	-126525550205.39984	0.0	(-126525550205.39984+0j)
-150046.63327639527	-22513992157.581047	-0.0016240300315470083	-22513992157.582672	0.0	(-22513992157.582672+0j)
-76813.26603926464	-5900277839.618846	-0.001624030031538718	-5900277839.62047	0.0	(-5900277839.62047+0j)
-44444.61752351378	-1975324026.811428	-0.001624030031516395	-1975324026.8130522	0.0	(-1975324026.8130522+0j)
-27982.86297320777	-783040620.1773225	-0.0016240300314652994	-783040620.1789465	0.0	(-783040620.1789465+0j)
-18742.01600231651	-351263163.8310882	-0.0016240300313612424	-351263163.83271223	0.0	(-351263163.83271223+0j)
-13159.681857015545	-173177226.57786408	-0.0016240300311671832	-173177226.5794881	0.0	(-173177226.5794881+0j)
-9590.609764578987	-91979795.65643781	-0.001624030030829284	-91979795.65806185	0.0	(-91979795.65806185+0j)
-7203.243728879368	-51886720.217639945	-0.0016240300302724207	-51886720.21926398	0.0	(-51886720.21926398+0j)
-5546.372188325968	-30762244.451435786	-0.0016240300293951378	-30762244.453059815	0.0	(-30762244.453059815+0j)
-4360.696925764805	-19015677.678374622	-0.0016240300280640427	-19015677.67999865	0.0	(-19015677.67999865+0j)
-3489.969969937625	-12179890.391066428	-0.001624030026107626	-12179890.392690457	0.0	(-12179890.392690457+0j)
-2836.2105753037786	-8044090.427464991	-0.0016240300233095006	-8044090.429089021	0.0	(-8044090.429089021+0j)
-2335.8522065964303	-5456205.531061413	-0.0016240300194010444	-5456205.532685443	0.0	(-5456205.532685443+0j)
-1946.4273685286264	-3788579.5009572734	-0.001624030014053437	-3788579.5025813035	0.0	(-3788579.5025813035+0j)
-1638.829218206556	-2685761.206447512	-0.0016240300068690763	-2685761.208071542	0.0	(-2685761.208071542+0j)
-1392.6540178654614	-1939485.2134768127	-0.0016240299973723576	-1939485.2151008428	0.0	(-1939485.2151008428+0j)
-1193.310456657072	-1423989.84596711	-0.0016240299849998032	-1423989.84759114	0.0	(-1423989.84759114+0j)
-1030.1761707171554	-1061262.9427134618	-0.0016240299690895223	-1061262.9443374919	0.0	(-1061262.9443374919+0j)
-895.3932941925091	-801729.1512849131	-0.0016240299488699853	-801729.152908943	0.0	(-801729.152908943+0j)
-783.0642560322963	-613189.6290754137	-0.0016240299234480916	-613189.6306994436	0.0	(-613189.6306994436+0j)
-688.7042001214068	-474313.47526486666	-0.001624029891796512	-474313.47688889655	0.0	(-474313.47688889655+0j)
-608.861460144658	-370712.27764948504	-0.0016240298527402826	-370712.27927351487	0.0	(-370712.27927351487+0j)
-540.8502227281518	-292518.96342509147	-0.0016240298049426268	-292518.9650491213	0.0	(-292518.9650491213+0j)
-482.5594081882106	-232863.58243095607	-0.001624029746889984	-232863.5840549858	0.0	(-232863.5840549858+0j)
-432.3141694833717	-186895.54113609742	-0.0016240296768762152	-186895.5427601271	0.0	(-186895.5427601271+0j)
-388.77425741880654	-151145.42323154447	-0.0016240295929859615	-151145.42485557406	0.0	(-151145.42485557406+0j)
-350.858570038611	-123101.7361695389	-0.0016240294930771242	-123101.73779356839	0.0	(-123101.73779356839+0j)
-317.6885353347575	-100926.00548314345	-0.0016240293747624404	-100926.00710717283	0.0	(-100926.00710717283+0j)
-288.5451996188469	-83258.3322230802	-0.0016240292353901173	-83258.33384710943	0.0	(-83258.33384710943+0j)
-262.836399308869	-69082.97280165122	-0.0016240290720234965	-69082.9744256803	0.0	(-69082.9744256803+0j)
-240.07142706246006	-57634.290091806084	-0.0016240288814197096	-57634.29171583497	0.0	(-57634.29171583497+0j)
-219.84132123719695	-48330.206523316425	-0.0016240286600072915	-48330.20814734508	0.0	(-48330.20814734508+0j)
-201.80341259064414	-40724.61733322975	-0.0016240284038627107	-40724.61895725815	0.0	(-40724.61895725815+0j)
-185.66912113051106	-34473.02254137639	-0.0016240281086857772	-34473.0241654045	0.0	(-34473.0241654045+0j)
-171.19425391683407	-29307.47257414146	-0.0016240277697738852	-29307.474198169228	0.0	(-29307.474198169228+0j)
-158.1712416884214	-25018.14169725701	-0.001624027381995047	-25018.143321284395	0.0	(-25018.143321284395+0j)
-146.42288913233602	-21439.662461860367	-0.00162402693975967	-21439.664085887307	0.0	(-21439.664085887307+0j)
-135.79731473932583	-18440.910690411518	-0.00162402643699103	-18440.912314437956	0.0	(-18440.912314437956+0j)
-126.1638314734695	-15917.312372066013	-0.0016240258670943892	-15917.31399609188	0.0	(-15917.31399609188+0j)
-117.40957596921426	-13785.008529270695	-0.0016240252229247042	-13785.010153295918	0.0	(-13785.010153295918+0j)
-109.43673666083288	-11976.399330972483	-0.0016240244967528712	-11976.40095499698	0.0	(-11976.40095499698+0j)
-102.16026374241683	-10436.719487920167	-0.0016240236802304465	-10436.721111943847	0.0	(-10436.721111943847+0j)
-95.50596875190209	-9121.390067239297	-0.0016240227643527848	-9121.391691262063	0.0	(-9121.391691262063+0j)
-89.40894076792034	-7993.958689241488	-0.0016240217394205283	-7993.960313263227	0.0	(-7993.960313263227+0j)
-83.81222109797599	-7024.488405376012	-0.001624020594999383	-7024.4900293966075	0.0	(-7024.4900293966075+0j)
-78.66568995306919	-6188.290775792411	-0.001624019319878109	-6188.292399811731	0.0	(-6188.292399811731+0j)
-73.92512771679691	-5464.924507944735	-0.0016240179020246559	-5464.926131962637	0.0	(-5464.926131962637+0j)
-69.5514206035539	-4837.400107972461	-0.001624016328540364	-4837.40173198879	0.0	(-4837.40173198879+0j)
-65.5098861964565	-4291.545189472683	-0.0016240145856121523	-4291.54681348726	0.0	(-4291.54681348726+0j)
-61.76969889208737	-3815.4957012191394	-0.0016240126584626123	-3815.497325231798	0.0	(-3815.497325231798+0j)
-58.30339890885323	-3399.2863243248685	-0.0016240105312979177	-3399.287948335402	0.0	(-3399.287948335402+0j)
-55.08647143290039	-3034.5193349277506	-0.0016240081872534605	-3034.520958935932	0.0	(-3034.520958935932+0j)
-52.09698483000059	-2714.095828377312	-0.0016240056083371205	-2714.097452382917	0.0	(-2714.097452382917+0j)
-49.31527876000004	-2431.9967191765113	-0.0016240027753700653	-2431.9983431792925	0.0	(-2431.9983431792925+0j)
-46.7236945829899	-2183.1036354845196	-0.0016239996679249804	-2183.1052594841835	0.0	(-2183.1052594841835+0j)
-44.3063417144323	-1963.0519161160437	-0.0016239962642616201	-1963.0535401123086	0.0	(-1963.0535401123086+0j)
-42.0488946259587	-1768.1095392649786	-0.0016239925412595655	-1768.1111632575178	0.0	(-1768.1111632575178+0j)
-39.93841604370705	-1595.0770760802368	-0.0016239884743480737	-1595.0787000687133	0.0	(-1595.0787000687133+0j)
-37.963202601939585	-1441.2047517959124	-0.0016239840374328914	-1441.2063757799485	0.0	(-1441.2063757799485+0j)
-36.1126497942929	-1304.123475165243	-0.0016239792028199087	-1304.1250991444479	0.0	(-1304.1250991444479+0j)
-34.37713355070611	-1181.7873111630838	-0.0016239739411355125	-1181.7889351370268	0.0	(-1181.7889351370268+0j)
-32.747906172853575	-1072.4253587060214	-0.0016239682212435054	-1072.4269826742382	0.0	(-1072.4269826742382+0j)
-31.217004699239933	-974.5013823923681	-0.001623962010158438	-974.5030063543784	0.0	(-974.5030063543784+0j)
-29.777170054741106	-886.6798564689705	-0.001623955272955202	-886.6814804242438	0.0	(-886.6814804242438+0j)
-28.421775577784274	-807.7973269939346	-0.0016239479726747272	-807.7989509419092	0.0	(-807.7989509419092+0j)
-27.14476371932338	-736.8381973778947	-0.0016239400702256087	-736.8398213179647	0.0	(-736.8398213179647+0j)
-25.940589877590973	-672.9142031973753	-0.001623931524281495	-672.9158271288989	0.0	(-672.9158271288989+0j)
-24.804172476499513	-615.2469722439359	-0.0016239222911740487	-615.2485961662269	0.0	(-615.2485961662269+0j)
-23.73084851776959	-563.1531713733272	-0.001623912324781292	-563.1547952856513	0.0	(-563.1547952856513+0j)
-22.716333940912474	-516.031827715052	-0.0016239015764111353	-516.0334516166283	0.0	(-516.0334516166283+0j)
-21.756688213976226	-473.353482040172	-0.0016238899946798791	-473.3551059301656	0.0	(-473.3551059301656+0j)
-20.84828265390689	-434.6508896171949	-0.0016238775253854727	-434.65251349472	0.0	(-434.65251349472+0j)
-19.987772040461227	-399.51103114144354	-0.0016238641113752983	-399.5126550055557	0.0	(-399.5126550055557+0j)
-19.172069143522997	-367.5682352440266	-0.001623849692408244	-367.5698590937175	0.0	(-367.5698590937175+0j)
-18.398321831796846	-338.49824622637243	-0.0016238342050108132	-338.49987006057745	0.0	(-338.49987006057745+0j)
-17.663892472366342	-312.0130972753203	-0.0016238175823270126	-312.01472109290245	0.0	(-312.01472109290245+0j)
-16.966339366471665	-287.8566714982861	-0.001623799753961741	-287.8582952980398	0.0	(-287.8582952980398+0j)
-16.30339999792458	-265.8008514923272	-0.0016237806458173972	-265.80247527297354	0.0	(-265.80247527297354+0j)
-15.672975897519757	-245.64217348423523	-0.0016237601799234055	-245.64379724441415	0.0	(-245.64379724441415+0j)
-15.073118950217209	-227.19891488739714	-0.0016237382742583472	-227.20053862567207	0.0	(-227.20053862567207+0j)
-14.502018992255339	-210.30855485173456	-0.001623714842564369	-210.3101785665773	0.0	(-210.3101785665773+0j)
-13.95799256312947	-194.82555639237756	-0.0016236897941535313	-194.8271800821708	0.0	(-194.8271800821708+0j)
-13.4394726929019	-180.61942626325583	-0.0016236630337057305	-180.6210499262897	0.0	(-180.6210499262897+0j)
-12.944999618894892	-167.5730151331889	-0.0016236344610578266	-167.57463876765016	0.0	(-167.57463876765016+0j)
-12.473212337728176	-155.5810260220544	-0.0016236039709835834	-155.58264962602547	0.0	(-155.58264962602547+0j)
-12.022840909112986	-144.54870352584078	-0.0016235714529640062	-144.55032709729434	0.0	(-144.55032709729434+0j)
-11.592699437005214	-134.390680236741	-0.0016235367909476542	-134.39230377353238	0.0	(-134.39230377353238+0j)
-11.181679661808277	-125.02996005929685	-0.001623499863100472	-125.03158355916135	0.0	(-125.03158355916135+0j)
-10.788745104450985	-116.3970209288151	-0.0016234605415446732	-116.39864438936235	0.0	(-116.39864438936235+0j)
-10.412925709461692	-108.42902183076829	-0.0016234186920861813	-108.43064524947633	0.0	(-108.43064524947633+0j)
-10.053312939730441	-101.06910106415152	-0.001623374173930113	-101.07072443836718	0.0	(-101.07072443836718+0j)
-9.70905528057937	-94.26575444134616	-0.0016233268393837613	-94.26737776828753	0.0	(-94.26737776828753+0j)
-9.379354115134207	-87.97228361708498	-0.0016232765335465157	-87.97390689384677	0.0	(-87.97390689384677+0j)
-9.0634599368687	-82.14630602722397	-0.0016232230939861223	-82.14792925078801	0.0	(-82.14792925078801+0j)
-8.760668868643995	-76.74931902602805	-0.0016231663504006674	-76.75094219328027	0.0	(-76.75094219328027+0j)
-8.470319460633334	-71.74631176518378	-0.0016231061242656282	-71.74793487292706	0.0	(-71.74793487292706+0j)
-8.191789742258713	-67.10541918137507	-0.001623042228465315	-67.10704222634305	0.0	(-67.10704222634305+0j)
-7.92449450570503	-62.797613170949205	-0.0016229744669079842	-62.79923614980854	0.0	(-62.79923614980854+0j)
-7.667882800757656	-58.796426646155076	-0.0016229026341238778	-58.79804955549719	0.0	(-58.79804955549719+0j)
-7.421435622657183	-55.07770670124501	-0.0016228265148454024	-55.07932953756465	0.0	(-55.07932953756465+0j)
-7.1846637764105	-51.619393580065186	-0.0016227458835686237	-51.62101633972102	0.0	(-51.62101633972102+0j)
-6.957105902559871	-48.401322539433394	-0.0016226605040952171	-48.402945218598916	0.0	(-48.402945218598916+0j)
-6.738326650815264	-45.40504605308725	-0.0016225701290539666	-45.4066686476898	0.0	(-45.4066686476898+0j)
-6.5279149892138815	-42.61367410640327	-0.0016224744994008647	-42.61529661206176	0.0	(-42.61529661206176+0j)
-6.325482637604348	-40.01173059863406	-0.001622373343896819	-40.01335301059696	0.0	(-40.01335301059696+0j)
-6.130662615271313	-37.585024102285296	-0.0016222663785619203	-37.58664641537508	0.0	(-37.58664641537508+0j)
-5.943107893435154	-35.32053143301123	-0.0016221533061051788	-35.32215364157826	0.0	(-35.32215364157826+0j)
-5.762490144188762	-33.20629266187262	-0.0016220338153285804	-33.20791475976237	0.0	(-33.20791475976237+0j)
-5.588498578181307	-31.23131635833449	-0.0016219075805042548	-31.232938338866745	0.0	(-31.232938338866745+0j)
-5.420838864033355	-29.385493989814435	-0.0016217742607234952	-29.38711584577711	0.0	(-29.38711584577711+0j)
-5.259232123078992	-27.659522524425963	-0.001621633499216297	-27.66114424807847	0.0	(-27.66114424807847+0j)
-5.103413993582461	-26.04483438989329	-0.0016214849226400265	-26.04645597297978	0.0	(-26.04645597297978+0j)
-4.953133759078175	-24.53353403531989	-0.0016213281403357543	-24.53515546908873	0.0	(-24.53515546908873+0j)
-4.808153535936197	-23.118340425135752	-0.0016211627435507158	-23.119961700360502	0.0	(-23.119961700360502+0j)
-4.6682475156679075	-21.79253486753959	-0.001620988304625289	-21.79415597454085	0.0	(-21.79415597454085+0j)
-4.533201257860082	-20.549913644264226	-0.001620804376142794	-20.551534572924698	0.0	(-20.551534572924698+0j)
-4.402811029966271	-19.384744965592656	-0.0016206104900403314	-19.386365705368224	0.0	(-19.386365705368224+0j)
-4.276883190493413	-18.291729825125113	-0.0016204061566787956	-18.293350365045622	0.0	(-18.293350365045622+0j)
-4.15523361240365	-17.26596637364909	-0.0016201908638700925	-17.26758670231039	0.0	(-17.26758670231039+0j)
-4.037687143807751	-16.30291747127039	-0.0016199640758595016	-16.304537576817754	0.0	(-16.304537576817754+0j)
-3.9240771032610224	-15.398381112337416	-0.0016197252322610095	-15.400000982439947	0.0	(-15.400000982439947+0j)
-3.814244807185861	-14.548463449144304	-0.0016194737469433357	-14.550083070963005	0.0	(-14.550083070963005+0j)
-3.708039127140636	-13.74955416840589	-0.001619209006864252	-13.75117352855696	0.0	(-13.75117352855696+0j)
-3.6053160748326105	-12.998303999446422	-0.001618930370850673	-12.999923083961097	0.0	(-12.999923083961097+0j)
-3.505938412936072	-12.291604155300703	-0.0016186371683218704	-12.293222949583821	0.0	(-12.293222949583821+0j)
-3.409775289925844	-11.626567527788874	-0.0016183286979530136	-11.628186016576683	0.0	(-11.628186016576683+0j)
-3.31670189727347	-11.000511475377435	-0.0016180042262761128	-11.002129642696318	0.0	(-11.002129642696318+0j)
-3.2265991474784026	-10.410942058508354	-0.0016176629862152713	-10.41255988763312	0.0	(-10.41255988763312+0j)
-3.139353371521828	-9.855539591285467	-0.0016173041755529988	-9.857157064699178	0.0	(-9.857157064699178+0j)
-3.0548560344360047	-9.332145391130073	-0.001616926955324172	-9.333762490482775	0.0	(-9.333762490482775+0j)
-2.9730034677792423	-8.8387496194274	-0.0016165304481340398	-8.84036632549544	0.0	(-8.84036632549544+0j)
-2.8936966178954187	-8.373480116419385	-0.0016161137363964856	-8.375096409063776	0.0	(-8.375096409063776+0j)
-2.8168408089191725	-7.934592142792418	-0.0016156758604885608	-7.936208000915696	0.0	(-7.936208000915696+0j)
-2.742345519563008	-7.520458948667304	-0.0016152158168170857	-7.522074350169148	0.0	(-7.522074350169148+0j)
-2.6701241727922507	-7.129563098129501	-0.001614732555792896	-7.131178019860418	0.0	(-7.131178019860418+0j)
-2.600093937557491	-6.760488484123218	-0.0016142249797080723	-6.76210290183649	0.0	(-6.76210290183649+0j)
-2.53217554181336	-6.411912974557783	-0.0016136919405112427	-6.413526862858916	0.0	(-6.413526862858916+0j)
-2.4662930961066483	-6.082601635903317	-0.001613132237475786	-6.0842149681973074	0.0	(-6.0842149681973074+0j)
-2.4023739270672144	-5.771400485452349	-0.0016125446147554762	-5.773013233888405	0.0	(-5.773013233888405+0j)
-2.340348420181257	-5.477230727844906	-0.0016119277588218244	-5.478842863258999	0.0	(-5.478842863258999+0j)
-2.280149871269615	-5.1990834354508415	-0.0016112802957770518	-5.200694927304869	0.0	(-5.200694927304869+0j)
-2.221714346133128	-4.936014635813752	-0.001610600788536305	-4.937625452132647	0.0	(-4.937625452132647+0j)
-2.1649805478639736	-4.687140772629392	-0.001609887733872369	-4.688750879934616	0.0	(-4.688750879934616+0j)
-2.109889691355602	-4.451634509688637	-0.0016091395593157665	-4.4532438729289625	0.0	(-4.4532438729289625+0j)
-2.056385384575469	-4.228720849895599	-0.0016083546199027402	-4.230329432374595	0.0	(-4.230329432374595+0j)
-2.004413516193774	-4.017673543900289	-0.0016075311947632003	-4.019281307200025	0.0	(-4.019281307200025+0j)
-1.9539221491884349	-3.8178117650891523	-0.0016066674835402773	-3.819418668991003	0.0	(-3.819418668991003+0j)
-1.9048614200715395	-3.628497029676962	-0.0016057616026326593	-3.6301030320778205	0.0	(-3.6301030320778205+0j)
-1.8571834434057672	-3.449130342460503	-0.001604811581250398	-3.450735399285722	0.0	(-3.450735399285722+0j)
-1.8108422213008069	-3.2791495504456405	-0.001603815357274345	-3.2807536155573787	0.0	(-3.2807536155573787+0j)
-1.7657935575998587	-3.1180268880611655	-0.0016027707729088312	-3.119629913162686	0.0	(-3.119629913162686+0j)
-1.7219949764848979	-2.965266699039224	-0.0016016755701166046	-2.9668686335743555	0.0	(-2.9668686335743555+0j)
-1.6794056452467305	-2.8204033212865873	-0.001600527385824438	-2.8220041123345188	0.0	(-2.8220041123345188+0j)
-1.6379863009819313	-2.6829991222044702	-0.0015993237468871387	-2.684598714369503	0.0	(-2.684598714369503+0j)
-1.5976991809937733	-2.5526426729481737	-0.001598062064797009	-2.554241008244029	0.0	(-2.554241008244029+0j)
-1.5585079566882198	-2.42894705106049	-0.0015967396301250544	-2.4305440687893163	0.0	(-2.4305440687893163+0j)
-1.5203776707690226	-2.3115482617730385	-0.0015953536066794552	-2.313143898398156	0.0	(-2.313143898398156+0j)
-1.4832746775481236	-2.20010376905549	-0.0015939010253659758	-2.2016979580683547	0.0	(-2.2016979580683547+0j)
-1.4471665861988359	-2.0942911282103926	-0.0015923787777341058	-2.095883799990869	0.0	(-2.095883799990869+0j)
-1.4120222067898245	-1.9938067124676058	-0.001590783609191777	-1.9953977941375962	0.0	(-1.9953977941375962+0j)
-1.3778114989477563	-1.8983645266326632	-0.0015891121118705095	-1.8999539419022444	0.0	(-1.8999539419022444+0j)
-1.3445055230056484	-1.807695101392692	-0.0015873607171217649	-1.809282770399192	0.0	(-1.809282770399192+0j)
-1.3120763935025515	-1.7215444623866623	-0.0015855256876241696	-1.723130301525485	0.0	(-1.723130301525485+0j)
-1.2804972349081958	-1.6396731686075352	-0.001583603109080058	-1.6412570903547279	0.0	(-1.6412570903547279+0j)
-1.249742139453741	-1.5618554151264137	-0.0015815888814785177	-1.5634373278524418	0.0	(-1.5634373278524418+0j)
-1.2197861269567585	-1.4878781955161693	-0.0015794787099007584	-1.4894580032907758	0.0	(-1.4894580032907758+0j)
-1.1906051065351553	-1.4175405197075885	-0.0015772680948421842	-1.419118122094323	0.0	(-1.419118122094323+0j)
-1.1621758401108537	-1.3506526833373687	-0.0015749523220240124	-1.3522279751784916	0.0	(-1.3522279751784916+0j)
-1.1344759076098252	-1.2870355849471367	-0.0015725264516656522	-1.2886084561374354	0.0	(-1.2886084561374354+0j)
-1.1074836737704155	-1.226520087668016	-0.0015699853071873139	-1.2280904229174527	0.0	(-1.2280904229174527+0j)
-1.0811782564769803	-1.168946422278603	-0.0015673234633104712	-1.170514100862911	0.0	(-1.170514100862911+0j)
-1.0555394965405518	-1.1141636287570815	-0.0015645352335218407	-1.1157285242557249	0.0	(-1.1157285242557249+0j)
-1.0305479288526944	-1.0620290336625782	-0.0015616146568644507	-1.063591013683705	0.0	(-1.063591013683705+0j)
-1.0061847548428828	-1.0124077608782323	-0.0015585554840172058	-1.0139666867695356	0.0	(-1.0139666867695356+0j)
-0.9824318161736062	-0.9651722734301703	-0.0015553511626221078	-0.9667279999748621	0.0	(-0.9667279999748621+0j)
-0.9592715696111017	-0.9202019442641468	-0.0015519948218161276	-0.9217543193617727	0.0	(-0.9217543193617727+0j)
-0.9366870630130316	-0.877382654015979	-0.0015484792559228744	-0.8789315183465043	0.0	(-0.8789315183465043+0j)
-0.9146619123776685	-0.8366064139543736	-0.001544796907258189	-0.8381516006253834	0.0	(-0.8381516006253834+0j)
-0.8931802799021815	-0.7977710124061393	-0.0015409398480045865	-0.7993123465815964	0.0	(-0.7993123465815964+0j)
-0.8722268530004768	-0.7607796830951152	-0.0015368997611137343	-0.7623169816051537	0.0	(-0.7623169816051537+0j)
-0.8517868242337273	-0.7255407939381787	-0.0015326679202065927	-0.7270738648686875	0.0	(-0.7270738648686875+0j)
-0.8318458721092578	-0.6919675549452116	-0.0015282351684616025	-0.6934961972061283	0.0	(-0.6934961972061283+0j)
-0.8123901427058198	-0.6599777439655822	-0.0015235918965181216	-0.6615017468374307	0.0	(-0.6615017468374307+0j)
-0.7934062320855423	-0.6294934491121774	-0.0015187280194828626	-0.631012591769103	0.0	(-0.631012591769103+0j)
-0.7748811694549418	-0.6004408267758582	-0.0015136329532205238	-0.6019548777852591	0.0	(-0.6019548777852591+0j)
-0.7568024010393578	-0.572749874218937	-0.0015082955902462041	-0.5742585910167585	0.0	(-0.5742585910167585+0j)
-0.7391577746370641	-0.5463542158064169	-0.0015027042757261102	-0.5478573441485527	0.0	(-0.5478573441485527+0j)
-0.721935524821055	-0.5211909019986521	-0.0014968467843417175	-0.5226881753892306	0.0	(-0.5226881753892306+0j)
-0.7051242587581799	-0.4972002202892726	-0.001490710299083329	-0.49869135938745324	0.0	(-0.49869135938745324+0j)
-0.6887129426168537	-0.4743255173279656	-0.001484281393407129	-0.47581022933721423	0.0	(-0.47581022933721423+0j)
-0.6726908885360721	-0.4525130315194501	-0.0014775460186011952	-0.4539910095639487	0.0	(-0.4539910095639487+0j)
-0.6570477421298259	-0.43171173543790214	-0.001470489498635722	-0.43318265793405275	0.0	(-0.43318265793405275+0j)
-0.6417734705023628	-0.4118731874406471	-0.001463096535185657	-0.4133367174734439	0.0	(-0.4133367174734439+0j)
-0.6268583507509564	-0.3929513919062091	-0.0014553512258658717	-0.3944071766237974	0.0	(-0.3944071766237974+0j)
-0.6122929589340428	-0.3749026675602054	-0.0014472370989605172	-0.3763503376038658	0.0	(-0.3763503376038658+0j)
-0.598068159483679	-0.35768552338819526	-0.0014387371680094027	-0.359124692376303	0.0	(-0.359124692376303+0j)
-0.584175095042342	-0.3412605416677293	-0.0014298340094907967	-0.3426908057578456	0.0	(-0.3426908057578456+0j)
-0.5706051767050645	-0.3255902676826179	-0.001420509866479046	-0.3270112052372588	0.0	(-0.3270112052372588+0j)
-0.5573500746488577	-0.3106391057110872	-0.0014107467805408512	-0.3120502770958693	0.0	(-0.3120502770958693+0j)
-0.5444017091322467	-0.29637322090611135	-0.0014005267532705339	-0.2977741684493154	0.0	(-0.2977741684493154+0j)
-0.5317522418485942	-0.28276044671100575	-0.0013898319377791662	-0.28415069485509087	0.0	(-0.28415069485509087+0j)
-0.5193940676176739	-0.2697701974764328	-0.0013786448591935623	-0.2711492531504753	0.0	(-0.2711492531504753+0j)
-0.5073198064007199	-0.257373385966464	-0.0013669486618557876	-0.2587407392055063	0.0	(-0.2587407392055063+0j)
-0.49552229562487815	-0.24554234546134915	-0.001354727379522064	-0.24689747029720716	0.0	(-0.24689747029720716+0j)
-0.4839945828036719	-0.23425075618330043	-0.0013419662235282094	-0.23559311182312795	0.0	(-0.23559311182312795+0j)
-0.47272991844072854	-0.22347357578897786	-0.0013286518827025128	-0.2248026080948449	0.0	(-0.2248026080948449+0j)
-0.4617217492046207	-0.21318697368857467	-0.0013147728278435852	-0.21450211696163768	0.0	(-0.21450211696163768+0j)
-0.45096371136325314	-0.2033682689665195	-0.0013003196129032293	-0.2046689480330544	0.0	(-0.2046689480330544+0j)
-0.4404496244667679	-0.19399587169291685	-0.0012852851646666245	-0.19528150428062932	0.0	(-0.19528150428062932+0j)
-0.4301734852684612	-0.18504922742801502	-0.0012696650527262363	-0.18631922681298596	0.0	(-0.18631922681298596+0j)
-0.4201294618736933	-0.17650876473427912	-0.0012534577319012383	-0.17776254263017321	0.0	(-0.17776254263017321+0j)
-0.41031188810723823	-0.1683558455221268	-0.001236664749938877	-0.16959281517930297	0.0	(-0.16959281517930297+0j)
-0.4007152580899652	-0.16057271806610743	-0.0012192909143074787	-0.16179229753698135	0.0	(-0.16179229753698135+0j)
-0.39133422101615867	-0.15314247253832372	-0.00120134441309737	-0.1543440880646426	0.0	(-0.1543440880646426+0j)
-0.38216357612318463	-0.14604899891526113	-0.0011828368864206728	-0.14723208838712304	0.0	(-0.14723208838712304+0j)
-0.3731982678455901	-0.13927694712294883	-0.001163783446173633	-0.1404409635588836	0.0	(-0.1404409635588836+0j)
-0.3644333811460802	-0.13281168929356416	-0.0011442026435256152	-0.1339561042880073	0.0	(-0.1339561042880073+0j)
-0.3558641370161595	-0.12663928401425592	-0.0011241163849610132	-0.12776359110194144	0.0	(-0.12776359110194144+0j)
-0.34748588813954967	-0.12074644245613163	-0.0011035497990655586	-0.12185016034235112	0.0	(-0.12185016034235112+0j)
-0.3392941147118041	-0.11512049627806688	-0.001082531057468336	-0.11620317189230757	0.0	(-0.11620317189230757+0j)
-0.3312844204098322	-0.10974936720627844	-0.0010610911543883542	-0.11081057853333633	0.0	(-0.11081057853333633+0j)
-0.32345252850532874	-0.1046215381964905	-0.0010392636500650343	-0.10566089685179927	0.0	(-0.10566089685179927+0j)
-0.3157942781163639	-0.0997260260910354	-0.0010170843839626485	-0.10074317960834987	0.0	(-0.10074317960834987+0j)
-0.3083056205916502	-0.09505235568840255	-0.0009945911640279082	-0.09604698949642963	0.0	(-0.09604698949642963+0j)
-0.30098261602223375	-0.0905905351475874	-0.0009718234384552696	-0.09156237421753663	0.0	(-0.09156237421753663+0j)
-0.2938214298755963	-0.08633103265413994	-0.0009488219563920867	-0.08727984280675373	0.0	(-0.08727984280675373+0j)
-0.28681832974736315	-0.08226475427906714	-0.0009256284238171107	-0.08319034314751417	0.0	(-0.08319034314751417+0j)
-0.2799696822260281	-0.07838302296574315	-0.0009022851604771052	-0.0792852406125158	0.0	(-0.0792852406125158+0j)
-0.27327194986629844	-0.07467755858372872	-0.0008788347632957129	-0.07555629778157348	0.0	(-0.07555629778157348+0j)
-0.2667216882668555	-0.07114045899192165	-0.0008553197811052597	-0.07199565517735203	0.0	(-0.07199565517735203+0j)
-0.2603155432485035	-0.06776418205676349	-0.0008317824049243157	-0.06859581297383324	0.0	(-0.06859581297383324+0j)
-0.2540502481288529	-0.06454152857433174	-0.0008082641773382401	-0.06534961362615209	0.0	(-0.06534961362615209+0j)
-0.24792262108984528	-0.061465626048059	-0.0007848057238608161	-0.06225022537944486	0.0	(-0.06225022537944486+0j)
-0.24192956263458582	-0.058529913276561985	-0.0007614465084835382	-0.05929112661186352	0.0	(-0.05929112661186352+0j)
-0.2360680531300946	-0.05572812570863317	-0.0007382246149728188	-0.056466090970862644	0.0	(-0.056466090970862644+0j)
-0.23033515043273323	-0.053054281524869844	-0.0007151765548686123	-0.05376917326165988	0.0	(-0.05376917326165988+0j)
-0.22472798759319407	-0.05050266840768679	-0.0006923371025814484	-0.05119469605296548	0.0	(-0.05119469605296548+0j)
-0.21924377063807438	-0.048067830963600566	-0.000669739157486231	-0.04873723696065237	0.0	(-0.04873723696065237+0j)
-0.21387977642517536	-0.045744558763682996	-0.0006474136324749784	-0.046391616575521155	0.0	(-0.046391616575521155+0j)
-0.20863335056978574	-0.043527874969975115	-0.0006253893680590107	-0.044152887002818345	0.0	(-0.044152887002818345+0j)
-0.2035019054393242	-0.04141302551743565	-0.0006036930708037992	-0.042016320981261686	0.0	(-0.042016320981261686+0j)
-0.19848291821381936	-0.0393954688226737	-0.0005823492746347763	-0.03997740154996948	0.0	(-0.03997740154996948+0j)
-0.19357392900980788	-0.03747086599229414	-0.0005613803233665193	-0.03803181223743757	0.0	(-0.03803181223743757+0j)
-0.18877253906533345	-0.035635071505172845	-0.0005408063726764767	-0.036175427742492286	0.0	(-0.036175427742492286+0j)
-0.18407640898381836	-0.033884124344377965	-0.0005206454096625934	-0.03440430508239238	0.0	(-0.03440430508239238+0j)
-0.17948325703467147	-0.032214239555773946	-0.0005009132880862936	-0.032714675182811515	0.0	(-0.032714675182811515+0j)
-0.17499085750858182	-0.030621800211588786	-0.0004816237774025161	-0.0311029348883334	0.0	(-0.0311029348883334+0j)
-0.17059703912552715	-0.02910334975839664	-0.000462788623711091	-0.0295656393682074	0.0	(-0.0295656393682074+0j)
-0.1662996834936075	-0.02765558473007403	-0.00044441762082318833	-0.028099494898261555	0.0	(-0.028099494898261555+0j)
-0.16209672361688598	-0.02627534780732912	-0.00042651868971751625	-0.026701351999669973	0.0	(-0.026701351999669973+0j)
-0.1579861424504933	-0.024959621206387565	-0.000409097964758584	-0.02536819891331103	0.0	(-0.02536819891331103+0j)
-0.15396597150131844	-0.0237055203803448	-0.00039215988515919507	-0.024097155394874264	0.0	(-0.024097155394874264+0j)
-0.1500342894726754	-0.022510288017570552	-0.00037570729028746906	-0.02288546680929469	0.0	(-0.02288546680929469+0j)
-0.14618922095139725	-0.021371288322376444	-0.000359741517541648	-0.02173049851463071	0.0	(-0.02173049851463071+0j)
-0.14242893513587063	-0.020286001563938044	-0.0003442625016407551	-0.02062973051306061	0.0	(-0.02062973051306061+0j)
-0.1387516446035787	-0.01925201888019781	-0.00032926887430334085	-0.01958075236057203	0.0	(-0.01958075236057203+0j)
-0.13515560411677824	-0.018267037324171283	-0.0003147580634080072	-0.018581258316583905	0.0	(-0.018581258316583905+0j)
-0.1316391094649878	-0.017328855140735042	-0.00030072639084654986	-0.01762904272507217	0.0	(-0.01762904272507217+0j)
-0.12820049634301459	-0.016435367262595296	-0.00028716916839203457	-0.016721995611288586	0.0	(-0.016721995611288586+0j)
-0.12483813926329666	-0.015584561014722251	-0.00027408079100908625	-0.015858098484667925	0.0	(-0.015858098484667925+0j)
-0.12155045050138329	-0.014774512017089228	-0.00026145482713138156	-0.015035420336791127	0.0	(-0.015035420336791127+0j)
-0.11833587907341994	-0.014003380276079067	-0.000249284105521436	-0.014252113823427833	0.0	(-0.014252113823427833+0j)
-0.11519290974454892	-0.013269406455415793	-0.0002375607984100303	-0.013506411622184631	0.0	(-0.013506411622184631+0j)
-0.11212006206717451	-0.012570908317947065	-0.0002262765006870852	-0.012796622955828443	0.0	(-0.012796622955828443+0j)
-0.10911588944808466	-0.011906277330046634	-0.00021542230498246707	-0.012121130273941043	0.0	(-0.012121130273941043+0j)
-0.10617897824345514	-0.011273975420824119	-0.0002049888725344706	-0.011478386084348768	0.0	(-0.011478386084348768+0j)
-0.10330794688080004	-0.010672531888726203	-0.00019496649979576595	-0.010866909926679748	0.0	(-0.010866909926679748+0j)
-0.10050144500696728	-0.010100540448488468	-0.00018534518077194077	-0.010285285481868838	0.0	(-0.010285285481868838+0j)
-0.09775815266131012	-0.009556656411752015	-0.00017611466512669136	-0.009732157810330709	0.0	(-0.009732157810330709+0j)
-0.09507677947319713	-0.00903959399499496	-0.00016726451212086511	-0.009206230712801867	0.0	(-0.009206230712801867+0j)
-0.09245606388305627	-0.008548123748747782	-0.0001587841404802285	-0.008706264208408353	0.0	(-0.008706264208408353+0j)
-0.08989477238617372	-0.008081070102361981	-0.00015066287430962836	-0.008231072123305093	0.0	(-0.008231072123305093+0j)
-0.08739169879850106	-0.007637309018887932	-0.00014288998518959418	-0.007779519786032409	0.0	(-0.007779519786032409+0j)
-0.08494566354374737	-0.007215765754887531	-0.00013545473060573836	-0.007350521823503978	0.0	(-0.007350521823503978+0j)
-0.08255551296106181	-0.0068154127202640444	-0.0001283463888722084	-0.006943040053572574	0.0	(-0.006943040053572574+0j)
-0.0802201186326351	-0.00643526743343405	-0.00012155429071808443	-0.006556081469109703	0.0	(-0.006556081469109703+0j)
-0.07793837673057366	-0.0060743905673968255	-0.00011506784771063427	-0.0061886963101186205	0.0	(-0.0061886963101186205+0j)
-0.07570920738242252	-0.005731884082474661	-0.00010887657769189513	-0.005839976219419235	0.0	(-0.005839976219419235+0j)
-0.0735315540547355	-0.00540688944170449	-0.00010297012740568233	-0.005509052477925143	0.0	(-0.005509052477925143+0j)
-0.07140438295411211	-0.005098585905057496	-9.73382924908811e-05	-0.005195094316357573	0.0	(-0.005195094316357573+0j)
-0.06932668244514165	-0.004806188898849511	-9.197103501438174e-05	-0.004897307299733014	0.0	(-0.004897307299733014+0j)
-0.06729746248471398	-0.004528948456881485	-8.685849871308861e-05	-0.00461493178120164	0.0	(-0.00461493178120164+0j)
-0.06531575407217595	-0.004266147730016969	-8.199102210978276e-05	-0.004347241422745774	0.0	(-0.004347241422745774+0j)
-0.06338060871482991	-0.004017101561062373	-7.735914966196418e-05	-0.004093541778886014	0.0	(-0.004093541778886014+0j)
-0.06149109790828906	-0.003781155121966791	-7.295364109670063e-05	-0.0038531689414725862	0.0	(-0.0038531689414725862+0j)
-0.059646312631220576	-0.003557682610501303	-6.876547907791811e-05	-0.0036254882422509845	0.0	(-0.0036254882422509845+0j)
-0.05784536285402355	-0.0033460860037136477	-6.478587534562708e-05	-0.0034098930111190226	0.0	(-0.0034098930111190226+0j)
-0.05608737706100519	-0.003145793865583371	-6.1006275459511705e-05	-0.003205803387253413	0.0	(-0.003205803387253413+0j)
-0.05437150178563229	-0.0029562602064250156	-5.7418362272115137e-05	-0.0030126651809330423	0.0	(-0.0030126651809330423+0j)
-0.052696901158450896	-0.002776963391703543	-5.401405824961153e-05	-0.0028299487841361433	0.0	(-0.0028299487841361433+0j)
-0.05106275646727974	-0.0026074050980367186	-5.078552675102585e-05	-0.002657148127078483	0.0	(-0.002657148127078483+0j)
-0.049468265729297044	-0.0024471093142643444	-4.772517236979398e-05	-0.0024937796796601092	0.0	(-0.0024937796796601092+0j)
-0.04791264327465291	-0.0022956213855641425	-4.4825640434519726e-05	-0.002339381494702976	0.0	(-0.002339381494702976+0j)
-0.04639511934125177	-0.0021525070986889937	-4.2079815759335504e-05	-0.0021935122922858833	0.0	(-0.0021935122922858833+0j)
-0.04491493968036148	-0.0020173518064905104	-3.948082072767131e-05	-0.002055750582498841	0.0	(-0.002055750582498841+0j)
-0.04347136517271722	-0.0018897595899797317	-3.7022012787116254e-05	-0.001925693825595087	0.0	(-0.001925693825595087+0j)
-0.04206367145479865	-0.0017693524562572426	-3.4696981427183304e-05	-0.001802957627341832	0.0	(-0.001802957627341832+0j)
-0.040691148554970594	-0.0016557695707226853	-3.249954470612576e-05	-0.0016871749685553373	0.0	(-0.0016871749685553373+0j)
-0.03935310053918671	-0.0015486665220473374	-3.042374538753806e-05	-0.0015779954669271372	0.0	(-0.0015779954669271372+0j)
-0.038048845165965975	-0.0014477146184636524	-2.8463846742654564e-05	-0.0014750846699489147	0.0	(-0.0014750846699489147+0j)
-0.03677771355036136	-0.0013526002139924334	-2.6614328069177184e-05	-0.0013781233775611232	0.0	(-0.0013781233775611232+0j)
-0.035539049836649024	-0.001263024063291823	-2.4869879973334064e-05	-0.001286806993217545	0.0	(-0.001286806993217545+0j)
-0.03433221087947522	-0.0011787007038727565	-2.322539945734392e-05	-0.0012008449020660034	0.0	(-0.0012008449020660034+0j)
-0.033156565933206816	-0.0010993578644830908	-2.1675984850873242e-05	-0.001119959875267095	0.0	(-0.001119959875267095+0j)
-0.032011496349239346	-0.001024735898517364	-2.021693062109753e-05	-0.0010438874990298316	0.0	(-0.0010438874990298316+0j)
-0.030896395281024336	-0.0009545872413613028	-1.884372209288998e-05	-0.0009723756276231134	0.0	(-0.0009723756276231134+0j)
-0.029810667396585683	-0.0008886758906298567	-1.7552030107212402e-05	-0.0009051838591225469	0.0	(-0.0009051838591225469+0j)
-0.028753728598301782	-0.0008267769083047978	-1.633770564310466e-05	-0.0008420830329244758	0.0	(-0.0008420830329244758+0j)
-0.02772500574973721	-0.0007686759438229613	-1.5196774425810244e-05	-0.0007828547482935708	0.0	(-0.0007828547482935708+0j)
-0.02672393640931522	-0.0007141687772091237	-1.412543154118151e-05	-0.0007272909027289396	0.0	(-0.0007272909027289396+0j)
-0.025749968570627883	-0.0006630608813883238	-1.3120036074135144e-05	-0.0006751932496124122	0.0	(-0.0006751932496124122+0j)
-0.024802560409188133	-0.0006151670028514266	-1.217710578688136e-05	-0.0006263729741792719	0.0	(-0.0006263729741792719+0j)
-0.023881180035433255	-0.0005703107598847759	-1.129331185074911e-05	-0.0005806502869658009	0.0	(-0.0005806502869658009+0j)
-0.022985305253795843	-0.0005283242576101748	-1.0465473643514467e-05	-0.0005378540341938463	0.0	(-0.0005378540341938463+0j)
-0.02211442332766371	-0.0004890477191151169	-9.690553622793141e-06	-0.000497821324165871	0.0	(-0.000497821324165871+0j)
-0.021268030750055813	-0.0004523291319853196	-8.9656522842263e-06	-0.00046039716917419893	0.0	(-0.00046039716917419893+0j)
-0.020445633019846577	-0.00041802390958224064	-8.288003212397754e-06	-0.0004254341421308382	0.0	(-0.0004254341421308382+0j)
-0.0196467444233761	-0.00038599456643745983	-7.654968230352832e-06	-0.0003927920474210354	0.0	(-0.0003927920474210354+0j)
-0.01887088782128885	-0.0003561104071636678	-7.064032653492092e-06	-0.00036233760529465984	0.0	(-0.00036233760529465984+0j)
-0.01811759444044789	-0.0003282472283085483	-6.51280065203097e-06	-0.0003339441492863808	0.0	(-0.0003339441492863808+0j)
-0.017386403670776745	-0.00030228703260319905	-5.998990725397668e-06	-0.0003074913360877046	0.0	(-0.0003074913360877046+0j)
-0.01667686286688518	-0.00027811775508089373	-5.520431290928496e-06	-0.0002828648673966697	0.0	(-0.0002828648673966697+0j)
-0.01598852715433943	-0.00025563300056504927	-5.075056389247656e-06	-0.00025995622318420987	0.0	(-0.00025995622318420987+0j)
-0.015320959240441951	-0.00023473179204728362	-4.660901507580473e-06	-0.00023866240596396495	0.0	(-0.00023866240596396495+0j)
-0.014673729229389235	-0.00021531832949743198	-4.276099520750254e-06	-0.000218885695588884	0.0	(-0.000218885695588884+0j)
-0.014046414441680602	-0.00019730175866745336	-3.918876751662914e-06	-0.00020053341410930582	0.0	(-0.00020053341410930582+0j)
-0.013438599237654378	-0.0001805959494702848	-3.5875491495862555e-06	-0.00018351770033113075	0.0	(-0.00018351770033113075+0j)
-0.012849874845031441	-0.00016511928353297182	-3.280518586334935e-06	-0.00016775529364007263	0.0	(-0.00016775529364007263+0j)
-0.012279839190349848	-0.00015079445054085202	-2.996269268862317e-06	-0.00015316732670620192	0.0	(-0.00015316732670620192+0j)
-0.011728096734177362	-0.0001375482530062217	-2.7333642679261416e-06	-0.00013967912673588513	0.0	(-0.00013967912673588513+0j)
-0.011194258309992119	-0.0001253114191108276	-2.490442160052453e-06	-0.00012722002487725528	0.0	(-0.00012722002487725528+0j)
-0.010677940966624817	-0.00011401842328672454	-2.2662137816320538e-06	-0.00011572317348028765	0.0	(-0.00011572317348028765+0j)
-0.010178767814158789	-0.00010360731421455489	-2.0594590934841506e-06	-0.0001051253708751412	0.0	(-0.0001051253708751412+0j)
-0.00969636787318723	-9.401954993217744e-05	-1.8690241535557206e-06	-9.53668933527645e-05	0.0	(-9.53668933527645e-05+0j)
-0.009230375927329837	-8.519983975983015e-05	-1.6938181945924669e-06	-8.63913340789857e-05	0.0	(-8.63913340789857e-05+0j)
-0.008780432378913766	-7.709599276067726e-05	-1.5328108065038037e-06	-7.814544862383444e-05	0.0	(-7.814544862383444e-05+0j)
-0.008346183107726328	-6.965877246769631e-05	-1.3850292185368929e-06	-7.057900687155927e-05	0.0	(-7.057900687155927e-05+0j)
-0.00792727933274973	-6.2841757619441e-05	-1.2495556809266617e-06	-6.364465102579048e-05	0.0	(-6.364465102579048e-05+0j)
-0.007523377476790291	-5.660120865827544e-05	-1.125524941469891e-06	-5.729775947933254e-05	0.0	(-5.729775947933254e-05+0j)
-0.007134139033917196	-5.089593975526098e-05	-1.012121817245415e-06	-5.149631630124956e-05	0.0	(-5.149631630124956e-05+0j)
-0.006759230439628037	-4.5687196135994224e-05	-9.085788541529638e-07	-4.6200786113777214e-05	0.0	(-4.6200786113777214e-05+0j)
-0.00639832294366065	-4.093853649137429e-05	-8.14174079044605e-07	-4.137399415497438e-05	0.0	(-4.137399415497438e-05+0j)
-0.006051092485372929	-3.661572026653673e-05	-7.282288319032659e-07	-3.6981011301231344e-05	0.0	(-3.6981011301231344e-05+0j)
-0.005717219571614335	-3.268659963005e-05	-6.501056866170529e-07	-3.298904386428393e-05	0.0	(-3.298904386428393e-05+0j)
-0.005396389157014874	-2.91210159339477e-05	-5.792064481369152e-07	-2.9367327972078185e-05	0.0	(-2.9367327972078185e-05+0j)
-0.00508829052661923	-2.5890700483282996e-05	-5.149702286821878e-07	-2.60870283525227e-05	0.0	(-2.60870283525227e-05+0j)
-0.004792617180795609	-2.2969179441657252e-05	-4.5687160099561197e-07	-2.3121141351616194e-05	0.0	(-2.3121141351616194e-05+0j)
-0.004509066722350688	-2.0331682706610376e-05	-4.0441882198649637e-07	-2.044440203028726e-05	0.0	(-2.044440203028726e-05+0j)
-0.004237340745783784	-1.7955056595879472e-05	-3.5715212876041846e-07	-1.8033195193576216e-05	0.0	(-1.8033195193576216e-05+0j)
-0.003977144728615041	-1.5817680192350406e-05	-3.146421025945756e-07	-1.586547022139832e-05	0.0	(-1.586547022139832e-05+0j)
-0.0037281879247241132	-1.389938520205869e-05	-2.7648809730607127e-07	-1.3920659583688115e-05	0.0	(-1.3920659583688115e-05+0j)
-0.003490183259637317	-1.2181379185852567e-05	-2.4231673201313697e-07	-1.2179600954478187e-05	0.0	(-1.2179600954478187e-05+0j)
-0.0032628472277028246	-1.0646172031328008e-05	-2.1178045006564616e-07	-1.0624462861950897e-05	0.0	(-1.0624462861950897e-05+0j)
-0.0030458997910948536	-9.277505537391672e-06	-1.8455612504908459e-07	-9.238673833156198e-06	0.0	(-9.238673833156198e-06+0j)
-0.0028390642805893175	-8.060285989318138e-06	-1.6034374006324015e-07	-8.006855080067998e-06	0.0	(-8.006855080067998e-06+0j)
-0.0026420672980546644	-6.9805196074498744e-06	-1.38865109633457e-07	-6.9147567682158496e-06	0.0	(-6.9147567682158496e-06+0j)
-0.0024546386206030298	-6.0252507577559444e-06	-1.1986265668895157e-07	-5.949197999458059e-06	0.0	(-5.949197999458059e-06+0j)
-0.0022765111063480586	-5.182502817326061e-06	-1.0309825526633176e-07	-5.098010621612567e-06	0.0	(-5.098010621612567e-06+0j)
-0.0021074206017169745	-4.441221592541135e-06	-8.835209186486281e-08	-4.3499868258940965e-06	0.0	(-4.3499868258940965e-06+0j)
-0.001947105850265665	-3.791221192138778e-06	-7.542161384321844e-08	-3.6948301462519644e-06	0.0	(-3.6948301462519644e-06+0j)
-0.001795308402946694	-3.223132261691009e-06	-6.412049202708658e-08	-3.1231084467748265e-06	0.0	(-3.1231084467748265e-06+0j)
-0.001651772529781229	-2.728352490139881e-06	-5.427763838383726e-08	-2.6262059028443012e-06	0.0	(-2.6262059028443012e-06+0j)
-0.0015162451328869407	-2.2989993030033365e-06	-4.573627876425235e-08	-2.1962688107350685e-06	0.0	(-2.1962688107350685e-06+0j)
-0.0013884756608149335	-1.9278646606754663e-06	-3.835304340782386e-08	-1.8261389540713892e-06	0.0	(-1.8261389540713892e-06+0j)
-0.0012682160241497663	-1.6083718839102408e-06	-3.1997124949612044e-08	-1.5092714090410773e-06	0.0	(-1.5092714090410773e-06+0j)
-0.001155220512327529	-1.3345344321022784e-06	-2.6549429321676143e-08	-1.2396435160493185e-06	0.0	(-1.2396435160493185e-06+0j)
-0.001049245711627873	-1.1009165633694817e-06	-2.1901840341342904e-08	-1.0116744677028356e-06	0.0	(-1.0116744677028356e-06+0j)
-0.0009500504242967501	-9.025958087064349e-07	-1.7956438114197226e-08	-8.201782351726227e-07	0.0	(-8.201782351726227e-07+0j)
-0.0008573955887574404	-7.351271956207178e-07	-1.4624802702201123e-08	-6.603579200952818e-07	0.0	(-6.603579200952818e-07+0j)
-0.0007710442008682636	-5.945091596925792e-07	-1.1827324897240032e-08	-5.278270426340165e-07	0.0	(-5.278270426340165e-07+0j)
-0.0006907612361861271	-4.771510854173865e-07	-9.492566732660634e-09	-4.186326562889948e-07	0.0	(-4.186326562889948e-07+0j)
-0.0006163135731958032	-3.7984242050537864e-07	-7.556707259936957e-09	-3.2926202423379545e-07	0.0	(-3.2926202423379545e-07+0j)
-0.0005474699174655237	-2.997233105297073e-07	-5.962760951661039e-09	-2.5662928403886366e-07	0.0	(-2.5662928403886366e-07+0j)
-0.00048400072669017	-2.3425670343661265e-07	-4.660421382141067e-09	-1.980460711842361e-07	0.0	(-1.980460711842361e-07+0j)
-0.0004256781365839621	-1.812018759655943e-07	-3.6048959373147227e-09	-1.5118540149735282e-07	0.0	(-1.5118540149735282e-07+0j)
-0.00037227588758517846	-1.3858933647733242e-07	-2.757133188424632e-09	-1.1920915075219728e-07	0.0	(-1.1920915075219728e-07+0j)
-0.0003235692523360205	-1.0469706105729132e-07	-2.0828565538977273e-09	-1.1404283735328826e-07	0.0	(-1.1404283735328826e-07+0j)
-0.0002793349639012882	-7.802802205773399e-08	-1.5522800822509453e-09	-8.489939815873561e-08	0.0	(-8.489939815873561e-08+0j)
-0.00023935114469007788	-5.728897046445059e-08	-1.139596861321479e-09	-6.22881104319753e-08	0.0	(-6.22881104319753e-08+0j)
-0.000203397236045202	-4.1370435630827624e-08	-8.230927051045001e-10	-4.49637007144726e-08	0.0	(-4.49637007144726e-08+0j)
-0.00017125392846552152	-2.932790801487396e-08	-5.834408511873335e-10	-3.1874510826142456e-08	0.0	(-3.1874510826142456e-08+0j)
-0.00014270309242682625	-2.0364172588179316e-08	-4.0517988963983953e-10	-2.2140085375870727e-08	0.0	(-2.2140085375870727e-08+0j)
-0.00011752770976733008	-1.3812762563153774e-08	-2.7466739993542433e-10	-1.5028064107248967e-08	0.0	(-1.5028064107248967e-08+0j)
-9.551180560424546e-05	-9.122505009783175e-09	-1.8189894035458565e-10	-9.936899358724949e-09	0.0	(-9.936899358724949e-09+0j)
-7.644038074828435e-05	-5.843131808942681e-09	-1.1641532182693481e-10	-6.374833054804593e-09	0.0	(-6.374833054804593e-09+0j)
-6.009934458328253e-05	-3.611931219340131e-09	-7.275957614183426e-11	-3.9497441380571755e-09	0.0	(-3.9497441380571755e-09+0j)
-4.627544837847556e-05	-2.141417122628957e-09	-4.3655745685100555e-11	-2.3485731351745362e-09	0.0	(-2.3485731351745362e-09+0j)
-3.475621900126083e-05	-1.2079947592636043e-09	-2.1827872842550278e-11	-1.856749705040403e-09	0.0	(-1.856749705040403e-09+0j)
-2.532989299856304e-05	-6.416034793186529e-10	-1.4551915228366852e-11	-1.326874927460364e-09	0.0	(-1.326874927460364e-09+0j)
-1.778535101518103e-05	-3.163187107332009e-10	-0.0	-7.108401882641611e-10	0.0	(-7.108401882641611e-10+0j)
-1.1912052517731514e-05	-1.418969951851937e-10	-0.0	-3.452828684390821e-10	0.0	(-3.452828684390821e-10+0j)
-7.499970793020954e-06	-5.6249561896167364e-11	-0.0	-1.5605692987898247e-10	0.0	(-1.5605692987898247e-10+0j)
-4.3395281898695236e-06	-1.8831504910672262e-11	-0.0	-6.246639386319657e-11	0.0	(-6.246639386319657e-11+0j)
-2.221531573583016e-06	-4.935202532426231e-12	1.862645149230957e-09	-2.1167733415712215e-11	0.0	(-2.1167733415712215e-11+0j)
-9.37107962417716e-07	-8.781713332266833e-13	-0.0	-1.0512099061254385e-12	0.0	(-1.0512099061254385e-12+0j)
-2.7764031551128097e-07	-7.708414479720364e-14	1.1920928955078125e-07	-4.642519757737569e-14	-1.5845056211453987e-06	(-4.642519757737569e-14-1.5845056211453987e-06j)
-3.470344185902262e-08	-1.2043288768625633e-15	-0.0	-4.642519757737569e-14	1.5845056211453987e-06	(-4.642519757737569e-14+1.5845056211453987e-06j)
3.470344185902262e-08	1.2043288768625633e-15	0.0	-3.820879038938856e-14	0.0	(-3.820879038938856e-14+0j)
2.7764031551128097e-07	7.708414479720364e-14	-1.1920928955078125e-07	-1.8646826607549678e-14	0.0	(-1.8646826607549678e-14+0j)
9.37107962417716e-07	8.781713332266833e-13	0.0	1.0101181787980152e-12	0.0	(1.0101181787980152e-12+0j)
2.221531573583016e-06	4.935202532426231e-12	-1.862645149230957e-09	2.1247087519446476e-11	0.0	(2.1247087519446476e-11+0j)
4.3395281898695236e-06	1.8831504910672262e-11	0.0	6.24763568638586e-11	0.0	(6.24763568638586e-11+0j)
7.499970793020954e-06	5.6249561896167364e-11	0.0	1.5606816266824077e-10	0.0	(1.5606816266824077e-10+0j)
1.1912052517731514e-05	1.418969951851937e-10	0.0	3.4530511985677336e-10	0.0	(3.4530511985677336e-10+0j)
1.778535101518103e-05	3.163187107332009e-10	0.0	7.107931652549331e-10	0.0	(7.107931652549331e-10+0j)
2.532989299856304e-05	6.416034793186529e-10	1.4551915228366852e-11	1.3268000252295222e-09	0.0	(1.3268000252295222e-09+0j)
3.475621900126083e-05	1.2079947592636043e-09	2.1827872842550278e-11	1.856707294602488e-09	0.0	(1.856707294602488e-09+0j)
4.627544837847556e-05	2.141417122628957e-09	4.3655745685100555e-11	2.3485179893135042e-09	0.0	(2.3485179893135042e-09+0j)
6.009934458328253e-05	3.611931219340131e-09	7.275957614183426e-11	3.949679823547331e-09	0.0	(3.949679823547331e-09+0j)
7.644038074828435e-05	5.843131808942681e-09	1.1641532182693481e-10	6.374790940185016e-09	0.0	(6.374790940185016e-09+0j)
9.551180560424546e-05	9.122505009783175e-09	1.8189894035458565e-10	9.936852800914079e-09	0.0	(9.936852800914079e-09+0j)
0.00011752770976733008	1.3812762563153774e-08	2.7466739993542433e-10	1.502804774467341e-08	0.0	(1.502804774467341e-08+0j)
0.00014270309242682625	2.0364172588179316e-08	4.0517988963983953e-10	2.2140085948054265e-08	0.0	(2.2140085948054265e-08+0j)
0.00017125392846552152	2.932790801487396e-08	5.834408511873335e-10	3.187444659990502e-08	0.0	(3.187444659990502e-08+0j)
0.000203397236045202	4.1370435630827624e-08	8.230927051045001e-10	4.4963682642853196e-08	0.0	(4.4963682642853196e-08+0j)
0.00023935114469007788	5.728897046445059e-08	1.139596861321479e-09	6.228807672665442e-08	0.0	(6.228807672665442e-08+0j)
0.0002793349639012882	7.802802205773399e-08	1.5522800822509453e-09	8.489939324858949e-08	0.0	(8.489939324858949e-08+0j)
0.0003235692523360205	1.0469706105729132e-07	2.0828565538977273e-09	1.1404281719503063e-07	0.0	(1.1404281719503063e-07+0j)
0.00037227588758517846	1.3858933647733242e-07	2.757133188424632e-09	1.1920913662249405e-07	0.0	(1.1920913662249405e-07+0j)
0.0004256781365839621	1.812018759655943e-07	3.6048959373147227e-09	1.511854024111526e-07	0.0	(1.511854024111526e-07+0j)
0.00048400072669017	2.3425670343661265e-07	4.660421382141067e-09	1.980460198794002e-07	0.0	(1.980460198794002e-07+0j)
0.0005474699174655237	2.997233105297073e-07	5.962760951661039e-09	2.5662926780709034e-07	0.0	(2.5662926780709034e-07+0j)
0.0006163135731958032	3.7984242050537864e-07	7.556707259936957e-09	3.292619792771358e-07	0.0	(3.292619792771358e-07+0j)
0.0006907612361861271	4.771510854173865e-07	9.492566732660634e-09	4.1863263753563814e-07	0.0	(4.1863263753563814e-07+0j)
0.0007710442008682636	5.945091596925792e-07	1.1827324897240032e-08	5.27827035128452e-07	0.0	(5.27827035128452e-07+0j)
0.0008573955887574404	7.351271956207178e-07	1.4624802702201123e-08	6.603579017715884e-07	0.0	(6.603579017715884e-07+0j)
0.0009500504242967501	9.025958087064349e-07	1.7956438114197226e-08	8.201782321469791e-07	0.0	(8.201782321469791e-07+0j)
0.001049245711627873	1.1009165633694817e-06	2.1901840341342904e-08	1.011674439136513e-06	0.0	(1.011674439136513e-06+0j)
0.001155220512327529	1.3345344321022784e-06	2.6549429321676143e-08	1.2396435018349001e-06	0.0	(1.2396435018349001e-06+0j)
0.0012682160241497663	1.6083718839102408e-06	3.1997124949612044e-08	1.5092714018424096e-06	0.0	(1.5092714018424096e-06+0j)
0.0013884756608149335	1.9278646606754663e-06	3.835304340782386e-08	1.8261388518411797e-06	0.0	(1.8261388518411797e-06+0j)
0.0015162451328869407	2.2989993030033365e-06	4.573627876425235e-08	2.1962688211572063e-06	0.0	(2.1962688211572063e-06+0j)
0.001651772529781229	2.728352490139881e-06	5.427763838383726e-08	2.626205838705612e-06	0.0	(2.626205838705612e-06+0j)
0.001795308402946694	3.223132261691009e-06	6.412049202708658e-08	3.12310844942185e-06	0.0	(3.12310844942185e-06+0j)
0.001947105850265665	3.791221192138778e-06	7.542161384321844e-08	3.694830145764114e-06	0.0	(3.694830145764114e-06+0j)
0.0021074206017169745	4.441221592541135e-06	8.835209186486281e-08	4.3499868184392705e-06	0.0	(4.3499868184392705e-06+0j)
0.0022765111063480586	5.182502817326061e-06	1.0309825526633176e-07	5.098010585419079e-06	0.0	(5.098010585419079e-06+0j)
0.0024546386206030298	6.0252507577559444e-06	1.1986265668895157e-07	5.94919799200588e-06	0.0	(5.94919799200588e-06+0j)
0.0026420672980546644	6.9805196074498744e-06	1.38865109633457e-07	6.91475673113029e-06	0.0	(6.91475673113029e-06+0j)
0.0028390642805893175	8.060285989318138e-06	1.6034374006324015e-07	8.006855075455446e-06	0.0	(8.006855075455446e-06+0j)
0.0030458997910948536	9.277505537391672e-06	1.8455612504908459e-07	9.238673814200928e-06	0.0	(9.238673814200928e-06+0j)
0.0032628472277028246	1.0646172031328008e-05	2.1178045006564616e-07	1.0624462880505374e-05	0.0	(1.0624462880505374e-05+0j)
0.003490183259637317	1.2181379185852567e-05	2.4231673201313697e-07	1.2179600917244241e-05	0.0	(1.2179600917244241e-05+0j)
0.0037281879247241132	1.389938520205869e-05	2.7648809730607127e-07	1.3920659579715776e-05	0.0	(1.3920659579715776e-05+0j)
0.003977144728615041	1.5817680192350406e-05	3.146421025945756e-07	1.5865470200434145e-05	0.0	(1.5865470200434145e-05+0j)
0.004237340745783784	1.7955056595879472e-05	3.5715212876041846e-07	1.8033195190120362e-05	0.0	(1.8033195190120362e-05+0j)
0.004509066722350688	2.0331682706610376e-05	4.0441882198649637e-07	2.0444402019452856e-05	0.0	(2.0444402019452856e-05+0j)
0.004792617180795609	2.2969179441657252e-05	4.5687160099561197e-07	2.3121141366580694e-05	0.0	(2.3121141366580694e-05+0j)
0.00508829052661923	2.5890700483282996e-05	5.149702286821878e-07	2.6087028314264632e-05	0.0	(2.6087028314264632e-05+0j)
0.005396389157014874	2.91210159339477e-05	5.792064481369152e-07	2.936732796262128e-05	0.0	(2.936732796262128e-05+0j)
0.005717219571614335	3.268659963005e-05	6.501056866170529e-07	3.2989043837003125e-05	0.0	(3.2989043837003125e-05+0j)
0.006051092485372929	3.661572026653673e-05	7.282288319032659e-07	3.698101129340365e-05	0.0	(3.698101129340365e-05+0j)
0.00639832294366065	4.093853649137429e-05	8.14174079044605e-07	4.1373994144635285e-05	0.0	(4.1373994144635285e-05+0j)
0.006759230439628037	4.5687196135994224e-05	9.085788541529638e-07	4.620078610619042e-05	0.0	(4.620078610619042e-05+0j)
0.007134139033917196	5.089593975526098e-05	1.012121817245415e-06	5.1496316325881683e-05	0.0	(5.1496316325881683e-05+0j)
0.007523377476790291	5.660120865827544e-05	1.125524941469891e-06	5.729775948042796e-05	0.0	(5.729775948042796e-05+0j)
0.00792727933274973	6.2841757619441e-05	1.2495556809266617e-06	6.364465100354427e-05	0.0	(6.364465100354427e-05+0j)
0.008346183107726328	6.965877246769631e-05	1.3850292185368929e-06	7.057900686214631e-05	0.0	(7.057900686214631e-05+0j)
0.008780432378913766	7.709599276067726e-05	1.5328108065038037e-06	7.81454486168597e-05	0.0	(7.81454486168597e-05+0j)
0.009230375927329837	8.519983975983015e-05	1.6938181945924669e-06	8.639133406117052e-05	0.0	(8.639133406117052e-05+0j)
0.00969636787318723	9.401954993217744e-05	1.8690241535557206e-06	9.536689335184479e-05	0.0	(9.536689335184479e-05+0j)
0.010178767814158789	0.00010360731421455489	2.0594590934841506e-06	0.000105125370845977	0.0	(0.000105125370845977+0j)
0.010677940966624817	0.00011401842328672454	2.2662137816320538e-06	0.00011572317342052472	0.0	(0.00011572317342052472+0j)
0.011194258309992119	0.0001253114191108276	2.490442160052453e-06	0.0001272200248580399	0.0	(0.0001272200248580399+0j)
0.011728096734177362	0.0001375482530062217	2.7333642679261416e-06	0.00013967912673005478	0.0	(0.00013967912673005478+0j)
0.012279839190349848	0.00015079445054085202	2.996269268862317e-06	0.0001531673267056461	0.0	(0.0001531673267056461+0j)
0.012849874845031441	0.00016511928353297182	3.280518586334935e-06	0.00016775529361765204	0.0	(0.00016775529361765204+0j)
0.013438599237654378	0.0001805959494702848	3.5875491495862555e-06	0.00018351770032768352	0.0	(0.00018351770032768352+0j)
0.014046414441680602	0.00019730175866745336	3.918876751662914e-06	0.0002005334140568135	0.0	(0.0002005334140568135+0j)
0.014673729229389235	0.00021531832949743198	4.276099520750254e-06	0.0002188856955724932	0.0	(0.0002188856955724932+0j)
0.015320959240441951	0.00023473179204728362	4.660901507580473e-06	0.0002386624059670488	0.0	(0.0002386624059670488+0j)
0.01598852715433943	0.00025563300056504927	5.075056389247656e-06	0.0002599562231850443	0.0	(0.0002599562231850443+0j)
0.01667686286688518	0.00027811775508089373	5.520431290928496e-06	0.00028286486739452027	0.0	(0.00028286486739452027+0j)
0.017386403670776745	0.00030228703260319905	5.998990725397668e-06	0.00030749133608231	0.0	(0.00030749133608231+0j)
0.01811759444044789	0.0003282472283085483	6.51280065203097e-06	0.00033394414927115205	0.0	(0.00033394414927115205+0j)
0.01887088782128885	0.0003561104071636678	7.064032653492092e-06	0.00036233760529434704	0.0	(0.00036233760529434704+0j)
0.0196467444233761	0.00038599456643745983	7.654968230352832e-06	0.0003927920474070052	0.0	(0.0003927920474070052+0j)
0.020445633019846577	0.00041802390958224064	8.288003212397754e-06	0.0004254341421204047	0.0	(0.0004254341421204047+0j)
0.021268030750055813	0.0004523291319853196	8.9656522842263e-06	0.00046039716915645173	0.0	(0.00046039716915645173+0j)
0.02211442332766371	0.0004890477191151169	9.690553622793141e-06	0.0004978213241624385	0.0	(0.0004978213241624385+0j)
0.022985305253795843	0.0005283242576101748	1.0465473643514467e-05	0.0005378540341806331	0.0	(0.0005378540341806331+0j)
0.023881180035433255	0.0005703107598847759	1.129331185074911e-05	0.0005806502869564229	0.0	(0.0005806502869564229+0j)
0.024802560409188133	0.0006151670028514266	1.217710578688136e-05	0.0006263729741505304	0.0	(0.0006263729741505304+0j)
0.025749968570627883	0.0006630608813883238	1.3120036074135144e-05	0.0006751932496056577	0.0	(0.0006751932496056577+0j)
0.02672393640931522	0.0007141687772091237	1.412543154118151e-05	0.0007272909027145136	0.0	(0.0007272909027145136+0j)
0.02772500574973721	0.0007686759438229613	1.5196774425810244e-05	0.0007828547482560305	0.0	(0.0007828547482560305+0j)
0.028753728598301782	0.0008267769083047978	1.633770564310466e-05	0.0008420830328789429	0.0	(0.0008420830328789429+0j)
0.029810667396585683	0.0008886758906298567	1.7552030107212402e-05	0.0009051838590608476	0.0	(0.0009051838590608476+0j)
0.030896395281024336	0.0009545872413613028	1.884372209288998e-05	0.0009723756275745417	0.0	(0.0009723756275745417+0j)
0.032011496349239346	0.001024735898517364	2.021693062109753e-05	0.0010438874989830214	0.0	(0.0010438874989830214+0j)
0.033156565933206816	0.0010993578644830908	2.1675984850873242e-05	0.0011199598752498596	0.0	(0.0011199598752498596+0j)
0.03433221087947522	0.0011787007038727565	2.322539945734392e-05	0.0012008449020386276	0.0	(0.0012008449020386276+0j)
0.035539049836649024	0.001263024063291823	2.4869879973334064e-05	0.0012868069932018352	0.0	(0.0012868069932018352+0j)
0.03677771355036136	0.0013526002139924334	2.6614328069177184e-05	0.0013781233775259664	0.0	(0.0013781233775259664+0j)
0.038048845165965975	0.0014477146184636524	2.8463846742654564e-05	0.0014750846699226284	0.0	(0.0014750846699226284+0j)
0.03935310053918671	0.0015486665220473374	3.042374538753806e-05	0.001577995466898341	0.0	(0.001577995466898341+0j)
0.040691148554970594	0.0016557695707226853	3.249954470612576e-05	0.0016871749685928063	0.0	(0.0016871749685928063+0j)
0.04206367145479865	0.0017693524562572426	3.4696981427183304e-05	0.0018029576273343034	0.0	(0.0018029576273343034+0j)
0.04347136517271722	0.0018897595899797317	3.7022012787116254e-05	0.0019256938255679992	0.0	(0.0019256938255679992+0j)
0.04491493968036148	0.0020173518064905104	3.948082072767131e-05	0.002055750582477547	0.0	(0.002055750582477547+0j)
0.04639511934125177	0.0021525070986889937	4.2079815759335504e-05	0.0021935122922816996	0.0	(0.0021935122922816996+0j)
0.04791264327465291	0.0022956213855641425	4.4825640434519726e-05	0.0023393814947005225	0.0	(0.0023393814947005225+0j)
0.049468265729297044	0.0024471093142643444	4.772517236979398e-05	0.0024937796796730355	0.0	(0.0024937796796730355+0j)
0.05106275646727974	0.0026074050980367186	5.078552675102585e-05	0.0026571481270855858	0.0	(0.0026571481270855858+0j)
0.052696901158450896	0.002776963391703543	5.401405824961153e-05	0.0028299487841283717	0.0	(0.0028299487841283717+0j)
0.05437150178563229	0.0029562602064250156	5.7418362272115137e-05	0.0030126651809468876	0.0	(0.0030126651809468876+0j)
0.05608737706100519	0.003145793865583371	6.1006275459511705e-05	0.003205803387246991	0.0	(0.003205803387246991+0j)
0.05784536285402355	0.0033460860037136477	6.478587534562708e-05	0.0034098930111442043	0.0	(0.0034098930111442043+0j)
0.059646312631220576	0.003557682610501303	6.876547907791811e-05	0.0036254882422049797	0.0	(0.0036254882422049797+0j)
0.06149109790828906	0.003781155121966791	7.295364109670063e-05	0.0038531689414509885	0.0	(0.0038531689414509885+0j)
0.06338060871482991	0.004017101561062373	7.735914966196418e-05	0.004093541778860422	0.0	(0.004093541778860422+0j)
0.06531575407217595	0.004266147730016969	8.199102210978276e-05	0.004347241422736345	0.0	(0.004347241422736345+0j)
0.06729746248471398	0.004528948456881485	8.685849871308861e-05	0.004614931781200657	0.0	(0.004614931781200657+0j)
0.06932668244514165	0.004806188898849511	9.197103501438174e-05	0.0048973072997462565	0.0	(0.0048973072997462565+0j)
0.07140438295411211	0.005098585905057496	9.73382924908811e-05	0.005195094316324658	0.0	(0.005195094316324658+0j)
0.0735315540547355	0.00540688944170449	0.00010297012740568233	0.005509052477916175	0.0	(0.005509052477916175+0j)
0.07570920738242252	0.005731884082474661	0.00010887657769189513	0.005839976219415311	0.0	(0.005839976219415311+0j)
0.07793837673057366	0.0060743905673968255	0.00011506784771063427	0.006188696310112411	0.0	(0.006188696310112411+0j)
0.0802201186326351	0.00643526743343405	0.00012155429071808443	0.006556081469024327	0.0	(0.006556081469024327+0j)
0.08255551296106181	0.0068154127202640444	0.0001283463888722084	0.006943040053534924	0.0	(0.006943040053534924+0j)
0.08494566354374737	0.007215765754887531	0.00013545473060573836	0.007350521823459206	0.0	(0.007350521823459206+0j)
0.08739169879850106	0.007637309018887932	0.00014288998518959418	0.007779519785876791	0.0	(0.007779519785876791+0j)
0.08989477238617372	0.008081070102361981	0.00015066287430962836	0.008231072123178045	0.0	(0.008231072123178045+0j)
0.09245606388305627	0.008548123748747782	0.0001587841404802285	0.008706264208360041	0.0	(0.008706264208360041+0j)
0.09507677947319713	0.00903959399499496	0.00016726451212086511	0.009206230712762201	0.0	(0.009206230712762201+0j)
0.09775815266131012	0.009556656411752015	0.00017611466512669136	0.0097321578102424	0.0	(0.0097321578102424+0j)
0.10050144500696728	0.010100540448488468	0.00018534518077194077	0.01028528548174468	0.0	(0.01028528548174468+0j)
0.10330794688080004	0.010672531888726203	0.00019496649979576595	0.010866909926489927	0.0	(0.010866909926489927+0j)
0.10617897824345514	0.011273975420824119	0.0002049888725344706	0.011478386084310722	0.0	(0.011478386084310722+0j)
0.10911588944808466	0.011906277330046634	0.00021542230498246707	0.0121211302738887	0.0	(0.0121211302738887+0j)
0.11212006206717451	0.012570908317947065	0.0002262765006870852	0.012796622955716305	0.0	(0.012796622955716305+0j)
0.11519290974454892	0.013269406455415793	0.0002375607984100303	0.013506411622184498	0.0	(0.013506411622184498+0j)
0.11833587907341994	0.014003380276079067	0.000249284105521436	0.014252113823435107	0.0	(0.014252113823435107+0j)
0.12155045050138329	0.014774512017089228	0.00026145482713138156	0.01503542033672033	0.0	(0.01503542033672033+0j)
0.12483813926329666	0.015584561014722251	0.00027408079100908625	0.015858098484564886	0.0	(0.015858098484564886+0j)
0.12820049634301459	0.016435367262595296	0.00028716916839203457	0.01672199561114325	0.0	(0.01672199561114325+0j)
0.1316391094649878	0.017328855140735042	0.00030072639084654986	0.01762904272504892	0.0	(0.01762904272504892+0j)
0.13515560411677824	0.018267037324171283	0.0003147580634080072	0.018581258316614457	0.0	(0.018581258316614457+0j)
0.1387516446035787	0.01925201888019781	0.00032926887430334085	0.01958075236064625	0.0	(0.01958075236064625+0j)
0.14242893513587063	0.020286001563938044	0.0003442625016407551	0.020629730513122845	0.0	(0.020629730513122845+0j)
0.14618922095139725	0.021371288322376444	0.000359741517541648	0.021730498514548325	0.0	(0.021730498514548325+0j)
0.1500342894726754	0.022510288017570552	0.00037570729028746906	0.022885466809207774	0.0	(0.022885466809207774+0j)
0.15396597150131844	0.0237055203803448	0.00039215988515919507	0.024097155394609788	0.0	(0.024097155394609788+0j)
0.1579861424504933	0.024959621206387565	0.000409097964758584	0.02536819891328365	0.0	(0.02536819891328365+0j)
0.16209672361688598	0.02627534780732912	0.00042651868971751625	0.026701351999660027	0.0	(0.026701351999660027+0j)
0.1662996834936075	0.02765558473007403	0.00044441762082318833	0.02809949489826464	0.0	(0.02809949489826464+0j)
0.17059703912552715	0.02910334975839664	0.000462788623711091	0.029565639368128425	0.0	(0.029565639368128425+0j)
0.17499085750858182	0.030621800211588786	0.0004816237774025161	0.031102934888475136	0.0	(0.031102934888475136+0j)
0.17948325703467147	0.032214239555773946	0.0005009132880862936	0.03271467518280497	0.0	(0.03271467518280497+0j)
0.18407640898381836	0.033884124344377965	0.0005206454096625934	0.03440430508249884	0.0	(0.03440430508249884+0j)
0.18877253906533345	0.035635071505172845	0.0005408063726764767	0.03617542774252245	0.0	(0.03617542774252245+0j)
0.19357392900980788	0.03747086599229414	0.0005613803233665193	0.03803181223749231	0.0	(0.03803181223749231+0j)
0.19848291821381936	0.0393954688226737	0.0005823492746347763	0.03997740155003854	0.0	(0.03997740155003854+0j)
0.2035019054393242	0.04141302551743565	0.0006036930708037992	0.042016320981262054	0.0	(0.042016320981262054+0j)
0.20863335056978574	0.043527874969975115	0.0006253893680590107	0.04415288700323438	0.0	(0.04415288700323438+0j)
0.21387977642517536	0.045744558763682996	0.0006474136324749784	0.04639161657586209	0.0	(0.04639161657586209+0j)
0.21924377063807438	0.048067830963600566	0.000669739157486231	0.0487372369607774	0.0	(0.0487372369607774+0j)
0.22472798759319407	0.05050266840768679	0.0006923371025814484	0.05119469605308358	0.0	(0.05119469605308358+0j)
0.23033515043273323	0.053054281524869844	0.0007151765548686123	0.053769173261597886	0.0	(0.053769173261597886+0j)
0.2360680531300946	0.05572812570863317	0.0007382246149728188	0.056466090970715116	0.0	(0.056466090970715116+0j)
0.24192956263458582	0.058529913276561985	0.0007614465084835382	0.05929112661182376	0.0	(0.05929112661182376+0j)
0.24792262108984528	0.061465626048059	0.0007848057238608161	0.06225022537924173	0.0	(0.06225022537924173+0j)
0.2540502481288529	0.06454152857433174	0.0008082641773382401	0.06534961362589492	0.0	(0.06534961362589492+0j)
0.2603155432485035	0.06776418205676349	0.0008317824049243157	0.06859581297371144	0.0	(0.06859581297371144+0j)
0.2667216882668555	0.07114045899192165	0.0008553197811052597	0.07199565517718352	0.0	(0.07199565517718352+0j)
0.27327194986629844	0.07467755858372872	0.0008788347632957129	0.07555629778125568	0.0	(0.07555629778125568+0j)
0.2799696822260281	0.07838302296574315	0.0009022851604771052	0.07928524061208088	0.0	(0.07928524061208088+0j)
0.28681832974736315	0.08226475427906714	0.0009256284238171107	0.08319034314719756	0.0	(0.08319034314719756+0j)
0.2938214298755963	0.08633103265413994	0.0009488219563920867	0.08727984280682002	0.0	(0.08727984280682002+0j)
0.30098261602223375	0.0905905351475874	0.0009718234384552696	0.09156237421731811	0.0	(0.09156237421731811+0j)
0.3083056205916502	0.09505235568840255	0.0009945911640279082	0.09604698949631922	0.0	(0.09604698949631922+0j)
0.3157942781163639	0.0997260260910354	0.0010170843839626485	0.10074317960865488	0.0	(0.10074317960865488+0j)
0.32345252850532874	0.1046215381964905	0.0010392636500650343	0.10566089685217608	0.0	(0.10566089685217608+0j)
0.3312844204098322	0.10974936720627844	0.0010610911543883542	0.11081057853378136	0.0	(0.11081057853378136+0j)
0.3392941147118041	0.11512049627806688	0.001082531057468336	0.11620317189241827	0.0	(0.11620317189241827+0j)
0.34748588813954967	0.12074644245613163	0.0011035497990655586	0.12185016034242083	0.0	(0.12185016034242083+0j)
0.3558641370161595	0.12663928401425592	0.0011241163849610132	0.12776359110181382	0.0	(0.12776359110181382+0j)
0.3644333811460802	0.13281168929356416	0.0011442026435256152	0.13395610428806684	0.0	(0.13395610428806684+0j)
0.3731982678455901	0.13927694712294883	0.001163783446173633	0.14044096355904756	0.0	(0.14044096355904756+0j)
0.38216357612318463	0.14604899891526113	0.0011828368864206728	0.14723208838723187	0.0	(0.14723208838723187+0j)
0.39133422101615867	0.15314247253832372	0.00120134441309737	0.15434408806468952	0.0	(0.15434408806468952+0j)
0.4007152580899652	0.16057271806610743	0.0012192909143074787	0.16179229753699997	0.0	(0.16179229753699997+0j)
0.41031188810723823	0.1683558455221268	0.001236664749938877	0.1695928151792421	0.0	(0.1695928151792421+0j)
0.4201294618736933	0.17650876473427912	0.0012534577319012383	0.17776254263031344	0.0	(0.17776254263031344+0j)
0.4301734852684612	0.18504922742801502	0.0012696650527262363	0.1863192268128374	0.0	(0.1863192268128374+0j)
0.4404496244667679	0.19399587169291685	0.0012852851646666245	0.19528150428059848	0.0	(0.19528150428059848+0j)
0.45096371136325314	0.2033682689665195	0.0013003196129032293	0.2046689480329819	0.0	(0.2046689480329819+0j)
0.4617217492046207	0.21318697368857467	0.0013147728278435852	0.21450211696155086	0.0	(0.21450211696155086+0j)
0.47272991844072854	0.22347357578897786	0.0013286518827025128	0.2248026080947463	0.0	(0.2248026080947463+0j)
0.4839945828036719	0.23425075618330043	0.0013419662235282094	0.235593111823066	0.0	(0.235593111823066+0j)
0.49552229562487815	0.24554234546134915	0.001354727379522064	0.24689747029724476	0.0	(0.24689747029724476+0j)
0.5073198064007199	0.257373385966464	0.0013669486618557876	0.2587407392058985	0.0	(0.2587407392058985+0j)
0.5193940676176739	0.2697701974764328	0.0013786448591935623	0.27114925315066046	0.0	(0.27114925315066046+0j)
0.5317522418485942	0.28276044671100575	0.0013898319377791662	0.2841506948551974	0.0	(0.2841506948551974+0j)
0.5444017091322467	0.29637322090611135	0.0014005267532705339	0.29777416844930976	0.0	(0.29777416844930976+0j)
0.5573500746488577	0.3106391057110872	0.0014107467805408512	0.3120502770958235	0.0	(0.3120502770958235+0j)
0.5706051767050645	0.3255902676826179	0.001420509866479046	0.3270112052371962	0.0	(0.3270112052371962+0j)
0.584175095042342	0.3412605416677293	0.0014298340094907967	0.34269080575781663	0.0	(0.34269080575781663+0j)
0.598068159483679	0.35768552338819526	0.0014387371680094027	0.35912469237628153	0.0	(0.35912469237628153+0j)
0.6122929589340428	0.3749026675602054	0.0014472370989605172	0.3763503376038752	0.0	(0.3763503376038752+0j)
0.6268583507509564	0.3929513919062091	0.0014553512258658717	0.39440717662375374	0.0	(0.39440717662375374+0j)
0.6417734705023628	0.4118731874406471	0.001463096535185657	0.4133367174733825	0.0	(0.4133367174733825+0j)
0.6570477421298259	0.43171173543790214	0.001470489498635722	0.4331826579340591	0.0	(0.4331826579340591+0j)
0.6726908885360721	0.4525130315194501	0.0014775460186011952	0.45399100956392424	0.0	(0.45399100956392424+0j)
0.6887129426168537	0.4743255173279656	0.001484281393407129	0.47581022933717537	0.0	(0.47581022933717537+0j)
0.7051242587581799	0.4972002202892726	0.001490710299083329	0.49869135938743203	0.0	(0.49869135938743203+0j)
0.721935524821055	0.5211909019986521	0.0014968467843417175	0.522688175389241	0.0	(0.522688175389241+0j)
0.7391577746370641	0.5463542158064169	0.0015027042757261102	0.5478573441485736	0.0	(0.5478573441485736+0j)
0.7568024010393578	0.572749874218937	0.0015082955902462041	0.5742585910167524	0.0	(0.5742585910167524+0j)
0.7748811694549418	0.6004408267758582	0.0015136329532205238	0.6019548777851628	0.0	(0.6019548777851628+0j)
0.7934062320855423	0.6294934491121774	0.0015187280194828626	0.6310125917691014	0.0	(0.6310125917691014+0j)
0.8123901427058198	0.6599777439655822	0.0015235918965181216	0.6615017468374161	0.0	(0.6615017468374161+0j)
0.8318458721092578	0.6919675549452116	0.0015282351684616025	0.6934961972061398	0.0	(0.6934961972061398+0j)
0.8517868242337273	0.7255407939381787	0.0015326679202065927	0.7270738648686621	0.0	(0.7270738648686621+0j)
0.8722268530004768	0.7607796830951152	0.0015368997611137343	0.7623169816050192	0.0	(0.7623169816050192+0j)
0.8931802799021815	0.7977710124061393	0.0015409398480045865	0.7993123465815374	0.0	(0.7993123465815374+0j)
0.9146619123776685	0.8366064139543736	0.001544796907258189	0.83815160062536	0.0	(0.83815160062536+0j)
0.9366870630130316	0.877382654015979	0.0015484792559228744	0.8789315183465356	0.0	(0.8789315183465356+0j)
0.9592715696111017	0.9202019442641468	0.0015519948218161276	0.921754319361771	0.0	(0.921754319361771+0j)
0.9824318161736062	0.9651722734301703	0.0015553511626221078	0.9667279999748499	0.0	(0.9667279999748499+0j)
1.0061847548428828	1.0124077608782323	0.0015585554840172058	1.013966686769566	0.0	(1.013966686769566+0j)
1.0305479288526944	1.0620290336625782	0.0015616146568644507	1.0635910136837283	0.0	(1.0635910136837283+0j)
1.0555394965405518	1.1141636287570815	0.0015645352335218407	1.115728524255722	0.0	(1.115728524255722+0j)
1.0811782564769803	1.168946422278603	0.0015673234633104712	1.1705141008629043	0.0	(1.1705141008629043+0j)
1.1074836737704155	1.226520087668016	0.0015699853071873139	1.2280904229174472	0.0	(1.2280904229174472+0j)
1.1344759076098252	1.2870355849471367	0.0015725264516656522	1.2886084561374425	0.0	(1.2886084561374425+0j)
1.1621758401108537	1.3506526833373687	0.0015749523220240124	1.3522279751784791	0.0	(1.3522279751784791+0j)
1.1906051065351553	1.4175405197075885	0.0015772680948421842	1.4191181220943239	0.0	(1.4191181220943239+0j)
1.2197861269567585	1.4878781955161693	0.0015794787099007584	1.489458003290778	0.0	(1.489458003290778+0j)
1.249742139453741	1.5618554151264137	0.0015815888814785177	1.5634373278524616	0.0	(1.5634373278524616+0j)
1.2804972349081958	1.6396731686075352	0.001583603109080058	1.641257090354727	0.0	(1.641257090354727+0j)
1.3120763935025515	1.7215444623866623	0.0015855256876241696	1.7231303015255077	0.0	(1.7231303015255077+0j)
1.3445055230056484	1.807695101392692	0.0015873607171217649	1.8092827703991818	0.0	(1.8092827703991818+0j)
1.3778114989477563	1.8983645266326632	0.0015891121118705095	1.8999539419022247	0.0	(1.8999539419022247+0j)
1.4120222067898245	1.9938067124676058	0.001590783609191777	1.9953977941375665	0.0	(1.9953977941375665+0j)
1.4471665861988359	2.0942911282103926	0.0015923787777341058	2.0958837999908595	0.0	(2.0958837999908595+0j)
1.4832746775481236	2.20010376905549	0.0015939010253659758	2.2016979580683462	0.0	(2.2016979580683462+0j)
1.5203776707690226	2.3115482617730385	0.0015953536066794552	2.3131438983981747	0.0	(2.3131438983981747+0j)
1.5585079566882198	2.42894705106049	0.0015967396301250544	2.430544068789336	0.0	(2.430544068789336+0j)
1.5976991809937733	2.5526426729481737	0.001598062064797009	2.5542410082440004	0.0	(2.5542410082440004+0j)
1.6379863009819313	2.6829991222044702	0.0015993237468871387	2.68459871436949	0.0	(2.68459871436949+0j)
1.6794056452467305	2.8204033212865873	0.001600527385824438	2.822004112334512	0.0	(2.822004112334512+0j)
1.7219949764848979	2.965266699039224	0.0016016755701166046	2.966868633574345	0.0	(2.966868633574345+0j)
1.7657935575998587	3.1180268880611655	0.0016027707729088312	3.1196299131626697	0.0	(3.1196299131626697+0j)
1.8108422213008069	3.2791495504456405	0.001603815357274345	3.2807536155574035	0.0	(3.2807536155574035+0j)
1.8571834434057672	3.449130342460503	0.001604811581250398	3.450735399285741	0.0	(3.450735399285741+0j)
1.9048614200715395	3.628497029676962	0.0016057616026326593	3.6301030320778174	0.0	(3.6301030320778174+0j)
1.9539221491884349	3.8178117650891523	0.0016066674835402773	3.8194186689910077	0.0	(3.8194186689910077+0j)
2.004413516193774	4.017673543900289	0.0016075311947632003	4.019281307200034	0.0	(4.019281307200034+0j)
2.056385384575469	4.228720849895599	0.0016083546199027402	4.2303294323745995	0.0	(4.2303294323745995+0j)
2.109889691355602	4.451634509688637	0.0016091395593157665	4.453243872928964	0.0	(4.453243872928964+0j)
2.1649805478639736	4.687140772629392	0.001609887733872369	4.688750879934603	0.0	(4.688750879934603+0j)
2.221714346133128	4.936014635813752	0.001610600788536305	4.9376254521326315	0.0	(4.9376254521326315+0j)
2.280149871269615	5.1990834354508415	0.0016112802957770518	5.2006949273048555	0.0	(5.2006949273048555+0j)
2.340348420181257	5.477230727844906	0.0016119277588218244	5.478842863258982	0.0	(5.478842863258982+0j)
2.4023739270672144	5.771400485452349	0.0016125446147554762	5.773013233888383	0.0	(5.773013233888383+0j)
2.4662930961066483	6.082601635903317	0.001613132237475786	6.084214968197297	0.0	(6.084214968197297+0j)
2.53217554181336	6.411912974557783	0.0016136919405112427	6.4135268628589595	0.0	(6.4135268628589595+0j)
2.600093937557491	6.760488484123218	0.0016142249797080723	6.762102901836502	0.0	(6.762102901836502+0j)
2.6701241727922507	7.129563098129501	0.001614732555792896	7.131178019860431	0.0	(7.131178019860431+0j)
2.742345519563008	7.520458948667304	0.0016152158168170857	7.522074350169104	0.0	(7.522074350169104+0j)
2.8168408089191725	7.934592142792418	0.0016156758604885608	7.9362080009156815	0.0	(7.9362080009156815+0j)
2.8936966178954187	8.373480116419385	0.0016161137363964856	8.375096409063854	0.0	(8.375096409063854+0j)
2.9730034677792423	8.8387496194274	0.0016165304481340398	8.840366325495435	0.0	(8.840366325495435+0j)
3.0548560344360047	9.332145391130073	0.001616926955324172	9.33376249048275	0.0	(9.33376249048275+0j)
3.139353371521828	9.855539591285467	0.0016173041755529988	9.85715706469916	0.0	(9.85715706469916+0j)
3.2265991474784026	10.410942058508354	0.0016176629862152713	10.412559887633119	0.0	(10.412559887633119+0j)
3.31670189727347	11.000511475377435	0.0016180042262761128	11.00212964269626	0.0	(11.00212964269626+0j)
3.409775289925844	11.626567527788874	0.0016183286979530136	11.62818601657668	0.0	(11.62818601657668+0j)
3.505938412936072	12.291604155300703	0.0016186371683218704	12.293222949583717	0.0	(12.293222949583717+0j)
3.6053160748326105	12.998303999446422	0.001618930370850673	12.999923083961031	0.0	(12.999923083961031+0j)
3.708039127140636	13.74955416840589	0.001619209006864252	13.75117352855693	0.0	(13.75117352855693+0j)
3.814244807185861	14.548463449144304	0.0016194737469433357	14.550083070963094	0.0	(14.550083070963094+0j)
3.9240771032610224	15.398381112337416	0.0016197252322610095	15.40000098243993	0.0	(15.40000098243993+0j)
4.037687143807751	16.30291747127039	0.0016199640758595016	16.304537576817793	0.0	(16.304537576817793+0j)
4.15523361240365	17.26596637364909	0.0016201908638700925	17.2675867023103	0.0	(17.2675867023103+0j)
4.276883190493413	18.291729825125113	0.0016204061566787956	18.293350365045644	0.0	(18.293350365045644+0j)
4.402811029966271	19.384744965592656	0.0016206104900403314	19.386365705368334	0.0	(19.386365705368334+0j)
4.533201257860082	20.549913644264226	0.001620804376142794	20.551534572924833	0.0	(20.551534572924833+0j)
4.6682475156679075	21.79253486753959	0.001620988304625289	21.79415597454087	0.0	(21.79415597454087+0j)
4.808153535936197	23.118340425135752	0.0016211627435507158	23.11996170036048	0.0	(23.11996170036048+0j)
4.953133759078175	24.53353403531989	0.0016213281403357543	24.535155469088615	0.0	(24.535155469088615+0j)
5.103413993582461	26.04483438989329	0.0016214849226400265	26.04645597297994	0.0	(26.04645597297994+0j)
5.259232123078992	27.659522524425963	0.001621633499216297	27.6611442480785	0.0	(27.6611442480785+0j)
5.420838864033355	29.385493989814435	0.0016217742607234952	29.38711584577717	0.0	(29.38711584577717+0j)
5.588498578181307	31.23131635833449	0.0016219075805042548	31.23293833886676	0.0	(31.23293833886676+0j)
5.762490144188762	33.20629266187262	0.0016220338153285804	33.207914759762225	0.0	(33.207914759762225+0j)
5.943107893435154	35.32053143301123	0.0016221533061051788	35.32215364157834	0.0	(35.32215364157834+0j)
6.130662615271313	37.585024102285296	0.0016222663785619203	37.586646415375036	0.0	(37.586646415375036+0j)
6.325482637604348	40.01173059863406	0.001622373343896819	40.013353010597186	0.0	(40.013353010597186+0j)
6.5279149892138815	42.61367410640327	0.0016224744994008647	42.61529661206203	0.0	(42.61529661206203+0j)
6.738326650815264	45.40504605308725	0.0016225701290539666	45.40666864768972	0.0	(45.40666864768972+0j)
6.957105902559871	48.401322539433394	0.0016226605040952171	48.40294521859894	0.0	(48.40294521859894+0j)
7.1846637764105	51.619393580065186	0.0016227458835686237	51.62101633972126	0.0	(51.62101633972126+0j)
7.421435622657183	55.07770670124501	0.0016228265148454024	55.07932953756456	0.0	(55.07932953756456+0j)
7.667882800757656	58.796426646155076	0.0016229026341238778	58.798049555497194	0.0	(58.798049555497194+0j)
7.92449450570503	62.797613170949205	0.0016229744669079842	62.79923614980837	0.0	(62.79923614980837+0j)
8.191789742258713	67.10541918137507	0.001623042228465315	67.10704222634259	0.0	(67.10704222634259+0j)
8.470319460633334	71.74631176518378	0.0016231061242656282	71.74793487292756	0.0	(71.74793487292756+0j)
8.760668868643995	76.74931902602805	0.0016231663504006674	76.75094219328058	0.0	(76.75094219328058+0j)
9.0634599368687	82.14630602722397	0.0016232230939861223	82.14792925078814	0.0	(82.14792925078814+0j)
9.379354115134207	87.97228361708498	0.0016232765335465157	87.97390689384623	0.0	(87.97390689384623+0j)
9.70905528057937	94.26575444134616	0.0016233268393837613	94.26737776828737	0.0	(94.26737776828737+0j)
10.053312939730441	101.06910106415152	0.001623374173930113	101.07072443836714	0.0	(101.07072443836714+0j)
10.412925709461692	108.42902183076829	0.0016234186920861813	108.4306452494755	0.0	(108.4306452494755+0j)
10.788745104450985	116.3970209288151	0.0016234605415446732	116.39864438936212	0.0	(116.39864438936212+0j)
11.181679661808277	125.02996005929685	0.001623499863100472	125.03158355916125	0.0	(125.03158355916125+0j)
11.592699437005214	134.390680236741	0.0016235367909476542	134.3923037735318	0.0	(134.3923037735318+0j)
12.022840909112986	144.54870352584078	0.0016235714529640062	144.55032709729397	0.0	(144.55032709729397+0j)
12.473212337728176	155.5810260220544	0.0016236039709835834	155.58264962602524	0.0	(155.58264962602524+0j)
12.944999618894892	167.5730151331889	0.0016236344610578266	167.5746387676504	0.0	(167.5746387676504+0j)
13.4394726929019	180.61942626325583	0.0016236630337057305	180.62104992628957	0.0	(180.62104992628957+0j)
13.95799256312947	194.82555639237756	0.0016236897941535313	194.82718008217154	0.0	(194.82718008217154+0j)
14.502018992255339	210.30855485173456	0.001623714842564369	210.3101785665764	0.0	(210.3101785665764+0j)
15.073118950217209	227.19891488739714	0.0016237382742583472	227.20053862567175	0.0	(227.20053862567175+0j)
15.672975897519757	245.64217348423523	0.0016237601799234055	245.6437972444153	0.0	(245.6437972444153+0j)
16.30339999792458	265.8008514923272	0.0016237806458173972	265.80247527297337	0.0	(265.80247527297337+0j)
16.966339366471665	287.8566714982861	0.001623799753961741	287.8582952980395	0.0	(287.8582952980395+0j)
17.663892472366342	312.0130972753203	0.0016238175823270126	312.01472109290273	0.0	(312.01472109290273+0j)
18.398321831796846	338.49824622637243	0.0016238342050108132	338.4998700605775	0.0	(338.4998700605775+0j)
19.172069143522997	367.5682352440266	0.001623849692408244	367.56985909371826	0.0	(367.56985909371826+0j)
19.987772040461227	399.51103114144354	0.0016238641113752983	399.51265500555525	0.0	(399.51265500555525+0j)
20.84828265390689	434.6508896171949	0.0016238775253854727	434.6525134947199	0.0	(434.6525134947199+0j)
21.756688213976226	473.353482040172	0.0016238899946798791	473.35510593016636	0.0	(473.35510593016636+0j)
22.716333940912474	516.031827715052	0.0016239015764111353	516.0334516166284	0.0	(516.0334516166284+0j)
23.73084851776959	563.1531713733272	0.001623912324781292	563.154795285651	0.0	(563.154795285651+0j)
24.804172476499513	615.2469722439359	0.0016239222911740487	615.2485961662268	0.0	(615.2485961662268+0j)
25.940589877590973	672.9142031973753	0.001623931524281495	672.9158271288992	0.0	(672.9158271288992+0j)
27.14476371932338	736.8381973778947	0.0016239400702256087	736.8398213179647	0.0	(736.8398213179647+0j)
28.421775577784274	807.7973269939346	0.0016239479726747272	807.7989509419086	0.0	(807.7989509419086+0j)
29.777170054741106	886.6798564689705	0.001623955272955202	886.6814804242437	0.0	(886.6814804242437+0j)
31.217004699239933	974.5013823923681	0.001623962010158438	974.5030063543784	0.0	(974.5030063543784+0j)
32.747906172853575	1072.4253587060214	0.0016239682212435054	1072.4269826742388	0.0	(1072.4269826742388+0j)
34.37713355070611	1181.7873111630838	0.0016239739411355125	1181.788935137026	0.0	(1181.788935137026+0j)
36.1126497942929	1304.123475165243	0.0016239792028199087	1304.1250991444492	0.0	(1304.1250991444492+0j)
37.963202601939585	1441.2047517959124	0.0016239840374328914	1441.2063757799501	0.0	(1441.2063757799501+0j)
39.93841604370705	1595.0770760802368	0.0016239884743480737	1595.0787000687096	0.0	(1595.0787000687096+0j)
42.0488946259587	1768.1095392649786	0.0016239925412595655	1768.111163257518	0.0	(1768.111163257518+0j)
44.3063417144323	1963.0519161160437	0.0016239962642616201	1963.0535401123102	0.0	(1963.0535401123102+0j)
46.7236945829899	2183.1036354845196	0.0016239996679249804	2183.105259484177	0.0	(2183.105259484177+0j)
49.31527876000004	2431.9967191765113	0.0016240027753700653	2431.9983431792893	0.0	(2431.9983431792893+0j)
52.09698483000059	2714.095828377312	0.0016240056083371205	2714.0974523829154	0.0	(2714.0974523829154+0j)
55.08647143290039	3034.5193349277506	0.0016240081872534605	3034.5209589359356	0.0	(3034.5209589359356+0j)
58.30339890885323	3399.2863243248685	0.0016240105312979177	3399.2879483354145	0.0	(3399.2879483354145+0j)
61.76969889208737	3815.4957012191394	0.0016240126584626123	3815.4973252318146	0.0	(3815.4973252318146+0j)
65.5098861964565	4291.545189472683	0.0016240145856121523	4291.546813487273	0.0	(4291.546813487273+0j)
69.5514206035539	4837.400107972461	0.001624016328540364	4837.40173198879	0.0	(4837.40173198879+0j)
73.92512771679691	5464.924507944735	0.0016240179020246559	5464.926131962637	0.0	(5464.926131962637+0j)
78.66568995306919	6188.290775792411	0.001624019319878109	6188.292399811731	0.0	(6188.292399811731+0j)
83.81222109797599	7024.488405376012	0.001624020594999383	7024.4900293966075	0.0	(7024.4900293966075+0j)
89.40894076792034	7993.958689241488	0.0016240217394205283	7993.960313263227	0.0	(7993.960313263227+0j)
95.50596875190209	9121.390067239297	0.0016240227643527848	9121.391691262063	0.0	(9121.391691262063+0j)
102.16026374241683	10436.719487920167	0.0016240236802304465	10436.721111943847	0.0	(10436.721111943847+0j)
109.43673666083288	11976.399330972483	0.0016240244967528712	11976.40095499698	0.0	(11976.40095499698+0j)
117.40957596921426	13785.008529270695	0.0016240252229247042	13785.010153295918	0.0	(13785.010153295918+0j)
126.1638314734695	15917.312372066013	0.0016240258670943892	15917.31399609188	0.0	(15917.31399609188+0j)
135.79731473932583	18440.910690411518	0.00162402643699103	18440.912314437956	0.0	(18440.912314437956+0j)
146.42288913233602	21439.662461860367	0.00162402693975967	21439.664085887307	0.0	(21439.664085887307+0j)
158.1712416884214	25018.14169725701	0.001624027381995047	25018.143321284395	0.0	(25018.143321284395+0j)
171.19425391683407	29307.47257414146	0.0016240277697738852	29307.474198169228	0.0	(29307.474198169228+0j)
185.66912113051106	34473.02254137639	0.0016240281086857772	34473.0241654045	0.0	(34473.0241654045+0j)
201.80341259064414	40724.61733322975	0.0016240284038627107	40724.61895725815	0.0	(40724.61895725815+0j)
219.84132123719695	48330.206523316425	0.0016240286600072915	48330.20814734508	0.0	(48330.20814734508+0j)
240.07142706246006	57634.290091806084	0.0016240288814197096	57634.29171583497	0.0	(57634.29171583497+0j)
262.836399308869	69082.97280165122	0.0016240290720234965	69082.9744256803	0.0	(69082.9744256803+0j)
288.5451996188469	83258.3322230802	0.0016240292353901173	83258.33384710943	0.0	(83258.33384710943+0j)
317.6885353347575	100926.00548314345	0.0016240293747624404	100926.00710717283	0.0	(100926.00710717283+0j)
350.858570038611	123101.7361695389	0.0016240294930771242	123101.73779356839	0.0	(123101.73779356839+0j)
388.77425741880654	151145.42323154447	0.0016240295929859615	151145.42485557406	0.0	(151145.42485557406+0j)
432.3141694833717	186895.54113609742	0.0016240296768762152	186895.5427601271	0.0	(186895.5427601271+0j)
482.5594081882106	232863.58243095607	0.001624029746889984	232863.5840549858	0.0	(232863.5840549858+0j)
540.8502227281518	292518.96342509147	0.0016240298049426268	292518.9650491213	0.0	(292518.9650491213+0j)
608.861460144658	370712.27764948504	0.0016240298527402826	370712.27927351487	0.0	(370712.27927351487+0j)
688.7042001214068	474313.47526486666	0.001624029891796512	474313.47688889655	0.0	(474313.47688889655+0j)
783.0642560322963	613189.6290754137	0.0016240299234480916	613189.6306994436	0.0	(613189.6306994436+0j)
895.3932941925091	801729.1512849131	0.0016240299488699853	801729.152908943	0.0	(801729.152908943+0j)
1030.1761707171554	1061262.9427134618	0.0016240299690895223	1061262.9443374919	0.0	(1061262.9443374919+0j)
1193.310456657072	1423989.84596711	0.0016240299849998032	1423989.84759114	0.0	(1423989.84759114+0j)
1392.6540178654614	1939485.2134768127	0.0016240299973723576	1939485.2151008428	0.0	(1939485.2151008428+0j)
1638.829218206556	2685761.206447512	0.0016240300068690763	2685761.208071542	0.0	(2685761.208071542+0j)
1946.4273685286264	3788579.5009572734	0.001624030014053437	3788579.5025813035	0.0	(3788579.5025813035+0j)
2335.8522065964303	5456205.531061413	0.0016240300194010444	5456205.532685443	0.0	(5456205.532685443+0j)
2836.2105753037786	8044090.427464991	0.0016240300233095006	8044090.429089021	0.0	(8044090.429089021+0j)
3489.969969937625	12179890.391066428	0.001624030026107626	12179890.392690457	0.0	(12179890.392690457+0j)
4360.696925764805	19015677.678374622	0.0016240300280640427	19015677.67999865	0.0	(19015677.67999865+0j)
5546.372188325968	30762244.451435786	0.0016240300293951378	30762244.453059815	0.0	(30762244.453059815+0j)
7203.243728879368	51886720.217639945	0.0016240300302724207	51886720.21926398	0.0	(51886720.21926398+0j)
9590.609764578987	91979795.65643781	0.001624030030829284	91979795.65806185	0.0	(91979795.65806185+0j)
13159.681857015545	173177226.57786408	0.0016240300311671832	173177226.5794881	0.0	(173177226.5794881+0j)
18742.01600231651	351263163.8310882	0.0016240300313612424	351263163.83271223	0.0	(351263163.83271223+0j)
27982.86297320777	783040620.1773225	0.0016240300314652994	783040620.1789465	0.0	(783040620.1789465+0j)
44444.61752351378	1975324026.811428	0.001624030031516395	1975324026.8130522	0.0	(1975324026.8130522+0j)
76813.26603926464	5900277839.618846	0.001624030031538718	5900277839.62047	0.0	(5900277839.62047+0j)
150046.63327639527	22513992157.581047	0.0016240300315470083	22513992157.582672	0.0	(22513992157.582672+0j)
355704.3016402785	126525550205.39822	0.0016240300315494287	126525550205.39984	0.0	(126525550205.39984+0j)
1200594.1310054827	1441426267404.8103	0.0016240300315499066	1441426267404.812	0.0	(1441426267404.812+0j)
9605195.204771383	92259774921763.17	0.001624030031549952	92259774921763.17	0.0	(92259774921763.17+0j)
