-1.0	-1.0	-0.0015597184423005743	-1.0015630923864127	0.0	(-1.0015630923864127+0j)
-0.9975	-0.9950062500000001	-0.0015595586885307734	-0.9965683150981481	0.0	(-0.9965683150981481+0j)
-0.995	-0.990025	-0.0015593977290746777	-0.9915864615571629	0.0	(-0.9915864615571629+0j)
-0.9925	-0.9850562500000001	-0.0015592355517690276	-0.9866172525868189	0.0	(-0.9866172525868189+0j)
-0.99	-0.9801	-0.0015590721442967934	-0.9816606166437845	0.0	(-0.9816606166437845+0j)
-0.9875	-0.9751562500000001	-0.001558907494184836	-0.9767165247559256	0.0	(-0.9767165247559256+0j)
-0.985	-0.970225	-0.001558741588801528	-0.9717849623132182	0.0	(-0.9717849623132182+0j)
-0.9825	-0.96530625	-0.0015585744153543291	-0.9668659209074361	0.0	(-0.9668659209074361+0j)
-0.98	-0.9603999999999999	-0.0015584059608873217	-0.9619593952471214	0.0	(-0.9619593952471214+0j)
-0.9775	-0.9555062500000001	-0.0015582362122786996	-0.9570653817784555	0.0	(-0.9570653817784555+0j)
-0.975	-0.9506249999999999	-0.0015580651562382127	-0.9521838779925164	0.0	(-0.9521838779925164+0j)
-0.9725	-0.9457562500000001	-0.0015578927793045664	-0.9473148820461531	0.0	(-0.9473148820461531+0j)
-0.97	-0.9409	-0.001557719067842772	-0.9424583925402245	0.0	(-0.9424583925402245+0j)
-0.9675	-0.93605625	-0.001557544008041451	-0.9376144083829122	0.0	(-0.9376144083829122+0j)
-0.965	-0.931225	-0.0015573675859100896	-0.932782928701725	0.0	(-0.932782928701725+0j)
-0.9625	-0.9264062500000001	-0.0015571897872762436	-0.9279639527848436	0.0	(-0.9279639527848436+0j)
-0.96	-0.9216	-0.0015570105977826914	-0.9231574800408295	0.0	(-0.9231574800408295+0j)
-0.9575	-0.91680625	-0.0015568300028845359	-0.918363509970268	0.0	(-0.918363509970268+0j)
-0.9550000000000001	-0.9120250000000001	-0.0015566479878462536	-0.9135820421452618	0.0	(-0.9135820421452618+0j)
-0.9525	-0.90725625	-0.001556464537738687	-0.9088130761944836	0.0	(-0.9088130761944836+0j)
-0.9500000000000001	-0.9025000000000001	-0.001556279637435985	-0.904056611791973	0.0	(-0.904056611791973+0j)
-0.9475	-0.89775625	-0.0015560932716124833	-0.8993126486486582	0.0	(-0.8993126486486582+0j)
-0.9450000000000001	-0.8930250000000001	-0.0015559054247395304	-0.894581186505896	0.0	(-0.894581186505896+0j)
-0.9425	-0.88830625	-0.0015557160810822511	-0.8898622251304207	0.0	(-0.8898622251304207+0j)
-0.9400000000000001	-0.8836000000000002	-0.001555525224696252	-0.8851557643103961	0.0	(-0.8851557643103961+0j)
-0.9375	-0.87890625	-0.0015553328394242642	-0.880461803852303	0.0	(-0.880461803852303+0j)
-0.935	-0.8742250000000001	-0.0015551389088927254	-0.8757803435784379	0.0	(-0.8757803435784379+0j)
-0.9325	-0.86955625	-0.0015549434165082938	-0.8711113833249047	0.0	(-0.8711113833249047+0j)
-0.93	-0.8649000000000001	-0.0015547463454542996	-0.8664549229399786	0.0	(-0.8664549229399786+0j)
-0.9275	-0.86025625	-0.001554547678687128	-0.8618109622827379	0.0	(-0.8618109622827379+0j)
-0.925	-0.8556250000000001	-0.0015543473989325352	-0.8571795012219771	0.0	(-0.8571795012219771+0j)
-0.9225	-0.85100625	-0.001554145488681891	-0.8525605396352225	0.0	(-0.8525605396352225+0j)
-0.92	-0.8464	-0.0015539419301883542	-0.8479540774079772	0.0	(-0.8479540774079772+0j)
-0.9175	-0.84180625	-0.0015537367054629721	-0.8433601144330027	0.0	(-0.8433601144330027+0j)
-0.915	-0.8372250000000001	-0.0015535297962707057	-0.838778650609753	0.0	(-0.838778650609753+0j)
-0.9125	-0.83265625	-0.0015533211841263796	-0.8342096858438178	0.0	(-0.8342096858438178+0j)
-0.91	-0.8281000000000001	-0.001553110850290552	-0.8296532200464853	0.0	(-0.8296532200464853+0j)
-0.9075	-0.82355625	-0.0015528987757653084	-0.8251092531342991	0.0	(-0.8251092531342991+0j)
-0.905	-0.819025	-0.0015526849412899689	-0.8205777850286918	0.0	(-0.8205777850286918+0j)
-0.9025	-0.81450625	-0.0015524693273367169	-0.8160588156556183	0.0	(-0.8160588156556183+0j)
-0.9	-0.81	-0.0015522519141061397	-0.8115523449452623	0.0	(-0.8115523449452623+0j)
-0.8975	-0.80550625	-0.0015520326815226836	-0.8070583728316876	0.0	(-0.8070583728316876+0j)
-0.895	-0.801025	-0.0015518116092300184	-0.8025768992525781	0.0	(-0.8025768992525781+0j)
-0.8925000000000001	-0.7965562500000001	-0.0015515886765863132	-0.7981079241489771	0.0	(-0.7981079241489771+0j)
-0.89	-0.7921	-0.0015513638626594166	-0.7936514474650012	0.0	(-0.7936514474650012+0j)
-0.8875000000000001	-0.7876562500000002	-0.0015511371462219436	-0.7892074691476346	0.0	(-0.7892074691476346+0j)
-0.885	-0.7832250000000001	-0.0015509085057462647	-0.7847759891464657	0.0	(-0.7847759891464657+0j)
-0.8825000000000001	-0.7788062500000001	-0.001550677919399395	-0.7803570074134947	0.0	(-0.7803570074134947+0j)
-0.88	-0.7744	-0.001550445365037782	-0.7759505239029074	0.0	(-0.7759505239029074+0j)
-0.8775000000000001	-0.7700062500000001	-0.0015502108202019897	-0.7715565385708837	0.0	(-0.7715565385708837+0j)
-0.875	-0.765625	-0.0015499742621112745	-0.7671750513754017	0.0	(-0.7671750513754017+0j)
-0.8725	-0.7612562500000001	-0.0015497356676580551	-0.7628060622760773	0.0	(-0.7628060622760773+0j)
-0.87	-0.7569	-0.0015494950134022681	-0.7584495712339832	0.0	(-0.7584495712339832+0j)
-0.8675	-0.75255625	-0.0015492522755656106	-0.7541055782114849	0.0	(-0.7541055782114849+0j)
-0.865	-0.748225	-0.0015490074300256672	-0.7497740831721038	0.0	(-0.7497740831721038+0j)
-0.8625	-0.7439062500000001	-0.0015487604523099162	-0.7454550860803579	0.0	(-0.7454550860803579+0j)
-0.86	-0.7395999999999999	-0.0015485113175896144	-0.7411485869016654	0.0	(-0.7411485869016654+0j)
-0.8575	-0.73530625	-0.0015482600006735568	-0.7368545856021658	0.0	(-0.7368545856021658+0j)
-0.855	-0.7310249999999999	-0.0015480064760017083	-0.7325730821486616	0.0	(-0.7325730821486616+0j)
-0.8525	-0.7267562500000001	-0.0015477507176387042	-0.7283040765084765	0.0	(-0.7283040765084765+0j)
-0.85	-0.7224999999999999	-0.0015474926992672176	-0.7240475686493596	0.0	(-0.7240475686493596+0j)
-0.8475	-0.71825625	-0.0015472323941811887	-0.7198035585394065	0.0	(-0.7198035585394065+0j)
-0.845	-0.7140249999999999	-0.001546969775278914	-0.71557204614697	0.0	(-0.71557204614697+0j)
-0.8425	-0.7098062500000001	-0.001546704815055992	-0.7113530314405725	0.0	(-0.7113530314405725+0j)
-0.84	-0.7055999999999999	-0.0015464374855981213	-0.7071465143888412	0.0	(-0.7071465143888412+0j)
-0.8375	-0.70140625	-0.001546167758573748	-0.7029524949604444	0.0	(-0.7029524949604444+0j)
-0.835	-0.697225	-0.0015458956052265599	-0.6987709731240224	0.0	(-0.6987709731240224+0j)
-0.8325	-0.69305625	-0.0015456209963678198	-0.6946019488481462	0.0	(-0.6946019488481462+0j)
-0.8300000000000001	-0.6889000000000001	-0.001545343902368541	-0.6904454221012474	0.0	(-0.6904454221012474+0j)
-0.8275	-0.6847562500000001	-0.0015450642931514936	-0.6863013928515895	0.0	(-0.6863013928515895+0j)
-0.8250000000000001	-0.6806250000000001	-0.0015447821381830429	-0.682169861067205	0.0	(-0.682169861067205+0j)
-0.8225	-0.67650625	-0.0015444974064648125	-0.678050826715883	0.0	(-0.678050826715883+0j)
-0.8200000000000001	-0.6724000000000001	-0.0015442100665251715	-0.6739442897651243	0.0	(-0.6739442897651243+0j)
-0.8175	-0.66830625	-0.0015439200864105353	-0.6698502501820889	0.0	(-0.6698502501820889+0j)
-0.8150000000000001	-0.6642250000000001	-0.0015436274336764844	-0.6657687079335831	0.0	(-0.6657687079335831+0j)
-0.8125	-0.66015625	-0.0015433320753786871	-0.6616996629860442	0.0	(-0.6616996629860442+0j)
-0.81	-0.6561000000000001	-0.001543033978063628	-0.6576431153054741	0.0	(-0.6576431153054741+0j)
-0.8075	-0.65205625	-0.0015427331077591357	-0.6535990648574747	0.0	(-0.6535990648574747+0j)
-0.805	-0.6480250000000001	-0.001542429429964702	-0.649567511607173	0.0	(-0.649567511607173+0j)
-0.8025	-0.64400625	-0.0015421229096415918	-0.6455484555192219	0.0	(-0.6455484555192219+0j)
-0.8	-0.6400000000000001	-0.0015418135112027368	-0.6415418965577883	0.0	(-0.6415418965577883+0j)
-0.7975	-0.63600625	-0.0015415011985024031	-0.6375478346865178	0.0	(-0.6375478346865178+0j)
-0.795	-0.6320250000000001	-0.0015411859348256366	-0.6335662698685215	0.0	(-0.6335662698685215+0j)
-0.7925	-0.62805625	-0.0015408676828774707	-0.6295972020663786	0.0	(-0.6295972020663786+0j)
-0.79	-0.6241000000000001	-0.0015405464047718966	-0.6256406312420947	0.0	(-0.6256406312420947+0j)
-0.7875	-0.62015625	-0.0015402220620205863	-0.6216965573570911	0.0	(-0.6216965573570911+0j)
-0.785	-0.616225	-0.001539894615521367	-0.6177649803722087	0.0	(-0.6177649803722087+0j)
-0.7825	-0.6123062499999999	-0.0015395640255464335	-0.6138459002476618	0.0	(-0.6138459002476618+0j)
-0.78	-0.6084	-0.0015392302517302993	-0.609939316943062	0.0	(-0.609939316943062+0j)
-0.7775	-0.6045062499999999	-0.0015388932530574727	-0.6060452304173657	0.0	(-0.6060452304173657+0j)
-0.775	-0.6006250000000001	-0.0015385529878498567	-0.6021636406288869	0.0	(-0.6021636406288869+0j)
-0.7725	-0.59675625	-0.001538209413753862	-0.5982945475352527	0.0	(-0.5982945475352527+0j)
-0.77	-0.5929	-0.0015378624877272265	-0.594437951093434	0.0	(-0.594437951093434+0j)
-0.7675000000000001	-0.5890562500000001	-0.0015375121660255345	-0.5905938512596922	0.0	(-0.5905938512596922+0j)
-0.765	-0.585225	-0.001537158404188426	-0.5867622479895809	0.0	(-0.5867622479895809+0j)
-0.7625000000000001	-0.5814062500000001	-0.0015368011570254898	-0.5829431412379199	0.0	(-0.5829431412379199+0j)
-0.76	-0.5776	-0.001536440378601831	-0.5791365309587931	0.0	(-0.5791365309587931+0j)
-0.7575000000000001	-0.5738062500000001	-0.0015360760222233039	-0.57534241710553	0.0	(-0.57534241710553+0j)
-0.755	-0.570025	-0.0015357080404214036	-0.571560799630687	0.0	(-0.571560799630687+0j)
-0.7525000000000001	-0.5662562500000001	-0.0015353363849378043	-0.5677916784860192	0.0	(-0.5677916784860192+0j)
-0.75	-0.5625	-0.0015349610067085361	-0.5640350536225016	0.0	(-0.5640350536225016+0j)
-0.7475	-0.5587562500000001	-0.0015345818558477919	-0.5602909249902688	0.0	(-0.5602909249902688+0j)
-0.745	-0.555025	-0.0015341988816313522	-0.5565592925386313	0.0	(-0.5565592925386313+0j)
-0.7425	-0.5513062500000001	-0.0015338120324796193	-0.552840156216036	0.0	(-0.552840156216036+0j)
-0.74	-0.5476	-0.0015334212559402498	-0.5491335159700629	0.0	(-0.5491335159700629+0j)
-0.7375	-0.54390625	-0.0015330264986703722	-0.5454393717473952	0.0	(-0.5454393717473952+0j)
-0.735	-0.540225	-0.0015326277064183842	-0.54175772349382	0.0	(-0.54175772349382+0j)
-0.7325	-0.5365562500000001	-0.001532224824005311	-0.5380885711541812	0.0	(-0.5380885711541812+0j)
-0.73	-0.5328999999999999	-0.0015318177953057167	-0.5344319146723995	0.0	(-0.5344319146723995+0j)
-0.7275	-0.5292562500000001	-0.0015314065632281576	-0.5307877539914105	0.0	(-0.5307877539914105+0j)
-0.725	-0.525625	-0.0015309910696951602	-0.5271560890531646	0.0	(-0.5271560890531646+0j)
-0.7225	-0.52200625	-0.0015305712556227152	-0.5235369197986133	0.0	(-0.5235369197986133+0j)
-0.72	-0.5184	-0.0015301470608992719	-0.5199302461676788	0.0	(-0.5199302461676788+0j)
-0.7175	-0.51480625	-0.0015297184243642191	-0.5163360680992368	0.0	(-0.5163360680992368+0j)
-0.715	-0.5112249999999999	-0.001529285283785838	-0.5127543855310841	0.0	(-0.5127543855310841+0j)
-0.7125	-0.50765625	-0.0015288475758387144	-0.5091851983999329	0.0	(-0.5091851983999329+0j)
-0.71	-0.5041	-0.0015284052360805902	-0.505628506641382	0.0	(-0.505628506641382+0j)
-0.7075	-0.50055625	-0.0015279581989286442	-0.5020843101898742	0.0	(-0.5020843101898742+0j)
-0.705	-0.49702499999999994	-0.0015275063976351827	-0.4985526089786946	0.0	(-0.4985526089786946+0j)
-0.7025	-0.49350625000000004	-0.0015270497642627208	-0.49503340293994896	0.0	(-0.49503340293994896+0j)
-0.7000000000000001	-0.4900000000000001	-0.0015265882296584428	-0.4915266920045137	0.0	(-0.4915266920045137+0j)
-0.6975	-0.48650625000000003	-0.0015261217234280196	-0.4880324761020271	0.0	(-0.4880324761020271+0j)
-0.6950000000000001	-0.4830250000000001	-0.0015256501739087651	-0.4845507551608664	0.0	(-0.4845507551608664+0j)
-0.6925	-0.47955625	-0.0015251735081421144	-0.48108152910810653	0.0	(-0.48108152910810653+0j)
-0.6900000000000001	-0.4761000000000001	-0.0015246916518454003	-0.4776247978694903	0.0	(-0.4776247978694903+0j)
-0.6875	-0.47265625	-0.0015242045293829124	-0.47418056136943576	0.0	(-0.47418056136943576+0j)
-0.685	-0.46922500000000006	-0.0015237120637362166	-0.47074881953094316	0.0	(-0.47074881953094316+0j)
-0.6825	-0.46580625	-0.0015232141764737078	-0.46732957227561767	0.0	(-0.46732957227561767+0j)
-0.68	-0.4624000000000001	-0.0015227107877193817	-0.4639228195236231	0.0	(-0.4639228195236231+0j)
-0.6775	-0.45900625	-0.001522201816120797	-0.4605285611936389	0.0	(-0.4605285611936389+0j)
-0.675	-0.45562500000000006	-0.0015216871788162067	-0.45714679720283896	0.0	(-0.45714679720283896+0j)
-0.6725	-0.45225624999999997	-0.0015211667914008305	-0.4537775274668519	0.0	(-0.4537775274668519+0j)
-0.67	-0.4489000000000001	-0.0015206405678922458	-0.45042075189972697	0.0	(-0.45042075189972697+0j)
-0.6675	-0.44555625	-0.0015201084206948713	-0.4470764704139094	0.0	(-0.4470764704139094+0j)
-0.665	-0.44222500000000003	-0.0015195702605635126	-0.44374468292018	0.0	(-0.44374468292018+0j)
-0.6625	-0.43890625	-0.0015190259965659433	-0.44042538932764175	0.0	(-0.44042538932764175+0j)
-0.66	-0.43560000000000004	-0.001518475536044493	-0.43711858954367677	0.0	(-0.43711858954367677+0j)
-0.6575	-0.43230624999999995	-0.0015179187845766112	-0.4338242834738884	0.0	(-0.4338242834738884+0j)
-0.655	-0.42902500000000005	-0.0015173556459343756	-0.43054247102208504	0.0	(-0.43054247102208504+0j)
-0.6525	-0.42575624999999995	-0.0015167860220429135	-0.4272731520902254	0.0	(-0.4272731520902254+0j)
-0.65	-0.42250000000000004	-0.001516209812937701	-0.4240163265783727	0.0	(-0.4240163265783727+0j)
-0.6475	-0.41925624999999994	-0.001515626916720707	-0.4207719943846664	0.0	(-0.4207719943846664+0j)
-0.645	-0.41602500000000003	-0.0015150372295153452	-0.41754015540525724	0.0	(-0.41754015540525724+0j)
-0.6425	-0.41280624999999993	-0.0015144406454201994	-0.4143208095342762	0.0	(-0.4143208095342762+0j)
-0.64	-0.4096	-0.0015138370564614788	-0.4111139566637817	0.0	(-0.4111139566637817+0j)
-0.6375000000000001	-0.4064062500000001	-0.0015132263525441687	-0.40791959668370587	0.0	(-0.40791959668370587+0j)
-0.635	-0.403225	-0.0015126084214018326	-0.40473772948181447	0.0	(-0.40473772948181447+0j)
-0.6325000000000001	-0.40005625000000006	-0.0015119831485450254	-0.40156835494364734	0.0	(-0.40156835494364734+0j)
-0.63	-0.39690000000000003	-0.0015113504172082689	-0.3984114729524647	0.0	(-0.3984114729524647+0j)
-0.6275000000000001	-0.3937562500000001	-0.0015107101082955515	-0.39526708338919925	0.0	(-0.39526708338919925+0j)
-0.625	-0.390625	-0.001510062100324299	-0.39213518613239223	0.0	(-0.39213518613239223+0j)
-0.6225	-0.38750625000000005	-0.0015094062693677668	-0.3890157810581542	0.0	(-0.3890157810581542+0j)
-0.62	-0.3844	-0.0015087424889958113	-0.38590886804006924	0.0	(-0.38590886804006924+0j)
-0.6175	-0.38130625000000007	-0.0015080706302139759	-0.38281444694917344	0.0	(-0.38281444694917344+0j)
-0.615	-0.378225	-0.001507390561400849	-0.37973251765386046	0.0	(-0.37973251765386046+0j)
-0.6125	-0.3751562500000001	-0.0015067021482436287	-0.3766630800198526	0.0	(-0.3766630800198526+0j)
-0.61	-0.3721	-0.0015060052536718417	-0.3736061339100916	0.0	(-0.3736061339100916+0j)
-0.6075	-0.36905625000000003	-0.001505299737789154	-0.37056167918470495	0.0	(-0.37056167918470495+0j)
-0.605	-0.366025	-0.0015045854578032102	-0.36752971570092335	0.0	(-0.36752971570092335+0j)
-0.6025	-0.36300625000000003	-0.0015038622679534373	-0.3645102433129991	0.0	(-0.3645102433129991+0j)
-0.6	-0.36	-0.0015031300194367485	-0.3615032618721487	0.0	(-0.3615032618721487+0j)
-0.5975	-0.35700625	-0.0015023885603310718	-0.3585087712264626	0.0	(-0.3585087712264626+0j)
-0.595	-0.354025	-0.0015016377355166377	-0.3555267712208414	0.0	(-0.3555267712208414+0j)
-0.5925	-0.35105625	-0.0015008773865949464	-0.35255726169689217	0.0	(-0.35255726169689217+0j)
-0.59	-0.34809999999999997	-0.0015001073518053415	-0.349600242492871	0.0	(-0.349600242492871+0j)
-0.5875	-0.34515625000000005	-0.0014993274659391067	-0.3466557134435763	0.0	(-0.3466557134435763+0j)
-0.585	-0.34222499999999995	-0.0014985375602510047	-0.34372367438026735	0.0	(-0.34372367438026735+0j)
-0.5825	-0.33930625000000003	-0.0014977374623681727	-0.34080412513057945	0.0	(-0.34080412513057945+0j)
-0.58	-0.3364	-0.001496926996196283	-0.3378970655184219	0.0	(-0.3378970655184219+0j)
-0.5775	-0.33350625	-0.0014961059818228816	-0.33500249536388543	0.0	(-0.33500249536388543+0j)
-0.5750000000000001	-0.33062500000000006	-0.0014952742354178035	-0.33212041448313684	0.0	(-0.33212041448313684+0j)
-0.5725	-0.32775625	-0.0014944315691305709	-0.32925082268832556	0.0	(-0.32925082268832556+0j)
-0.5700000000000001	-0.3249000000000001	-0.0014935777909846704	-0.32639371978746723	0.0	(-0.32639371978746723+0j)
-0.5675	-0.32205625	-0.001492712704768603	-0.323549105584343	0.0	(-0.323549105584343+0j)
-0.5650000000000001	-0.3192250000000001	-0.0014918361099235985	-0.32071697987838316	0.0	(-0.32071697987838316+0j)
-0.5625	-0.31640625	-0.0014909478014278807	-0.3178973424645539	0.0	(-0.3178973424645539+0j)
-0.56	-0.31360000000000005	-0.0014900475696773665	-0.31509019313323167	0.0	(-0.31509019313323167+0j)
-0.5575	-0.31080625	-0.0014891352003626782	-0.3122955316700943	0.0	(-0.3122955316700943+0j)
-0.555	-0.30802500000000005	-0.0014882104743423434	-0.3095133578559698	0.0	(-0.3095133578559698+0j)
-0.5525	-0.30525625	-0.0014872731675120538	-0.3067436714667322	0.0	(-0.3067436714667322+0j)
-0.55	-0.30250000000000005	-0.00148632305066985	-0.3039864722731511	0.0	(-0.3039864722731511+0j)
-0.5475	-0.29975625	-0.001485359889377091	-0.3012417600407523	0.0	(-0.3012417600407523+0j)
-0.545	-0.29702500000000004	-0.001484383443815073	-0.29850953452967605	0.0	(-0.29850953452967605+0j)
-0.5425	-0.29430625	-0.0014833934686371416	-0.29578979549454354	0.0	(-0.29578979549454354+0j)
-0.54	-0.2916	-0.0014823897128161561	-0.2930825426842729	0.0	(-0.2930825426842729+0j)
-0.5375	-0.28890625	-0.0014813719194871392	-0.2903877758419515	0.0	(-0.2903877758419515+0j)
-0.535	-0.286225	-0.001480339825784962	-0.28770549470466256	0.0	(-0.28770549470466256+0j)
-0.5325	-0.28355624999999995	-0.0014792931626768885	-0.2850356990033095	0.0	(-0.2850356990033095+0j)
-0.53	-0.28090000000000004	-0.0014782316547898209	-0.28237838846245555	0.0	(-0.28237838846245555+0j)
-0.5275	-0.27825625	-0.0014771550202320577	-0.2797335628001377	0.0	(-0.2797335628001377+0j)
-0.525	-0.275625	-0.0014760629704093971	-0.2771012217276852	0.0	(-0.2771012217276852+0j)
-0.5225	-0.27300624999999995	-0.001474955209835392	-0.2744813649495299	0.0	(-0.2744813649495299+0j)
-0.52	-0.27040000000000003	-0.0014738314359355742	-0.27187399216300867	0.0	(-0.27187399216300867+0j)
-0.5175	-0.26780624999999997	-0.0014726913388454495	-0.2692791030581632	0.0	(-0.2692791030581632+0j)
-0.515	-0.265225	-0.001471534601202069	-0.2666966973175244	0.0	(-0.2666966973175244+0j)
-0.5125	-0.26265625	-0.00147036089792897	-0.26412677461591	0.0	(-0.26412677461591+0j)
-0.51	-0.2601	-0.0014691698960142853	-0.2615693346201921	0.0	(-0.2615693346201921+0j)
-0.5075000000000001	-0.25755625000000004	-0.0014679612542818044	-0.2590243769890682	0.0	(-0.2590243769890682+0j)
-0.505	-0.255025	-0.0014667346231547783	-0.25649190137282835	0.0	(-0.25649190137282835+0j)
-0.5025000000000001	-0.25250625000000004	-0.001465489644412245	-0.2539719074131115	0.0	(-0.2539719074131115+0j)
-0.5	-0.25	-0.0014642259509376559	-0.2514643947426502	0.0	(-0.2514643947426502+0j)
-0.4975	-0.24750625	-0.0014629431664595828	-0.2489693629850127	0.0	(-0.2489693629850127+0j)
-0.495	-0.245025	-0.0014616409052842767	-0.2464868117543387	0.0	(-0.2464868117543387+0j)
-0.4925	-0.24255625	-0.0014603187720198493	-0.24401674065505297	0.0	(-0.24401674065505297+0j)
-0.49	-0.24009999999999998	-0.0014589763612918533	-0.24155914928159258	0.0	(-0.24155914928159258+0j)
-0.4875	-0.23765624999999999	-0.0014576132574500285	-0.23911403721810465	0.0	(-0.23911403721810465+0j)
-0.485	-0.235225	-0.0014562290342659849	-0.23668140403814752	0.0	(-0.23668140403814752+0j)
-0.4825	-0.23280625	-0.0014548232546215953	-0.2342612493043799	0.0	(-0.2342612493043799+0j)
-0.48	-0.2304	-0.0014533954701878746	-0.2318535725682292	0.0	(-0.2318535725682292+0j)
-0.47750000000000004	-0.22800625000000002	-0.0014519452210941146	-0.2294583733695788	0.0	(-0.2294583733695788+0j)
-0.47500000000000003	-0.22562500000000002	-0.0014504720355870634	-0.22707565123640625	0.0	(-0.22707565123640625+0j)
-0.47250000000000003	-0.22325625000000002	-0.00144897542967993	-0.22470540568444314	0.0	(-0.22470540568444314+0j)
-0.47000000000000003	-0.22090000000000004	-0.0014474549067910107	-0.22234763621681658	0.0	(-0.22234763621681658+0j)
-0.4675	-0.21855625000000004	-0.0014459099573717314	-0.2200023423236618	0.0	(-0.2200023423236618+0j)
-0.465	-0.21622500000000003	-0.0014443400585239248	-0.21766952348175597	0.0	(-0.21766952348175597+0j)
-0.4625	-0.21390625000000002	-0.0014427446736061545	-0.21534917915411061	0.0	(-0.21534917915411061+0j)
-0.46	-0.2116	-0.0014411232518289278	-0.21304130878957242	0.0	(-0.21304130878957242+0j)
-0.4575	-0.20930625000000003	-0.0014394752278386394	-0.21074591182240493	0.0	(-0.21074591182240493+0j)
-0.455	-0.20702500000000001	-0.0014378000212901202	-0.2084629876718607	0.0	(-0.2084629876718607+0j)
-0.4525	-0.20475625	-0.0014360970364076708	-0.2061925357417414	0.0	(-0.2061925357417414+0j)
-0.45	-0.2025	-0.0014343656615344903	-0.2039345554199429	0.0	(-0.2039345554199429+0j)
-0.4475	-0.20025625	-0.0014326052686704338	-0.2016890460780015	0.0	(-0.2016890460780015+0j)
-0.445	-0.198025	-0.001430815212998057	-0.19945600707060657	0.0	(-0.19945600707060657+0j)
-0.4425	-0.19580625000000002	-0.0014289948323969385	-0.19723543773512367	0.0	(-0.19723543773512367+0j)
-0.44	-0.1936	-0.0014271434469463086	-0.19502733739108813	0.0	(-0.19502733739108813+0j)
-0.4375	-0.19140625	-0.0014252603584160365	-0.19283170533970415	0.0	(-0.19283170533970415+0j)
-0.435	-0.189225	-0.0014233448497460884	-0.1906485408633147	0.0	(-0.1906485408633147+0j)
-0.4325	-0.18705625	-0.001421396184514598	-0.18847784322487407	0.0	(-0.18847784322487407+0j)
-0.43	-0.18489999999999998	-0.0014194136063947441	-0.18631961166739855	0.0	(-0.18631961166739855+0j)
-0.4275	-0.18275624999999998	-0.0014173963386006872	-0.18417384541341586	0.0	(-0.18417384541341586+0j)
-0.425	-0.18062499999999998	-0.0014153435833228665	-0.182040543664396	0.0	(-0.182040543664396+0j)
-0.4225	-0.17850624999999998	-0.001413254521153028	-0.17991970560017498	0.0	(-0.17991970560017498+0j)
-0.42	-0.17639999999999997	-0.0014111283104994174	-0.17781133037836913	0.0	(-0.17781133037836913+0j)
-0.4175	-0.17430625	-0.0014089640869926416	-0.17571541713378241	0.0	(-0.17571541713378241+0j)
-0.41500000000000004	-0.17222500000000002	-0.0014067609628827865	-0.17363196497779512	0.0	(-0.17363196497779512+0j)
-0.41250000000000003	-0.17015625000000004	-0.0014045180264284525	-0.17156097299775827	0.0	(-0.17156097299775827+0j)
-0.41000000000000003	-0.16810000000000003	-0.001402234341278467	-0.16950244025636718	0.0	(-0.16950244025636718+0j)
-0.40750000000000003	-0.16605625000000002	-0.0013999089458471192	-0.16745636579104095	0.0	(-0.16745636579104095+0j)
-0.405	-0.16402500000000003	-0.001397540852683865	-0.16542274861328599	0.0	(-0.16542274861328599+0j)
-0.4025	-0.16200625000000002	-0.0013951290478385625	-0.1634015877080597	0.0	(-0.1634015877080597+0j)
-0.4	-0.16000000000000003	-0.001392672490223401	-0.16139288203313454	0.0	(-0.16139288203313454+0j)
-0.3975	-0.15800625000000001	-0.0013901701109728093	-0.1593966305184514	0.0	(-0.1593966305184514+0j)
-0.395	-0.15602500000000002	-0.0013876208128027641	-0.157412832065473	0.0	(-0.157412832065473+0j)
-0.3925	-0.15405625	-0.0013850234693710305	-0.15544148554655574	0.0	(-0.15544148554655574+0j)
-0.39	-0.1521	-0.0013823769246400267	-0.1534825898042923	0.0	(-0.1534825898042923+0j)
-0.3875	-0.15015625000000002	-0.0013796799922441416	-0.15153614365089138	0.0	(-0.15153614365089138+0j)
-0.385	-0.148225	-0.0013769314548634775	-0.14960214586754012	0.0	(-0.14960214586754012+0j)
-0.3825	-0.14630625	-0.0013741300636061651	-0.14768059520378718	0.0	(-0.14768059520378718+0j)
-0.38	-0.1444	-0.0013712745374015519	-0.14577149037693232	0.0	(-0.14577149037693232+0j)
-0.3775	-0.14250625	-0.001368363562406733	-0.14387483007142868	0.0	(-0.14387483007142868+0j)
-0.375	-0.140625	-0.0013653957914290876	-0.14199061293830725	0.0	(-0.14199061293830725+0j)
-0.3725	-0.13875625	-0.001362369843367644	-0.14011883759460653	0.0	(-0.14011883759460653+0j)
-0.37	-0.1369	-0.0013592843026763058	-0.1382595026228432	0.0	(-0.1382595026228432+0j)
-0.3675	-0.13505625	-0.0013561377188521502	-0.13641260657048865	0.0	(-0.13641260657048865+0j)
-0.365	-0.13322499999999998	-0.0013529286059522198	-0.13457814794948608	0.0	(-0.13457814794948608+0j)
-0.3625	-0.13140625	-0.0013496554421424205	-0.1327561252357923	0.0	(-0.1327561252357923+0j)
-0.36	-0.1296	-0.001346316669282358	-0.13094653686896593	0.0	(-0.13094653686896593+0j)
-0.3575	-0.12780624999999998	-0.0013429106925501417	-0.12914938125178269	0.0	(-0.12914938125178269+0j)
-0.355	-0.126025	-0.001339435880111407	-0.1273646567499005	0.0	(-0.1273646567499005+0j)
-0.3525	-0.12425624999999998	-0.001335890562837015	-0.12559236169157534	0.0	(-0.12559236169157534+0j)
-0.35000000000000003	-0.12250000000000003	-0.0013322730340741093	-0.12383249436742852	0.0	(-0.12383249436742852+0j)
-0.34750000000000003	-0.12075625000000002	-0.0013285815494754152	-0.12208505303027044	0.0	(-0.12208505303027044+0j)
-0.34500000000000003	-0.11902500000000002	-0.0013248143268918902	-0.12035003589498777	0.0	(-0.12035003589498777+0j)
-0.3425	-0.11730625000000001	-0.0013209695463340379	-0.11862744113850268	0.0	(-0.11862744113850268+0j)
-0.34	-0.11560000000000002	-0.001317045350007413	-0.1169172668998026	0.0	(-0.1169172668998026+0j)
-0.3375	-0.11390625000000001	-0.0013130398424280399	-0.11521951128004937	0.0	(-0.11521951128004937+0j)
-0.335	-0.11222500000000002	-0.001308951090623672	-0.1135341723427796	0.0	(-0.1135341723427796+0j)
-0.3325	-0.11055625000000001	-0.0013047771244270089	-0.11186124811418864	0.0	(-0.11186124811418864+0j)
-0.33	-0.10890000000000001	-0.0013005159368671617	-0.11020073658351842	0.0	(-0.11020073658351842+0j)
-0.3275	-0.10725625000000001	-0.0012961654846658387	-0.10855263570355016	0.0	(-0.10855263570355016+0j)
-0.325	-0.10562500000000001	-0.0012917236888448762	-0.1069169433912058	0.0	(-0.1069169433912058+0j)
-0.3225	-0.10400625000000001	-0.0012871884354518821	-0.10529365752826535	0.0	(-0.10529365752826535+0j)
-0.32	-0.1024	-0.001282557576410897	-0.1036827759622165	0.0	(-0.1036827759622165+0j)
-0.3175	-0.10080625	-0.001277828930505081	-0.10208429650722903	0.0	(-0.10208429650722903+0j)
-0.315	-0.09922500000000001	-0.0012730002844985302	-0.10049821694527084	0.0	(-0.10049821694527084+0j)
-0.3125	-0.09765625	-0.0012680693944044003	-0.09892453502737548	0.0	(-0.09892453502737548+0j)
-0.31	-0.0961	-0.0012630339869065578	-0.0973632484750487	0.0	(-0.0973632484750487+0j)
-0.3075	-0.09455625	-0.0012578917609420016	-0.09581435498185753	0.0	(-0.09581435498185753+0j)
-0.305	-0.093025	-0.0012526403894512967	-0.09427785221516177	0.0	(-0.09427785221516177+0j)
-0.3025	-0.09150625	-0.0012472775213042183	-0.09275373781804636	0.0	(-0.09275373781804636+0j)
-0.3	-0.09	-0.001241800783407746	-0.09124200941141615	0.0	(-0.09124200941141615+0j)
-0.2975	-0.08850625	-0.0012362077830034384	-0.08974266459629077	0.0	(-0.08974266459629077+0j)
-0.295	-0.08702499999999999	-0.0012304961101610873	-0.0882557009562952	0.0	(-0.0882557009562952+0j)
-0.2925	-0.08555624999999999	-0.001224663340475372	-0.08678111606034647	0.0	(-0.08678111606034647+0j)
-0.29	-0.0841	-0.0012187070379720175	-0.08531890746555972	0.0	(-0.08531890746555972+0j)
-0.28750000000000003	-0.08265625000000001	-0.0012126247582297071	-0.08386907272036531	0.0	(-0.08386907272036531+0j)
-0.28500000000000003	-0.08122500000000002	-0.0012064140517236937	-0.08243160936784721	0.0	(-0.08243160936784721+0j)
-0.28250000000000003	-0.07980625000000002	-0.0012000724673967111	-0.08100651494930873	0.0	(-0.08100651494930873+0j)
-0.28	-0.07840000000000001	-0.0011935975564623866	-0.07959378700807833	0.0	(-0.07959378700807833+0j)
-0.2775	-0.07700625000000001	-0.0011869868764459196	-0.07819342309354395	0.0	(-0.07819342309354395+0j)
-0.275	-0.07562500000000001	-0.0011802379954662919	-0.07680542076543218	0.0	(-0.07680542076543218+0j)
-0.2725	-0.07425625000000001	-0.0011733484967637329	-0.07542977759834003	0.0	(-0.07542977759834003+0j)
-0.27	-0.0729	-0.0011663159834755655	-0.07406649118650574	0.0	(-0.07406649118650574+0j)
-0.2675	-0.07155625	-0.0011591380836629068	-0.07271555914884018	0.0	(-0.07271555914884018+0j)
-0.265	-0.07022500000000001	-0.0011518124555899966	-0.07137697913420299	0.0	(-0.07137697913420299+0j)
-0.2625	-0.06890625	-0.0011443367932571637	-0.07005074882694427	0.0	(-0.07005074882694427+0j)
-0.26	-0.06760000000000001	-0.0011367088321876332	-0.06873686595269164	0.0	(-0.06873686595269164+0j)
-0.2575	-0.06630625	-0.0011289263554675063	-0.06743532828439883	0.0	(-0.06743532828439883+0j)
-0.255	-0.065025	-0.0011209872000373343	-0.06614613364864125	0.0	(-0.06614613364864125+0j)
-0.2525	-0.06375625	-0.00111288926323272	-0.06486927993216773	0.0	(-0.06486927993216773+0j)
-0.25	-0.0625	-0.0011046305095703788	-0.06360476508869728	0.0	(-0.06360476508869728+0j)
-0.2475	-0.06125625	-0.0010962089777750014	-0.062352587145956206	0.0	(-0.062352587145956206+0j)
-0.245	-0.060024999999999995	-0.0010876227880411487	-0.06111274421295711	0.0	(-0.06111274421295711+0j)
-0.2425	-0.05880625	-0.0010788701495232427	-0.05988523448750376	0.0	(-0.05988523448750376+0j)
-0.24	-0.0576	-0.0010699493680455098	-0.05867005626392063	0.0	(-0.05867005626392063+0j)
-0.23750000000000002	-0.056406250000000005	-0.0010608588540224825	-0.05746720794099423	0.0	(-0.05746720794099423+0j)
-0.23500000000000001	-0.05522500000000001	-0.0010515971305793867	-0.056276688030117226	0.0	(-0.056276688030117226+0j)
-0.2325	-0.05405625000000001	-0.0010421628418604229	-0.05509849516362306	0.0	(-0.05509849516362306+0j)
-0.23	-0.0529	-0.0010325547615116055	-0.053932628103297714	0.0	(-0.053932628103297714+0j)
-0.2275	-0.051756250000000004	-0.001022771801323464	-0.05277908574905413	0.0	(-0.05277908574905413+0j)
-0.225	-0.050625	-0.0010128130200175148	-0.05163786714775183	0.0	(-0.05163786714775183+0j)
-0.2225	-0.04950625	-0.0010026776321590254	-0.05050897150214902	0.0	(-0.05050897150214902+0j)
-0.22	-0.0484	-0.000992365017177187	-0.049392398179960405	0.0	(-0.049392398179960405+0j)
-0.2175	-0.04730625	-0.0009818747284724017	-0.04828814672301053	0.0	(-0.04828814672301053+0j)
-0.215	-0.046224999999999995	-0.0009712065025889999	-0.04719621685644881	0.0	(-0.04719621685644881+0j)
-0.2125	-0.045156249999999995	-0.0009603602684303186	-0.0461166084980161	0.0	(-0.0461166084980161+0j)
-0.21	-0.04409999999999999	-0.0009493361564917042	-0.04504932176733064	0.0	(-0.04504932176733064+0j)
-0.20750000000000002	-0.043056250000000004	-0.0009381345080856717	-0.04399435699516584	0.0	(-0.04399435699516584+0j)
-0.20500000000000002	-0.04202500000000001	-0.0009267558845321498	-0.04295171473270219	0.0	(-0.04295171473270219+0j)
-0.2025	-0.04100625000000001	-0.0009152010762854916	-0.04192139576071534	0.0	(-0.04192139576071534+0j)
-0.2	-0.04000000000000001	-0.0009034711119687199	-0.04090340109867895	0.0	(-0.04090340109867895+0j)
-0.1975	-0.039006250000000006	-0.0008915672672843397	-0.039897732013747106	0.0	(-0.039897732013747106+0j)
-0.195	-0.038025	-0.0008794910737699791	-0.03890439002958787	0.0	(-0.03890439002958787+0j)
-0.1925	-0.03705625	-0.0008672443273661129	-0.03792337693503392	0.0	(-0.03792337693503392+0j)
-0.19	-0.0361	-0.000854829096762234	-0.03695469479252379	0.0	(-0.03695469479252379+0j)
-0.1875	-0.03515625	-0.0008422477314870007	-0.035998345946292754	0.0	(-0.035998345946292754+0j)
-0.185	-0.034225	-0.0008295028697071969	-0.035054333030284296	0.0	(-0.035054333030284296+0j)
-0.1825	-0.033306249999999996	-0.0008165974456997298	-0.03412265897575211	0.0	(-0.03412265897575211+0j)
-0.18	-0.0324	-0.0008035346969604191	-0.033203327018511294	0.0	(-0.033203327018511294+0j)
-0.1775	-0.03150625	-0.0007903181709129705	-0.03229634070581171	0.0	(-0.03229634070581171+0j)
-0.17500000000000002	-0.030625000000000006	-0.0007769517311813184	-0.03140170390279606	0.0	(-0.03140170390279606+0j)
-0.17250000000000001	-0.029756250000000005	-0.0007634395633884428	-0.030519420798510614	0.0	(-0.030519420798510614+0j)
-0.17	-0.028900000000000006	-0.0007497861804448408	-0.029649495911436993	0.0	(-0.029649495911436993+0j)
-0.1675	-0.028056250000000005	-0.0007359964272900609	-0.028791934094504337	0.0	(-0.028791934094504337+0j)
-0.165	-0.027225000000000003	-0.0007220754850511006	-0.027946740539556307	0.0	(-0.027946740539556307+0j)
-0.1625	-0.026406250000000003	-0.0007080288745820221	-0.02711392078123055	0.0	(-0.02711392078123055+0j)
-0.16	-0.0256	-0.0006938624593498672	-0.02629348070022131	0.0	(-0.02629348070022131+0j)
-0.1575	-0.024806250000000002	-0.0006795824476328507	-0.025485426525880407	0.0	(-0.025485426525880407+0j)
-0.155	-0.024025	-0.0006651953939978896	-0.024689764838121558	0.0	(-0.024689764838121558+0j)
-0.1525	-0.02325625	-0.0006507082000257797	-0.023906502568582344	0.0	(-0.023906502568582344+0j)
-0.15	-0.0225	-0.0006361281142537641	-0.02313564700099766	0.0	(-0.02313564700099766+0j)
-0.1475	-0.021756249999999998	-0.0006214627313068546	-0.022377205770731445	0.0	(-0.022377205770731445+0j)
-0.145	-0.021025	-0.0006067199901910594	-0.02163118686340791	0.0	(-0.02163118686340791+0j)
-0.14250000000000002	-0.020306250000000005	-0.0005919081717236428	-0.020897598612582235	0.0	(-0.020897598612582235+0j)
-0.14	-0.019600000000000003	-0.0005770358950776866	-0.02017644969637125	0.0	(-0.02017644969637125+0j)
-0.1375	-0.018906250000000003	-0.000562112113420543	-0.01946774913297576	0.0	(-0.01946774913297576+0j)
-0.135	-0.018225	-0.0005471461086282485	-0.01877150627499929	0.0	(-0.01877150627499929+0j)
-0.1325	-0.017556250000000002	-0.0005321474850606159	-0.01808773080248054	0.0	(-0.01808773080248054+0j)
-0.13	-0.016900000000000002	-0.0005171261623845127	-0.0174164327145386	0.0	(-0.0174164327145386+0j)
-0.1275	-0.01625625	-0.0005020923674357836	-0.01675762231953786	0.0	(-0.01675762231953786+0j)
-0.125	-0.015625	-0.00048705662511334773	-0.016111310223676217	0.0	(-0.016111310223676217+0j)
-0.1225	-0.015006249999999999	-0.0004720297483022061	-0.015477507317911521	0.0	(-0.015477507317911521+0j)
-0.12	-0.0144	-0.00045702282682542027	-0.014856224763148851	0.0	(-0.014856224763148851+0j)
-0.11750000000000001	-0.013806250000000003	-0.0004420472154285399	-0.014247473973635155	0.0	(-0.014247473973635155+0j)
-0.115	-0.013225	-0.00042711452080346907	-0.013651266598528338	0.0	(-0.013651266598528338+0j)
-0.1125	-0.01265625	-0.00041223658766236133	-0.013067614501642774	0.0	(-0.013067614501642774+0j)
-0.11	-0.0121	-0.0003974254838757629	-0.012496529739411077	0.0	(-0.012496529739411077+0j)
-0.1075	-0.011556249999999999	-0.0003826934846929476	-0.011938024537142574	0.0	(-0.011938024537142574+0j)
-0.105	-0.011024999999999998	-0.00036805305606608333	-0.01139211126370491	0.0	(-0.01139211126370491+0j)
-0.10250000000000001	-0.010506250000000002	-0.000353516837103635	-0.010858802404800295	0.0	(-0.010858802404800295+0j)
-0.1	-0.010000000000000002	-0.0003390976216821246	-0.01033811053504817	0.0	(-0.01033811053504817+0j)
-0.0975	-0.00950625	-0.0003248083392490954	-0.009830048289119878	0.0	(-0.009830048289119878+0j)
-0.095	-0.009025	-0.0003106620348537852	-0.009334628332196789	0.0	(-0.009334628332196789+0j)
-0.0925	-0.00855625	-0.00029667184844564586	-0.008851863330033762	0.0	(-0.008851863330033762+0j)
-0.09	-0.0081	-0.0002828509934843606	-0.008381765918911483	0.0	(-0.008381765918911483+0j)
-0.08750000000000001	-0.007656250000000002	-0.00026921273490847566	-0.007924348675747105	0.0	(-0.007924348675747105+0j)
-0.085	-0.007225000000000001	-0.00025577036651305667	-0.00747962408861513	0.0	(-0.00747962408861513+0j)
-0.0825	-0.006806250000000001	-0.00024253718779002195	-0.007047604527907407	0.0	(-0.007047604527907407+0j)
-0.08	-0.0064	-0.00022952648028778293	-0.006628302218348068	0.0	(-0.006628302218348068+0j)
-0.0775	-0.00600625	-0.0002167514835497682	-0.006221729212076529	0.0	(-0.006221729212076529+0j)
-0.075	-0.005625	-0.00020422537069403075	-0.005827897363038886	0.0	(-0.005827897363038886+0j)
-0.0725	-0.00525625	-0.0001919612236986742	-0.005446818302978746	0.0	(-0.005446818302978746+0j)
-0.07	-0.004900000000000001	-0.00017997200846007252	-0.005078503419404318	0.0	(-0.005078503419404318+0j)
-0.0675	-0.00455625	-0.00016827054969290305	-0.004722963836017853	0.0	(-0.004722963836017853+0j)
-0.065	-0.0042250000000000005	-0.00015686950574281613	-0.004380210396216371	0.0	(-0.004380210396216371+0j)
-0.0625	-0.00390625	-0.0001457813433840601	-0.004050253650382593	0.0	(-0.004050253650382593+0j)
-0.06	-0.0036	-0.00013501831267567852	-0.0037331038477554012	0.0	(-0.0037331038477554012+0j)
-0.0575	-0.00330625	-0.00012459242195083688	-0.003428770933654991	0.0	(-0.003428770933654991+0j)
-0.055	-0.003025	-0.00011451541301455564	-0.0031372645526987646	0.0	(-0.0031372645526987646+0j)
-0.0525	-0.0027562499999999996	-0.00010479873662546518	-0.002858594058325708	0.0	(-0.002858594058325708+0j)
-0.05	-0.0025000000000000005	-9.545352833733971e-05	-0.0025927685283983048	0.0	(-0.0025927685283983048+0j)
-0.0475	-0.00225625	-8.6490584775889e-05	-0.0023397967858073674	0.0	(-0.0023397967858073674+0j)
-0.045	-0.002025	-7.792034042573837e-05	-0.002099687421785366	0.0	(-0.002099687421785366+0j)
-0.0425	-0.0018062500000000003	-6.975284500173803e-05	-0.0018724488179148308	0.0	(-0.0018724488179148308+0j)
-0.04	-0.0016	-6.199774147745696e-05	-0.0016580891603824852	0.0	(-0.0016580891603824852+0j)
-0.0375	-0.00140625	-5.466424484237842e-05	-0.0014566164364753454	0.0	(-0.0014566164364753454+0j)
-0.035	-0.0012250000000000002	-4.7761121657333844e-05	-0.001268038397863359	0.0	(-0.001268038397863359+0j)
-0.0325	-0.0010562500000000001	-4.129667047578223e-05	-0.0010923624663254415	0.0	(-0.0010923624663254415+0j)
-0.03	-0.0009	-3.52787031960497e-05	-0.0009295955421277369	0.0	(-0.0009295955421277369+0j)
-0.0275	-0.00075625	-2.971452740697239e-05	-0.0007797436467447095	0.0	(-0.0007797436467447095+0j)
-0.025	-0.0006250000000000001	-2.4610929786429703e-05	-0.000642811275901304	0.0	(-0.000642811275901304+0j)
-0.0225	-0.00050625	-1.9974160608941804e-05	-0.000518800224123727	0.0	(-0.000518800224123727+0j)
-0.02	-0.0004	-1.5809919415257778e-05	-0.0004077073930886126	0.0	(-0.0004077073930886126+0j)
-0.0175	-0.00030625000000000004	-1.2123341892711359e-05	-0.0003095205328555691	0.0	(-0.0003095205328555691+0j)
-0.015	-0.000225	-8.918988011613616e-06	-0.00022420958527603457	0.0	(-0.00022420958527603457+0j)
-0.0125	-0.00015625000000000003	-6.20083145841388e-06	-0.00015170895603503523	0.0	(-0.00015170895603503523+0j)
-0.01	-0.0001	-3.9722504023842475e-06	-9.189121159018674e-05	0.0	(-9.189121159018674e-05+0j)
-0.0075	-5.625e-05	-2.236019627677166e-06	-4.4711889497269636e-05	0.0	(-4.4711889497269636e-05+0j)
-0.005	-2.5e-05	-9.943040577553575e-07	-1.2402999356939213e-05	0.0	(-1.2402999356939213e-05+0j)
-0.0025	-6.25e-06	-2.486536967438724e-07	2.300965001216307e-18	-3.9246664697788107e-05	(2.300965001216307e-18-3.9246664697788107e-05j)
0.0025	6.25e-06	2.486536967438724e-07	2.300965001216307e-18	3.9246664697788107e-05	(2.300965001216307e-18+3.9246664697788107e-05j)
0.005	2.5e-05	9.943040577553575e-07	1.2402999356940462e-05	0.0	(1.2402999356940462e-05+0j)
0.0075	5.625e-05	2.236019627677166e-06	4.471188949725923e-05	0.0	(4.471188949725923e-05+0j)
0.01	0.0001	3.9722504023842475e-06	9.18912115901237e-05	0.0	(9.18912115901237e-05+0j)
0.0125	0.00015625000000000003	6.20083145841388e-06	0.00015170895603502005	0.0	(0.00015170895603502005+0j)
0.015	0.000225	8.918988011613616e-06	0.00022420958527601562	0.0	(0.00022420958527601562+0j)
0.0175	0.00030625000000000004	1.2123341892711359e-05	0.0003095205328555583	0.0	(0.0003095205328555583+0j)
0.02	0.0004	1.5809919415257778e-05	0.00040770739308856375	0.0	(0.00040770739308856375+0j)
0.0225	0.00050625	1.9974160608941804e-05	0.0005188002241237116	0.0	(0.0005188002241237116+0j)
0.025	0.0006250000000000001	2.4610929786429703e-05	0.0006428112759013257	0.0	(0.0006428112759013257+0j)
0.0275	0.00075625	2.971452740697239e-05	0.0007797436467447024	0.0	(0.0007797436467447024+0j)
0.03	0.0009	3.52787031960497e-05	0.000929595542127728	0.0	(0.000929595542127728+0j)
0.0325	0.0010562500000000001	4.129667047578223e-05	0.0010923624663254194	0.0	(0.0010923624663254194+0j)
0.035	0.0012250000000000002	4.7761121657333844e-05	0.0012680383978633507	0.0	(0.0012680383978633507+0j)
0.0375	0.00140625	5.466424484237842e-05	0.0014566164364753153	0.0	(0.0014566164364753153+0j)
0.04	0.0016	6.199774147745696e-05	0.001658089160382453	0.0	(0.001658089160382453+0j)
0.0425	0.0018062500000000003	6.975284500173803e-05	0.0018724488179148165	0.0	(0.0018724488179148165+0j)
0.045	0.002025	7.792034042573837e-05	0.0020996874217853326	0.0	(0.0020996874217853326+0j)
0.0475	0.00225625	8.6490584775889e-05	0.0023397967858073613	0.0	(0.0023397967858073613+0j)
0.05	0.0025000000000000005	9.545352833733971e-05	0.0025927685283983065	0.0	(0.0025927685283983065+0j)
0.0525	0.0027562499999999996	0.00010479873662546518	0.0028585940583256797	0.0	(0.0028585940583256797+0j)
0.055	0.003025	0.00011451541301455564	0.0031372645526987213	0.0	(0.0031372645526987213+0j)
0.0575	0.00330625	0.00012459242195083688	0.003428770933654978	0.0	(0.003428770933654978+0j)
0.06	0.0036	0.00013501831267567852	0.0037331038477554108	0.0	(0.0037331038477554108+0j)
0.0625	0.00390625	0.0001457813433840601	0.004050253650382575	0.0	(0.004050253650382575+0j)
0.065	0.0042250000000000005	0.00015686950574281613	0.004380210396216373	0.0	(0.004380210396216373+0j)
0.0675	0.00455625	0.00016827054969290305	0.0047229638360178575	0.0	(0.0047229638360178575+0j)
0.07	0.004900000000000001	0.00017997200846007252	0.00507850341940428	0.0	(0.00507850341940428+0j)
0.0725	0.00525625	0.0001919612236986742	0.005446818302978735	0.0	(0.005446818302978735+0j)
0.075	0.005625	0.00020422537069403075	0.005827897363038876	0.0	(0.005827897363038876+0j)
0.0775	0.00600625	0.0002167514835497682	0.006221729212076502	0.0	(0.006221729212076502+0j)
0.08	0.0064	0.00022952648028778293	0.0066283022183480185	0.0	(0.0066283022183480185+0j)
0.0825	0.006806250000000001	0.00024253718779002195	0.007047604527907406	0.0	(0.007047604527907406+0j)
0.085	0.007225000000000001	0.00025577036651305667	0.007479624088615088	0.0	(0.007479624088615088+0j)
0.08750000000000001	0.007656250000000002	0.00026921273490847566	0.007924348675747121	0.0	(0.007924348675747121+0j)
0.09	0.0081	0.0002828509934843606	0.008381765918911474	0.0	(0.008381765918911474+0j)
0.0925	0.00855625	0.00029667184844564586	0.00885186333003375	0.0	(0.00885186333003375+0j)
0.095	0.009025	0.0003106620348537852	0.009334628332196808	0.0	(0.009334628332196808+0j)
0.0975	0.00950625	0.0003248083392490954	0.00983004828911982	0.0	(0.00983004828911982+0j)
0.1	0.010000000000000002	0.0003390976216821246	0.010338110535048153	0.0	(0.010338110535048153+0j)
0.10250000000000001	0.010506250000000002	0.000353516837103635	0.010858802404800307	0.0	(0.010858802404800307+0j)
0.105	0.011024999999999998	0.00036805305606608333	0.011392111263704924	0.0	(0.011392111263704924+0j)
0.1075	0.011556249999999999	0.0003826934846929476	0.011938024537142582	0.0	(0.011938024537142582+0j)
0.11	0.0121	0.0003974254838757629	0.012496529739411052	0.0	(0.012496529739411052+0j)
0.1125	0.01265625	0.00041223658766236133	0.013067614501642752	0.0	(0.013067614501642752+0j)
0.115	0.013225	0.00042711452080346907	0.013651266598528234	0.0	(0.013651266598528234+0j)
0.11750000000000001	0.013806250000000003	0.0004420472154285399	0.014247473973635195	0.0	(0.014247473973635195+0j)
0.12	0.0144	0.00045702282682542027	0.01485622476314881	0.0	(0.01485622476314881+0j)
0.1225	0.015006249999999999	0.0004720297483022061	0.015477507317911473	0.0	(0.015477507317911473+0j)
0.125	0.015625	0.00048705662511334773	0.016111310223676196	0.0	(0.016111310223676196+0j)
0.1275	0.01625625	0.0005020923674357836	0.016757622319537913	0.0	(0.016757622319537913+0j)
0.13	0.016900000000000002	0.0005171261623845127	0.017416432714538643	0.0	(0.017416432714538643+0j)
0.1325	0.017556250000000002	0.0005321474850606159	0.01808773080248049	0.0	(0.01808773080248049+0j)
0.135	0.018225	0.0005471461086282485	0.018771506274999083	0.0	(0.018771506274999083+0j)
0.1375	0.018906250000000003	0.000562112113420543	0.019467749132975606	0.0	(0.019467749132975606+0j)
0.14	0.019600000000000003	0.0005770358950776866	0.020176449696371255	0.0	(0.020176449696371255+0j)
0.14250000000000002	0.020306250000000005	0.0005919081717236428	0.02089759861258216	0.0	(0.02089759861258216+0j)
0.145	0.021025	0.0006067199901910594	0.021631186863407974	0.0	(0.021631186863407974+0j)
0.1475	0.021756249999999998	0.0006214627313068546	0.02237720577073112	0.0	(0.02237720577073112+0j)
0.15	0.0225	0.0006361281142537641	0.023135647000997725	0.0	(0.023135647000997725+0j)
0.1525	0.02325625	0.0006507082000257797	0.02390650256858215	0.0	(0.02390650256858215+0j)
0.155	0.024025	0.0006651953939978896	0.02468976483812159	0.0	(0.02468976483812159+0j)
0.1575	0.024806250000000002	0.0006795824476328507	0.025485426525880345	0.0	(0.025485426525880345+0j)
0.16	0.0256	0.0006938624593498672	0.02629348070022139	0.0	(0.02629348070022139+0j)
0.1625	0.026406250000000003	0.0007080288745820221	0.027113920781230576	0.0	(0.027113920781230576+0j)
0.165	0.027225000000000003	0.0007220754850511006	0.027946740539556262	0.0	(0.027946740539556262+0j)
0.1675	0.028056250000000005	0.0007359964272900609	0.02879193409450433	0.0	(0.02879193409450433+0j)
0.17	0.028900000000000006	0.0007497861804448408	0.029649495911437233	0.0	(0.029649495911437233+0j)
0.17250000000000001	0.029756250000000005	0.0007634395633884428	0.030519420798510798	0.0	(0.030519420798510798+0j)
0.17500000000000002	0.030625000000000006	0.0007769517311813184	0.03140170390279582	0.0	(0.03140170390279582+0j)
0.1775	0.03150625	0.0007903181709129705	0.03229634070581182	0.0	(0.03229634070581182+0j)
0.18	0.0324	0.0008035346969604191	0.03320332701851161	0.0	(0.03320332701851161+0j)
0.1825	0.033306249999999996	0.0008165974456997298	0.03412265897575209	0.0	(0.03412265897575209+0j)
0.185	0.034225	0.0008295028697071969	0.03505433303028417	0.0	(0.03505433303028417+0j)
0.1875	0.03515625	0.0008422477314870007	0.035998345946292545	0.0	(0.035998345946292545+0j)
0.19	0.0361	0.000854829096762234	0.03695469479252357	0.0	(0.03695469479252357+0j)
0.1925	0.03705625	0.0008672443273661129	0.037923376935033976	0.0	(0.037923376935033976+0j)
0.195	0.038025	0.0008794910737699791	0.038904390029587774	0.0	(0.038904390029587774+0j)
0.1975	0.039006250000000006	0.0008915672672843397	0.03989773201374712	0.0	(0.03989773201374712+0j)
0.2	0.04000000000000001	0.0009034711119687199	0.04090340109867903	0.0	(0.04090340109867903+0j)
0.2025	0.04100625000000001	0.0009152010762854916	0.04192139576071524	0.0	(0.04192139576071524+0j)
0.20500000000000002	0.04202500000000001	0.0009267558845321498	0.04295171473270218	0.0	(0.04295171473270218+0j)
0.20750000000000002	0.043056250000000004	0.0009381345080856717	0.04399435699516593	0.0	(0.04399435699516593+0j)
0.21	0.04409999999999999	0.0009493361564917042	0.04504932176733084	0.0	(0.04504932176733084+0j)
0.2125	0.045156249999999995	0.0009603602684303186	0.04611660849801612	0.0	(0.04611660849801612+0j)
0.215	0.046224999999999995	0.0009712065025889999	0.04719621685644875	0.0	(0.04719621685644875+0j)
0.2175	0.04730625	0.0009818747284724017	0.04828814672301033	0.0	(0.04828814672301033+0j)
0.22	0.0484	0.000992365017177187	0.04939239817996055	0.0	(0.04939239817996055+0j)
0.2225	0.04950625	0.0010026776321590254	0.05050897150214871	0.0	(0.05050897150214871+0j)
0.225	0.050625	0.0010128130200175148	0.05163786714775152	0.0	(0.05163786714775152+0j)
0.2275	0.051756250000000004	0.001022771801323464	0.05277908574905402	0.0	(0.05277908574905402+0j)
0.23	0.0529	0.0010325547615116055	0.053932628103297985	0.0	(0.053932628103297985+0j)
0.2325	0.05405625000000001	0.0010421628418604229	0.05509849516362315	0.0	(0.05509849516362315+0j)
0.23500000000000001	0.05522500000000001	0.0010515971305793867	0.05627668803011729	0.0	(0.05627668803011729+0j)
0.23750000000000002	0.056406250000000005	0.0010608588540224825	0.05746720794099429	0.0	(0.05746720794099429+0j)
0.24	0.0576	0.0010699493680455098	0.058670056263920786	0.0	(0.058670056263920786+0j)
0.2425	0.05880625	0.0010788701495232427	0.059885234487503575	0.0	(0.059885234487503575+0j)
0.245	0.060024999999999995	0.0010876227880411487	0.061112744212956906	0.0	(0.061112744212956906+0j)
0.2475	0.06125625	0.0010962089777750014	0.06235258714595588	0.0	(0.06235258714595588+0j)
0.25	0.0625	0.0011046305095703788	0.063604765088697	0.0	(0.063604765088697+0j)
0.2525	0.06375625	0.00111288926323272	0.06486927993216769	0.0	(0.06486927993216769+0j)
0.255	0.065025	0.0011209872000373343	0.06614613364864139	0.0	(0.06614613364864139+0j)
0.2575	0.06630625	0.0011289263554675063	0.06743532828439855	0.0	(0.06743532828439855+0j)
0.26	0.06760000000000001	0.0011367088321876332	0.06873686595269185	0.0	(0.06873686595269185+0j)
0.2625	0.06890625	0.0011443367932571637	0.07005074882694419	0.0	(0.07005074882694419+0j)
0.265	0.07022500000000001	0.0011518124555899966	0.07137697913420252	0.0	(0.07137697913420252+0j)
0.2675	0.07155625	0.0011591380836629068	0.07271555914883995	0.0	(0.07271555914883995+0j)
0.27	0.0729	0.0011663159834755655	0.07406649118650663	0.0	(0.07406649118650663+0j)
0.2725	0.07425625000000001	0.0011733484967637329	0.07542977759834008	0.0	(0.07542977759834008+0j)
0.275	0.07562500000000001	0.0011802379954662919	0.07680542076543251	0.0	(0.07680542076543251+0j)
0.2775	0.07700625000000001	0.0011869868764459196	0.07819342309354367	0.0	(0.07819342309354367+0j)
0.28	0.07840000000000001	0.0011935975564623866	0.07959378700807815	0.0	(0.07959378700807815+0j)
0.28250000000000003	0.07980625000000002	0.0012000724673967111	0.0810065149493094	0.0	(0.0810065149493094+0j)
0.28500000000000003	0.08122500000000002	0.0012064140517236937	0.08243160936784678	0.0	(0.08243160936784678+0j)
0.28750000000000003	0.08265625000000001	0.0012126247582297071	0.08386907272036599	0.0	(0.08386907272036599+0j)
0.29	0.0841	0.0012187070379720175	0.08531890746556015	0.0	(0.08531890746556015+0j)
0.2925	0.08555624999999999	0.001224663340475372	0.08678111606034616	0.0	(0.08678111606034616+0j)
0.295	0.08702499999999999	0.0012304961101610873	0.08825570095629472	0.0	(0.08825570095629472+0j)
0.2975	0.08850625	0.0012362077830034384	0.08974266459629092	0.0	(0.08974266459629092+0j)
0.3	0.09	0.001241800783407746	0.09124200941141607	0.0	(0.09124200941141607+0j)
0.3025	0.09150625	0.0012472775213042183	0.09275373781804586	0.0	(0.09275373781804586+0j)
0.305	0.093025	0.0012526403894512967	0.09427785221516183	0.0	(0.09427785221516183+0j)
0.3075	0.09455625	0.0012578917609420016	0.09581435498185738	0.0	(0.09581435498185738+0j)
0.31	0.0961	0.0012630339869065578	0.09736324847504907	0.0	(0.09736324847504907+0j)
0.3125	0.09765625	0.0012680693944044003	0.09892453502737474	0.0	(0.09892453502737474+0j)
0.315	0.09922500000000001	0.0012730002844985302	0.10049821694527133	0.0	(0.10049821694527133+0j)
0.3175	0.10080625	0.001277828930505081	0.1020842965072285	0.0	(0.1020842965072285+0j)
0.32	0.1024	0.001282557576410897	0.10368277596221646	0.0	(0.10368277596221646+0j)
0.3225	0.10400625000000001	0.0012871884354518821	0.10529365752826507	0.0	(0.10529365752826507+0j)
0.325	0.10562500000000001	0.0012917236888448762	0.10691694339120615	0.0	(0.10691694339120615+0j)
0.3275	0.10725625000000001	0.0012961654846658387	0.10855263570355121	0.0	(0.10855263570355121+0j)
0.33	0.10890000000000001	0.0013005159368671617	0.11020073658351859	0.0	(0.11020073658351859+0j)
0.3325	0.11055625000000001	0.0013047771244270089	0.11186124811418852	0.0	(0.11186124811418852+0j)
0.335	0.11222500000000002	0.001308951090623672	0.11353417234277946	0.0	(0.11353417234277946+0j)
0.3375	0.11390625000000001	0.0013130398424280399	0.11521951128004898	0.0	(0.11521951128004898+0j)
0.34	0.11560000000000002	0.001317045350007413	0.11691726689980281	0.0	(0.11691726689980281+0j)
0.3425	0.11730625000000001	0.0013209695463340379	0.1186274411385026	0.0	(0.1186274411385026+0j)
0.34500000000000003	0.11902500000000002	0.0013248143268918902	0.12035003589498763	0.0	(0.12035003589498763+0j)
0.34750000000000003	0.12075625000000002	0.0013285815494754152	0.12208505303027084	0.0	(0.12208505303027084+0j)
0.35000000000000003	0.12250000000000003	0.0013322730340741093	0.12383249436742919	0.0	(0.12383249436742919+0j)
0.3525	0.12425624999999998	0.001335890562837015	0.12559236169157592	0.0	(0.12559236169157592+0j)
0.355	0.126025	0.001339435880111407	0.12736465674990072	0.0	(0.12736465674990072+0j)
0.3575	0.12780624999999998	0.0013429106925501417	0.1291493812517833	0.0	(0.1291493812517833+0j)
0.36	0.1296	0.001346316669282358	0.13094653686896632	0.0	(0.13094653686896632+0j)
0.3625	0.13140625	0.0013496554421424205	0.13275612523579258	0.0	(0.13275612523579258+0j)
0.365	0.13322499999999998	0.0013529286059522198	0.1345781479494851	0.0	(0.1345781479494851+0j)
0.3675	0.13505625	0.0013561377188521502	0.13641260657048876	0.0	(0.13641260657048876+0j)
0.37	0.1369	0.0013592843026763058	0.1382595026228439	0.0	(0.1382595026228439+0j)
0.3725	0.13875625	0.001362369843367644	0.14011883759460697	0.0	(0.14011883759460697+0j)
0.375	0.140625	0.0013653957914290876	0.14199061293830592	0.0	(0.14199061293830592+0j)
0.3775	0.14250625	0.001368363562406733	0.14387483007142848	0.0	(0.14387483007142848+0j)
0.38	0.1444	0.0013712745374015519	0.1457714903769312	0.0	(0.1457714903769312+0j)
0.3825	0.14630625	0.0013741300636061651	0.14768059520378718	0.0	(0.14768059520378718+0j)
0.385	0.148225	0.0013769314548634775	0.1496021458675389	0.0	(0.1496021458675389+0j)
0.3875	0.15015625000000002	0.0013796799922441416	0.15153614365089038	0.0	(0.15153614365089038+0j)
0.39	0.1521	0.0013823769246400267	0.15348258980429128	0.0	(0.15348258980429128+0j)
0.3925	0.15405625	0.0013850234693710305	0.1554414855465548	0.0	(0.1554414855465548+0j)
0.395	0.15602500000000002	0.0013876208128027641	0.1574128320654726	0.0	(0.1574128320654726+0j)
0.3975	0.15800625000000001	0.0013901701109728093	0.159396630518451	0.0	(0.159396630518451+0j)
0.4	0.16000000000000003	0.001392672490223401	0.1613928820331357	0.0	(0.1613928820331357+0j)
0.4025	0.16200625000000002	0.0013951290478385625	0.16340158770806004	0.0	(0.16340158770806004+0j)
0.405	0.16402500000000003	0.001397540852683865	0.1654227486132872	0.0	(0.1654227486132872+0j)
0.40750000000000003	0.16605625000000002	0.0013999089458471192	0.16745636579104167	0.0	(0.16745636579104167+0j)
0.41000000000000003	0.16810000000000003	0.001402234341278467	0.16950244025636735	0.0	(0.16950244025636735+0j)
0.41250000000000003	0.17015625000000004	0.0014045180264284525	0.17156097299775838	0.0	(0.17156097299775838+0j)
0.41500000000000004	0.17222500000000002	0.0014067609628827865	0.17363196497779626	0.0	(0.17363196497779626+0j)
0.4175	0.17430625	0.0014089640869926416	0.17571541713378255	0.0	(0.17571541713378255+0j)
0.42	0.17639999999999997	0.0014111283104994174	0.17781133037836888	0.0	(0.17781133037836888+0j)
0.4225	0.17850624999999998	0.001413254521153028	0.1799197056001736	0.0	(0.1799197056001736+0j)
0.425	0.18062499999999998	0.0014153435833228665	0.18204054366439526	0.0	(0.18204054366439526+0j)
0.4275	0.18275624999999998	0.0014173963386006872	0.184173845413416	0.0	(0.184173845413416+0j)
0.43	0.18489999999999998	0.0014194136063947441	0.18631961166739786	0.0	(0.18631961166739786+0j)
0.4325	0.18705625	0.001421396184514598	0.18847784322487474	0.0	(0.18847784322487474+0j)
0.435	0.189225	0.0014233448497460884	0.19064854086331526	0.0	(0.19064854086331526+0j)
0.4375	0.19140625	0.0014252603584160365	0.19283170533970342	0.0	(0.19283170533970342+0j)
0.44	0.1936	0.0014271434469463086	0.19502733739108957	0.0	(0.19502733739108957+0j)
0.4425	0.19580625000000002	0.0014289948323969385	0.1972354377351224	0.0	(0.1972354377351224+0j)
0.445	0.198025	0.001430815212998057	0.19945600707060607	0.0	(0.19945600707060607+0j)
0.4475	0.20025625	0.0014326052686704338	0.20168904607800234	0.0	(0.20168904607800234+0j)
0.45	0.2025	0.0014343656615344903	0.2039345554199443	0.0	(0.2039345554199443+0j)
0.4525	0.20475625	0.0014360970364076708	0.2061925357417403	0.0	(0.2061925357417403+0j)
0.455	0.20702500000000001	0.0014378000212901202	0.20846298767185997	0.0	(0.20846298767185997+0j)
0.4575	0.20930625000000003	0.0014394752278386394	0.21074591182240465	0.0	(0.21074591182240465+0j)
0.46	0.2116	0.0014411232518289278	0.21304130878957228	0.0	(0.21304130878957228+0j)
0.4625	0.21390625000000002	0.0014427446736061545	0.2153491791541108	0.0	(0.2153491791541108+0j)
0.465	0.21622500000000003	0.0014443400585239248	0.2176695234817572	0.0	(0.2176695234817572+0j)
0.4675	0.21855625000000004	0.0014459099573717314	0.2200023423236644	0.0	(0.2200023423236644+0j)
0.47000000000000003	0.22090000000000004	0.0014474549067910107	0.22234763621681786	0.0	(0.22234763621681786+0j)
0.47250000000000003	0.22325625000000002	0.00144897542967993	0.22470540568444353	0.0	(0.22470540568444353+0j)
0.47500000000000003	0.22562500000000002	0.0014504720355870634	0.2270756512364054	0.0	(0.2270756512364054+0j)
0.47750000000000004	0.22800625000000002	0.0014519452210941146	0.22945837336957786	0.0	(0.22945837336957786+0j)
0.48	0.2304	0.0014533954701878746	0.2318535725682304	0.0	(0.2318535725682304+0j)
0.4825	0.23280625	0.0014548232546215953	0.23426124930437903	0.0	(0.23426124930437903+0j)
0.485	0.235225	0.0014562290342659849	0.23668140403814913	0.0	(0.23668140403814913+0j)
0.4875	0.23765624999999999	0.0014576132574500285	0.2391140372181044	0.0	(0.2391140372181044+0j)
0.49	0.24009999999999998	0.0014589763612918533	0.2415591492815919	0.0	(0.2415591492815919+0j)
0.4925	0.24255625	0.0014603187720198493	0.24401674065505227	0.0	(0.24401674065505227+0j)
0.495	0.245025	0.0014616409052842767	0.24648681175433873	0.0	(0.24648681175433873+0j)
0.4975	0.24750625	0.0014629431664595828	0.24896936298501307	0.0	(0.24896936298501307+0j)
0.5	0.25	0.0014642259509376559	0.2514643947426502	0.0	(0.2514643947426502+0j)
0.5025000000000001	0.25250625000000004	0.001465489644412245	0.2539719074131118	0.0	(0.2539719074131118+0j)
0.505	0.255025	0.0014667346231547783	0.25649190137282996	0.0	(0.25649190137282996+0j)
0.5075000000000001	0.25755625000000004	0.0014679612542818044	0.2590243769890692	0.0	(0.2590243769890692+0j)
0.51	0.2601	0.0014691698960142853	0.26156933462019216	0.0	(0.26156933462019216+0j)
0.5125	0.26265625	0.00147036089792897	0.2641267746159106	0.0	(0.2641267746159106+0j)
0.515	0.265225	0.001471534601202069	0.26669669731752577	0.0	(0.26669669731752577+0j)
0.5175	0.26780624999999997	0.0014726913388454495	0.2692791030581637	0.0	(0.2692791030581637+0j)
0.52	0.27040000000000003	0.0014738314359355742	0.27187399216301184	0.0	(0.27187399216301184+0j)
0.5225	0.27300624999999995	0.001474955209835392	0.2744813649495305	0.0	(0.2744813649495305+0j)
0.525	0.275625	0.0014760629704093971	0.277101221727686	0.0	(0.277101221727686+0j)
0.5275	0.27825625	0.0014771550202320577	0.27973356280013706	0.0	(0.27973356280013706+0j)
0.53	0.28090000000000004	0.0014782316547898209	0.2823783884624554	0.0	(0.2823783884624554+0j)
0.5325	0.28355624999999995	0.0014792931626768885	0.28503569900330716	0.0	(0.28503569900330716+0j)
0.535	0.286225	0.001480339825784962	0.28770549470466267	0.0	(0.28770549470466267+0j)
0.5375	0.28890625	0.0014813719194871392	0.2903877758419511	0.0	(0.2903877758419511+0j)
0.54	0.2916	0.0014823897128161561	0.2930825426842721	0.0	(0.2930825426842721+0j)
0.5425	0.29430625	0.0014833934686371416	0.29578979549454154	0.0	(0.29578979549454154+0j)
0.545	0.29702500000000004	0.001484383443815073	0.29850953452967816	0.0	(0.29850953452967816+0j)
0.5475	0.29975625	0.001485359889377091	0.3012417600407487	0.0	(0.3012417600407487+0j)
0.55	0.30250000000000005	0.00148632305066985	0.3039864722731507	0.0	(0.3039864722731507+0j)
0.5525	0.30525625	0.0014872731675120538	0.3067436714667341	0.0	(0.3067436714667341+0j)
0.555	0.30802500000000005	0.0014882104743423434	0.3095133578559695	0.0	(0.3095133578559695+0j)
0.5575	0.31080625	0.0014891352003626782	0.3122955316700915	0.0	(0.3122955316700915+0j)
0.56	0.31360000000000005	0.0014900475696773665	0.3150901931332316	0.0	(0.3150901931332316+0j)
0.5625	0.31640625	0.0014909478014278807	0.31789734246455376	0.0	(0.31789734246455376+0j)
0.5650000000000001	0.3192250000000001	0.0014918361099235985	0.3207169798783824	0.0	(0.3207169798783824+0j)
0.5675	0.32205625	0.001492712704768603	0.32354910558434263	0.0	(0.32354910558434263+0j)
0.5700000000000001	0.3249000000000001	0.0014935777909846704	0.32639371978746484	0.0	(0.32639371978746484+0j)
0.5725	0.32775625	0.0014944315691305709	0.3292508226883264	0.0	(0.3292508226883264+0j)
0.5750000000000001	0.33062500000000006	0.0014952742354178035	0.3321204144831408	0.0	(0.3321204144831408+0j)
0.5775	0.33350625	0.0014961059818228816	0.33500249536388865	0.0	(0.33500249536388865+0j)
0.58	0.3364	0.001496926996196283	0.33789706551842524	0.0	(0.33789706551842524+0j)
0.5825	0.33930625000000003	0.0014977374623681727	0.34080412513057856	0.0	(0.34080412513057856+0j)
0.585	0.34222499999999995	0.0014985375602510047	0.3437236743802654	0.0	(0.3437236743802654+0j)
0.5875	0.34515625000000005	0.0014993274659391067	0.3466557134435744	0.0	(0.3466557134435744+0j)
0.59	0.34809999999999997	0.0015001073518053415	0.34960024249287025	0.0	(0.34960024249287025+0j)
0.5925	0.35105625	0.0015008773865949464	0.35255726169689106	0.0	(0.35255726169689106+0j)
0.595	0.354025	0.0015016377355166377	0.35552677122084	0.0	(0.35552677122084+0j)
0.5975	0.35700625	0.0015023885603310718	0.3585087712264639	0.0	(0.3585087712264639+0j)
0.6	0.36	0.0015031300194367485	0.36150326187214654	0.0	(0.36150326187214654+0j)
0.6025	0.36300625000000003	0.0015038622679534373	0.3645102433129964	0.0	(0.3645102433129964+0j)
0.605	0.366025	0.0015045854578032102	0.3675297157009225	0.0	(0.3675297157009225+0j)
0.6075	0.36905625000000003	0.001505299737789154	0.3705616791847067	0.0	(0.3705616791847067+0j)
0.61	0.3721	0.0015060052536718417	0.3736061339100904	0.0	(0.3736061339100904+0j)
0.6125	0.3751562500000001	0.0015067021482436287	0.37666308001985105	0.0	(0.37666308001985105+0j)
0.615	0.378225	0.001507390561400849	0.37973251765386073	0.0	(0.37973251765386073+0j)
0.6175	0.38130625000000007	0.0015080706302139759	0.3828144469491691	0.0	(0.3828144469491691+0j)
0.62	0.3844	0.0015087424889958113	0.38590886804007013	0.0	(0.38590886804007013+0j)
0.6225	0.38750625000000005	0.0015094062693677668	0.38901578105815454	0.0	(0.38901578105815454+0j)
0.625	0.390625	0.001510062100324299	0.39213518613239456	0.0	(0.39213518613239456+0j)
0.6275000000000001	0.3937562500000001	0.0015107101082955515	0.3952670833892016	0.0	(0.3952670833892016+0j)
0.63	0.39690000000000003	0.0015113504172082689	0.3984114729524651	0.0	(0.3984114729524651+0j)
0.6325000000000001	0.40005625000000006	0.0015119831485450254	0.4015683549436467	0.0	(0.4015683549436467+0j)
0.635	0.403225	0.0015126084214018326	0.4047377294818163	0.0	(0.4047377294818163+0j)
0.6375000000000001	0.4064062500000001	0.0015132263525441687	0.40791959668370725	0.0	(0.40791959668370725+0j)
0.64	0.4096	0.0015138370564614788	0.4111139566637811	0.0	(0.4111139566637811+0j)
0.6425	0.41280624999999993	0.0015144406454201994	0.4143208095342763	0.0	(0.4143208095342763+0j)
0.645	0.41602500000000003	0.0015150372295153452	0.41754015540525646	0.0	(0.41754015540525646+0j)
0.6475	0.41925624999999994	0.001515626916720707	0.42077199438466645	0.0	(0.42077199438466645+0j)
0.65	0.42250000000000004	0.001516209812937701	0.424016326578373	0.0	(0.424016326578373+0j)
0.6525	0.42575624999999995	0.0015167860220429135	0.42727315209022415	0.0	(0.42727315209022415+0j)
0.655	0.42902500000000005	0.0015173556459343756	0.43054247102208487	0.0	(0.43054247102208487+0j)
0.6575	0.43230624999999995	0.0015179187845766112	0.43382428347388924	0.0	(0.43382428347388924+0j)
0.66	0.43560000000000004	0.001518475536044493	0.43711858954367455	0.0	(0.43711858954367455+0j)
0.6625	0.43890625	0.0015190259965659433	0.44042538932764275	0.0	(0.44042538932764275+0j)
0.665	0.44222500000000003	0.0015195702605635126	0.4437446829201767	0.0	(0.4437446829201767+0j)
0.6675	0.44555625	0.0015201084206948713	0.4470764704139072	0.0	(0.4470764704139072+0j)
0.67	0.4489000000000001	0.0015206405678922458	0.45042075189972575	0.0	(0.45042075189972575+0j)
0.6725	0.45225624999999997	0.0015211667914008305	0.45377752746685057	0.0	(0.45377752746685057+0j)
0.675	0.45562500000000006	0.0015216871788162067	0.4571467972028381	0.0	(0.4571467972028381+0j)
0.6775	0.45900625	0.001522201816120797	0.4605285611936381	0.0	(0.4605285611936381+0j)
0.68	0.4624000000000001	0.0015227107877193817	0.4639228195236209	0.0	(0.4639228195236209+0j)
0.6825	0.46580625	0.0015232141764737078	0.46732957227561983	0.0	(0.46732957227561983+0j)
0.685	0.46922500000000006	0.0015237120637362166	0.47074881953094266	0.0	(0.47074881953094266+0j)
0.6875	0.47265625	0.0015242045293829124	0.47418056136943265	0.0	(0.47418056136943265+0j)
0.6900000000000001	0.4761000000000001	0.0015246916518454003	0.47762479786949497	0.0	(0.47762479786949497+0j)
0.6925	0.47955625	0.0015251735081421144	0.48108152910810503	0.0	(0.48108152910810503+0j)
0.6950000000000001	0.4830250000000001	0.0015256501739087651	0.4845507551608713	0.0	(0.4845507551608713+0j)
0.6975	0.48650625000000003	0.0015261217234280196	0.48803247610202904	0.0	(0.48803247610202904+0j)
0.7000000000000001	0.4900000000000001	0.0015265882296584428	0.49152669200451327	0.0	(0.49152669200451327+0j)
0.7025	0.49350625000000004	0.0015270497642627208	0.49503340293995274	0.0	(0.49503340293995274+0j)
0.705	0.49702499999999994	0.0015275063976351827	0.4985526089786977	0.0	(0.4985526089786977+0j)
0.7075	0.50055625	0.0015279581989286442	0.502084310189873	0.0	(0.502084310189873+0j)
0.71	0.5041	0.0015284052360805902	0.5056285066413821	0.0	(0.5056285066413821+0j)
0.7125	0.50765625	0.0015288475758387144	0.509185198399935	0.0	(0.509185198399935+0j)
0.715	0.5112249999999999	0.001529285283785838	0.512754385531082	0.0	(0.512754385531082+0j)
0.7175	0.51480625	0.0015297184243642191	0.516336068099235	0.0	(0.516336068099235+0j)
0.72	0.5184	0.0015301470608992719	0.5199302461676778	0.0	(0.5199302461676778+0j)
0.7225	0.52200625	0.0015305712556227152	0.5235369197986088	0.0	(0.5235369197986088+0j)
0.725	0.525625	0.0015309910696951602	0.5271560890531659	0.0	(0.5271560890531659+0j)
0.7275	0.5292562500000001	0.0015314065632281576	0.5307877539914096	0.0	(0.5307877539914096+0j)
0.73	0.5328999999999999	0.0015318177953057167	0.5344319146724044	0.0	(0.5344319146724044+0j)
0.7325	0.5365562500000001	0.001532224824005311	0.5380885711541865	0.0	(0.5380885711541865+0j)
0.735	0.540225	0.0015326277064183842	0.541757723493817	0.0	(0.541757723493817+0j)
0.7375	0.54390625	0.0015330264986703722	0.5454393717473962	0.0	(0.5454393717473962+0j)
0.74	0.5476	0.0015334212559402498	0.549133515970057	0.0	(0.549133515970057+0j)
0.7425	0.5513062500000001	0.0015338120324796193	0.5528401562160353	0.0	(0.5528401562160353+0j)
0.745	0.555025	0.0015341988816313522	0.5565592925386335	0.0	(0.5565592925386335+0j)
0.7475	0.5587562500000001	0.0015345818558477919	0.5602909249902671	0.0	(0.5602909249902671+0j)
0.75	0.5625	0.0015349610067085361	0.5640350536224971	0.0	(0.5640350536224971+0j)
0.7525000000000001	0.5662562500000001	0.0015353363849378043	0.5677916784860189	0.0	(0.5677916784860189+0j)
0.755	0.570025	0.0015357080404214036	0.571560799630686	0.0	(0.571560799630686+0j)
0.7575000000000001	0.5738062500000001	0.0015360760222233039	0.5753424171055312	0.0	(0.5753424171055312+0j)
0.76	0.5776	0.001536440378601831	0.5791365309587923	0.0	(0.5791365309587923+0j)
0.7625000000000001	0.5814062500000001	0.0015368011570254898	0.5829431412379211	0.0	(0.5829431412379211+0j)
0.765	0.585225	0.001537158404188426	0.5867622479895825	0.0	(0.5867622479895825+0j)
0.7675000000000001	0.5890562500000001	0.0015375121660255345	0.5905938512596943	0.0	(0.5905938512596943+0j)
0.77	0.5929	0.0015378624877272265	0.5944379510934399	0.0	(0.5944379510934399+0j)
0.7725	0.59675625	0.001538209413753862	0.5982945475352558	0.0	(0.5982945475352558+0j)
0.775	0.6006250000000001	0.0015385529878498567	0.6021636406288824	0.0	(0.6021636406288824+0j)
0.7775	0.6045062499999999	0.0015388932530574727	0.6060452304173699	0.0	(0.6060452304173699+0j)
0.78	0.6084	0.0015392302517302993	0.6099393169430634	0.0	(0.6099393169430634+0j)
0.7825	0.6123062499999999	0.0015395640255464335	0.6138459002476591	0.0	(0.6138459002476591+0j)
0.785	0.616225	0.001539894615521367	0.6177649803722053	0.0	(0.6177649803722053+0j)
0.7875	0.62015625	0.0015402220620205863	0.6216965573570842	0.0	(0.6216965573570842+0j)
0.79	0.6241000000000001	0.0015405464047718966	0.6256406312420894	0.0	(0.6256406312420894+0j)
0.7925	0.62805625	0.0015408676828774707	0.6295972020663756	0.0	(0.6295972020663756+0j)
0.795	0.6320250000000001	0.0015411859348256366	0.6335662698685222	0.0	(0.6335662698685222+0j)
0.7975	0.63600625	0.0015415011985024031	0.6375478346865177	0.0	(0.6375478346865177+0j)
0.8	0.6400000000000001	0.0015418135112027368	0.6415418965577927	0.0	(0.6415418965577927+0j)
0.8025	0.64400625	0.0015421229096415918	0.6455484555192258	0.0	(0.6455484555192258+0j)
0.805	0.6480250000000001	0.001542429429964702	0.6495675116071761	0.0	(0.6495675116071761+0j)
0.8075	0.65205625	0.0015427331077591357	0.6535990648574727	0.0	(0.6535990648574727+0j)
0.81	0.6561000000000001	0.001543033978063628	0.6576431153054748	0.0	(0.6576431153054748+0j)
0.8125	0.66015625	0.0015433320753786871	0.6616996629860397	0.0	(0.6616996629860397+0j)
0.8150000000000001	0.6642250000000001	0.0015436274336764844	0.6657687079335782	0.0	(0.6657687079335782+0j)
0.8175	0.66830625	0.0015439200864105353	0.6698502501820846	0.0	(0.6698502501820846+0j)
0.8200000000000001	0.6724000000000001	0.0015442100665251715	0.67394428976512	0.0	(0.67394428976512+0j)
0.8225	0.67650625	0.0015444974064648125	0.6780508267158861	0.0	(0.6780508267158861+0j)
0.8250000000000001	0.6806250000000001	0.0015447821381830429	0.6821698610671988	0.0	(0.6821698610671988+0j)
0.8275	0.6847562500000001	0.0015450642931514936	0.68630139285158	0.0	(0.68630139285158+0j)
0.8300000000000001	0.6889000000000001	0.001545343902368541	0.690445422101245	0.0	(0.690445422101245+0j)
0.8325	0.69305625	0.0015456209963678198	0.6946019488481482	0.0	(0.6946019488481482+0j)
0.835	0.697225	0.0015458956052265599	0.6987709731240264	0.0	(0.6987709731240264+0j)
0.8375	0.70140625	0.001546167758573748	0.7029524949604464	0.0	(0.7029524949604464+0j)
0.84	0.7055999999999999	0.0015464374855981213	0.7071465143888446	0.0	(0.7071465143888446+0j)
0.8425	0.7098062500000001	0.001546704815055992	0.7113530314405756	0.0	(0.7113530314405756+0j)
0.845	0.7140249999999999	0.001546969775278914	0.7155720461469703	0.0	(0.7155720461469703+0j)
0.8475	0.71825625	0.0015472323941811887	0.7198035585394109	0.0	(0.7198035585394109+0j)
0.85	0.7224999999999999	0.0015474926992672176	0.724047568649362	0.0	(0.724047568649362+0j)
0.8525	0.7267562500000001	0.0015477507176387042	0.728304076508478	0.0	(0.728304076508478+0j)
0.855	0.7310249999999999	0.0015480064760017083	0.732573082148663	0.0	(0.732573082148663+0j)
0.8575	0.73530625	0.0015482600006735568	0.7368545856021662	0.0	(0.7368545856021662+0j)
0.86	0.7395999999999999	0.0015485113175896144	0.7411485869016646	0.0	(0.7411485869016646+0j)
0.8625	0.7439062500000001	0.0015487604523099162	0.7454550860803596	0.0	(0.7454550860803596+0j)
0.865	0.748225	0.0015490074300256672	0.749774083172101	0.0	(0.749774083172101+0j)
0.8675	0.75255625	0.0015492522755656106	0.7541055782114858	0.0	(0.7541055782114858+0j)
0.87	0.7569	0.0015494950134022681	0.7584495712339826	0.0	(0.7584495712339826+0j)
0.8725	0.7612562500000001	0.0015497356676580551	0.7628060622760782	0.0	(0.7628060622760782+0j)
0.875	0.765625	0.0015499742621112745	0.7671750513754013	0.0	(0.7671750513754013+0j)
0.8775000000000001	0.7700062500000001	0.0015502108202019897	0.7715565385708841	0.0	(0.7715565385708841+0j)
0.88	0.7744	0.001550445365037782	0.7759505239029048	0.0	(0.7759505239029048+0j)
0.8825000000000001	0.7788062500000001	0.001550677919399395	0.7803570074134989	0.0	(0.7803570074134989+0j)
0.885	0.7832250000000001	0.0015509085057462647	0.7847759891464675	0.0	(0.7847759891464675+0j)
0.8875000000000001	0.7876562500000002	0.0015511371462219436	0.7892074691476346	0.0	(0.7892074691476346+0j)
0.89	0.7921	0.0015513638626594166	0.7936514474649999	0.0	(0.7936514474649999+0j)
0.8925000000000001	0.7965562500000001	0.0015515886765863132	0.7981079241489746	0.0	(0.7981079241489746+0j)
0.895	0.801025	0.0015518116092300184	0.8025768992525781	0.0	(0.8025768992525781+0j)
0.8975	0.80550625	0.0015520326815226836	0.8070583728316852	0.0	(0.8070583728316852+0j)
0.9	0.81	0.0015522519141061397	0.8115523449452604	0.0	(0.8115523449452604+0j)
0.9025	0.81450625	0.0015524693273367169	0.8160588156556187	0.0	(0.8160588156556187+0j)
0.905	0.819025	0.0015526849412899689	0.8205777850286873	0.0	(0.8205777850286873+0j)
0.9075	0.82355625	0.0015528987757653084	0.8251092531343003	0.0	(0.8251092531343003+0j)
0.91	0.8281000000000001	0.001553110850290552	0.8296532200464867	0.0	(0.8296532200464867+0j)
0.9125	0.83265625	0.0015533211841263796	0.8342096858438195	0.0	(0.8342096858438195+0j)
0.915	0.8372250000000001	0.0015535297962707057	0.8387786506097529	0.0	(0.8387786506097529+0j)
0.9175	0.84180625	0.0015537367054629721	0.8433601144330009	0.0	(0.8433601144330009+0j)
0.92	0.8464	0.0015539419301883542	0.8479540774079788	0.0	(0.8479540774079788+0j)
0.9225	0.85100625	0.001554145488681891	0.8525605396352239	0.0	(0.8525605396352239+0j)
0.925	0.8556250000000001	0.0015543473989325352	0.8571795012219782	0.0	(0.8571795012219782+0j)
0.9275	0.86025625	0.001554547678687128	0.8618109622827461	0.0	(0.8618109622827461+0j)
0.93	0.8649000000000001	0.0015547463454542996	0.8664549229399805	0.0	(0.8664549229399805+0j)
0.9325	0.86955625	0.0015549434165082938	0.8711113833249067	0.0	(0.8711113833249067+0j)
0.935	0.8742250000000001	0.0015551389088927254	0.8757803435784366	0.0	(0.8757803435784366+0j)
0.9375	0.87890625	0.0015553328394242642	0.8804618038523055	0.0	(0.8804618038523055+0j)
0.9400000000000001	0.8836000000000002	0.001555525224696252	0.8851557643103994	0.0	(0.8851557643103994+0j)
0.9425	0.88830625	0.0015557160810822511	0.8898622251304226	0.0	(0.8898622251304226+0j)
0.9450000000000001	0.8930250000000001	0.0015559054247395304	0.8945811865059015	0.0	(0.8945811865059015+0j)
0.9475	0.89775625	0.0015560932716124833	0.8993126486486598	0.0	(0.8993126486486598+0j)
0.9500000000000001	0.9025000000000001	0.001556279637435985	0.9040566117919662	0.0	(0.9040566117919662+0j)
0.9525	0.90725625	0.001556464537738687	0.9088130761944816	0.0	(0.9088130761944816+0j)
0.9550000000000001	0.9120250000000001	0.0015566479878462536	0.9135820421452617	0.0	(0.9135820421452617+0j)
0.9575	0.91680625	0.0015568300028845359	0.9183635099702647	0.0	(0.9183635099702647+0j)
0.96	0.9216	0.0015570105977826914	0.9231574800408311	0.0	(0.9231574800408311+0j)
0.9625	0.9264062500000001	0.0015571897872762436	0.927963952784839	0.0	(0.927963952784839+0j)
0.965	0.931225	0.0015573675859100896	0.932782928701726	0.0	(0.932782928701726+0j)
0.9675	0.93605625	0.001557544008041451	0.9376144083829177	0.0	(0.9376144083829177+0j)
0.97	0.9409	0.001557719067842772	0.9424583925402317	0.0	(0.9424583925402317+0j)
0.9725	0.9457562500000001	0.0015578927793045664	0.9473148820461545	0.0	(0.9473148820461545+0j)
0.975	0.9506249999999999	0.0015580651562382127	0.9521838779925154	0.0	(0.9521838779925154+0j)
0.9775	0.9555062500000001	0.0015582362122786996	0.9570653817784551	0.0	(0.9570653817784551+0j)
0.98	0.9603999999999999	0.0015584059608873217	0.961959395247119	0.0	(0.961959395247119+0j)
0.9825	0.96530625	0.0015585744153543291	0.9668659209074333	0.0	(0.9668659209074333+0j)
0.985	0.970225	0.001558741588801528	0.9717849623132184	0.0	(0.9717849623132184+0j)
0.9875	0.9751562500000001	0.001558907494184836	0.9767165247559237	0.0	(0.9767165247559237+0j)
0.99	0.9801	0.0015590721442967934	0.9816606166437825	0.0	(0.9816606166437825+0j)
0.9925	0.9850562500000001	0.0015592355517690276	0.9866172525868178	0.0	(0.9866172525868178+0j)
0.995	0.990025	0.0015593977290746777	0.9915864615571615	0.0	(0.9915864615571615+0j)
0.9975	0.9950062500000001	0.0015595586885307734	0.9965683150981497	0.0	(0.9965683150981497+0j)
1.0	1.0	0.0015597184423005743	1.0015630923864074	0.0	(1.0015630923864074+0j)
