-191.62081194867162	-36718.53557186817	-0.015915459633527095	-36718.5514873278	0.0	(-36718.5514873278+0j)
-95.80779665442321	-9179.133899775308	-0.01591535559898456	-9179.149815130908	0.0	(-9179.149815130908+0j)
-63.868965149824504	-4079.244709309497	-0.015915182182892763	-4079.26062449168	0.0	(-4079.26062449168+0j)
-47.89867954526018	-2294.283502179526	-0.015914939347458114	-2294.2994171188734	0.0	(-2294.2994171188734+0j)
-38.31581224764096	-1468.1014681964732	-0.015914627039745072	-1468.117382823513	0.0	(-1468.117382823513+0j)
-31.92665404663059	-1019.3112386132333	-0.01591424519165163	-1019.3271528584285	0.0	(-1019.3271528584285+0j)
-27.362472412674148	-748.7048965343538	-0.01591379371987774	-748.7208103280727	0.0	(-748.7208103280727+0j)
-23.938901071506148	-573.0709845113582	-0.015913272525886684	-573.0868977838841	0.0	(-573.0868977838841+0j)
-21.27573652898499	-452.65696485078627	-0.015912681495859345	-452.67287753228214	0.0	(-452.67287753228214+0j)
-19.14485668102724	-366.52553733707333	-0.015912020500641333	-366.5414493575739	0.0	(-366.5414493575739+0j)
-17.40109290903076	-302.79803442872054	-0.015911289395682954	-302.8139457181163	0.0	(-302.8139457181163+0j)
-15.947666127586315	-254.32805491696388	-0.015910488020971936	-254.34396540498483	0.0	(-254.34396540498483+0j)
-14.717575425552228	-216.60702640681885	-0.0159096162009589	-216.62293602302083	0.0	(-216.62293602302083+0j)
-13.66296300381141	-186.6765580435193	-0.015908673744475466	-186.6924667172638	0.0	(-186.6924667172638+0j)
-12.748733137924708	-162.53019662201956	-0.015907660444644988	-162.54610428246428	0.0	(-162.54610428246428+0j)
-11.948564029789118	-142.76818237397038	-0.01590657607878579	-142.7840889500488	0.0	(-142.7840889500488+0j)
-11.242327241063164	-126.38992179515088	-0.015905420408306843	-126.40582721556079	0.0	(-126.40582721556079+0j)
-10.614367315450416	-112.66479350730206	-0.01590419317859586	-112.68069770055439	0.0	(-112.68069770055439+0j)
-10.052324678156053	-101.0492314350652	-0.015902894118899582	-101.06513433052339	0.0	(-101.06513433052339+0j)
-9.54631166550631	-91.13206641498188	-0.0159015229421963	-91.14796795013594	0.0	(-91.14796795013594+0j)
-9.088323974676241	-82.59763266867495	-0.015900079345060446	-82.61353281412275	0.0	(-82.61353281412275+0j)
-8.671812627127995	-75.20033424001653	-0.015898563007519097	-75.21623304418249	0.0	(-75.21623304418249+0j)
-8.291367593760423	-68.7467765748605	-0.015896973592900404	-68.76267419942383	0.0	(-68.76267419942383+0j)
-7.942480513771104	-63.0829967116337	-0.015895310747673655	-63.09889341590711	0.0	(-63.09889341590711+0j)
-7.621364360991174	-58.0851947229864	-0.015893574101281005	-58.101090789057345	0.0	(-58.101090789057345+0j)
-7.3248147256812395	-53.65291076555673	-0.015891763265960607	-53.66880640057756	0.0	(-53.66880640057756+0j)
-7.050101922594505	-49.70393711897074	-0.015889877836561067	-49.71983238224124	0.0	(-49.71983238224124+0j)
-6.794886218740517	-46.170478725629806	-0.015887917390347055	-46.18637350612033	0.0	(-46.18637350612033+0j)
-6.5571506002319895	-42.99622399412274	-0.015885881486795893	-43.012118035638444	0.0	(-43.012118035638444+0j)
-6.3351469857621545	-40.13408733121131	-0.015883769667384983	-40.14998028600024	0.0	(-40.14998028600024+0j)
-6.127352850376532	-37.54445295301741	-0.015881581455369866	-37.56034444198499	0.0	(-37.56034444198499+0j)
-5.932435982287334	-35.193796683937485	-0.015879316355552713	-35.20968634694388	0.0	(-35.20968634694388+0j)
-5.749225647539572	-33.05359554632681	-0.015876973854041146	-33.06948307399688	0.0	(-33.06948307399688+0j)
-5.576688843265378	-31.099458454600544	-0.015874553417997043	-31.115343600545362	0.0	(-31.115343600545362+0j)
-5.4139106218087605	-29.31042822093372	-0.01587205449537522	-29.326310798566215	0.0	(-29.326310798566215+0j)
-5.260077694162765	-27.668417348628676	-0.01586947651465174	-27.68429721909436	0.0	(-27.68429721909436+0j)
-5.11446469230851	-26.157749088870382	-0.01586681888454159	-26.17362614628489	0.0	(-26.17362614628489+0j)
-4.976422600658465	-24.764781900344357	-0.01586408099370552	-24.780656058587834	0.0	(-24.780656058587834+0j)
-4.845368967277471	-23.477600429055546	-0.01586126221044577	-23.4934716120508	0.0	(-23.4934716120508+0j)
-4.720779583420475	-22.28575987523959	-0.0158583618823904	-22.301628010850074	0.0	(-22.301628010850074+0j)
-4.602181380698693	-21.180073460849727	-0.015855379336166014	-21.19593847758955	0.0	(-21.19593847758955+0j)
-4.489146342936222	-20.15243488829766	-0.0158523138770585	-20.16829671382844	0.0	(-20.16829671382844+0j)
-4.381286267534822	-19.195669358089212	-0.01584916478866158	-19.21152791866715	0.0	(-19.21152791866715+0j)
-4.278248241197923	-18.303408013313117	-0.015845931332512782	-18.31926323365682	0.0	(-18.31926323365682+0j)
-4.1797107188912594	-17.46998169361449	-0.015842612747716544	-17.48583349692212	0.0	(-17.48583349692212+0j)
-4.085380114243313	-16.690330677854707	-0.015839208250554127	-16.70617898585526	0.0	(-16.70617898585526+0j)
-3.9949878252136055	-15.959927723604933	-0.015835717034079946	-15.975772456608743	0.0	(-15.975772456608743+0j)
-3.908287631552308	-15.274712210944749	-0.015832138267703993	-15.290553287884107	0.0	(-15.290553287884107+0j)
-3.8250534109381644	-14.631033596529686	-0.01582847109675995	-14.646870934990915	0.0	(-14.646870934990915+0j)
-3.745077129179684	-14.025602703504743	-0.01582471464205858	-14.04143621975267	0.0	(-14.04143621975267+0j)
-3.66816706686314	-13.45544963041933	-0.015820867999426037	-13.471279239415423	0.0	(-13.471279239415423+0j)
-3.5941462506179493	-12.917887270831063	-0.015816930239226624	-12.933712886246457	0.0	(-12.933712886246457+0j)
-3.522851061974551	-12.410479604855222	-0.015812900405869548	-12.426301139078907	0.0	(-12.426301139078907+0j)
-3.454130000793466	-11.931014062381468	-0.015808777517299255	-11.946831426524152	0.0	(-11.946831426524152+0j)
-3.3878425835928954	-11.477477371205385	-0.01580456056446881	-11.493290475099203	0.0	(-11.493290475099203+0j)
-3.323858359912498	-11.048034396760201	-0.01580024851079588	-11.063843148955872	0.0	(-11.063843148955872+0j)
-3.262056032217725	-10.641009557328049	-0.015795840291600728	-10.656813865088154	0.0	(-10.656813865088154+0j)
-3.2023226668483793	-10.254870462610915	-0.015791334813525754	-10.270670231900654	0.0	(-10.270670231900654+0j)
-3.144552985209584	-9.888213476790508	-0.015786730953935957	-9.90400861226594	0.0	(-9.90400861226594+0j)
-3.0886487258435147	-9.539750951654767	-0.015782027560299793	-9.555541356648817	0.0	(-9.555541356648817+0j)
-3.034518069248077	-9.208299912593077	-0.01577722344954975	-9.22408548909926	0.0	(-9.22408548909926+0j)
-2.982075118358144	-8.89277201153074	-0.015772317407422094	-8.908552660184757	0.0	(-8.908552660184757+0j)
-2.931239428504668	-8.592164587220372	-0.01576730818777504	-8.607940207279869	0.0	(-8.607940207279869+0j)
-2.8819355814399845	-8.305552695569821	-0.015762194511884736	-8.321323184892565	0.0	(-8.321323184892565+0j)
-2.8340927986837694	-8.0320819915512	-0.015756975067718334	-8.04784724657131	0.0	(-8.04784724657131+0j)
-2.7876445900192137	-7.77096236026339	-0.015751648509183366	-7.786722275965972	0.0	(-7.786722275965972+0j)
-2.7425284334670543	-7.521462208375255	-0.01574621345535271	-7.537216678269765	0.0	(-7.537216678269765+0j)
-2.6986854834970577	-7.282903338837748	-0.01574066848966433	-7.2986522549296495	0.0	(-7.2986522549296495+0j)
-2.6560603046123226	-7.054656341737304	-0.015735012159094945	-7.070399594498074	0.0	(-7.070399594498074+0j)
-2.6146006277690774	-6.836136442730454	-0.015729242973306804	-6.8518739210667245	0.0	(-6.8518739210667245+0j)
-2.5742571273806174	-6.626799757869908	-0.015723359403766582	-6.642531349090583	0.0	(-6.642531349090583+0j)
-2.5349832169041195	-6.426139909985558	-0.01571735988283559	-6.441865499768142	0.0	(-6.441865499768142+0j)
-2.496734861228448	-6.2336849672734385	-0.015711242802830195	-6.249404439628587	0.0	(-6.249404439628587+0j)
-2.4594704042736235	-6.048994669497861	-0.015705006515051526	-6.064707906732836	0.0	(-6.064707906732836+0j)
-2.423150410382236	-5.871657911335598	-0.015698649328783384	-5.887364794016181	0.0	(-5.887364794016181+0j)
-2.3877375182324627	-5.70129045597492	-0.01569216951025725	-5.716990862886245	0.0	(-5.716990862886245+0j)
-2.3531963061343935	-5.537532855204554	-0.015685565281583227	-5.553226663310277	0.0	(-5.553226663310277+0j)
-2.3194931676880453	-5.3800485549515225	-0.01567883481964583	-5.39573563935193	0.0	(-5.39573563935193+0j)
-2.286596196884975	-5.228522167608831	-0.015671976254963235	-5.244202401497395	0.0	(-5.244202401497395+0j)
-2.254475081827145	-5.082657894579511	-0.01566498767050881	-5.098331149198083	0.0	(-5.098331149198083+0j)
-2.223101006318373	-4.942178084293763	-0.01565786710049353	-4.957844228886385	0.0	(-4.957844228886385+0j)
-2.1924465586562807	-4.806821912563768	-0.01565061252910793	-4.822480814328944	0.0	(-4.822480814328944+0j)
-2.1624856470174922	-4.676344173556662	-0.01564322188922204	-4.691995697598506	0.0	(-4.691995697598506+0j)
-2.133193420886631	-4.550514170914008	-0.015635693061041917	-4.566158180191436	0.0	(-4.566158180191436+0j)
-2.1045461980314064	-4.429114699648448	-0.01562802387072105	-4.444751054922998	0.0	(-4.444751054922998+0j)
-2.0765213965723364	-4.311941110422726	-0.015620212088925087	-4.327569670205048	0.0	(-4.327569670205048+0j)
-2.049097471737219	-4.1988004486798625	-0.015612255429348154	-4.2144210691745325	0.0	(-4.2144210691745325+0j)
-2.0222538569276787	-4.089510661858872	-0.015604151547178879	-4.1051231969072335	0.0	(-4.1051231969072335+0j)
-1.9959709087586568	-3.9838998686108584	-0.015595898037514381	-3.999504169632274	0.0	(-3.999504169632274+0j)
-1.9702298557618156	-3.881805684535225	-0.015587492433720177	-3.8974016004672443	0.0	(-3.8974016004672443+0j)
-1.9450127504710306	-3.7830745994948836	-0.01557893220573401	-3.7986619767308696	0.0	(-3.7986619767308696+0j)
-1.9203024246326275	-3.6875614020499476	-0.015570214758311449	-3.7031400843751023	0.0	(-3.7031400843751023+0j)
-1.8960824473051814	-3.595128646978806	-0.015561337429211081	-3.610698475504353	0.0	(-3.610698475504353+0j)
-1.872337085633676	-3.5056461622392074	-0.015552297487316931	-3.521206975334632	0.0	(-3.521206975334632+0j)
-1.8490512681009823	-3.4189905920658505	-0.015543092130695725	-3.4345422252891646	0.0	(-3.4345422252891646+0j)
-1.826210550076001	-3.3350449732088903	-0.015533718484586458	-3.3505872592346146	0.0	(-3.3505872592346146+0j)
-1.8038010814927508	-3.253698341594417	-0.015524173599319659	-3.2692311101398572	0.0	(-3.2692311101398572+0j)
-1.7818095765081643	-3.174845366936204	-0.015514454448163524	-3.190368444685209	0.0	(-3.190368444685209+0j)
-1.760223284998705	-3.098386013051632	-0.015504557925094146	-3.1138992235759737	0.0	(-3.1138992235759737+0j)
-1.7390299657670674	-3.0242252218358074	-0.015494480842486724	-3.0397283855144708	0.0	(-3.0397283855144708+0j)
-1.7182178613404582	-2.9522726190293778	-0.015484219928724709	-2.967765552965468	0.0	(-2.967765552965468+0j)
-1.6977756742512127	-2.88244224007916	-0.0154737718257235	-2.8979247580138754	0.0	(-2.8979247580138754+0j)
-1.6776925446990145	-2.8146522745386546	-0.015463133086365355	-2.830124186763211	0.0	(-2.830124186763211+0j)
-1.6579580295017198	-2.7488248275892255	-0.01545230017184182	-2.7642859408537177	0.0	(-2.7642859408537177+0j)
-1.6385620822488856	-2.6848856973838036	-0.015441269448900015	-2.7003358148032532	0.0	(-2.7003358148032532+0j)
-1.6194950345785646	-2.6227641670246262	-0.015430037186988732	-2.6382030879824256	0.0	(-2.6382030879824256+0j)
-1.600747578503893	-2.562392810086077	-0.015418599555300345	-2.5778203301342493	0.0	(-2.5778203301342493+0j)
-1.5823107497214135	-2.503707308683942	-0.015406952619704112	-2.5191232194403756	0.0	(-2.5191232194403756+0j)
-1.5641759118381064	-2.4466462831745717	-0.01539509233956643	-2.462050372217031	0.0	(-2.462050372217031+0j)
-1.5463347414586395	-2.3911511326419572	-0.015383014564453266	-2.406543183398744	0.0	(-2.406543183398744+0j)
-1.5287792140786036	-2.337165885398793	-0.015370715030709844	-2.3525456770360567	0.0	(-2.3525456770360567+0j)
-1.5115015907333542	-2.2846370587894604	-0.015358189357912373	-2.300004366094829	0.0	(-2.300004366094829+0j)
-1.4944944053556504	-2.233513527639339	-0.015345433045186386	-2.248868120901934	0.0	(-2.248868120901934+0j)
-1.4777504527985619	-2.1837464007463545	-0.015332441467386009	-2.1990880456329265	0.0	(-2.1990880456329265+0j)
-1.4612627774831597	-2.135288904857798	-0.015319209871128121	-2.150617362284901	0.0	(-2.150617362284901+0j)
-1.445024662633272	-2.088096275618401	-0.015305733370675235	-2.103411301620364	0.0	(-2.103411301620364+0j)
-1.4290296200621948	-2.042125655015101	-0.01529200694366045	-2.057427000607863	0.0	(-2.057427000607863+0j)
-1.4132713804785997	-1.9973359948798868	-0.01527802542664759	-2.012623405920088	0.0	(-2.012623405920088+0j)
-1.3977438842811067	-1.953687966045236	-0.015263783510519376	-1.9689611830851037	0.0	(-1.9689611830851037+0j)
-1.3824412728130073	-1.9111438727768477	-0.015249275735685968	-1.9264026309138522	0.0	(-1.9264026309138522+0j)
-1.367357880050523	-1.8696675721362606	-0.015234496487106007	-1.8849116008580749	0.0	(-1.8849116008580749+0j)
-1.3524882246997147	-1.829224397951386	-0.015219439989111792	-1.8444534209754426	0.0	(-1.8444534209754426+0j)
-1.3378270026787948	-1.7897810890965282	-0.015204100300029945	-1.8049948242043972	0.0	(-1.8049948242043972+0j)
-1.3233690799640727	-1.7513057218049564	-0.015188471306588378	-1.7665038806709206	0.0	(-1.7665038806709206+0j)
-1.3091094857791792	-1.713767645757027	-0.015172546718100123	-1.7289499337708816	0.0	(-1.7289499337708816+0j)
-1.2950434061084883	-1.6771374237050751	-0.01515632006041405	-1.6923035397889623	0.0	(-1.6923035397889623+0j)
-1.281166177516874	-1.641386774413198	-0.015139784669622125	-1.6565364108320222	0.0	(-1.6565364108320222+0j)
-1.2674732812590377	-1.6064885187055518	-0.015122933685512499	-1.621621360870821	0.0	(-1.621621360870821+0j)
-1.253960337662704	-1.5724165284311626	-0.015105760044757242	-1.5875322546980901	0.0	(-1.5875322546980901+0j)
-1.2406231007709225	-1.5391456781664585	-0.015088256473823256	-1.5542439596239284	0.0	(-1.5542439596239284+0j)
-1.2274574532296423	-1.5066517994889994	-0.015070415481594492	-1.5217322997420668	0.0	(-1.5217322997420668+0j)
-1.2144594014075378	-1.4749116376671552	-0.0150522293516934	-1.4899740126119236	0.0	(-1.4899740126119236+0j)
-1.2016250707358727	-1.443902810620991	-0.015033690134489252	-1.458946708211459	0.0	(-1.458946708211459+0j)
-1.188950701256894	-1.41360377001926	-0.015014789638780904	-1.4286288300258296	0.0	(-1.4286288300258296+0j)
-1.1764326433699523	-1.3839937643864135	-0.014995519423141477	-1.3989996181457236	0.0	(-1.3989996181457236+0j)
-1.1640673537651605	-1.3550528041018233	-0.014975870786912687	-1.370039074257494	0.0	(-1.370039074257494+0j)
-1.1518513915350144	-1.326761628181149	-0.01495583476083656	-1.3417279284153099	0.0	(-1.3417279284153099+0j)
-1.1397814144549399	-1.2991016727369034	-0.014935402097313033	-1.314047607491699	0.0	(-1.314047607491699+0j)
-1.127854175424264	-1.2720550410219462	-0.014914563260272335	-1.2869802052111496	0.0	(-1.2869802052111496+0j)
-1.1160665190595802	-1.2456044749657682	-0.014893308414652098	-1.2605084536756215	0.0	(-1.2605084536756215+0j)
-1.1044153784329473	-1.2197333281191902	-0.014871627415470287	-1.2346156962984274	0.0	(-1.2346156962984274+0j)
-1.0928977719477735	-1.1944255399284076	-0.01484950979648655	-1.2092858620668618	0.0	(-1.2092858620668618+0j)
-1.0815108003456506	-1.1696656112642898	-0.014826944758446484	-1.1845034410597208	0.0	(-1.1845034410597208+0j)
-1.0702516438377647	-1.1454385811374377	-0.01480392115690542	-1.16025346115015	0.0	(-1.16025346115015+0j)
-1.0591175593548718	-1.1217300045338205	-0.014780427489631213	-1.1365214658286173	0.0	(-1.1365214658286173+0j)
-1.0481058779101498	-1.0985259313098057	-0.01475645188358837	-1.1132934930849478	0.0	(-1.1132934930849478+0j)
-1.0372140020695502	-1.0758128860891327	-0.0147319820815097	-1.0905560552917573	0.0	(-1.0905560552917573+0j)
-1.0264394035245619	-1.0535778491078585	-0.01470700542806552	-1.0682961200355936	0.0	(-1.0682961200355936+0j)
-1.015779620762577	-1.031808237956565	-0.01468150885564527	-1.0465010918448727	0.0	(-1.0465010918448727+0j)
-1.005232256830298	-1.0104918901721343	-0.014655478869771432	-1.025158794766937	0.0	(-1.025158794766937+0j)
-0.9947949771858732	-0.9896170466342419	-0.014628901534171398	-1.0042574557496657	0.0	(-1.0042574557496657+0j)
-0.9844655076356713	-0.96917233572436	-0.014601762455539201	-0.9837856887851527	0.0	(-0.9837856887851527+0j)
-0.9742416323518225	-0.9491467582075437	-0.014574046768025825	-0.9637324797759393	0.0	(-0.9637324797759393+0j)
-0.9641211919668486	-0.929529672799577	-0.014545739117504133	-0.9440871720863516	0.0	(-0.9440871720863516+0j)
-0.9541020817419043	-0.9103107823842354	-0.014516823645662338	-0.9248394527437963	0.0	(-0.9248394527437963+0j)
-0.9441822498053177	-0.8914801208474314	-0.014487283973988227	-0.9059793392568758	0.0	(-0.9059793392568758+0j)
-0.9343596954583013	-0.8730280404969296	-0.014457103187715105	-0.8874971670188958	0.0	(-0.8874971670188958+0j)
-0.9246324675448458	-0.8549452000380704	-0.014426263819809562	-0.8693835772675815	0.0	(-0.8693835772675815+0j)
-0.9149986628829794	-0.8372225530776402	-0.014394747835090618	-0.85162950557299	0.0	(-0.85162950557299+0j)
-0.9054564247546951	-0.8198513371295548	-0.014362536614579424	-0.8342261708274324	0.0	(-0.8342261708274324+0j)
-0.8960039414520024	-0.8028230630975233	-0.01432961094018863	-0.8171650647127925	0.0	(-0.8171650647127925+0j)
-0.8866394448766667	-0.7861295052112036	-0.014295950979870355	-0.8004379416216988	0.0	(-0.8004379416216988+0j)
-0.8773612091913384	-0.7697626913936875	-0.014261536273351633	-0.7840368090107108	0.0	(-0.7840368090107108+0j)
-0.8681675495198651	-0.7537148940393273	-0.014226345718595906	-0.7679539181645118	0.0	(-0.7679539181645118+0j)
-0.8590568206947075	-0.7379786211820988	-0.01419035755913869	-0.7521817553515076	0.0	(-0.7521817553515076+0j)
-0.850027416049463	-0.7225466080357268	-0.014153549372454643	-0.7367130333522138	0.0	(-0.7367130333522138+0j)
-0.8410777662546096	-0.7074118088878437	-0.014115898059521955	-0.7215406833429019	0.0	(-0.7215406833429019+0j)
-0.8322063381946602	-0.6925673893313651	-0.014077379835758031	-0.7066578471178211	0.0	(-0.7066578471178211+0j)
-0.8234116338850167	-0.6780067188171928	-0.014037970223507796	-0.6920578696342307	0.0	(-0.6920578696342307+0j)
-0.8146921894268805	-0.6637233635131641	-0.013997644046272514	-0.6777342918655399	0.0	(-0.6777342918655399+0j)
-0.8060465739986629	-0.6497110794549819	-0.013956375424872467	-0.6636808439482321	0.0	(-0.6636808439482321+0j)
-0.7974733888824039	-0.6359638059755859	-0.013914137775741513	-0.6498914386094421	0.0	(-0.6498914386094421+0j)
-0.7889712665237847	-0.6224756594001449	-0.013870903811554716	-0.6363601648624274	0.0	(-0.6363601648624274+0j)
-0.7805388696243736	-0.6092409269944948	-0.013826645544392441	-0.6230812819580471	0.0	(-0.6230812819580471+0j)
-0.7721748902648196	-0.5962540611554862	-0.013781334291644957	-0.6100492135809021	0.0	(-0.6100492135809021+0j)
-0.7638780490577551	-0.5835096738322821	-0.013734940684860926	-0.5972585422793	0.0	(-0.5972585422793+0j)
-0.7556470943292316	-0.5710025311682106	-0.0136874346817409	-0.5847040041189598	0.0	(-0.5847040041189598+0j)
-0.7474808013275652	-0.5587275483532991	-0.013638785581473259	-0.57238048355074	0.0	(-0.57238048355074+0j)
-0.7393779714585126	-0.5466797846781051	-0.01358896204360455	-0.560283008483134	0.0	(-0.560283008483134+0j)
-0.7313374315457567	-0.5348544387799443	-0.013537932110629335	-0.5484067455509244	0.0	(-0.5484067455509244+0j)
-0.7233580331157132	-0.5232468440730332	-0.013485663234475864	-0.5367469955716296	0.0	(-0.5367469955716296+0j)
-0.7154386517057267	-0.5118524643545082	-0.01343212230705379	-0.5252991891818267	0.0	(-0.5252991891818267+0j)
-0.7075781861947515	-0.5006668895786545	-0.013377275695018082	-0.5140588826459729	0.0	(-0.5140588826459729+0j)
-0.6997755581556651	-0.4896858317920726	-0.013321089278889926	-0.5030217538303928	0.0	(-0.5030217538303928+0j)
-0.6920297112283867	-0.47890512122284434	-0.013263528496660251	-0.4921835983358464	0.0	(-0.4921835983358464+0j)
-0.6843396105130207	-0.4683207025171129	-0.013204558391985066	-0.48154032578199074	0.0	(-0.48154032578199074+0j)
-0.6767042419822653	-0.4579286311167923	-0.013144143667063724	-0.47108795623768085	0.0	(-0.47108795623768085+0j)
-0.6691226119123722	-0.4477250697724351	-0.013082248740272053	-0.46082261679114844	0.0	(-0.46082261679114844+0j)
-0.6615937463319622	-0.43770628518556076	-0.0130188378086016	-0.45074053825440924	0.0	(-0.45074053825440924+0j)
-0.6541166904880383	-0.4278686447750241	-0.01295387491493471	-0.4408380519965236	0.0	(-0.4408380519965236+0j)
-0.6466905083285601	-0.4182086135622515	-0.012887324020162374	-0.43111158690054363	0.0	(-0.43111158690054363+0j)
-0.6393142820009755	-0.40872275117042284	-0.012819149080128276	-0.4215576664391676	0.0	(-0.4215576664391676+0j)
-0.6319871113661227	-0.399407708932896	-0.01274931412735807	-0.41217290586440525	0.0	(-0.41217290586440525+0j)
-0.6247081135269501	-0.3902602271064008	-0.012677783357508177	-0.40295400950668564	0.0	(-0.40295400950668564+0j)
-0.6174764223715118	-0.38127713218472165	-0.012604521220442838	-0.3938977681790067	0.0	(-0.3938977681790067+0j)
-0.610291188129732	-0.3724553343088	-0.012529492515822643	-0.38500105668200496	0.0	(-0.38500105668200496+0j)
-0.6031515769434397	-0.36379182476935806	-0.012452662493061869	-0.3762608314057879	0.0	(-0.3762608314057879+0j)
-0.5960567704492034	-0.3552836735983343	-0.012373996955486261	-0.36767412802478916	0.0	(-0.36767412802478916+0j)
-0.5890059653735115	-0.3469280272455822	-0.012293462368497233	-0.35923805928174285	0.0	(-0.35923805928174285+0j)
-0.5819983731398622	-0.3387221063374463	-0.012211025971523208	-0.35094981285730054	0.0	(-0.35094981285730054+0j)
-0.5750332194873428	-0.3306632035139785	-0.012126655893514077	-0.342806649321701	0.0	(-0.342806649321701+0j)
-0.5681097441002981	-0.3227486813417062	-0.012040321271710615	-0.3348059001651919	0.0	(-0.3348059001651919+0j)
-0.5612272002487005	-0.31497597029899504	-0.011951992373397332	-0.32694496590390265	0.0	(-0.32694496590390265+0j)
-0.5543848544388508	-0.30734256683118577	-0.011861640720324891	-0.3192213142580372	0.0	(-0.3192213142580372+0j)
-0.5475819860740501	-0.29984603147280114	-0.011769239215466819	-0.31163247839937674	0.0	(-0.31163247839937674+0j)
-0.5408178871249055	-0.29248398703424705	-0.011674762271755248	-0.30417605526505404	0.0	(-0.30417605526505404+0j)
-0.5340918618089321	-0.2852541168505314	-0.011578185942421416	-0.2968497039348267	0.0	(-0.2968497039348267+0j)
-0.52740322627914	-0.2781541630896458	-0.011479488052549506	-0.2896511440690715	0.0	(-0.2896511440690715+0j)
-0.5207513083212973	-0.2711819251183429	-0.011378648331436354	-0.2825781544046924	0.0	(-0.2825781544046924+0j)
-0.5141354470595768	-0.26433525792315093	-0.011275648545335545	-0.2756285713066293	0.0	(-0.2756285713066293+0j)
-0.5075549926703028	-0.2576120705845511	-0.011170472630151675	-0.2688002873720477	0.0	(-0.2688002873720477+0j)
-0.5010093061035267	-0.2510103248023373	-0.011063106823640107	-0.262091250085123	0.0	(-0.262091250085123+0j)
-0.4944977588121683	-0.24452803347025737	-0.010953539796658373	-0.2554994605198411	0.0	(-0.2554994605198411+0j)
-0.4880197324884713	-0.2381632592981191	-0.010841762783008631	-0.24902297208858057	0.0	(-0.24902297208858057+0j)
-0.48157461880752866	-0.23191411347961655	-0.01072776970740529	-0.24265988933427404	0.0	(-0.24265988933427404+0j)
-0.47516181917764533	-0.2257787544042093	-0.010611557311098961	-0.2364083667639555	0.0	(-0.2364083667639555+0j)
-0.4687807444973108	-0.21975538641145298	-0.010493125274686588	-0.23026660772162438	0.0	(-0.23026660772162438+0j)
-0.4624308149185655	-0.2138422585862486	-0.010372476337638556	-0.2242328632984349	0.0	(-0.2242328632984349+0j)
-0.4561114596165508	-0.20803766359354045	-0.010249616414076262	-0.21830543127825863	0.0	(-0.21830543127825863+0j)
-0.4498221165650396	-0.2023399365510521	-0.010124554704338316	-0.21248265511673609	0.0	(-0.21248265511673609+0j)
-0.4435622323177543	-0.19674745393870946	-0.009997303801880339	-0.20676292295207002	0.0	(-0.20676292295207002+0j)
-0.43733126179528253	-0.19125863254345396	-0.0098678797950617	-0.20114466664581196	0.0	(-0.20114466664581196+0j)
-0.4311286680774101	-0.18587192843820166	-0.009736302363382986	-0.19562636085201587	0.0	(-0.19562636085201587+0j)
-0.424953922200696	-0.1805858359937552	-0.009602594867750117	-0.19020652211321654	0.0	(-0.19020652211321654+0j)
-0.4188065029611196	-0.17539888692252228	-0.009466784434354964	-0.1848837079817628	0.0	(-0.1848837079817628+0j)
-0.41268589672163897	-0.17030964935294327	-0.00932890203177783	-0.1796565161651283	0.0	(-0.1796565161651283+0j)
-0.4065915972245003	-0.16531672693357027	-0.009188982540934268	-0.1745235836939292	0.0	(-0.1745235836939292+0j)
-0.4005231054081483	-0.16041875796578667	-0.009047064817507425	-0.16948358611147066	0.0	(-0.16948358611147066+0j)
-0.3944799292285899	-0.15561441456419328	-0.008903191746527078	-0.16453523668375236	0.0	(-0.16453523668375236+0j)
-0.3884615834850694	-0.15090240184372752	-0.008757410288777943	-0.1596772856289827	0.0	(-0.1596772856289827+0j)
-0.3824675896499174	-0.1462814571326176	-0.00860977151874241	-0.1549085193657559	0.0	(-0.1549085193657559+0j)
-0.3764974757024426	-0.14175034921031135	-0.008460330653806702	-0.1502277597791743	0.0	(-0.1502277597791743+0j)
-0.3705507759667358	-0.13730787756955	-0.00830914707448402	-0.14563386350431112	0.0	(-0.14563386350431112+0j)
-0.3646270309532649	-0.13295287170179318	-0.008156284335434215	-0.14112572122654402	0.0	(-0.14112572122654402+0j)
-0.35872578720413834	-0.12868419040522874	-0.008001810167085689	-0.13670225699838334	0.0	(-0.13670225699838334+0j)
-0.35284659714192407	-0.12450072111463525	-0.007845796467692796	-0.1323624275725247	0.0	(-0.1323624275725247+0j)
-0.34698901892190853	-0.1204013792523886	-0.007688319285689568	-0.1281052217509466	0.0	(-0.1281052217509466+0j)
-0.34115261628768995	-0.11638510759993581	-0.007529458792229009	-0.12392965974992597	0.0	(-0.12392965974992597+0j)
-0.3353369584299992	-0.11245087568908303	-0.007369299243825922	-0.11983479258085238	0.0	(-0.11983479258085238+0j)
-0.32954161984864705	-0.10859767921247021	-0.007207928935050148	-0.11581970144670395	0.0	(-0.11581970144670395+0j)
-0.3237661802174991	-0.1048245394526301	-0.007045440141246238	-0.1118834971539529	0.0	(-0.1118834971539529+0j)
-0.3180102242523831	-0.101130502729051	-0.0068819290512848715	-0.10802531953949354	0.0	(-0.10802531953949354+0j)
-0.312273341581836	-0.09751463986268603	-0.006717495690380372	-0.10424433691196057	0.0	(-0.10424433691196057+0j)
-0.3065551266206011	-0.09397604565737276	-0.006552243833037852	-0.10053974550642603	0.0	(-0.10053974550642603+0j)
-0.30085517844578846	-0.09051383839764722	-0.006386280906222203	-0.09691076895102142	0.0	(-0.09691076895102142+0j)
-0.2951731006756148	-0.08712715936245663	-0.006219717882869724	-0.09335665774347625	0.0	(-0.09335665774347625+0j)
-0.2895085013506396	-0.0838151723542933	-0.006052669165891141	-0.08987668873487745	0.0	(-0.08987668873487745+0j)
-0.2838609928174205	-0.08057706324329166	-0.005885252462842434	-0.08647016461719548	0.0	(-0.08647016461719548+0j)
-0.2782301916145088	-0.07741203952584629	-0.005717588651466743	-0.08313641341028206	0.0	(-0.08313641341028206+0j)
-0.27261571836071197	-0.07431932989732702	-0.005549801636337018	-0.07987478794316505	0.0	(-0.07987478794316505+0j)
-0.2670171976455498	-0.07129818383848262	-0.005382018196854578	-0.0766846653236034	0.0	(-0.0766846653236034+0j)
-0.26143425792183433	-0.0683478712151402	-0.005214367826883464	-0.0735654463890563	0.0	(-0.0735654463890563+0j)
-0.2558665314003045	-0.06546768189082301	-0.00504698256632445	-0.07051655513161394	0.0	(-0.07051655513161394+0j)
-0.2503136539462501	-0.06265692535192305	-0.004879996824955279	-0.06753743808900231	0.0	(-0.06753743808900231+0j)
-0.24477526497805904	-0.05991493034507902	-0.004713547198885832	-0.06462756369375683	0.0	(-0.06462756369375683+0j)
-0.23925100736762656	-0.0572410445264241	-0.004547772279997664	-0.06178642157303832	0.0	(-0.06178642157303832+0j)
-0.23374052734256429	-0.054634634122380045	-0.0043828124587571	-0.05901352179250507	0.0	(-0.05901352179250507+0j)
-0.22824347439014997	-0.05209508360168705	-0.004218809720809709	-0.05630839403923036	0.0	(-0.05630839403923036+0j)
-0.22275950116296023	-0.04962179535837088	-0.004055907437781477	-0.053670586740894394	0.0	(-0.053670586740894394+0j)
-0.21728826338612986	-0.047214189405360145	-0.003894250152727979	-0.05109966612145697	0.0	(-0.05109966612145697+0j)
-0.21182941976618266	-0.04487170307847762	-0.0037339833606880434	-0.04859521519717901	0.0	(-0.04859521519717901+0j)
-0.2063826319013808	-0.04259379075054084	-0.0035752532848118846	-0.04615683272117702	0.0	(-0.04615683272117702+0j)
-0.20094756419354	-0.04037992355531688	-0.003418206648546037	-0.04378413208959531	0.0	(-0.04378413208959531+0j)
-0.19552388376126056	-0.03822958912108693	-0.0032629904443686234	-0.0414767402278226	0.0	(-0.0414767402278226+0j)
-0.1901112603545238	-0.03614229131358553	-0.0031097516995779134	-0.03923429648094681	0.0	(-0.03923429648094681+0j)
-0.18470936627060622	-0.03411754998808896	-0.0029586372396457053	-0.03705645153875446	0.0	(-0.03705645153875446+0j)
-0.1793178762712641	-0.03215490075043639	-0.0028097934496539587	-0.03494286643211599	0.0	(-0.03494286643211599+0j)
-0.17393646750114228	-0.030253894726775924	-0.0026633660343386868	-0.032893211644775856	0.0	(-0.032893211644775856+0j)
-0.168564819407362	-0.028414098341836568	-0.002519499777269502	-0.030907166392670823	0.0	(-0.030907166392670823+0j)
-0.16320261366024463	-0.02663509310553507	-0.0023783382996960282	-0.02898441813246842	0.0	(-0.02898441813246842+0j)
-0.1578495340751268	-0.024916475407734617	-0.002240023819594021	-0.027124662372502217	0.0	(-0.027124662372502217+0j)
-0.15250526653522659	-0.023257856320980503	-0.002104696911444312	-0.025327602873118242	0.0	(-0.025327602873118242+0j)
-0.14716949891551803	-0.02165886141104466	-0.0019724962672764464	-0.023592952339567087	0.0	(-0.023592952339567087+0j)
-0.14184192100757462	-0.020119130555119037	-0.0018435584595067125	-0.021920433728044437	0.0	(-0.021920433728044437+0j)
-0.13652222444534198	-0.018638317767504332	-0.0017180177060964127	-0.020309782301674267	0.0	(-0.020309782301674267+0j)
-0.13121010263180077	-0.017216091032647693	-0.0015960056385514593	-0.018760748582836044	0.0	(-0.018760748582836044+0j)
-0.1259052506664822	-0.015852132145389716	-0.0014776510732778057	-0.01727310234181446	0.0	(-0.01727310234181446+0j)
-0.12060736527379859	-0.014546136558287478	-0.001363079786800489	-0.015846637724273173	0.0	(-0.015846637724273173+0j)
-0.11531614473215258	-0.013297813235886762	-0.0012524142953446171	-0.014481179529703899	0.0	(-0.014481179529703899+0j)
-0.11003128880378898	-0.012106884515822819	-0.0011457736392679087	-0.013176590482439073	0.0	(-0.013176590482439073+0j)
-0.10475249866535383	-0.010973085976634956	-0.0010432731728222608	-0.011932779059004646	0.0	(-0.011932779059004646+0j)
-0.09947947683912602	-0.009896166312186209	-0.0009450243597112183	-0.010749707039640045	0.0	(-0.010749707039640045+0j)
-0.09421192712488732	-0.00887588721258508	-0.0008511345748961514	-0.009627395471145758	0.0	(-0.009627395471145758+0j)
-0.08894955453239707	-0.00791202325151188	-0.0007617069130904167	-0.008565927278631265	0.0	(-0.008565927278631265+0j)
-0.08369206521443823	-0.007004361779857781	-0.0006768400043656933	-0.007565444569632008	0.0	(-0.007565444569632008+0j)
-0.07843916640040235	-0.00615270282559001	-0.0005966278372785197	-0.006626139038870454	0.0	(-0.006626139038870454+0j)
-0.07319056633038099	-0.005356858999761899	-0.0005211595899088511	-0.0057482350520263615	0.0	(-0.0057482350520263615+0j)
-0.06794597418973171	-0.004616655408591687	-0.0004505194691836051	-0.004931966916004668	0.0	(-0.004931966916004668+0j)
-0.06270510004408732	-0.003931929571538999	-0.00038478655884098545	-0.004177553996219134	0.0	(-0.004177553996219134+0j)
-0.057467654774777006	-0.0033025313453129506	-0.0003240346763714458	-0.0034851787811630975	0.0	(-0.0034851787811630975+0j)
-0.052233350014628824	-0.002728322853750725	-0.000268332239250213	-0.0028549728725976178	0.0	(-0.0028549728725976178+0j)
-0.04700189808412285	-0.002209178423510271	-0.00021774214075842568	-0.0022870140708962606	0.0	(-0.0022870140708962606+0j)
-0.04177301192786488	-0.0017449845255255417	-0.00017232163566485714	-0.0017813350731588284	0.0	(-0.0017813350731588284+0j)
-0.03654640505135073	-0.0013356397221773943	-0.0001321222360216312	-0.0013379422249248088	0.0	(-0.0013379422249248088+0j)
-0.031321791457991424	-0.0009810546201379044	-9.71896173038167e-05	-0.0009568426610689151	0.0	(-0.0009568426610689151+0j)
-0.026098885586369688	-0.0006811518288504155	-6.756353509690394e-05	-0.0006380815842874583	0.0	(-0.0006380815842874583+0j)
-0.020877402247698552	-0.0004358659246122086	-4.3277752521109214e-05	-0.0003818028349335577	0.0	(-0.0003818028349335577+0j)
-0.01565705656345282	-0.0002451434202311611	-2.4359978547661143e-05	-0.00018838734290634496	0.0	(-0.00018838734290634496+0j)
-0.010437563903144379	-0.00010894274023222252	-1.0831817338630145e-05	-5.894847091054624e-05	0.0	(-5.894847091054624e-05+0j)
-0.0052186398222124454	-2.7234201593981543e-05	-2.7087287435278995e-06	-4.501065319073572e-16	-0.009575735959961893	(-4.501065319073572e-16-0.009575735959961893j)
0.0052186398222124454	2.7234201593981543e-05	2.7087287435278995e-06	-4.501065319073572e-16	0.009575735959961893	(-4.501065319073572e-16+0.009575735959961893j)
0.010437563903144379	0.00010894274023222252	1.0831817338630145e-05	5.894847091022177e-05	0.0	(5.894847091022177e-05+0j)
0.01565705656345282	0.0002451434202311611	2.4359978547661143e-05	0.00018838734290608773	0.0	(0.00018838734290608773+0j)
0.020877402247698552	0.0004358659246122086	4.3277752521109214e-05	0.00038180283493326477	0.0	(0.00038180283493326477+0j)
0.026098885586369688	0.0006811518288504155	6.756353509690394e-05	0.0006380815842873297	0.0	(0.0006380815842873297+0j)
0.031321791457991424	0.0009810546201379044	9.71896173038167e-05	0.0009568426610682169	0.0	(0.0009568426610682169+0j)
0.03654640505135073	0.0013356397221773943	0.0001321222360216312	0.0013379422249246676	0.0	(0.0013379422249246676+0j)
0.04177301192786488	0.0017449845255255417	0.00017232163566485714	0.0017813350731585565	0.0	(0.0017813350731585565+0j)
0.04700189808412285	0.002209178423510271	0.00021774214075842568	0.002287014070896121	0.0	(0.002287014070896121+0j)
0.052233350014628824	0.002728322853750725	0.000268332239250213	0.002854972872597261	0.0	(0.002854972872597261+0j)
0.057467654774777006	0.0033025313453129506	0.0003240346763714458	0.0034851787811630295	0.0	(0.0034851787811630295+0j)
0.06270510004408732	0.003931929571538999	0.00038478655884098545	0.004177553996218895	0.0	(0.004177553996218895+0j)
0.06794597418973171	0.004616655408591687	0.0004505194691836051	0.004931966916004745	0.0	(0.004931966916004745+0j)
0.07319056633038099	0.005356858999761899	0.0005211595899088511	0.005748235052026323	0.0	(0.005748235052026323+0j)
0.07843916640040235	0.00615270282559001	0.0005966278372785197	0.006626139038870429	0.0	(0.006626139038870429+0j)
0.08369206521443823	0.007004361779857781	0.0006768400043656933	0.0075654445696324134	0.0	(0.0075654445696324134+0j)
0.08894955453239707	0.00791202325151188	0.0007617069130904167	0.008565927278631242	0.0	(0.008565927278631242+0j)
0.09421192712488732	0.00887588721258508	0.0008511345748961514	0.009627395471145578	0.0	(0.009627395471145578+0j)
0.09947947683912602	0.009896166312186209	0.0009450243597112183	0.010749707039640321	0.0	(0.010749707039640321+0j)
0.10475249866535383	0.010973085976634956	0.0010432731728222608	0.01193277905900381	0.0	(0.01193277905900381+0j)
0.11003128880378898	0.012106884515822819	0.0011457736392679087	0.01317659048243912	0.0	(0.01317659048243912+0j)
0.11531614473215258	0.013297813235886762	0.0012524142953446171	0.014481179529703295	0.0	(0.014481179529703295+0j)
0.12060736527379859	0.014546136558287478	0.001363079786800489	0.015846637724273235	0.0	(0.015846637724273235+0j)
0.1259052506664822	0.015852132145389716	0.0014776510732778057	0.017273102341814638	0.0	(0.017273102341814638+0j)
0.13121010263180077	0.017216091032647693	0.0015960056385514593	0.018760748582836276	0.0	(0.018760748582836276+0j)
0.13652222444534198	0.018638317767504332	0.0017180177060964127	0.02030978230167458	0.0	(0.02030978230167458+0j)
0.14184192100757462	0.020119130555119037	0.0018435584595067125	0.021920433728044305	0.0	(0.021920433728044305+0j)
0.14716949891551803	0.02165886141104466	0.0019724962672764464	0.023592952339567253	0.0	(0.023592952339567253+0j)
0.15250526653522659	0.023257856320980503	0.002104696911444312	0.02532760287311846	0.0	(0.02532760287311846+0j)
0.1578495340751268	0.024916475407734617	0.002240023819594021	0.0271246623725022	0.0	(0.0271246623725022+0j)
0.16320261366024463	0.02663509310553507	0.0023783382996960282	0.028984418132468284	0.0	(0.028984418132468284+0j)
0.168564819407362	0.028414098341836568	0.002519499777269502	0.03090716639267092	0.0	(0.03090716639267092+0j)
0.17393646750114228	0.030253894726775924	0.0026633660343386868	0.03289321164477545	0.0	(0.03289321164477545+0j)
0.1793178762712641	0.03215490075043639	0.0028097934496539587	0.03494286643211576	0.0	(0.03494286643211576+0j)
0.18470936627060622	0.03411754998808896	0.0029586372396457053	0.03705645153875433	0.0	(0.03705645153875433+0j)
0.1901112603545238	0.03614229131358553	0.0031097516995779134	0.03923429648094723	0.0	(0.03923429648094723+0j)
0.19552388376126056	0.03822958912108693	0.0032629904443686234	0.04147674022782336	0.0	(0.04147674022782336+0j)
0.20094756419354	0.04037992355531688	0.003418206648546037	0.04378413208959557	0.0	(0.04378413208959557+0j)
0.2063826319013808	0.04259379075054084	0.0035752532848118846	0.0461568327211775	0.0	(0.0461568327211775+0j)
0.21182941976618266	0.04487170307847762	0.0037339833606880434	0.048595215197179305	0.0	(0.048595215197179305+0j)
0.21728826338612986	0.047214189405360145	0.003894250152727979	0.05109966612145673	0.0	(0.05109966612145673+0j)
0.22275950116296023	0.04962179535837088	0.004055907437781477	0.05367058674089504	0.0	(0.05367058674089504+0j)
0.22824347439014997	0.05209508360168705	0.004218809720809709	0.05630839403923055	0.0	(0.05630839403923055+0j)
0.23374052734256429	0.054634634122380045	0.0043828124587571	0.05901352179250532	0.0	(0.05901352179250532+0j)
0.23925100736762656	0.0572410445264241	0.004547772279997664	0.061786421573038895	0.0	(0.061786421573038895+0j)
0.24477526497805904	0.05991493034507902	0.004713547198885832	0.06462756369375755	0.0	(0.06462756369375755+0j)
0.2503136539462501	0.06265692535192305	0.004879996824955279	0.06753743808900348	0.0	(0.06753743808900348+0j)
0.2558665314003045	0.06546768189082301	0.00504698256632445	0.07051655513161384	0.0	(0.07051655513161384+0j)
0.26143425792183433	0.0683478712151402	0.005214367826883464	0.07356544638905624	0.0	(0.07356544638905624+0j)
0.2670171976455498	0.07129818383848262	0.005382018196854578	0.07668466532360341	0.0	(0.07668466532360341+0j)
0.27261571836071197	0.07431932989732702	0.005549801636337018	0.07987478794316609	0.0	(0.07987478794316609+0j)
0.2782301916145088	0.07741203952584629	0.005717588651466743	0.08313641341028262	0.0	(0.08313641341028262+0j)
0.2838609928174205	0.08057706324329166	0.005885252462842434	0.08647016461719645	0.0	(0.08647016461719645+0j)
0.2895085013506396	0.0838151723542933	0.006052669165891141	0.08987668873487767	0.0	(0.08987668873487767+0j)
0.2951731006756148	0.08712715936245663	0.006219717882869724	0.09335665774347643	0.0	(0.09335665774347643+0j)
0.30085517844578846	0.09051383839764722	0.006386280906222203	0.09691076895102073	0.0	(0.09691076895102073+0j)
0.3065551266206011	0.09397604565737276	0.006552243833037852	0.10053974550642546	0.0	(0.10053974550642546+0j)
0.312273341581836	0.09751463986268603	0.006717495690380372	0.10424433691196004	0.0	(0.10424433691196004+0j)
0.3180102242523831	0.101130502729051	0.0068819290512848715	0.10802531953949392	0.0	(0.10802531953949392+0j)
0.3237661802174991	0.1048245394526301	0.007045440141246238	0.11188349715395221	0.0	(0.11188349715395221+0j)
0.32954161984864705	0.10859767921247021	0.007207928935050148	0.11581970144670248	0.0	(0.11581970144670248+0j)
0.3353369584299992	0.11245087568908303	0.007369299243825922	0.11983479258085185	0.0	(0.11983479258085185+0j)
0.34115261628768995	0.11638510759993581	0.007529458792229009	0.1239296597499252	0.0	(0.1239296597499252+0j)
0.34698901892190853	0.1204013792523886	0.007688319285689568	0.12810522175094757	0.0	(0.12810522175094757+0j)
0.35284659714192407	0.12450072111463525	0.007845796467692796	0.1323624275725249	0.0	(0.1323624275725249+0j)
0.35872578720413834	0.12868419040522874	0.008001810167085689	0.13670225699838412	0.0	(0.13670225699838412+0j)
0.3646270309532649	0.13295287170179318	0.008156284335434215	0.14112572122654482	0.0	(0.14112572122654482+0j)
0.3705507759667358	0.13730787756955	0.00830914707448402	0.14563386350431154	0.0	(0.14563386350431154+0j)
0.3764974757024426	0.14175034921031135	0.008460330653806702	0.15022775977917308	0.0	(0.15022775977917308+0j)
0.3824675896499174	0.1462814571326176	0.00860977151874241	0.15490851936575695	0.0	(0.15490851936575695+0j)
0.3884615834850694	0.15090240184372752	0.008757410288777943	0.1596772856289824	0.0	(0.1596772856289824+0j)
0.3944799292285899	0.15561441456419328	0.008903191746527078	0.16453523668375275	0.0	(0.16453523668375275+0j)
0.4005231054081483	0.16041875796578667	0.009047064817507425	0.1694835861114714	0.0	(0.1694835861114714+0j)
0.4065915972245003	0.16531672693357027	0.009188982540934268	0.17452358369393087	0.0	(0.17452358369393087+0j)
0.41268589672163897	0.17030964935294327	0.00932890203177783	0.17965651616512876	0.0	(0.17965651616512876+0j)
0.4188065029611196	0.17539888692252228	0.009466784434354964	0.184883707981764	0.0	(0.184883707981764+0j)
0.424953922200696	0.1805858359937552	0.009602594867750117	0.1902065221132166	0.0	(0.1902065221132166+0j)
0.4311286680774101	0.18587192843820166	0.009736302363382986	0.1956263608520167	0.0	(0.1956263608520167+0j)
0.43733126179528253	0.19125863254345396	0.0098678797950617	0.2011446666458129	0.0	(0.2011446666458129+0j)
0.4435622323177543	0.19674745393870946	0.009997303801880339	0.20676292295207288	0.0	(0.20676292295207288+0j)
0.4498221165650396	0.2023399365510521	0.010124554704338316	0.2124826551167361	0.0	(0.2124826551167361+0j)
0.4561114596165508	0.20803766359354045	0.010249616414076262	0.21830543127826166	0.0	(0.21830543127826166+0j)
0.4624308149185655	0.2138422585862486	0.010372476337638556	0.22423286329843348	0.0	(0.22423286329843348+0j)
0.4687807444973108	0.21975538641145298	0.010493125274686588	0.23026660772162352	0.0	(0.23026660772162352+0j)
0.47516181917764533	0.2257787544042093	0.010611557311098961	0.23640836676395582	0.0	(0.23640836676395582+0j)
0.48157461880752866	0.23191411347961655	0.01072776970740529	0.24265988933427618	0.0	(0.24265988933427618+0j)
0.4880197324884713	0.2381632592981191	0.010841762783008631	0.24902297208858176	0.0	(0.24902297208858176+0j)
0.4944977588121683	0.24452803347025737	0.010953539796658373	0.25549946051984107	0.0	(0.25549946051984107+0j)
0.5010093061035267	0.2510103248023373	0.011063106823640107	0.2620912500851273	0.0	(0.2620912500851273+0j)
0.5075549926703028	0.2576120705845511	0.011170472630151675	0.2688002873720489	0.0	(0.2688002873720489+0j)
0.5141354470595768	0.26433525792315093	0.011275648545335545	0.2756285713066286	0.0	(0.2756285713066286+0j)
0.5207513083212973	0.2711819251183429	0.011378648331436354	0.28257815440469813	0.0	(0.28257815440469813+0j)
0.52740322627914	0.2781541630896458	0.011479488052549506	0.2896511440690726	0.0	(0.2896511440690726+0j)
0.5340918618089321	0.2852541168505314	0.011578185942421416	0.2968497039348297	0.0	(0.2968497039348297+0j)
0.5408178871249055	0.29248398703424705	0.011674762271755248	0.3041760552650544	0.0	(0.3041760552650544+0j)
0.5475819860740501	0.29984603147280114	0.011769239215466819	0.3116324783993795	0.0	(0.3116324783993795+0j)
0.5543848544388508	0.30734256683118577	0.011861640720324891	0.31922131425804	0.0	(0.31922131425804+0j)
0.5612272002487005	0.31497597029899504	0.011951992373397332	0.32694496590390165	0.0	(0.32694496590390165+0j)
0.5681097441002981	0.3227486813417062	0.012040321271710615	0.3348059001651934	0.0	(0.3348059001651934+0j)
0.5750332194873428	0.3306632035139785	0.012126655893514077	0.34280664932170146	0.0	(0.34280664932170146+0j)
0.5819983731398622	0.3387221063374463	0.012211025971523208	0.35094981285729876	0.0	(0.35094981285729876+0j)
0.5890059653735115	0.3469280272455822	0.012293462368497233	0.3592380592817402	0.0	(0.3592380592817402+0j)
0.5960567704492034	0.3552836735983343	0.012373996955486261	0.3676741280247891	0.0	(0.3676741280247891+0j)
0.6031515769434397	0.36379182476935806	0.012452662493061869	0.37626083140578853	0.0	(0.37626083140578853+0j)
0.610291188129732	0.3724553343088	0.012529492515822643	0.3850010566820026	0.0	(0.3850010566820026+0j)
0.6174764223715118	0.38127713218472165	0.012604521220442838	0.39389776817900635	0.0	(0.39389776817900635+0j)
0.6247081135269501	0.3902602271064008	0.012677783357508177	0.4029540095066819	0.0	(0.4029540095066819+0j)
0.6319871113661227	0.399407708932896	0.01274931412735807	0.4121729058643989	0.0	(0.4121729058643989+0j)
0.6393142820009755	0.40872275117042284	0.012819149080128276	0.4215576664391638	0.0	(0.4215576664391638+0j)
0.6466905083285601	0.4182086135622515	0.012887324020162374	0.43111158690054185	0.0	(0.43111158690054185+0j)
0.6541166904880383	0.4278686447750241	0.01295387491493471	0.44083805199652054	0.0	(0.44083805199652054+0j)
0.6615937463319622	0.43770628518556076	0.0130188378086016	0.45074053825440386	0.0	(0.45074053825440386+0j)
0.6691226119123722	0.4477250697724351	0.013082248740272053	0.46082261679114517	0.0	(0.46082261679114517+0j)
0.6767042419822653	0.4579286311167923	0.013144143667063724	0.4710879562376772	0.0	(0.4710879562376772+0j)
0.6843396105130207	0.4683207025171129	0.013204558391985066	0.4815403257819877	0.0	(0.4815403257819877+0j)
0.6920297112283867	0.47890512122284434	0.013263528496660251	0.4921835983358425	0.0	(0.4921835983358425+0j)
0.6997755581556651	0.4896858317920726	0.013321089278889926	0.5030217538303886	0.0	(0.5030217538303886+0j)
0.7075781861947515	0.5006668895786545	0.013377275695018082	0.5140588826459694	0.0	(0.5140588826459694+0j)
0.7154386517057267	0.5118524643545082	0.01343212230705379	0.5252991891818238	0.0	(0.5252991891818238+0j)
0.7233580331157132	0.5232468440730332	0.013485663234475864	0.5367469955716312	0.0	(0.5367469955716312+0j)
0.7313374315457567	0.5348544387799443	0.013537932110629335	0.5484067455509277	0.0	(0.5484067455509277+0j)
0.7393779714585126	0.5466797846781051	0.01358896204360455	0.5602830084831391	0.0	(0.5602830084831391+0j)
0.7474808013275652	0.5587275483532991	0.013638785581473259	0.5723804835507451	0.0	(0.5723804835507451+0j)
0.7556470943292316	0.5710025311682106	0.0136874346817409	0.5847040041189631	0.0	(0.5847040041189631+0j)
0.7638780490577551	0.5835096738322821	0.013734940684860926	0.5972585422793004	0.0	(0.5972585422793004+0j)
0.7721748902648196	0.5962540611554862	0.013781334291644957	0.6100492135809029	0.0	(0.6100492135809029+0j)
0.7805388696243736	0.6092409269944948	0.013826645544392441	0.6230812819580465	0.0	(0.6230812819580465+0j)
0.7889712665237847	0.6224756594001449	0.013870903811554716	0.6363601648624246	0.0	(0.6363601648624246+0j)
0.7974733888824039	0.6359638059755859	0.013914137775741513	0.6498914386094433	0.0	(0.6498914386094433+0j)
0.8060465739986629	0.6497110794549819	0.013956375424872467	0.6636808439482342	0.0	(0.6636808439482342+0j)
0.8146921894268805	0.6637233635131641	0.013997644046272514	0.677734291865535	0.0	(0.677734291865535+0j)
0.8234116338850167	0.6780067188171928	0.014037970223507796	0.6920578696342325	0.0	(0.6920578696342325+0j)
0.8322063381946602	0.6925673893313651	0.014077379835758031	0.7066578471178226	0.0	(0.7066578471178226+0j)
0.8410777662546096	0.7074118088878437	0.014115898059521955	0.7215406833429018	0.0	(0.7215406833429018+0j)
0.850027416049463	0.7225466080357268	0.014153549372454643	0.7367130333522062	0.0	(0.7367130333522062+0j)
0.8590568206947075	0.7379786211820988	0.01419035755913869	0.7521817553514927	0.0	(0.7521817553514927+0j)
0.8681675495198651	0.7537148940393273	0.014226345718595906	0.7679539181645079	0.0	(0.7679539181645079+0j)
0.8773612091913384	0.7697626913936875	0.014261536273351633	0.78403680901071	0.0	(0.78403680901071+0j)
0.8866394448766667	0.7861295052112036	0.014295950979870355	0.8004379416216971	0.0	(0.8004379416216971+0j)
0.8960039414520024	0.8028230630975233	0.01432961094018863	0.8171650647127893	0.0	(0.8171650647127893+0j)
0.9054564247546951	0.8198513371295548	0.014362536614579424	0.8342261708274419	0.0	(0.8342261708274419+0j)
0.9149986628829794	0.8372225530776402	0.014394747835090618	0.8516295055729924	0.0	(0.8516295055729924+0j)
0.9246324675448458	0.8549452000380704	0.014426263819809562	0.8693835772675818	0.0	(0.8693835772675818+0j)
0.9343596954583013	0.8730280404969296	0.014457103187715105	0.8874971670188974	0.0	(0.8874971670188974+0j)
0.9441822498053177	0.8914801208474314	0.014487283973988227	0.9059793392568702	0.0	(0.9059793392568702+0j)
0.9541020817419043	0.9103107823842354	0.014516823645662338	0.9248394527437911	0.0	(0.9248394527437911+0j)
0.9641211919668486	0.929529672799577	0.014545739117504133	0.9440871720863455	0.0	(0.9440871720863455+0j)
0.9742416323518225	0.9491467582075437	0.014574046768025825	0.9637324797759419	0.0	(0.9637324797759419+0j)
0.9844655076356713	0.96917233572436	0.014601762455539201	0.9837856887851529	0.0	(0.9837856887851529+0j)
0.9947949771858732	0.9896170466342419	0.014628901534171398	1.0042574557496609	0.0	(1.0042574557496609+0j)
1.005232256830298	1.0104918901721343	0.014655478869771432	1.025158794766929	0.0	(1.025158794766929+0j)
1.015779620762577	1.031808237956565	0.01468150885564527	1.0465010918448672	0.0	(1.0465010918448672+0j)
1.0264394035245619	1.0535778491078585	0.01470700542806552	1.0682961200355947	0.0	(1.0682961200355947+0j)
1.0372140020695502	1.0758128860891327	0.0147319820815097	1.090556055291752	0.0	(1.090556055291752+0j)
1.0481058779101498	1.0985259313098057	0.01475645188358837	1.1132934930849339	0.0	(1.1132934930849339+0j)
1.0591175593548718	1.1217300045338205	0.014780427489631213	1.1365214658286107	0.0	(1.1365214658286107+0j)
1.0702516438377647	1.1454385811374377	0.01480392115690542	1.160253461150145	0.0	(1.160253461150145+0j)
1.0815108003456506	1.1696656112642898	0.014826944758446484	1.1845034410597146	0.0	(1.1845034410597146+0j)
1.0928977719477735	1.1944255399284076	0.01484950979648655	1.209285862066851	0.0	(1.209285862066851+0j)
1.1044153784329473	1.2197333281191902	0.014871627415470287	1.2346156962984163	0.0	(1.2346156962984163+0j)
1.1160665190595802	1.2456044749657682	0.014893308414652098	1.260508453675618	0.0	(1.260508453675618+0j)
1.127854175424264	1.2720550410219462	0.014914563260272335	1.2869802052111425	0.0	(1.2869802052111425+0j)
1.1397814144549399	1.2991016727369034	0.014935402097313033	1.3140476074916987	0.0	(1.3140476074916987+0j)
1.1518513915350144	1.326761628181149	0.01495583476083656	1.3417279284152879	0.0	(1.3417279284152879+0j)
1.1640673537651605	1.3550528041018233	0.014975870786912687	1.3700390742574884	0.0	(1.3700390742574884+0j)
1.1764326433699523	1.3839937643864135	0.014995519423141477	1.3989996181456912	0.0	(1.3989996181456912+0j)
1.188950701256894	1.41360377001926	0.015014789638780904	1.428628830025813	0.0	(1.428628830025813+0j)
1.2016250707358727	1.443902810620991	0.015033690134489252	1.4589467082114598	0.0	(1.4589467082114598+0j)
1.2144594014075378	1.4749116376671552	0.0150522293516934	1.4899740126119108	0.0	(1.4899740126119108+0j)
1.2274574532296423	1.5066517994889994	0.015070415481594492	1.5217322997420577	0.0	(1.5217322997420577+0j)
1.2406231007709225	1.5391456781664585	0.015088256473823256	1.5542439596239206	0.0	(1.5542439596239206+0j)
1.253960337662704	1.5724165284311626	0.015105760044757242	1.5875322546980875	0.0	(1.5875322546980875+0j)
1.2674732812590377	1.6064885187055518	0.015122933685512499	1.6216213608708088	0.0	(1.6216213608708088+0j)
1.281166177516874	1.641386774413198	0.015139784669622125	1.6565364108320042	0.0	(1.6565364108320042+0j)
1.2950434061084883	1.6771374237050751	0.01515632006041405	1.6923035397889545	0.0	(1.6923035397889545+0j)
1.3091094857791792	1.713767645757027	0.015172546718100123	1.7289499337708867	0.0	(1.7289499337708867+0j)
1.3233690799640727	1.7513057218049564	0.015188471306588378	1.766503880670912	0.0	(1.766503880670912+0j)
1.3378270026787948	1.7897810890965282	0.015204100300029945	1.8049948242043854	0.0	(1.8049948242043854+0j)
1.3524882246997147	1.829224397951386	0.015219439989111792	1.8444534209754226	0.0	(1.8444534209754226+0j)
1.367357880050523	1.8696675721362606	0.015234496487106007	1.8849116008580338	0.0	(1.8849116008580338+0j)
1.3824412728130073	1.9111438727768477	0.015249275735685968	1.9264026309138338	0.0	(1.9264026309138338+0j)
1.3977438842811067	1.953687966045236	0.015263783510519376	1.9689611830850908	0.0	(1.9689611830850908+0j)
1.4132713804785997	1.9973359948798868	0.01527802542664759	2.0126234059200963	0.0	(2.0126234059200963+0j)
1.4290296200621948	2.042125655015101	0.01529200694366045	2.05742700060785	0.0	(2.05742700060785+0j)
1.445024662633272	2.088096275618401	0.015305733370675235	2.1034113016203544	0.0	(2.1034113016203544+0j)
1.4612627774831597	2.135288904857798	0.015319209871128121	2.150617362284911	0.0	(2.150617362284911+0j)
1.4777504527985619	2.1837464007463545	0.015332441467386009	2.199088045632917	0.0	(2.199088045632917+0j)
1.4944944053556504	2.233513527639339	0.015345433045186386	2.248868120901932	0.0	(2.248868120901932+0j)
1.5115015907333542	2.2846370587894604	0.015358189357912373	2.300004366094821	0.0	(2.300004366094821+0j)
1.5287792140786036	2.337165885398793	0.015370715030709844	2.3525456770360655	0.0	(2.3525456770360655+0j)
1.5463347414586395	2.3911511326419572	0.015383014564453266	2.406543183398761	0.0	(2.406543183398761+0j)
1.5641759118381064	2.4466462831745717	0.01539509233956643	2.4620503722170484	0.0	(2.4620503722170484+0j)
1.5823107497214135	2.503707308683942	0.015406952619704112	2.519123219440357	0.0	(2.519123219440357+0j)
1.600747578503893	2.562392810086077	0.015418599555300345	2.5778203301342315	0.0	(2.5778203301342315+0j)
1.6194950345785646	2.6227641670246262	0.015430037186988732	2.638203087982407	0.0	(2.638203087982407+0j)
1.6385620822488856	2.6848856973838036	0.015441269448900015	2.700335814803255	0.0	(2.700335814803255+0j)
1.6579580295017198	2.7488248275892255	0.01545230017184182	2.7642859408537257	0.0	(2.7642859408537257+0j)
1.6776925446990145	2.8146522745386546	0.015463133086365355	2.8301241867632263	0.0	(2.8301241867632263+0j)
1.6977756742512127	2.88244224007916	0.0154737718257235	2.89792475801385	0.0	(2.89792475801385+0j)
1.7182178613404582	2.9522726190293778	0.015484219928724709	2.9677655529654143	0.0	(2.9677655529654143+0j)
1.7390299657670674	3.0242252218358074	0.015494480842486724	3.0397283855144424	0.0	(3.0397283855144424+0j)
1.760223284998705	3.098386013051632	0.015504557925094146	3.11389922357591	0.0	(3.11389922357591+0j)
1.7818095765081643	3.174845366936204	0.015514454448163524	3.1903684446851703	0.0	(3.1903684446851703+0j)
1.8038010814927508	3.253698341594417	0.015524173599319659	3.269231110139828	0.0	(3.269231110139828+0j)
1.826210550076001	3.3350449732088903	0.015533718484586458	3.350587259234624	0.0	(3.350587259234624+0j)
1.8490512681009823	3.4189905920658505	0.015543092130695725	3.4345422252891464	0.0	(3.4345422252891464+0j)
1.872337085633676	3.5056461622392074	0.015552297487316931	3.5212069753345903	0.0	(3.5212069753345903+0j)
1.8960824473051814	3.595128646978806	0.015561337429211081	3.610698475504385	0.0	(3.610698475504385+0j)
1.9203024246326275	3.6875614020499476	0.015570214758311449	3.703140084375133	0.0	(3.703140084375133+0j)
1.9450127504710306	3.7830745994948836	0.01557893220573401	3.798661976730954	0.0	(3.798661976730954+0j)
1.9702298557618156	3.881805684535225	0.015587492433720177	3.897401600467278	0.0	(3.897401600467278+0j)
1.9959709087586568	3.9838998686108584	0.015595898037514381	3.999504169632332	0.0	(3.999504169632332+0j)
2.0222538569276787	4.089510661858872	0.015604151547178879	4.105123196907127	0.0	(4.105123196907127+0j)
2.049097471737219	4.1988004486798625	0.015612255429348154	4.214421069174559	0.0	(4.214421069174559+0j)
2.0765213965723364	4.311941110422726	0.015620212088925087	4.327569670205159	0.0	(4.327569670205159+0j)
2.1045461980314064	4.429114699648448	0.01562802387072105	4.44475105492301	0.0	(4.44475105492301+0j)
2.133193420886631	4.550514170914008	0.015635693061041917	4.566158180191388	0.0	(4.566158180191388+0j)
2.1624856470174922	4.676344173556662	0.01564322188922204	4.691995697598562	0.0	(4.691995697598562+0j)
2.1924465586562807	4.806821912563768	0.01565061252910793	4.822480814328996	0.0	(4.822480814328996+0j)
2.223101006318373	4.942178084293763	0.01565786710049353	4.957844228886383	0.0	(4.957844228886383+0j)
2.254475081827145	5.082657894579511	0.01566498767050881	5.098331149198076	0.0	(5.098331149198076+0j)
2.286596196884975	5.228522167608831	0.015671976254963235	5.244202401497392	0.0	(5.244202401497392+0j)
2.3194931676880453	5.3800485549515225	0.01567883481964583	5.39573563935192	0.0	(5.39573563935192+0j)
2.3531963061343935	5.537532855204554	0.015685565281583227	5.553226663310274	0.0	(5.553226663310274+0j)
2.3877375182324627	5.70129045597492	0.01569216951025725	5.716990862886228	0.0	(5.716990862886228+0j)
2.423150410382236	5.871657911335598	0.015698649328783384	5.887364794016183	0.0	(5.887364794016183+0j)
2.4594704042736235	6.048994669497861	0.015705006515051526	6.064707906732843	0.0	(6.064707906732843+0j)
2.496734861228448	6.2336849672734385	0.015711242802830195	6.249404439628617	0.0	(6.249404439628617+0j)
2.5349832169041195	6.426139909985558	0.01571735988283559	6.441865499768177	0.0	(6.441865499768177+0j)
2.5742571273806174	6.626799757869908	0.015723359403766582	6.6425313490906	0.0	(6.6425313490906+0j)
2.6146006277690774	6.836136442730454	0.015729242973306804	6.851873921066706	0.0	(6.851873921066706+0j)
2.6560603046123226	7.054656341737304	0.015735012159094945	7.0703995944980775	0.0	(7.0703995944980775+0j)
2.6986854834970577	7.282903338837748	0.01574066848966433	7.2986522549296655	0.0	(7.2986522549296655+0j)
2.7425284334670543	7.521462208375255	0.01574621345535271	7.537216678269749	0.0	(7.537216678269749+0j)
2.7876445900192137	7.77096236026339	0.015751648509183366	7.786722275965985	0.0	(7.786722275965985+0j)
2.8340927986837694	8.0320819915512	0.015756975067718334	8.047847246571257	0.0	(8.047847246571257+0j)
2.8819355814399845	8.305552695569821	0.015762194511884736	8.321323184892508	0.0	(8.321323184892508+0j)
2.931239428504668	8.592164587220372	0.01576730818777504	8.607940207279858	0.0	(8.607940207279858+0j)
2.982075118358144	8.89277201153074	0.015772317407422094	8.908552660184814	0.0	(8.908552660184814+0j)
3.034518069248077	9.208299912593077	0.01577722344954975	9.224085489099215	0.0	(9.224085489099215+0j)
3.0886487258435147	9.539750951654767	0.015782027560299793	9.555541356648778	0.0	(9.555541356648778+0j)
3.144552985209584	9.888213476790508	0.015786730953935957	9.904008612265851	0.0	(9.904008612265851+0j)
3.2023226668483793	10.254870462610915	0.015791334813525754	10.270670231900576	0.0	(10.270670231900576+0j)
3.262056032217725	10.641009557328049	0.015795840291600728	10.65681386508806	0.0	(10.65681386508806+0j)
3.323858359912498	11.048034396760201	0.01580024851079588	11.0638431489559	0.0	(11.0638431489559+0j)
3.3878425835928954	11.477477371205385	0.01580456056446881	11.493290475099224	0.0	(11.493290475099224+0j)
3.454130000793466	11.931014062381468	0.015808777517299255	11.946831426524104	0.0	(11.946831426524104+0j)
3.522851061974551	12.410479604855222	0.015812900405869548	12.426301139078904	0.0	(12.426301139078904+0j)
3.5941462506179493	12.917887270831063	0.015816930239226624	12.933712886246425	0.0	(12.933712886246425+0j)
3.66816706686314	13.45544963041933	0.015820867999426037	13.471279239415423	0.0	(13.471279239415423+0j)
3.745077129179684	14.025602703504743	0.01582471464205858	14.04143621975261	0.0	(14.04143621975261+0j)
3.8250534109381644	14.631033596529686	0.01582847109675995	14.646870934990947	0.0	(14.646870934990947+0j)
3.908287631552308	15.274712210944749	0.015832138267703993	15.290553287884135	0.0	(15.290553287884135+0j)
3.9949878252136055	15.959927723604933	0.015835717034079946	15.975772456608716	0.0	(15.975772456608716+0j)
4.085380114243313	16.690330677854707	0.015839208250554127	16.706178985855388	0.0	(16.706178985855388+0j)
4.1797107188912594	17.46998169361449	0.015842612747716544	17.485833496922105	0.0	(17.485833496922105+0j)
4.278248241197923	18.303408013313117	0.015845931332512782	18.319263233656912	0.0	(18.319263233656912+0j)
4.381286267534822	19.195669358089212	0.01584916478866158	19.211527918667137	0.0	(19.211527918667137+0j)
4.489146342936222	20.15243488829766	0.0158523138770585	20.168296713828425	0.0	(20.168296713828425+0j)
4.602181380698693	21.180073460849727	0.015855379336166014	21.195938477589575	0.0	(21.195938477589575+0j)
4.720779583420475	22.28575987523959	0.0158583618823904	22.301628010849914	0.0	(22.301628010849914+0j)
4.845368967277471	23.477600429055546	0.01586126221044577	23.493471612050918	0.0	(23.493471612050918+0j)
4.976422600658465	24.764781900344357	0.01586408099370552	24.780656058587965	0.0	(24.780656058587965+0j)
5.11446469230851	26.157749088870382	0.01586681888454159	26.17362614628492	0.0	(26.17362614628492+0j)
5.260077694162765	27.668417348628676	0.01586947651465174	27.68429721909435	0.0	(27.68429721909435+0j)
5.4139106218087605	29.31042822093372	0.01587205449537522	29.326310798566396	0.0	(29.326310798566396+0j)
5.576688843265378	31.099458454600544	0.015874553417997043	31.115343600545422	0.0	(31.115343600545422+0j)
5.749225647539572	33.05359554632681	0.015876973854041146	33.069483073996814	0.0	(33.069483073996814+0j)
5.932435982287334	35.193796683937485	0.015879316355552713	35.209686346943855	0.0	(35.209686346943855+0j)
6.127352850376532	37.54445295301741	0.015881581455369866	37.56034444198505	0.0	(37.56034444198505+0j)
6.3351469857621545	40.13408733121131	0.015883769667384983	40.14998028600025	0.0	(40.14998028600025+0j)
6.5571506002319895	42.99622399412274	0.015885881486795893	43.01211803563838	0.0	(43.01211803563838+0j)
6.794886218740517	46.170478725629806	0.015887917390347055	46.186373506120425	0.0	(46.186373506120425+0j)
7.050101922594505	49.70393711897074	0.015889877836561067	49.71983238224153	0.0	(49.71983238224153+0j)
7.3248147256812395	53.65291076555673	0.015891763265960607	53.66880640057758	0.0	(53.66880640057758+0j)
7.621364360991174	58.0851947229864	0.015893574101281005	58.1010907890571	0.0	(58.1010907890571+0j)
7.942480513771104	63.0829967116337	0.015895310747673655	63.09889341590709	0.0	(63.09889341590709+0j)
8.291367593760423	68.7467765748605	0.015896973592900404	68.76267419942397	0.0	(68.76267419942397+0j)
8.671812627127995	75.20033424001653	0.015898563007519097	75.21623304418291	0.0	(75.21623304418291+0j)
9.088323974676241	82.59763266867495	0.015900079345060446	82.61353281412273	0.0	(82.61353281412273+0j)
9.54631166550631	91.13206641498188	0.0159015229421963	91.14796795013613	0.0	(91.14796795013613+0j)
10.052324678156053	101.0492314350652	0.015902894118899582	101.06513433052349	0.0	(101.06513433052349+0j)
10.614367315450416	112.66479350730206	0.01590419317859586	112.68069770055406	0.0	(112.68069770055406+0j)
11.242327241063164	126.38992179515088	0.015905420408306843	126.40582721556132	0.0	(126.40582721556132+0j)
11.948564029789118	142.76818237397038	0.01590657607878579	142.7840889500492	0.0	(142.7840889500492+0j)
12.748733137924708	162.53019662201956	0.015907660444644988	162.5461042824642	0.0	(162.5461042824642+0j)
13.66296300381141	186.6765580435193	0.015908673744475466	186.6924667172635	0.0	(186.6924667172635+0j)
14.717575425552228	216.60702640681885	0.0159096162009589	216.6229360230197	0.0	(216.6229360230197+0j)
15.947666127586315	254.32805491696388	0.015910488020971936	254.34396540498477	0.0	(254.34396540498477+0j)
17.40109290903076	302.79803442872054	0.015911289395682954	302.81394571811666	0.0	(302.81394571811666+0j)
19.14485668102724	366.52553733707333	0.015912020500641333	366.541449357574	0.0	(366.541449357574+0j)
21.27573652898499	452.65696485078627	0.015912681495859345	452.67287753228175	0.0	(452.67287753228175+0j)
23.938901071506148	573.0709845113582	0.015913272525886684	573.0868977838833	0.0	(573.0868977838833+0j)
27.362472412674148	748.7048965343538	0.01591379371987774	748.7208103280724	0.0	(748.7208103280724+0j)
31.92665404663059	1019.3112386132333	0.01591424519165163	1019.3271528584266	0.0	(1019.3271528584266+0j)
38.31581224764096	1468.1014681964732	0.015914627039745072	1468.117382823513	0.0	(1468.117382823513+0j)
47.89867954526018	2294.283502179526	0.015914939347458114	2294.2994171188734	0.0	(2294.2994171188734+0j)
63.868965149824504	4079.244709309497	0.015915182182892763	4079.26062449168	0.0	(4079.26062449168+0j)
95.80779665442321	9179.133899775308	0.01591535559898456	9179.149815130908	0.0	(9179.149815130908+0j)
191.62081194867162	36718.53557186817	0.015915459633527095	36718.5514873278	0.0	(36718.5514873278+0j)
