-1.0	-1.0	-0.01695488108410624	-1.0170098075467697	0.0	(-1.0170098075467697+0j)
-0.9975	-0.9950062500000001	-0.016883131602502377	-1.0119367507157808	0.0	(-1.0119367507157808+0j)
-0.995	-0.990025	-0.016811447732523646	-1.0068797402149425	0.0	(-1.0068797402149425+0j)
-0.9925	-0.9850562500000001	-0.01673983012464199	-1.0018365428245368	0.0	(-1.0018365428245368+0j)
-0.99	-0.9801	-0.01666827942988748	-0.9968065593811926	0.0	(-0.9968065593811926+0j)
-0.9875	-0.9751562500000001	-0.016596796299838193	-0.9917895415690896	0.0	(-0.9917895415690896+0j)
-0.985	-0.970225	-0.016525381386609778	-0.9867853623998476	0.0	(-0.9867853623998476+0j)
-0.9825	-0.96530625	-0.01645403534284516	-0.9817939481928247	0.0	(-0.9817939481928247+0j)
-0.98	-0.9603999999999999	-0.016382758821704188	-0.9768152524282957	0.0	(-0.9768152524282957+0j)
-0.9775	-0.9555062500000001	-0.016311552476853258	-0.9718492439067764	0.0	(-0.9718492439067764+0j)
-0.975	-0.9506249999999999	-0.016240416962454762	-0.9668959007385631	0.0	(-0.9668959007385631+0j)
-0.9725	-0.9457562500000001	-0.016169352933156717	-0.9619552070236114	0.0	(-0.9619552070236114+0j)
-0.97	-0.9409	-0.016098361044082188	-0.9570271508935436	0.0	(-0.9570271508935436+0j)
-0.9675	-0.93605625	-0.016027441950818774	-0.9521117232952208	0.0	(-0.9521117232952208+0j)
-0.965	-0.931225	-0.015956596309408003	-0.9472089172020021	0.0	(-0.9472089172020021+0j)
-0.9625	-0.9264062500000001	-0.015885824776334767	-0.9423187270838956	0.0	(-0.9423187270838956+0j)
-0.96	-0.9216	-0.015815128008516546	-0.9374411485406957	0.0	(-0.9374411485406957+0j)
-0.9575	-0.91680625	-0.015744506663292884	-0.9325761780414147	0.0	(-0.9325761780414147+0j)
-0.9550000000000001	-0.9120250000000001	-0.015673961398414635	-0.9277238127348583	0.0	(-0.9277238127348583+0j)
-0.9525	-0.90725625	-0.015603492872033053	-0.9228840503094023	0.0	(-0.9228840503094023+0j)
-0.9500000000000001	-0.9025000000000001	-0.015533101742689251	-0.91805688888717	0.0	(-0.91805688888717+0j)
-0.9475	-0.89775625	-0.015462788669303215	-0.913242326943077	0.0	(-0.913242326943077+0j)
-0.9450000000000001	-0.8930250000000001	-0.015392554311163029	-0.9084403632419809	0.0	(-0.9084403632419809+0j)
-0.9425	-0.88830625	-0.01532239932791396	-0.9036509967892317	0.0	(-0.9036509967892317+0j)
-0.9400000000000001	-0.8836000000000002	-0.015252324379547613	-0.8988742267914249	0.0	(-0.8988742267914249+0j)
-0.9375	-0.87890625	-0.015182330126390822	-0.8941100526248579	0.0	(-0.8941100526248579+0j)
-0.935	-0.8742250000000001	-0.015112417229094982	-0.8893584738099087	0.0	(-0.8893584738099087+0j)
-0.9325	-0.86955625	-0.015042586348624695	-0.8846194899901718	0.0	(-0.8846194899901718+0j)
-0.93	-0.8649000000000001	-0.014972838146246933	-0.8798931009151887	0.0	(-0.8798931009151887+0j)
-0.9275	-0.86025625	-0.014903173283520005	-0.8751793064261199	0.0	(-0.8751793064261199+0j)
-0.925	-0.8556250000000001	-0.014833592422282271	-0.8704781064438034	0.0	(-0.8704781064438034+0j)
-0.9225	-0.85100625	-0.014764096224641227	-0.8657895009586641	0.0	(-0.8657895009586641+0j)
-0.92	-0.8464	-0.014694685352962214	-0.8611134900221991	0.0	(-0.8611134900221991+0j)
-0.9175	-0.84180625	-0.01462536046985724	-0.8564500737397172	0.0	(-0.8564500737397172+0j)
-0.915	-0.8372250000000001	-0.014556122238173833	-0.8517992522641269	0.0	(-0.8517992522641269+0j)
-0.9125	-0.83265625	-0.014486971320983796	-0.8471610257906228	0.0	(-0.8471610257906228+0j)
-0.91	-0.8281000000000001	-0.01441790838157174	-0.8425353945520573	0.0	(-0.8425353945520573+0j)
-0.9075	-0.82355625	-0.014348934083424122	-0.837922358814974	0.0	(-0.837922358814974+0j)
-0.905	-0.819025	-0.014280049090217559	-0.8333219188760842	0.0	(-0.8333219188760842+0j)
-0.9025	-0.81450625	-0.014211254065807796	-0.8287340750592534	0.0	(-0.8287340750592534+0j)
-0.9	-0.81	-0.014142549674218033	-0.8241588277128253	0.0	(-0.8241588277128253+0j)
-0.8975	-0.80550625	-0.014073936579627674	-0.8195961772072965	0.0	(-0.8195961772072965+0j)
-0.895	-0.801025	-0.0140054154463609	-0.8150461239331778	0.0	(-0.8150461239331778+0j)
-0.8925000000000001	-0.7965562500000001	-0.01393698693887506	-0.8105086682992404	0.0	(-0.8105086682992404+0j)
-0.89	-0.7921	-0.013868651721749323	-0.8059838107307982	0.0	(-0.8059838107307982+0j)
-0.8875000000000001	-0.7876562500000002	-0.013800410459673132	-0.8014715516682941	0.0	(-0.8014715516682941+0j)
-0.885	-0.7832250000000001	-0.013732263817434517	-0.7969718915660057	0.0	(-0.7969718915660057+0j)
-0.8825000000000001	-0.7788062500000001	-0.013664212459908745	-0.7924848308908407	0.0	(-0.7924848308908407+0j)
-0.88	-0.7744	-0.013596257052046562	-0.7880103701213028	0.0	(-0.7880103701213028+0j)
-0.8775000000000001	-0.7700062500000001	-0.013528398258862623	-0.7835485097465804	0.0	(-0.7835485097465804+0j)
-0.875	-0.765625	-0.013460636745423776	-0.7790992502656308	0.0	(-0.7790992502656308+0j)
-0.8725	-0.7612562500000001	-0.013392973176837547	-0.7746625921864524	0.0	(-0.7746625921864524+0j)
-0.87	-0.7569	-0.013325408218240214	-0.7702385360253836	0.0	(-0.7702385360253836+0j)
-0.8675	-0.75255625	-0.013257942534785405	-0.7658270823064266	0.0	(-0.7658270823064266+0j)
-0.865	-0.748225	-0.013190576791631992	-0.7614282315607194	0.0	(-0.7614282315607194+0j)
-0.8625	-0.7439062500000001	-0.013123311653932573	-0.7570419843259816	0.0	(-0.7570419843259816+0j)
-0.86	-0.7395999999999999	-0.01305614778682157	-0.7526683411460171	0.0	(-0.7526683411460171+0j)
-0.8575	-0.73530625	-0.012989085855403454	-0.7483073025703062	0.0	(-0.7483073025703062+0j)
-0.855	-0.7310249999999999	-0.012922126524740868	-0.7439588691535634	0.0	(-0.7439588691535634+0j)
-0.8525	-0.7267562500000001	-0.012855270459842888	-0.7396230414553898	0.0	(-0.7396230414553898+0j)
-0.85	-0.7224999999999999	-0.012788518325652809	-0.7352998200399052	0.0	(-0.7352998200399052+0j)
-0.8475	-0.71825625	-0.012721870787036904	-0.7309892054754715	0.0	(-0.7309892054754715+0j)
-0.845	-0.7140249999999999	-0.01265532850877163	-0.726691198334342	0.0	(-0.726691198334342+0j)
-0.8425	-0.7098062500000001	-0.012588892155532438	-0.7224057991924595	0.0	(-0.7224057991924595+0j)
-0.84	-0.7055999999999999	-0.01252256239188132	-0.7181330086291197	0.0	(-0.7181330086291197+0j)
-0.8375	-0.70140625	-0.01245633988225503	-0.7138728272268248	0.0	(-0.7138728272268248+0j)
-0.835	-0.697225	-0.012390225290953183	-0.7096252555710096	0.0	(-0.7096252555710096+0j)
-0.8325	-0.69305625	-0.012324219282125987	-0.705390294249861	0.0	(-0.705390294249861+0j)
-0.8300000000000001	-0.6889000000000001	-0.012258322519762166	-0.7011679438541201	0.0	(-0.7011679438541201+0j)
-0.8275	-0.6847562500000001	-0.012192535667677223	-0.6969582049769316	0.0	(-0.6969582049769316+0j)
-0.8250000000000001	-0.6806250000000001	-0.01212685938950106	-0.692761078213645	0.0	(-0.692761078213645+0j)
-0.8225	-0.67650625	-0.012061294348666068	-0.688576564161665	0.0	(-0.688576564161665+0j)
-0.8200000000000001	-0.6724000000000001	-0.011995841208394836	-0.6844046634203568	0.0	(-0.6844046634203568+0j)
-0.8175	-0.66830625	-0.01193050063168799	-0.6802453765908459	0.0	(-0.6802453765908459+0j)
-0.8150000000000001	-0.6642250000000001	-0.011865273281312372	-0.676098704275911	0.0	(-0.676098704275911+0j)
-0.8125	-0.66015625	-0.011800159819788353	-0.6719646470799	0.0	(-0.6719646470799+0j)
-0.81	-0.6561000000000001	-0.011735160909378095	-0.6678432056085699	0.0	(-0.6678432056085699+0j)
-0.8075	-0.65205625	-0.011670277212073144	-0.6637343804690189	0.0	(-0.6637343804690189+0j)
-0.805	-0.6480250000000001	-0.01160550938958213	-0.6596381722695333	0.0	(-0.6596381722695333+0j)
-0.8025	-0.64400625	-0.01154085810331873	-0.6555545816195534	0.0	(-0.6555545816195534+0j)
-0.8	-0.6400000000000001	-0.011476324014389139	-0.6514836091295626	0.0	(-0.6514836091295626+0j)
-0.7975	-0.63600625	-0.011411907783580116	-0.6474252554109758	0.0	(-0.6474252554109758+0j)
-0.795	-0.6320250000000001	-0.011347610071346409	-0.6433795210760935	0.0	(-0.6433795210760935+0j)
-0.7925	-0.62805625	-0.011283431537798677	-0.6393464067380115	0.0	(-0.6393464067380115+0j)
-0.79	-0.6241000000000001	-0.011219372842691033	-0.6353259130105429	0.0	(-0.6353259130105429+0j)
-0.7875	-0.62015625	-0.011155434645408774	-0.6313180405081512	0.0	(-0.6313180405081512+0j)
-0.785	-0.616225	-0.011091617604956028	-0.627322789845898	0.0	(-0.627322789845898+0j)
-0.7825	-0.6123062499999999	-0.011027922379943322	-0.623340161639341	0.0	(-0.623340161639341+0j)
-0.78	-0.6084	-0.010964349628575343	-0.6193701565045457	0.0	(-0.6193701565045457+0j)
-0.7775	-0.6045062499999999	-0.01090090000863847	-0.6154127750579385	0.0	(-0.6154127750579385+0j)
-0.775	-0.6006250000000001	-0.010837574177488402	-0.6114680179163188	0.0	(-0.6114680179163188+0j)
-0.7725	-0.59675625	-0.0107743727920378	-0.6075358856967819	0.0	(-0.6075358856967819+0j)
-0.77	-0.5929	-0.010711296508743612	-0.6036163790166655	0.0	(-0.6036163790166655+0j)
-0.7675000000000001	-0.5890562500000001	-0.010648345983595153	-0.5997094984935067	0.0	(-0.5997094984935067+0j)
-0.765	-0.585225	-0.0105855218721011	-0.595815244744994	0.0	(-0.595815244744994+0j)
-0.7625000000000001	-0.5814062500000001	-0.010522824829277355	-0.5919336183889177	0.0	(-0.5919336183889177+0j)
-0.76	-0.5776	-0.010460255509634614	-0.5880646200431435	0.0	(-0.5880646200431435+0j)
-0.7575000000000001	-0.5738062500000001	-0.010397814567165709	-0.5842082503255212	0.0	(-0.5842082503255212+0j)
-0.755	-0.570025	-0.0103355026553332	-0.5803645098539505	0.0	(-0.5803645098539505+0j)
-0.7525000000000001	-0.5662562500000001	-0.010273320427056948	-0.5765333992462016	0.0	(-0.5765333992462016+0j)
-0.75	-0.5625	-0.010211268534701556	-0.5727149191199883	0.0	(-0.5727149191199883+0j)
-0.7475	-0.5587562500000001	-0.010149347630063865	-0.5689090700928844	0.0	(-0.5689090700928844+0j)
-0.745	-0.555025	-0.010087558364360427	-0.5651158527822925	0.0	(-0.5651158527822925+0j)
-0.7425	-0.5513062500000001	-0.010025901388214992	-0.5613352678054118	0.0	(-0.5613352678054118+0j)
-0.74	-0.5476	-0.009964377351645959	-0.5575673157792225	0.0	(-0.5575673157792225+0j)
-0.7375	-0.54390625	-0.00990298690405389	-0.553811997320427	0.0	(-0.553811997320427+0j)
-0.735	-0.540225	-0.009841730694208878	-0.5500693130454333	0.0	(-0.5500693130454333+0j)
-0.7325	-0.5365562500000001	-0.009780609370238114	-0.5463392635703211	0.0	(-0.5463392635703211+0j)
-0.73	-0.5328999999999999	-0.009719623579613063	-0.5426218495108123	0.0	(-0.5426218495108123+0j)
-0.7275	-0.5292562500000001	-0.009658773969137363	-0.5389170714822463	0.0	(-0.5389170714822463+0j)
-0.725	-0.525625	-0.009598061184933754	-0.535224930099554	0.0	(-0.535224930099554+0j)
-0.7225	-0.52200625	-0.00953748587243175	-0.5315454259772237	0.0	(-0.5315454259772237+0j)
-0.72	-0.5184	-0.009477048676355126	-0.5278785597292802	0.0	(-0.5278785597292802+0j)
-0.7175	-0.51480625	-0.009416750240709149	-0.5242243319692481	0.0	(-0.5242243319692481+0j)
-0.715	-0.5112249999999999	-0.009356591208768111	-0.5205827433101503	0.0	(-0.5205827433101503+0j)
-0.7125	-0.50765625	-0.009296572223062682	-0.5169537943644542	0.0	(-0.5169537943644542+0j)
-0.71	-0.5041	-0.009236693925367329	-0.513337485744068	0.0	(-0.513337485744068+0j)
-0.7075	-0.50055625	-0.009176956956687743	-0.509733818060328	0.0	(-0.509733818060328+0j)
-0.705	-0.49702499999999994	-0.009117361957248216	-0.5061427919239231	0.0	(-0.5061427919239231+0j)
-0.7025	-0.49350625000000004	-0.00905790956647895	-0.5025644079449462	0.0	(-0.5025644079449462+0j)
-0.7000000000000001	-0.4900000000000001	-0.008998600423003655	-0.4989986667328238	0.0	(-0.4989986667328238+0j)
-0.6975	-0.48650625000000003	-0.008939435164626641	-0.4954455688962925	0.0	(-0.4954455688962925+0j)
-0.6950000000000001	-0.4830250000000001	-0.008880414428320604	-0.49190511504341206	0.0	(-0.49190511504341206+0j)
-0.6925	-0.47955625	-0.008821538850213695	-0.48837730578151295	0.0	(-0.48837730578151295+0j)
-0.6900000000000001	-0.4761000000000001	-0.008762809065576915	-0.48486214171719144	0.0	(-0.48486214171719144+0j)
-0.6875	-0.47265625	-0.008704225708811797	-0.4813596234562893	0.0	(-0.4813596234562893+0j)
-0.685	-0.46922500000000006	-0.00864578941343741	-0.47786975160386075	0.0	(-0.47786975160386075+0j)
-0.6825	-0.46580625	-0.008587500812078097	-0.47439252676417965	0.0	(-0.47439252676417965+0j)
-0.68	-0.4624000000000001	-0.008529360536450592	-0.4709279495406962	0.0	(-0.4709279495406962+0j)
-0.6775	-0.45900625	-0.008471369217351643	-0.4674760205360296	0.0	(-0.4674760205360296+0j)
-0.675	-0.45562500000000006	-0.008413527484645189	-0.4640367403519532	0.0	(-0.4640367403519532+0j)
-0.6725	-0.45225624999999997	-0.00835583596724987	-0.46061010958936943	0.0	(-0.46061010958936943+0j)
-0.67	-0.4489000000000001	-0.008298295293126479	-0.45719612884829025	0.0	(-0.45719612884829025+0j)
-0.6675	-0.44555625	-0.00824090608926542	-0.4537947987278308	0.0	(-0.4537947987278308+0j)
-0.665	-0.44222500000000003	-0.00818366898167372	-0.4504061198261925	0.0	(-0.4504061198261925+0j)
-0.6625	-0.43890625	-0.008126584595362862	-0.4470300927406255	0.0	(-0.4470300927406255+0j)
-0.66	-0.43560000000000004	-0.008069653554336198	-0.44366671806744706	0.0	(-0.44366671806744706+0j)
-0.6575	-0.43230624999999995	-0.008012876481575948	-0.4403159964019882	0.0	(-0.4403159964019882+0j)
-0.655	-0.42902500000000005	-0.007956253999031104	-0.4369779283386128	0.0	(-0.4369779283386128+0j)
-0.6525	-0.42575624999999995	-0.007899786727604607	-0.43365251447066955	0.0	(-0.43365251447066955+0j)
-0.65	-0.42250000000000004	-0.0078434752871408	-0.43033975539050706	0.0	(-0.43033975539050706+0j)
-0.6475	-0.41925624999999994	-0.007787320296412881	-0.4270396516894386	0.0	(-0.4270396516894386+0j)
-0.645	-0.41602500000000003	-0.007731322373110361	-0.4237522039577285	0.0	(-0.4237522039577285+0j)
-0.6425	-0.41280624999999993	-0.007675482133826572	-0.4204774127845939	0.0	(-0.4204774127845939+0j)
-0.64	-0.4096	-0.007619800194046122	-0.41721527875816966	0.0	(-0.41721527875816966+0j)
-0.6375000000000001	-0.4064062500000001	-0.0075642771681321275	-0.41396580246549736	0.0	(-0.41396580246549736+0j)
-0.635	-0.403225	-0.0075089136693139436	-0.41072898449253514	0.0	(-0.41072898449253514+0j)
-0.6325000000000001	-0.40005625000000006	-0.007453710309674733	-0.40750482542411554	0.0	(-0.40750482542411554+0j)
-0.63	-0.39690000000000003	-0.007398667700138584	-0.40429332584394234	0.0	(-0.40429332584394234+0j)
-0.6275000000000001	-0.3937562500000001	-0.007343786450458356	-0.40109448633457434	0.0	(-0.40109448633457434+0j)
-0.625	-0.390625	-0.007289067169203023	-0.3979083074774264	0.0	(-0.3979083074774264+0j)
-0.6225	-0.38750625000000005	-0.007234510463745181	-0.3947347898527347	0.0	(-0.3947347898527347+0j)
-0.62	-0.3844	-0.007180116940248726	-0.39157393403955687	0.0	(-0.39157393403955687+0j)
-0.6175	-0.38130625000000007	-0.0071258872036562	-0.38842574061576135	0.0	(-0.38842574061576135+0j)
-0.615	-0.378225	-0.0070718218576764635	-0.3852902101580019	0.0	(-0.3852902101580019+0j)
-0.6125	-0.3751562500000001	-0.007017921504772262	-0.3821673432417261	0.0	(-0.3821673432417261+0j)
-0.61	-0.3721	-0.0069641867461477935	-0.37905714044114114	0.0	(-0.37905714044114114+0j)
-0.6075	-0.36905625000000003	-0.006910618181735995	-0.37595960232921205	0.0	(-0.37595960232921205+0j)
-0.605	-0.366025	-0.006857216410186828	-0.3728747294776549	0.0	(-0.3728747294776549+0j)
-0.6025	-0.36300625000000003	-0.0068039820288542385	-0.36980252245691186	0.0	(-0.36980252245691186+0j)
-0.6	-0.36	-0.006750915633783938	-0.3667429818361627	0.0	(-0.3667429818361627+0j)
-0.5975	-0.35700625	-0.006698017819701252	-0.3636961081832821	0.0	(-0.3636961081832821+0j)
-0.595	-0.354025	-0.00664528917999857	-0.36066190206484167	0.0	(-0.36066190206484167+0j)
-0.5925	-0.35105625	-0.006592730306723138	-0.3576403640461235	0.0	(-0.3576403640461235+0j)
-0.59	-0.34809999999999997	-0.006540341790564563	-0.3546314946910682	0.0	(-0.3546314946910682+0j)
-0.5875	-0.34515625000000005	-0.0064881242208426615	-0.35163529456228665	0.0	(-0.35163529456228665+0j)
-0.585	-0.34222499999999995	-0.006436078185495242	-0.3486517642210535	0.0	(-0.3486517642210535+0j)
-0.5825	-0.33930625000000003	-0.006384204271065452	-0.34568090422728337	0.0	(-0.34568090422728337+0j)
-0.58	-0.3364	-0.006332503062690009	-0.3427227151395259	0.0	(-0.3427227151395259+0j)
-0.5775	-0.33350625	-0.0062809751440866535	-0.33977719751495655	0.0	(-0.33977719751495655+0j)
-0.5750000000000001	-0.33062500000000006	-0.006229621097541882	-0.33684435190936696	0.0	(-0.33684435190936696+0j)
-0.5725	-0.32775625	-0.006178441503899068	-0.3339241788771534	0.0	(-0.3339241788771534+0j)
-0.5700000000000001	-0.3249000000000001	-0.006127436942545916	-0.33101667897130915	0.0	(-0.33101667897130915+0j)
-0.5675	-0.32205625	-0.006076607991402472	-0.3281218527434028	0.0	(-0.3281218527434028+0j)
-0.5650000000000001	-0.3192250000000001	-0.006025955226908852	-0.3252397007435909	0.0	(-0.3252397007435909+0j)
-0.5625	-0.31640625	-0.005975479224013203	-0.32237022352059286	0.0	(-0.32237022352059286+0j)
-0.56	-0.31360000000000005	-0.005925180556159759	-0.31951342162167895	0.0	(-0.31951342162167895+0j)
-0.5575	-0.31080625	-0.0058750597952762496	-0.3166692955926712	0.0	(-0.3166692955926712+0j)
-0.555	-0.30802500000000005	-0.0058251175117623455	-0.313837845977924	0.0	(-0.313837845977924+0j)
-0.5525	-0.30525625	-0.005775354274477229	-0.3110190733203347	0.0	(-0.3110190733203347+0j)
-0.55	-0.30250000000000005	-0.005725770650727768	-0.30821297816130433	0.0	(-0.30821297816130433+0j)
-0.5475	-0.29975625	-0.005676367206256583	-0.30541956104075346	0.0	(-0.30541956104075346+0j)
-0.545	-0.29702500000000004	-0.005627144505229664	-0.30263882249710133	0.0	(-0.30263882249710133+0j)
-0.5425	-0.29430625	-0.005578103110224719	-0.2998707630672602	0.0	(-0.2998707630672602+0j)
-0.54	-0.2916	-0.00552924358221929	-0.2971153832866319	0.0	(-0.2971153832866319+0j)
-0.5375	-0.28890625	-0.0054805664805785415	-0.2943726836890862	0.0	(-0.2943726836890862+0j)
-0.535	-0.286225	-0.005432072363043605	-0.29164266480696927	0.0	(-0.29164266480696927+0j)
-0.5325	-0.28355624999999995	-0.005383761785719476	-0.28892532717108077	0.0	(-0.28892532717108077+0j)
-0.53	-0.28090000000000004	-0.005335635303063302	-0.2862206713106695	0.0	(-0.2862206713106695+0j)
-0.5275	-0.27825625	-0.005287693467872556	-0.2835286977534292	0.0	(-0.2835286977534292+0j)
-0.525	-0.275625	-0.005239936831273273	-0.2808494070254918	0.0	(-0.2808494070254918+0j)
-0.5225	-0.27300624999999995	-0.005192365942707999	-0.2781827996514092	0.0	(-0.2781827996514092+0j)
-0.52	-0.27040000000000003	-0.00514498134992436	-0.27552887615415045	0.0	(-0.27552887615415045+0j)
-0.5175	-0.26780624999999997	-0.00509778359896329	-0.27288763705510055	0.0	(-0.27288763705510055+0j)
-0.515	-0.265225	-0.0050507732341469325	-0.2702590828740452	0.0	(-0.2702590828740452+0j)
-0.5125	-0.26265625	-0.005003950798067369	-0.2676432141291583	0.0	(-0.2676432141291583+0j)
-0.51	-0.2601	-0.004957316831574965	-0.2650400313370056	0.0	(-0.2650400313370056+0j)
-0.5075000000000001	-0.25755625000000004	-0.004910871873766487	-0.26244953501252777	0.0	(-0.26244953501252777+0j)
-0.505	-0.255025	-0.004864616461973559	-0.2598717256690384	0.0	(-0.2598717256690384+0j)
-0.5025000000000001	-0.25250625000000004	-0.004818551131751447	-0.25730660381821263	0.0	(-0.25730660381821263+0j)
-0.5	-0.25	-0.004772676416867072	-0.2547541699700815	0.0	(-0.2547541699700815+0j)
-0.4975	-0.24750625	-0.004726992849287459	-0.2522144246330166	0.0	(-0.2522144246330166+0j)
-0.495	-0.245025	-0.0046815009591687495	-0.24968736831374022	0.0	(-0.24968736831374022+0j)
-0.4925	-0.24255625	-0.00463620127484432	-0.24717300151729688	0.0	(-0.24717300151729688+0j)
-0.49	-0.24009999999999998	-0.004591094322813349	-0.24467132474705597	0.0	(-0.24467132474705597+0j)
-0.4875	-0.23765624999999999	-0.004546180627729934	-0.2421823385047083	0.0	(-0.2421823385047083+0j)
-0.485	-0.235225	-0.00450146071239077	-0.23970604329024747	0.0	(-0.23970604329024747+0j)
-0.4825	-0.23280625	-0.0044569350977248234	-0.23724243960197094	0.0	(-0.23724243960197094+0j)
-0.48	-0.2304	-0.004412604302781342	-0.23479152793646574	0.0	(-0.23479152793646574+0j)
-0.47750000000000004	-0.22800625000000002	-0.004368468844719087	-0.23235330878860297	0.0	(-0.23235330878860297+0j)
-0.47500000000000003	-0.22562500000000002	-0.00432452923879445	-0.22992778265153754	0.0	(-0.22992778265153754+0j)
-0.47250000000000003	-0.22325625000000002	-0.0042807859983508	-0.22751495001668443	0.0	(-0.22751495001668443+0j)
-0.47000000000000003	-0.22090000000000004	-0.004237239634807155	-0.22511481137372505	0.0	(-0.22511481137372505+0j)
-0.4675	-0.21855625000000004	-0.004193890657646859	-0.2227273672105913	0.0	(-0.2227273672105913+0j)
-0.465	-0.21622500000000003	-0.004150739574406814	-0.22035261801346132	0.0	(-0.22035261801346132+0j)
-0.4625	-0.21390625000000002	-0.004107786890665932	-0.21799056426674887	0.0	(-0.21799056426674887+0j)
-0.46	-0.2116	-0.004065033110034588	-0.21564120645309548	0.0	(-0.21564120645309548+0j)
-0.4575	-0.20930625000000003	-0.004022478734143187	-0.2133045450533642	0.0	(-0.2133045450533642+0j)
-0.455	-0.20702500000000001	-0.003980124262631501	-0.21098058054662563	0.0	(-0.21098058054662563+0j)
-0.4525	-0.20475625	-0.003937970193137685	-0.2086693134101577	0.0	(-0.2086693134101577+0j)
-0.45	-0.2025	-0.003896017021286946	-0.2063707441194286	0.0	(-0.2063707441194286+0j)
-0.4475	-0.20025625	-0.0038542652406814426	-0.20408487314809134	0.0	(-0.20408487314809134+0j)
-0.445	-0.198025	-0.0038127153428886285	-0.20181170096797907	0.0	(-0.20181170096797907+0j)
-0.4425	-0.19580625000000002	-0.0037713678174312593	-0.19955122804908645	0.0	(-0.19955122804908645+0j)
-0.44	-0.1936	-0.0037302231517758466	-0.19730345485956866	0.0	(-0.19730345485956866+0j)
-0.4375	-0.19140625	-0.003689281831322666	-0.19506838186572756	0.0	(-0.19506838186572756+0j)
-0.435	-0.189225	-0.0036485443393943218	-0.19284600953200004	0.0	(-0.19284600953200004+0j)
-0.4325	-0.18705625	-0.0036080111572257545	-0.19063633832095492	0.0	(-0.19063633832095492+0j)
-0.43	-0.18489999999999998	-0.0035676827639533615	-0.1884393686932775	0.0	(-0.1884393686932775+0j)
-0.4275	-0.18275624999999998	-0.0035275596366045603	-0.18625510110775928	0.0	(-0.18625510110775928+0j)
-0.425	-0.18062499999999998	-0.0034876422500867976	-0.1840835360212889	0.0	(-0.1840835360212889+0j)
-0.4225	-0.17850624999999998	-0.0034479310771775573	-0.1819246738888389	0.0	(-0.1819246738888389+0j)
-0.42	-0.17639999999999997	-0.003408426588513924	-0.17977851516345858	0.0	(-0.17977851516345858+0j)
-0.4175	-0.17430625	-0.003369129252581593	-0.17764506029625113	0.0	(-0.17764506029625113+0j)
-0.41500000000000004	-0.17222500000000002	-0.0033300395357054313	-0.17552430973638625	0.0	(-0.17552430973638625+0j)
-0.41250000000000003	-0.17015625000000004	-0.0032911579020380444	-0.1734162639310562	0.0	(-0.1734162639310562+0j)
-0.41000000000000003	-0.16810000000000003	-0.003252484813550449	-0.17132092332548646	0.0	(-0.17132092332548646+0j)
-0.40750000000000003	-0.16605625000000002	-0.0032140207300211943	-0.16923828836291396	0.0	(-0.16923828836291396+0j)
-0.405	-0.16402500000000003	-0.00317576610902659	-0.16716835948457162	0.0	(-0.16716835948457162+0j)
-0.4025	-0.16200625000000002	-0.0031377214059301606	-0.16511113712967976	0.0	(-0.16511113712967976+0j)
-0.4	-0.16000000000000003	-0.0030998870738727646	-0.16306662173542977	0.0	(-0.16306662173542977+0j)
-0.3975	-0.15800625000000001	-0.0030622635637623796	-0.16103481373696776	0.0	(-0.16103481373696776+0j)
-0.395	-0.15602500000000002	-0.0030248513242642217	-0.15901571356737848	0.0	(-0.15901571356737848+0j)
-0.3925	-0.15405625	-0.0029876508017905312	-0.15700932165767678	0.0	(-0.15700932165767678+0j)
-0.39	-0.1521	-0.0029506624404909143	-0.15501563843677918	0.0	(-0.15501563843677918+0j)
-0.3875	-0.15015625000000002	-0.0029138866822420173	-0.15303466433149784	0.0	(-0.15303466433149784+0j)
-0.385	-0.148225	-0.002877323966638201	-0.15106639976651678	0.0	(-0.15106639976651678+0j)
-0.3825	-0.14630625	-0.002840974730981216	-0.149110845164376	0.0	(-0.149110845164376+0j)
-0.38	-0.1444	-0.0028048394102708762	-0.1471680009454492	0.0	(-0.1471680009454492+0j)
-0.3775	-0.14250625	-0.002768918437194623	-0.1452378675279316	0.0	(-0.1452378675279316+0j)
-0.375	-0.140625	-0.0027332122421188654	-0.14332044532781016	0.0	(-0.14332044532781016+0j)
-0.3725	-0.13875625	-0.0026977212530785444	-0.14141573475884808	0.0	(-0.14141573475884808+0j)
-0.37	-0.1369	-0.0026624458957678065	-0.13952373623256353	0.0	(-0.13952373623256353+0j)
-0.3675	-0.13505625	-0.0026273865935306784	-0.13764445015820367	0.0	(-0.13764445015820367+0j)
-0.365	-0.13322499999999998	-0.00259254376735063	-0.1357778769427194	0.0	(-0.1357778769427194+0j)
-0.3625	-0.13140625	-0.0025579178358428045	-0.13392401699074852	0.0	(-0.13392401699074852+0j)
-0.36	-0.1296	-0.002523509215243136	-0.13208287070458066	0.0	(-0.13208287070458066+0j)
-0.3575	-0.12780624999999998	-0.0024893183193992474	-0.13025443848413396	0.0	(-0.13025443848413396+0j)
-0.355	-0.126025	-0.00245534555976179	-0.1284387207269285	0.0	(-0.1284387207269285+0j)
-0.3525	-0.12425624999999998	-0.002421591345374896	-0.12663571782805919	0.0	(-0.12663571782805919+0j)
-0.35000000000000003	-0.12250000000000003	-0.0023880560828666297	-0.12484543018015816	0.0	(-0.12484543018015816+0j)
-0.34750000000000003	-0.12075625000000002	-0.0023547401764401066	-0.12306785817337033	0.0	(-0.12306785817337033+0j)
-0.34500000000000003	-0.11902500000000002	-0.002321644027864167	-0.12130300219531467	0.0	(-0.12130300219531467+0j)
-0.3425	-0.11730625000000001	-0.0022887680364649388	-0.11955086263105744	0.0	(-0.11955086263105744+0j)
-0.34	-0.11560000000000002	-0.002256112599116067	-0.11781143986306691	0.0	(-0.11781143986306691+0j)
-0.3375	-0.11390625000000001	-0.002223678110230276	-0.11608473427118472	0.0	(-0.11608473427118472+0j)
-0.335	-0.11222500000000002	-0.0021914649617498227	-0.11437074623257971	0.0	(-0.11437074623257971+0j)
-0.3325	-0.11055625000000001	-0.0021594735431389456	-0.11266947612171388	0.0	(-0.11266947612171388+0j)
-0.33	-0.10890000000000001	-0.002127704241372763	-0.11098092431029152	0.0	(-0.11098092431029152+0j)
-0.3275	-0.10725625000000001	-0.002096157440931279	-0.10930509116722337	0.0	(-0.10930509116722337+0j)
-0.325	-0.10562500000000001	-0.002064833523788945	-0.10764197705857716	0.0	(-0.10764197705857716+0j)
-0.3225	-0.10400625000000001	-0.002033732869406002	-0.10599158234752304	0.0	(-0.10599158234752304+0j)
-0.32	-0.1024	-0.0020028558547204867	-0.10435390739429291	0.0	(-0.10435390739429291+0j)
-0.3175	-0.10080625	-0.001972202854139571	-0.10272895255612091	0.0	(-0.10272895255612091+0j)
-0.315	-0.09922500000000001	-0.0019417742395313464	-0.1011167181871898	0.0	(-0.1011167181871898+0j)
-0.3125	-0.09765625	-0.0019115703802148332	-0.09951720463857114	0.0	(-0.09951720463857114+0j)
-0.31	-0.0961	-0.0018815916429542057	-0.0979304122581656	0.0	(-0.0979304122581656+0j)
-0.3075	-0.09455625	-0.0018518383919481352	-0.096356341390643	0.0	(-0.096356341390643+0j)
-0.305	-0.093025	-0.00182231098882224	-0.09479499237736967	0.0	(-0.09479499237736967+0j)
-0.3025	-0.09150625	-0.0017930097926219801	-0.093246365556341	0.0	(-0.093246365556341+0j)
-0.3	-0.09	-0.0017639351598024433	-0.0917104612621108	0.0	(-0.0917104612621108+0j)
-0.2975	-0.08850625	-0.0017350874442216835	-0.09018727982571227	0.0	(-0.09018727982571227+0j)
-0.295	-0.08702499999999999	-0.0017064669971327273	-0.08867682157457808	0.0	(-0.08867682157457808+0j)
-0.2925	-0.08555624999999999	-0.0016780741671746924	-0.08717908683245658	0.0	(-0.08717908683245658+0j)
-0.29	-0.0841	-0.0016499093003654597	-0.0856940759193244	0.0	(-0.0856940759193244+0j)
-0.28750000000000003	-0.08265625000000001	-0.001621972740093014	-0.08422178915129185	0.0	(-0.08422178915129185+0j)
-0.28500000000000003	-0.08122500000000002	-0.0015942648271090043	-0.08276222684051257	0.0	(-0.08276222684051257+0j)
-0.28250000000000003	-0.07980625000000002	-0.0015667858995198625	-0.08131538929507218	0.0	(-0.08131538929507218+0j)
-0.28	-0.07840000000000001	-0.0015395362927792533	-0.07988127681888843	0.0	(-0.07988127681888843+0j)
-0.2775	-0.07700625000000001	-0.0015125163396803032	-0.07845988971159855	0.0	(-0.07845988971159855+0j)
-0.275	-0.07562500000000001	-0.0014857263703489387	-0.07705122826844055	0.0	(-0.07705122826844055+0j)
-0.2725	-0.07425625000000001	-0.0014591667122343388	-0.07565529278013089	0.0	(-0.07565529278013089+0j)
-0.27	-0.0729	-0.0014328376901042716	-0.074272083532735	0.0	(-0.074272083532735+0j)
-0.2675	-0.07155625	-0.0014067396260348808	-0.07290160080753116	0.0	(-0.07290160080753116+0j)
-0.265	-0.07022500000000001	-0.0013808728394058	-0.07154384488087052	0.0	(-0.07154384488087052+0j)
-0.2625	-0.06890625	-0.0013552376468894956	-0.07019881602402105	0.0	(-0.07019881602402105+0j)
-0.26	-0.06760000000000001	-0.0013298343624481568	-0.06886651450301902	0.0	(-0.06886651450301902+0j)
-0.2575	-0.06630625	-0.0013046632973230388	-0.06754694057849613	0.0	(-0.06754694057849613+0j)
-0.255	-0.065025	-0.001279724760029577	-0.06624009450551173	0.0	(-0.06624009450551173+0j)
-0.2525	-0.06375625	-0.0012550190563489494	-0.06494597653336806	0.0	(-0.06494597653336806+0j)
-0.25	-0.0625	-0.0012305464893214157	-0.06366458690541776	0.0	(-0.06366458690541776+0j)
-0.2475	-0.06125625	-0.0012063073592396556	-0.062395925858867295	0.0	(-0.062395925858867295+0j)
-0.245	-0.060024999999999995	-0.0011823019636421073	-0.06113999362456125	0.0	(-0.06113999362456125+0j)
-0.2425	-0.05880625	-0.0011585305973054183	-0.05989679042676487	0.0	(-0.05989679042676487+0j)
-0.24	-0.0576	-0.001134993552236896	-0.05866631648292711	0.0	(-0.05866631648292711+0j)
-0.23750000000000002	-0.056406250000000005	-0.0011116911176705102	-0.057448572003441334	0.0	(-0.057448572003441334+0j)
-0.23500000000000001	-0.05522500000000001	-0.0010886235800575683	-0.05624355719138769	0.0	(-0.05624355719138769+0j)
-0.2325	-0.05405625000000001	-0.0010657912230618294	-0.05505127224226149	0.0	(-0.05505127224226149+0j)
-0.23	-0.0529	-0.0010431943275510669	-0.05387171734369638	0.0	(-0.05387171734369638+0j)
-0.2275	-0.051756250000000004	-0.0010208331715930719	-0.052704892675167404	0.0	(-0.052704892675167404+0j)
-0.225	-0.050625	-0.0009987080304472151	-0.051550798407682306	0.0	(-0.051550798407682306+0j)
-0.2225	-0.04950625	-0.0009768191765591183	-0.05040943470345866	0.0	(-0.05040943470345866+0j)
-0.22	-0.0484	-0.0009551668795539925	-0.04928080171558623	0.0	(-0.04928080171558623+0j)
-0.2175	-0.04730625	-0.0009337514062308649	-0.048164899587676474	0.0	(-0.048164899587676474+0j)
-0.215	-0.046224999999999995	-0.0009125730205550298	-0.047061728453493046	0.0	(-0.047061728453493046+0j)
-0.2125	-0.045156249999999995	-0.000891631983654495	-0.04597128843657044	0.0	(-0.04597128843657044+0j)
-0.21	-0.04409999999999999	-0.0008709285538115452	-0.044893579649818695	0.0	(-0.044893579649818695+0j)
-0.20750000000000002	-0.043056250000000004	-0.000850462986457412	-0.04382860219510823	0.0	(-0.04382860219510823+0j)
-0.20500000000000002	-0.04202500000000001	-0.0008302355341682777	-0.042776356162847785	0.0	(-0.042776356162847785+0j)
-0.2025	-0.04100625000000001	-0.0008102464466550607	-0.04173684163154263	0.0	(-0.04173684163154263+0j)
-0.2	-0.04000000000000001	-0.0007904959707625281	-0.040710058667346956	0.0	(-0.040710058667346956+0j)
-0.1975	-0.039006250000000006	-0.0007709843504617453	-0.0396960073236011	0.0	(-0.0396960073236011+0j)
-0.195	-0.038025	-0.000751711826842083	-0.038694687640362435	0.0	(-0.038694687640362435+0j)
-0.1925	-0.03705625	-0.0007326786381094408	-0.03770609964393345	0.0	(-0.03770609964393345+0j)
-0.19	-0.0361	-0.000713885019577809	-0.03673024334638445	0.0	(-0.03673024334638445+0j)
-0.1875	-0.03515625	-0.0006953312036666048	-0.03576711874508351	0.0	(-0.03576711874508351+0j)
-0.185	-0.034225	-0.0006770174198909018	-0.03481672582223305	0.0	(-0.03481672582223305+0j)
-0.1825	-0.033306249999999996	-0.0006589438948614301	-0.03387906454442636	0.0	(-0.03387906454442636+0j)
-0.18	-0.0324	-0.0006411108522756948	-0.03295413486222675	0.0	(-0.03295413486222675+0j)
-0.1775	-0.03150625	-0.0006235185129153109	-0.03204193670978828	0.0	(-0.03204193670978828+0j)
-0.17500000000000002	-0.030625000000000006	-0.0006061670946353459	-0.031142470004519727	0.0	(-0.031142470004519727+0j)
-0.17250000000000001	-0.029756250000000005	-0.0005890568123678719	-0.030255734646831876	0.0	(-0.030255734646831876+0j)
-0.17	-0.028900000000000006	-0.0005721878781113077	-0.02938173051996002	0.0	(-0.02938173051996002+0j)
-0.1675	-0.028056250000000005	-0.0005555605009242015	-0.028520457489904588	0.0	(-0.028520457489904588+0j)
-0.165	-0.027225000000000003	-0.0005391748869261193	-0.027671915405526788	0.0	(-0.027671915405526788+0j)
-0.1625	-0.026406250000000003	-0.0005230312392869862	-0.02683610409881484	0.0	(-0.02683610409881484+0j)
-0.16	-0.0256	-0.0005071297582261991	-0.02601302338538724	0.0	(-0.02601302338538724+0j)
-0.1575	-0.024806250000000002	-0.0004914706410072966	-0.02520267306527895	0.0	(-0.02520267306527895+0j)
-0.155	-0.024025	-0.00047605408192996634	-0.02440505292407382	0.0	(-0.02440505292407382+0j)
-0.1525	-0.02325625	-0.0004608802723327088	-0.023620162734476417	0.0	(-0.023620162734476417+0j)
-0.15	-0.0225	-0.0004459494005804032	-0.02284800225840243	0.0	(-0.02284800225840243+0j)
-0.1475	-0.021756249999999998	-0.0004312616520634194	-0.02208857124972108	0.0	(-0.02208857124972108+0j)
-0.145	-0.021025	-0.00041681720919672927	-0.021341869457787068	0.0	(-0.021341869457787068+0j)
-0.14250000000000002	-0.020306250000000005	-0.00040261625140924906	-0.020607896631919496	0.0	(-0.020607896631919496+0j)
-0.14	-0.019600000000000003	-0.0003886589551438391	-0.019886652527051775	0.0	(-0.019886652527051775+0j)
-0.1375	-0.018906250000000003	-0.0003749454938528629	-0.01917813691078454	0.0	(-0.01917813691078454+0j)
-0.135	-0.018225	-0.00036147603799108197	-0.01848234957213822	0.0	(-0.01848234957213822+0j)
-0.1325	-0.017556250000000002	-0.00034825075501743186	-0.01779929033236637	0.0	(-0.01779929033236637+0j)
-0.13	-0.016900000000000002	-0.0003352698093852524	-0.01712895905823276	0.0	(-0.01712895905823276+0j)
-0.1275	-0.01625625	-0.00032253336254051135	-0.016471355678273188	0.0	(-0.016471355678273188+0j)
-0.125	-0.015625	-0.0003100415729200279	-0.01582648020262507	0.0	(-0.01582648020262507+0j)
-0.1225	-0.015006249999999999	-0.0002977945959443673	-0.015194332747128678	0.0	(-0.015194332747128678+0j)
-0.12	-0.0144	-0.00028579258402139374	-0.014574913562532066	0.0	(-0.014574913562532066+0j)
-0.11750000000000001	-0.013806250000000003	-0.00027403568652673016	-0.013968223069751996	0.0	(-0.013968223069751996+0j)
-0.115	-0.013225	-0.000262524049821522	-0.013374261902340173	0.0	(-0.013374261902340173+0j)
-0.1125	-0.01265625	-0.0002512578172328972	-0.012793030957396647	0.0	(-0.012793030957396647+0j)
-0.11	-0.0121	-0.00024023712905574257	-0.01222453145642181	0.0	(-0.01222453145642181+0j)
-0.1075	-0.011556249999999999	-0.00022946212255448017	-0.011668765017706592	0.0	(-0.011668765017706592+0j)
-0.105	-0.011024999999999998	-0.00021893293195240915	-0.011125733742016681	0.0	(-0.011125733742016681+0j)
-0.10250000000000001	-0.010506250000000002	-0.000208649688428153	-0.010595440313432737	0.0	(-0.010595440313432737+0j)
-0.1	-0.010000000000000002	-0.00019861252011921238	-0.010077888117203681	0.0	(-0.010077888117203681+0j)
-0.0975	-0.00950625	-0.00018882155211841223	-0.009573081376325584	0.0	(-0.009573081376325584+0j)
-0.095	-0.009025	-0.000179276906454362	-0.009081025308239024	0.0	(-0.009081025308239024+0j)
-0.0925	-0.00855625	-0.00016997870212520638	-0.008601726302407632	0.0	(-0.008601726302407632+0j)
-0.09	-0.0081	-0.0001609270550559927	-0.00813519211841954	0.0	(-0.00813519211841954+0j)
-0.08750000000000001	-0.007656250000000002	-0.0001521220781128818	-0.007681432102784952	0.0	(-0.007681432102784952+0j)
-0.085	-0.007225000000000001	-0.00014356388111025353	-0.007240457420241117	0.0	(-0.007240457420241117+0j)
-0.0825	-0.006806250000000001	-0.00013525257079294306	-0.006812281292382145	0.0	(-0.006812281292382145+0j)
-0.08	-0.0064	-0.00012718825083624097	-0.006396919232588442	0.0	(-0.006396919232588442+0j)
-0.0775	-0.00600625	-0.00011937102185299864	-0.0059943892615716525	0.0	(-0.0059943892615716525+0j)
-0.075	-0.005625	-0.00011180098138297012	-0.00560471208272274	0.0	(-0.00560471208272274+0j)
-0.0725	-0.00525625	-0.00010447822388570671	-0.0052279111913789015	0.0	(-0.0052279111913789015+0j)
-0.07	-0.004900000000000001	-9.740284075121508e-05	-0.004864012887918158	0.0	(-0.004864012887918158+0j)
-0.0675	-0.00455625	-9.057492029285186e-05	-0.004513046162543907	0.0	(-0.004513046162543907+0j)
-0.065	-0.0042250000000000005	-8.399454775087634e-05	-0.004175042421202469	0.0	(-0.004175042421202469+0j)
-0.0625	-0.00390625	-7.766180525692334e-05	-0.003850035028776411	0.0	(-0.003850035028776411+0j)
-0.06	-0.0036	-7.157677188729394e-05	-0.00353805865840448	0.0	(-0.00353805865840448+0j)
-0.0575	-0.00330625	-6.573952361321744e-05	-0.003239148454687524	0.0	(-0.003239148454687524+0j)
-0.055	-0.003025	-6.015013334348396e-05	-0.002953339041950013	0.0	(-0.002953339041950013+0j)
-0.0525	-0.0027562499999999996	-5.480867086049557e-05	-0.0026806634335667743	0.0	(-0.0026806634335667743+0j)
-0.05	-0.0025000000000000005	-4.971520289132059e-05	-0.0024211519196531174	0.0	(-0.0024211519196531174+0j)
-0.0475	-0.00225625	-4.486979304374472e-05	-0.002174831023552076	0.0	(-0.002174831023552076+0j)
-0.045	-0.002025	-4.027250184890363e-05	-0.0019417226180738767	0.0	(-0.0019417226180738767+0j)
-0.0425	-0.0018062500000000003	-3.592338674707207e-05	-0.0017218432791897076	0.0	(-0.0017218432791897076+0j)
-0.04	-0.0016	-3.182250205213677e-05	-0.0015152039296487162	0.0	(-0.0015152039296487162+0j)
-0.0375	-0.00140625	-2.7969899008439825e-05	-0.0013218097922059672	0.0	(-0.0013218097922059672+0j)
-0.035	-0.0012250000000000002	-2.4365625762357013e-05	-0.001141660638896171	0.0	(-0.001141660638896171+0j)
-0.0325	-0.0010562500000000001	-2.100972733387607e-05	-0.0009747512949712713	0.0	(-0.0009747512949712713+0j)
-0.03	-0.0009	-1.790224567344012e-05	-0.0008210723380183256	0.0	(-0.0008210723380183256+0j)
-0.0275	-0.00075625	-1.5043219576682532e-05	-0.0006806109272867398	0.0	(-0.0006806109272867398+0j)
-0.025	-0.0006250000000000001	-1.2432684826535478e-05	-0.0005533517032301064	0.0	(-0.0005533517032301064+0j)
-0.0225	-0.00050625	-1.0070674022699677e-05	-0.00043927771380172694	0.0	(-0.00043927771380172694+0j)
-0.02	-0.0004	-7.957216723752936e-06	-0.00033837134777733955	0.0	(-0.00033837134777733955+0j)
-0.0175	-0.00030625000000000004	-6.092339162933058e-06	-0.00025061529375365875	0.0	(-0.00025061529375365875+0j)
-0.015	-0.000225	-4.476064873415453e-06	-0.00017599360170097075	0.0	(-0.00017599360170097075+0j)
-0.0125	-0.00015625000000000003	-3.108413920926978e-06	-0.00011449305787045069	0.0	(-0.00011449305787045069+0j)
-0.01	-0.0001	-1.989403472180129e-06	-6.610543627694823e-05	0.0	(-6.610543627694823e-05+0j)
-0.0075	-5.625e-05	-1.1190481927769724e-06	-3.0832514231917314e-05	0.0	(-3.0832514231917314e-05+0j)
-0.005	-2.5e-05	-4.973571776645258e-07	-8.703623060139385e-06	0.0	(-8.703623060139385e-06+0j)
-0.0025	-6.25e-06	-1.2433883966878057e-07	-2.222614453595284e-17	-0.0048084052884400895	(-2.222614453595284e-17-0.0048084052884400895j)
0.0025	6.25e-06	1.2433883966878057e-07	-2.222614453595284e-17	0.0048084052884400895	(-2.222614453595284e-17+0.0048084052884400895j)
0.005	2.5e-05	4.973571776645258e-07	8.703623060116326e-06	0.0	(8.703623060116326e-06+0j)
0.0075	5.625e-05	1.1190481927769724e-06	3.083251423186566e-05	0.0	(3.083251423186566e-05+0j)
0.01	0.0001	1.989403472180129e-06	6.610543627694238e-05	0.0	(6.610543627694238e-05+0j)
0.0125	0.00015625000000000003	3.108413920926978e-06	0.00011449305787046939	0.0	(0.00011449305787046939+0j)
0.015	0.000225	4.476064873415453e-06	0.00017599360170096525	0.0	(0.00017599360170096525+0j)
0.0175	0.00030625000000000004	6.092339162933058e-06	0.00025061529375366737	0.0	(0.00025061529375366737+0j)
0.02	0.0004	7.957216723752936e-06	0.00033837134777733283	0.0	(0.00033837134777733283+0j)
0.0225	0.00050625	1.0070674022699677e-05	0.00043927771380170043	0.0	(0.00043927771380170043+0j)
0.025	0.0006250000000000001	1.2432684826535478e-05	0.0005533517032300681	0.0	(0.0005533517032300681+0j)
0.0275	0.00075625	1.5043219576682532e-05	0.0006806109272867316	0.0	(0.0006806109272867316+0j)
0.03	0.0009	1.790224567344012e-05	0.0008210723380183117	0.0	(0.0008210723380183117+0j)
0.0325	0.0010562500000000001	2.100972733387607e-05	0.0009747512949712611	0.0	(0.0009747512949712611+0j)
0.035	0.0012250000000000002	2.4365625762357013e-05	0.0011416606388961123	0.0	(0.0011416606388961123+0j)
0.0375	0.00140625	2.7969899008439825e-05	0.0013218097922059835	0.0	(0.0013218097922059835+0j)
0.04	0.0016	3.182250205213677e-05	0.0015152039296486765	0.0	(0.0015152039296486765+0j)
0.0425	0.0018062500000000003	3.592338674707207e-05	0.0017218432791896976	0.0	(0.0017218432791896976+0j)
0.045	0.002025	4.027250184890363e-05	0.0019417226180738923	0.0	(0.0019417226180738923+0j)
0.0475	0.00225625	4.486979304374472e-05	0.002174831023552094	0.0	(0.002174831023552094+0j)
0.05	0.0025000000000000005	4.971520289132059e-05	0.0024211519196530957	0.0	(0.0024211519196530957+0j)
0.0525	0.0027562499999999996	5.480867086049557e-05	0.0026806634335667756	0.0	(0.0026806634335667756+0j)
0.055	0.003025	6.015013334348396e-05	0.0029533390419500282	0.0	(0.0029533390419500282+0j)
0.0575	0.00330625	6.573952361321744e-05	0.0032391484546875128	0.0	(0.0032391484546875128+0j)
0.06	0.0036	7.157677188729394e-05	0.0035380586584044813	0.0	(0.0035380586584044813+0j)
0.0625	0.00390625	7.766180525692334e-05	0.0038500350287764057	0.0	(0.0038500350287764057+0j)
0.065	0.0042250000000000005	8.399454775087634e-05	0.004175042421202427	0.0	(0.004175042421202427+0j)
0.0675	0.00455625	9.057492029285186e-05	0.00451304616254393	0.0	(0.00451304616254393+0j)
0.07	0.004900000000000001	9.740284075121508e-05	0.004864012887918117	0.0	(0.004864012887918117+0j)
0.0725	0.00525625	0.00010447822388570671	0.005227911191378881	0.0	(0.005227911191378881+0j)
0.075	0.005625	0.00011180098138297012	0.005604712082722717	0.0	(0.005604712082722717+0j)
0.0775	0.00600625	0.00011937102185299864	0.005994389261571644	0.0	(0.005994389261571644+0j)
0.08	0.0064	0.00012718825083624097	0.00639691923258846	0.0	(0.00639691923258846+0j)
0.0825	0.006806250000000001	0.00013525257079294306	0.006812281292382135	0.0	(0.006812281292382135+0j)
0.085	0.007225000000000001	0.00014356388111025353	0.0072404574202411184	0.0	(0.0072404574202411184+0j)
0.08750000000000001	0.007656250000000002	0.0001521220781128818	0.007681432102784956	0.0	(0.007681432102784956+0j)
0.09	0.0081	0.0001609270550559927	0.008135192118419485	0.0	(0.008135192118419485+0j)
0.0925	0.00855625	0.00016997870212520638	0.008601726302407619	0.0	(0.008601726302407619+0j)
0.095	0.009025	0.000179276906454362	0.009081025308238962	0.0	(0.009081025308238962+0j)
0.0975	0.00950625	0.00018882155211841223	0.009573081376325563	0.0	(0.009573081376325563+0j)
0.1	0.010000000000000002	0.00019861252011921238	0.0100778881172036	0.0	(0.0100778881172036+0j)
0.10250000000000001	0.010506250000000002	0.000208649688428153	0.010595440313432788	0.0	(0.010595440313432788+0j)
0.105	0.011024999999999998	0.00021893293195240915	0.011125733742016662	0.0	(0.011125733742016662+0j)
0.1075	0.011556249999999999	0.00022946212255448017	0.01166876501770658	0.0	(0.01166876501770658+0j)
0.11	0.0121	0.00024023712905574257	0.012224531456421788	0.0	(0.012224531456421788+0j)
0.1125	0.01265625	0.0002512578172328972	0.012793030957396716	0.0	(0.012793030957396716+0j)
0.115	0.013225	0.000262524049821522	0.013374261902340154	0.0	(0.013374261902340154+0j)
0.11750000000000001	0.013806250000000003	0.00027403568652673016	0.013968223069752034	0.0	(0.013968223069752034+0j)
0.12	0.0144	0.00028579258402139374	0.014574913562532175	0.0	(0.014574913562532175+0j)
0.1225	0.015006249999999999	0.0002977945959443673	0.015194332747128657	0.0	(0.015194332747128657+0j)
0.125	0.015625	0.0003100415729200279	0.015826480202625146	0.0	(0.015826480202625146+0j)
0.1275	0.01625625	0.00032253336254051135	0.01647135567827312	0.0	(0.01647135567827312+0j)
0.13	0.016900000000000002	0.0003352698093852524	0.01712895905823273	0.0	(0.01712895905823273+0j)
0.1325	0.017556250000000002	0.00034825075501743186	0.017799290332366217	0.0	(0.017799290332366217+0j)
0.135	0.018225	0.00036147603799108197	0.01848234957213821	0.0	(0.01848234957213821+0j)
0.1375	0.018906250000000003	0.0003749454938528629	0.0191781369107845	0.0	(0.0191781369107845+0j)
0.14	0.019600000000000003	0.0003886589551438391	0.01988665252705173	0.0	(0.01988665252705173+0j)
0.14250000000000002	0.020306250000000005	0.00040261625140924906	0.020607896631919576	0.0	(0.020607896631919576+0j)
0.145	0.021025	0.00041681720919672927	0.021341869457787096	0.0	(0.021341869457787096+0j)
0.1475	0.021756249999999998	0.0004312616520634194	0.022088571249721075	0.0	(0.022088571249721075+0j)
0.15	0.0225	0.0004459494005804032	0.022848002258402278	0.0	(0.022848002258402278+0j)
0.1525	0.02325625	0.0004608802723327088	0.023620162734476407	0.0	(0.023620162734476407+0j)
0.155	0.024025	0.00047605408192996634	0.024405052924073682	0.0	(0.024405052924073682+0j)
0.1575	0.024806250000000002	0.0004914706410072966	0.02520267306527894	0.0	(0.02520267306527894+0j)
0.16	0.0256	0.0005071297582261991	0.026013023385387343	0.0	(0.026013023385387343+0j)
0.1625	0.026406250000000003	0.0005230312392869862	0.026836104098814813	0.0	(0.026836104098814813+0j)
0.165	0.027225000000000003	0.0005391748869261193	0.027671915405526784	0.0	(0.027671915405526784+0j)
0.1675	0.028056250000000005	0.0005555605009242015	0.028520457489904602	0.0	(0.028520457489904602+0j)
0.17	0.028900000000000006	0.0005721878781113077	0.029381730519959837	0.0	(0.029381730519959837+0j)
0.17250000000000001	0.029756250000000005	0.0005890568123678719	0.03025573464683195	0.0	(0.03025573464683195+0j)
0.17500000000000002	0.030625000000000006	0.0006061670946353459	0.031142470004519796	0.0	(0.031142470004519796+0j)
0.1775	0.03150625	0.0006235185129153109	0.032041936709787944	0.0	(0.032041936709787944+0j)
0.18	0.0324	0.0006411108522756948	0.03295413486222684	0.0	(0.03295413486222684+0j)
0.1825	0.033306249999999996	0.0006589438948614301	0.03387906454442636	0.0	(0.03387906454442636+0j)
0.185	0.034225	0.0006770174198909018	0.034816725822233045	0.0	(0.034816725822233045+0j)
0.1875	0.03515625	0.0006953312036666048	0.03576711874508339	0.0	(0.03576711874508339+0j)
0.19	0.0361	0.000713885019577809	0.03673024334638415	0.0	(0.03673024334638415+0j)
0.1925	0.03705625	0.0007326786381094408	0.03770609964393354	0.0	(0.03770609964393354+0j)
0.195	0.038025	0.000751711826842083	0.038694687640362574	0.0	(0.038694687640362574+0j)
0.1975	0.039006250000000006	0.0007709843504617453	0.039696007323601006	0.0	(0.039696007323601006+0j)
0.2	0.04000000000000001	0.0007904959707625281	0.040710058667346595	0.0	(0.040710058667346595+0j)
0.2025	0.04100625000000001	0.0008102464466550607	0.041736841631542565	0.0	(0.041736841631542565+0j)
0.20500000000000002	0.04202500000000001	0.0008302355341682777	0.042776356162847785	0.0	(0.042776356162847785+0j)
0.20750000000000002	0.043056250000000004	0.000850462986457412	0.04382860219510807	0.0	(0.04382860219510807+0j)
0.21	0.04409999999999999	0.0008709285538115452	0.04489357964981847	0.0	(0.04489357964981847+0j)
0.2125	0.045156249999999995	0.000891631983654495	0.04597128843657035	0.0	(0.04597128843657035+0j)
0.215	0.046224999999999995	0.0009125730205550298	0.04706172845349306	0.0	(0.04706172845349306+0j)
0.2175	0.04730625	0.0009337514062308649	0.048164899587676356	0.0	(0.048164899587676356+0j)
0.22	0.0484	0.0009551668795539925	0.049280801715585944	0.0	(0.049280801715585944+0j)
0.2225	0.04950625	0.0009768191765591183	0.050409434703458614	0.0	(0.050409434703458614+0j)
0.225	0.050625	0.0009987080304472151	0.05155079840768211	0.0	(0.05155079840768211+0j)
0.2275	0.051756250000000004	0.0010208331715930719	0.05270489267516763	0.0	(0.05270489267516763+0j)
0.23	0.0529	0.0010431943275510669	0.053871717343696314	0.0	(0.053871717343696314+0j)
0.2325	0.05405625000000001	0.0010657912230618294	0.05505127224226144	0.0	(0.05505127224226144+0j)
0.23500000000000001	0.05522500000000001	0.0010886235800575683	0.05624355719138765	0.0	(0.05624355719138765+0j)
0.23750000000000002	0.056406250000000005	0.0011116911176705102	0.05744857200344168	0.0	(0.05744857200344168+0j)
0.24	0.0576	0.001134993552236896	0.05866631648292705	0.0	(0.05866631648292705+0j)
0.2425	0.05880625	0.0011585305973054183	0.05989679042676492	0.0	(0.05989679042676492+0j)
0.245	0.060024999999999995	0.0011823019636421073	0.0611399936245613	0.0	(0.0611399936245613+0j)
0.2475	0.06125625	0.0012063073592396556	0.062395925858867156	0.0	(0.062395925858867156+0j)
0.25	0.0625	0.0012305464893214157	0.06366458690541797	0.0	(0.06366458690541797+0j)
0.2525	0.06375625	0.0012550190563489494	0.06494597653336795	0.0	(0.06494597653336795+0j)
0.255	0.065025	0.001279724760029577	0.06624009450551202	0.0	(0.06624009450551202+0j)
0.2575	0.06630625	0.0013046632973230388	0.06754694057849592	0.0	(0.06754694057849592+0j)
0.26	0.06760000000000001	0.0013298343624481568	0.06886651450301916	0.0	(0.06886651450301916+0j)
0.2625	0.06890625	0.0013552376468894956	0.07019881602402153	0.0	(0.07019881602402153+0j)
0.265	0.07022500000000001	0.0013808728394058	0.07154384488087048	0.0	(0.07154384488087048+0j)
0.2675	0.07155625	0.0014067396260348808	0.0729016008075315	0.0	(0.0729016008075315+0j)
0.27	0.0729	0.0014328376901042716	0.07427208353273469	0.0	(0.07427208353273469+0j)
0.2725	0.07425625000000001	0.0014591667122343388	0.07565529278013065	0.0	(0.07565529278013065+0j)
0.275	0.07562500000000001	0.0014857263703489387	0.07705122826844021	0.0	(0.07705122826844021+0j)
0.2775	0.07700625000000001	0.0015125163396803032	0.07845988971159795	0.0	(0.07845988971159795+0j)
0.28	0.07840000000000001	0.0015395362927792533	0.0798812768188883	0.0	(0.0798812768188883+0j)
0.28250000000000003	0.07980625000000002	0.0015667858995198625	0.0813153892950713	0.0	(0.0813153892950713+0j)
0.28500000000000003	0.08122500000000002	0.0015942648271090043	0.082762226840512	0.0	(0.082762226840512+0j)
0.28750000000000003	0.08265625000000001	0.001621972740093014	0.0842217891512929	0.0	(0.0842217891512929+0j)
0.29	0.0841	0.0016499093003654597	0.08569407591932376	0.0	(0.08569407591932376+0j)
0.2925	0.08555624999999999	0.0016780741671746924	0.08717908683245644	0.0	(0.08717908683245644+0j)
0.295	0.08702499999999999	0.0017064669971327273	0.08867682157457803	0.0	(0.08867682157457803+0j)
0.2975	0.08850625	0.0017350874442216835	0.09018727982571227	0.0	(0.09018727982571227+0j)
0.3	0.09	0.0017639351598024433	0.09171046126211092	0.0	(0.09171046126211092+0j)
0.3025	0.09150625	0.0017930097926219801	0.09324636555634032	0.0	(0.09324636555634032+0j)
0.305	0.093025	0.00182231098882224	0.09479499237736871	0.0	(0.09479499237736871+0j)
0.3075	0.09455625	0.0018518383919481352	0.09635634139064256	0.0	(0.09635634139064256+0j)
0.31	0.0961	0.0018815916429542057	0.09793041225816487	0.0	(0.09793041225816487+0j)
0.3125	0.09765625	0.0019115703802148332	0.09951720463857	0.0	(0.09951720463857+0j)
0.315	0.09922500000000001	0.0019417742395313464	0.10111671818718944	0.0	(0.10111671818718944+0j)
0.3175	0.10080625	0.001972202854139571	0.10272895255612104	0.0	(0.10272895255612104+0j)
0.32	0.1024	0.0020028558547204867	0.10435390739429293	0.0	(0.10435390739429293+0j)
0.3225	0.10400625000000001	0.002033732869406002	0.10599158234752264	0.0	(0.10599158234752264+0j)
0.325	0.10562500000000001	0.002064833523788945	0.10764197705857685	0.0	(0.10764197705857685+0j)
0.3275	0.10725625000000001	0.002096157440931279	0.10930509116722345	0.0	(0.10930509116722345+0j)
0.33	0.10890000000000001	0.002127704241372763	0.1109809243102919	0.0	(0.1109809243102919+0j)
0.3325	0.11055625000000001	0.0021594735431389456	0.1126694761217131	0.0	(0.1126694761217131+0j)
0.335	0.11222500000000002	0.0021914649617498227	0.11437074623258038	0.0	(0.11437074623258038+0j)
0.3375	0.11390625000000001	0.002223678110230276	0.11608473427118476	0.0	(0.11608473427118476+0j)
0.34	0.11560000000000002	0.002256112599116067	0.11781143986306752	0.0	(0.11781143986306752+0j)
0.3425	0.11730625000000001	0.0022887680364649388	0.11955086263105687	0.0	(0.11955086263105687+0j)
0.34500000000000003	0.11902500000000002	0.002321644027864167	0.12130300219531577	0.0	(0.12130300219531577+0j)
0.34750000000000003	0.12075625000000002	0.0023547401764401066	0.1230678581733699	0.0	(0.1230678581733699+0j)
0.35000000000000003	0.12250000000000003	0.0023880560828666297	0.12484543018015856	0.0	(0.12484543018015856+0j)
0.3525	0.12425624999999998	0.002421591345374896	0.1266357178280592	0.0	(0.1266357178280592+0j)
0.355	0.126025	0.00245534555976179	0.12843872072692844	0.0	(0.12843872072692844+0j)
0.3575	0.12780624999999998	0.0024893183193992474	0.1302544384841338	0.0	(0.1302544384841338+0j)
0.36	0.1296	0.002523509215243136	0.13208287070458152	0.0	(0.13208287070458152+0j)
0.3625	0.13140625	0.0025579178358428045	0.13392401699074838	0.0	(0.13392401699074838+0j)
0.365	0.13322499999999998	0.00259254376735063	0.13577787694271995	0.0	(0.13577787694271995+0j)
0.3675	0.13505625	0.0026273865935306784	0.13764445015820334	0.0	(0.13764445015820334+0j)
0.37	0.1369	0.0026624458957678065	0.13952373623256237	0.0	(0.13952373623256237+0j)
0.3725	0.13875625	0.0026977212530785444	0.14141573475884806	0.0	(0.14141573475884806+0j)
0.375	0.140625	0.0027332122421188654	0.14332044532780988	0.0	(0.14332044532780988+0j)
0.3775	0.14250625	0.002768918437194623	0.14523786752793175	0.0	(0.14523786752793175+0j)
0.38	0.1444	0.0028048394102708762	0.14716800094544952	0.0	(0.14716800094544952+0j)
0.3825	0.14630625	0.002840974730981216	0.149110845164376	0.0	(0.149110845164376+0j)
0.385	0.148225	0.002877323966638201	0.15106639976651665	0.0	(0.15106639976651665+0j)
0.3875	0.15015625000000002	0.0029138866822420173	0.15303466433149743	0.0	(0.15303466433149743+0j)
0.39	0.1521	0.0029506624404909143	0.15501563843677957	0.0	(0.15501563843677957+0j)
0.3925	0.15405625	0.0029876508017905312	0.1570093216576768	0.0	(0.1570093216576768+0j)
0.395	0.15602500000000002	0.0030248513242642217	0.15901571356737926	0.0	(0.15901571356737926+0j)
0.3975	0.15800625000000001	0.0030622635637623796	0.16103481373696774	0.0	(0.16103481373696774+0j)
0.4	0.16000000000000003	0.0030998870738727646	0.16306662173543068	0.0	(0.16306662173543068+0j)
0.4025	0.16200625000000002	0.0031377214059301606	0.16511113712967943	0.0	(0.16511113712967943+0j)
0.405	0.16402500000000003	0.00317576610902659	0.16716835948457143	0.0	(0.16716835948457143+0j)
0.40750000000000003	0.16605625000000002	0.0032140207300211943	0.1692382883629134	0.0	(0.1692382883629134+0j)
0.41000000000000003	0.16810000000000003	0.003252484813550449	0.17132092332548668	0.0	(0.17132092332548668+0j)
0.41250000000000003	0.17015625000000004	0.0032911579020380444	0.17341626393105591	0.0	(0.17341626393105591+0j)
0.41500000000000004	0.17222500000000002	0.0033300395357054313	0.17552430973638625	0.0	(0.17552430973638625+0j)
0.4175	0.17430625	0.003369129252581593	0.17764506029625216	0.0	(0.17764506029625216+0j)
0.42	0.17639999999999997	0.003408426588513924	0.17977851516345805	0.0	(0.17977851516345805+0j)
0.4225	0.17850624999999998	0.0034479310771775573	0.18192467388883873	0.0	(0.18192467388883873+0j)
0.425	0.18062499999999998	0.0034876422500867976	0.18408353602128844	0.0	(0.18408353602128844+0j)
0.4275	0.18275624999999998	0.0035275596366045603	0.1862551011077605	0.0	(0.1862551011077605+0j)
0.43	0.18489999999999998	0.0035676827639533615	0.1884393686932768	0.0	(0.1884393686932768+0j)
0.4325	0.18705625	0.0036080111572257545	0.19063633832095386	0.0	(0.19063633832095386+0j)
0.435	0.189225	0.0036485443393943218	0.19284600953200096	0.0	(0.19284600953200096+0j)
0.4375	0.19140625	0.003689281831322666	0.19506838186572667	0.0	(0.19506838186572667+0j)
0.44	0.1936	0.0037302231517758466	0.19730345485956965	0.0	(0.19730345485956965+0j)
0.4425	0.19580625000000002	0.0037713678174312593	0.1995512280490876	0.0	(0.1995512280490876+0j)
0.445	0.198025	0.0038127153428886285	0.20181170096798112	0.0	(0.20181170096798112+0j)
0.4475	0.20025625	0.0038542652406814426	0.20408487314809176	0.0	(0.20408487314809176+0j)
0.45	0.2025	0.003896017021286946	0.20637074411942938	0.0	(0.20637074411942938+0j)
0.4525	0.20475625	0.003937970193137685	0.20866931341015849	0.0	(0.20866931341015849+0j)
0.455	0.20702500000000001	0.003980124262631501	0.21098058054662644	0.0	(0.21098058054662644+0j)
0.4575	0.20930625000000003	0.004022478734143187	0.2133045450533643	0.0	(0.2133045450533643+0j)
0.46	0.2116	0.004065033110034588	0.2156412064530966	0.0	(0.2156412064530966+0j)
0.4625	0.21390625000000002	0.004107786890665932	0.21799056426674884	0.0	(0.21799056426674884+0j)
0.465	0.21622500000000003	0.004150739574406814	0.2203526180134621	0.0	(0.2203526180134621+0j)
0.4675	0.21855625000000004	0.004193890657646859	0.22272736721059222	0.0	(0.22272736721059222+0j)
0.47000000000000003	0.22090000000000004	0.004237239634807155	0.22511481137372394	0.0	(0.22511481137372394+0j)
0.47250000000000003	0.22325625000000002	0.0042807859983508	0.2275149500166848	0.0	(0.2275149500166848+0j)
0.47500000000000003	0.22562500000000002	0.00432452923879445	0.22992778265153774	0.0	(0.22992778265153774+0j)
0.47750000000000004	0.22800625000000002	0.004368468844719087	0.23235330878860386	0.0	(0.23235330878860386+0j)
0.48	0.2304	0.004412604302781342	0.23479152793646496	0.0	(0.23479152793646496+0j)
0.4825	0.23280625	0.0044569350977248234	0.2372424396019701	0.0	(0.2372424396019701+0j)
0.485	0.235225	0.00450146071239077	0.2397060432902482	0.0	(0.2397060432902482+0j)
0.4875	0.23765624999999999	0.004546180627729934	0.2421823385047095	0.0	(0.2421823385047095+0j)
0.49	0.24009999999999998	0.004591094322813349	0.2446713247470572	0.0	(0.2446713247470572+0j)
0.4925	0.24255625	0.00463620127484432	0.24717300151729718	0.0	(0.24717300151729718+0j)
0.495	0.245025	0.0046815009591687495	0.2496873683137405	0.0	(0.2496873683137405+0j)
0.4975	0.24750625	0.004726992849287459	0.25221442463301935	0.0	(0.25221442463301935+0j)
0.5	0.25	0.004772676416867072	0.2547541699700827	0.0	(0.2547541699700827+0j)
0.5025000000000001	0.25250625000000004	0.004818551131751447	0.257306603818215	0.0	(0.257306603818215+0j)
0.505	0.255025	0.004864616461973559	0.25987172566903805	0.0	(0.25987172566903805+0j)
0.5075000000000001	0.25755625000000004	0.004910871873766487	0.26244953501252793	0.0	(0.26244953501252793+0j)
0.51	0.2601	0.004957316831574965	0.2650400313370045	0.0	(0.2650400313370045+0j)
0.5125	0.26265625	0.005003950798067369	0.26764321412916	0.0	(0.26764321412916+0j)
0.515	0.265225	0.0050507732341469325	0.2702590828740473	0.0	(0.2702590828740473+0j)
0.5175	0.26780624999999997	0.00509778359896329	0.2728876370551019	0.0	(0.2728876370551019+0j)
0.52	0.27040000000000003	0.00514498134992436	0.2755288761541501	0.0	(0.2755288761541501+0j)
0.5225	0.27300624999999995	0.005192365942707999	0.27818279965140985	0.0	(0.27818279965140985+0j)
0.525	0.275625	0.005239936831273273	0.2808494070254912	0.0	(0.2808494070254912+0j)
0.5275	0.27825625	0.005287693467872556	0.2835286977534293	0.0	(0.2835286977534293+0j)
0.53	0.28090000000000004	0.005335635303063302	0.28622067131067075	0.0	(0.28622067131067075+0j)
0.5325	0.28355624999999995	0.005383761785719476	0.28892532717108127	0.0	(0.28892532717108127+0j)
0.535	0.286225	0.005432072363043605	0.291642664806971	0.0	(0.291642664806971+0j)
0.5375	0.28890625	0.0054805664805785415	0.294372683689088	0.0	(0.294372683689088+0j)
0.54	0.2916	0.00552924358221929	0.29711538328663095	0.0	(0.29711538328663095+0j)
0.5425	0.29430625	0.005578103110224719	0.2998707630672616	0.0	(0.2998707630672616+0j)
0.545	0.29702500000000004	0.005627144505229664	0.30263882249709945	0.0	(0.30263882249709945+0j)
0.5475	0.29975625	0.005676367206256583	0.30541956104075285	0.0	(0.30541956104075285+0j)
0.55	0.30250000000000005	0.005725770650727768	0.3082129781613043	0.0	(0.3082129781613043+0j)
0.5525	0.30525625	0.005775354274477229	0.31101907332033313	0.0	(0.31101907332033313+0j)
0.555	0.30802500000000005	0.0058251175117623455	0.313837845977926	0.0	(0.313837845977926+0j)
0.5575	0.31080625	0.0058750597952762496	0.31666929559266926	0.0	(0.31666929559266926+0j)
0.56	0.31360000000000005	0.005925180556159759	0.3195134216216769	0.0	(0.3195134216216769+0j)
0.5625	0.31640625	0.005975479224013203	0.3223702235205911	0.0	(0.3223702235205911+0j)
0.5650000000000001	0.3192250000000001	0.006025955226908852	0.3252397007435924	0.0	(0.3252397007435924+0j)
0.5675	0.32205625	0.006076607991402472	0.32812185274340383	0.0	(0.32812185274340383+0j)
0.5700000000000001	0.3249000000000001	0.006127436942545916	0.33101667897130843	0.0	(0.33101667897130843+0j)
0.5725	0.32775625	0.006178441503899068	0.3339241788771531	0.0	(0.3339241788771531+0j)
0.5750000000000001	0.33062500000000006	0.006229621097541882	0.3368443519093671	0.0	(0.3368443519093671+0j)
0.5775	0.33350625	0.0062809751440866535	0.33977719751495744	0.0	(0.33977719751495744+0j)
0.58	0.3364	0.006332503062690009	0.34272271513952535	0.0	(0.34272271513952535+0j)
0.5825	0.33930625000000003	0.006384204271065452	0.3456809042272841	0.0	(0.3456809042272841+0j)
0.585	0.34222499999999995	0.006436078185495242	0.3486517642210511	0.0	(0.3486517642210511+0j)
0.5875	0.34515625000000005	0.0064881242208426615	0.35163529456228954	0.0	(0.35163529456228954+0j)
0.59	0.34809999999999997	0.006540341790564563	0.3546314946910662	0.0	(0.3546314946910662+0j)
0.5925	0.35105625	0.006592730306723138	0.3576403640461258	0.0	(0.3576403640461258+0j)
0.595	0.354025	0.00664528917999857	0.36066190206484205	0.0	(0.36066190206484205+0j)
0.5975	0.35700625	0.006698017819701252	0.36369610818327824	0.0	(0.36369610818327824+0j)
0.6	0.36	0.006750915633783938	0.36674298183616166	0.0	(0.36674298183616166+0j)
0.6025	0.36300625000000003	0.0068039820288542385	0.3698025224569156	0.0	(0.3698025224569156+0j)
0.605	0.366025	0.006857216410186828	0.3728747294776523	0.0	(0.3728747294776523+0j)
0.6075	0.36905625000000003	0.006910618181735995	0.37595960232921244	0.0	(0.37595960232921244+0j)
0.61	0.3721	0.0069641867461477935	0.37905714044114114	0.0	(0.37905714044114114+0j)
0.6125	0.3751562500000001	0.007017921504772262	0.3821673432417279	0.0	(0.3821673432417279+0j)
0.615	0.378225	0.0070718218576764635	0.38529021015800374	0.0	(0.38529021015800374+0j)
0.6175	0.38130625000000007	0.0071258872036562	0.38842574061575946	0.0	(0.38842574061575946+0j)
0.62	0.3844	0.007180116940248726	0.39157393403955615	0.0	(0.39157393403955615+0j)
0.6225	0.38750625000000005	0.007234510463745181	0.3947347898527339	0.0	(0.3947347898527339+0j)
0.625	0.390625	0.007289067169203023	0.39790830747742717	0.0	(0.39790830747742717+0j)
0.6275000000000001	0.3937562500000001	0.007343786450458356	0.4010944863345754	0.0	(0.4010944863345754+0j)
0.63	0.39690000000000003	0.007398667700138584	0.4042933258439389	0.0	(0.4042933258439389+0j)
0.6325000000000001	0.40005625000000006	0.007453710309674733	0.407504825424116	0.0	(0.407504825424116+0j)
0.635	0.403225	0.0075089136693139436	0.41072898449253725	0.0	(0.41072898449253725+0j)
0.6375000000000001	0.4064062500000001	0.0075642771681321275	0.41396580246549913	0.0	(0.41396580246549913+0j)
0.64	0.4096	0.007619800194046122	0.417215278758168	0.0	(0.417215278758168+0j)
0.6425	0.41280624999999993	0.007675482133826572	0.4204774127845958	0.0	(0.4204774127845958+0j)
0.645	0.41602500000000003	0.007731322373110361	0.42375220395773217	0.0	(0.42375220395773217+0j)
0.6475	0.41925624999999994	0.007787320296412881	0.42703965168944147	0.0	(0.42703965168944147+0j)
0.65	0.42250000000000004	0.0078434752871408	0.43033975539050706	0.0	(0.43033975539050706+0j)
0.6525	0.42575624999999995	0.007899786727604607	0.4336525144706704	0.0	(0.4336525144706704+0j)
0.655	0.42902500000000005	0.007956253999031104	0.43697792833861465	0.0	(0.43697792833861465+0j)
0.6575	0.43230624999999995	0.008012876481575948	0.4403159964019896	0.0	(0.4403159964019896+0j)
0.66	0.43560000000000004	0.008069653554336198	0.44366671806744684	0.0	(0.44366671806744684+0j)
0.6625	0.43890625	0.008126584595362862	0.4470300927406261	0.0	(0.4470300927406261+0j)
0.665	0.44222500000000003	0.00818366898167372	0.4504061198261925	0.0	(0.4504061198261925+0j)
0.6675	0.44555625	0.00824090608926542	0.453794798727833	0.0	(0.453794798727833+0j)
0.67	0.4489000000000001	0.008298295293126479	0.4571961288482891	0.0	(0.4571961288482891+0j)
0.6725	0.45225624999999997	0.00835583596724987	0.4606101095893676	0.0	(0.4606101095893676+0j)
0.675	0.45562500000000006	0.008413527484645189	0.464036740351952	0.0	(0.464036740351952+0j)
0.6775	0.45900625	0.008471369217351643	0.467476020536028	0.0	(0.467476020536028+0j)
0.68	0.4624000000000001	0.008529360536450592	0.4709279495406949	0.0	(0.4709279495406949+0j)
0.6825	0.46580625	0.008587500812078097	0.4743925267641781	0.0	(0.4743925267641781+0j)
0.685	0.46922500000000006	0.00864578941343741	0.4778697516038606	0.0	(0.4778697516038606+0j)
0.6875	0.47265625	0.008704225708811797	0.48135962345628686	0.0	(0.48135962345628686+0j)
0.6900000000000001	0.4761000000000001	0.008762809065576915	0.484862141717189	0.0	(0.484862141717189+0j)
0.6925	0.47955625	0.008821538850213695	0.4883773057815134	0.0	(0.4883773057815134+0j)
0.6950000000000001	0.4830250000000001	0.008880414428320604	0.491905115043411	0.0	(0.491905115043411+0j)
0.6975	0.48650625000000003	0.008939435164626641	0.49544556889629177	0.0	(0.49544556889629177+0j)
0.7000000000000001	0.4900000000000001	0.008998600423003655	0.49899866673282045	0.0	(0.49899866673282045+0j)
0.7025	0.49350625000000004	0.00905790956647895	0.502564407944947	0.0	(0.502564407944947+0j)
0.705	0.49702499999999994	0.009117361957248216	0.5061427919239195	0.0	(0.5061427919239195+0j)
0.7075	0.50055625	0.009176956956687743	0.5097338180603225	0.0	(0.5097338180603225+0j)
0.71	0.5041	0.009236693925367329	0.5133374857440702	0.0	(0.5133374857440702+0j)
0.7125	0.50765625	0.009296572223062682	0.5169537943644564	0.0	(0.5169537943644564+0j)
0.715	0.5112249999999999	0.009356591208768111	0.5205827433101483	0.0	(0.5205827433101483+0j)
0.7175	0.51480625	0.009416750240709149	0.524224331969251	0.0	(0.524224331969251+0j)
0.72	0.5184	0.009477048676355126	0.5278785597292827	0.0	(0.5278785597292827+0j)
0.7225	0.52200625	0.00953748587243175	0.5315454259772291	0.0	(0.5315454259772291+0j)
0.725	0.525625	0.009598061184933754	0.5352249300995571	0.0	(0.5352249300995571+0j)
0.7275	0.5292562500000001	0.009658773969137363	0.5389170714822462	0.0	(0.5389170714822462+0j)
0.73	0.5328999999999999	0.009719623579613063	0.5426218495108159	0.0	(0.5426218495108159+0j)
0.7325	0.5365562500000001	0.009780609370238114	0.5463392635703251	0.0	(0.5463392635703251+0j)
0.735	0.540225	0.009841730694208878	0.5500693130454362	0.0	(0.5500693130454362+0j)
0.7375	0.54390625	0.00990298690405389	0.5538119973204294	0.0	(0.5538119973204294+0j)
0.74	0.5476	0.009964377351645959	0.5575673157792221	0.0	(0.5575673157792221+0j)
0.7425	0.5513062500000001	0.010025901388214992	0.5613352678054123	0.0	(0.5613352678054123+0j)
0.745	0.555025	0.010087558364360427	0.5651158527822869	0.0	(0.5651158527822869+0j)
0.7475	0.5587562500000001	0.010149347630063865	0.5689090700928857	0.0	(0.5689090700928857+0j)
0.75	0.5625	0.010211268534701556	0.5727149191199862	0.0	(0.5727149191199862+0j)
0.7525000000000001	0.5662562500000001	0.010273320427056948	0.5765333992462031	0.0	(0.5765333992462031+0j)
0.755	0.570025	0.0103355026553332	0.5803645098539467	0.0	(0.5803645098539467+0j)
0.7575000000000001	0.5738062500000001	0.010397814567165709	0.5842082503255279	0.0	(0.5842082503255279+0j)
0.76	0.5776	0.010460255509634614	0.588064620043136	0.0	(0.588064620043136+0j)
0.7625000000000001	0.5814062500000001	0.010522824829277355	0.591933618388919	0.0	(0.591933618388919+0j)
0.765	0.585225	0.0105855218721011	0.5958152447449903	0.0	(0.5958152447449903+0j)
0.7675000000000001	0.5890562500000001	0.010648345983595153	0.599709498493506	0.0	(0.599709498493506+0j)
0.77	0.5929	0.010711296508743612	0.6036163790166652	0.0	(0.6036163790166652+0j)
0.7725	0.59675625	0.0107743727920378	0.607535885696784	0.0	(0.607535885696784+0j)
0.775	0.6006250000000001	0.010837574177488402	0.6114680179163222	0.0	(0.6114680179163222+0j)
0.7775	0.6045062499999999	0.01090090000863847	0.6154127750579389	0.0	(0.6154127750579389+0j)
0.78	0.6084	0.010964349628575343	0.6193701565045482	0.0	(0.6193701565045482+0j)
0.7825	0.6123062499999999	0.011027922379943322	0.6233401616393445	0.0	(0.6233401616393445+0j)
0.785	0.616225	0.011091617604956028	0.6273227898458987	0.0	(0.6273227898458987+0j)
0.7875	0.62015625	0.011155434645408774	0.6313180405081575	0.0	(0.6313180405081575+0j)
0.79	0.6241000000000001	0.011219372842691033	0.6353259130105433	0.0	(0.6353259130105433+0j)
0.7925	0.62805625	0.011283431537798677	0.6393464067380173	0.0	(0.6393464067380173+0j)
0.795	0.6320250000000001	0.011347610071346409	0.643379521076096	0.0	(0.643379521076096+0j)
0.7975	0.63600625	0.011411907783580116	0.6474252554109777	0.0	(0.6474252554109777+0j)
0.8	0.6400000000000001	0.011476324014389139	0.6514836091295619	0.0	(0.6514836091295619+0j)
0.8025	0.64400625	0.01154085810331873	0.6555545816195569	0.0	(0.6555545816195569+0j)
0.805	0.6480250000000001	0.01160550938958213	0.6596381722695341	0.0	(0.6596381722695341+0j)
0.8075	0.65205625	0.011670277212073144	0.6637343804690167	0.0	(0.6637343804690167+0j)
0.81	0.6561000000000001	0.011735160909378095	0.6678432056085776	0.0	(0.6678432056085776+0j)
0.8125	0.66015625	0.011800159819788353	0.6719646470798974	0.0	(0.6719646470798974+0j)
0.8150000000000001	0.6642250000000001	0.011865273281312372	0.6760987042759081	0.0	(0.6760987042759081+0j)
0.8175	0.66830625	0.01193050063168799	0.6802453765908448	0.0	(0.6802453765908448+0j)
0.8200000000000001	0.6724000000000001	0.011995841208394836	0.6844046634203613	0.0	(0.6844046634203613+0j)
0.8225	0.67650625	0.012061294348666068	0.6885765641616686	0.0	(0.6885765641616686+0j)
0.8250000000000001	0.6806250000000001	0.01212685938950106	0.6927610782136407	0.0	(0.6927610782136407+0j)
0.8275	0.6847562500000001	0.012192535667677223	0.6969582049769353	0.0	(0.6969582049769353+0j)
0.8300000000000001	0.6889000000000001	0.012258322519762166	0.7011679438541211	0.0	(0.7011679438541211+0j)
0.8325	0.69305625	0.012324219282125987	0.7053902942498596	0.0	(0.7053902942498596+0j)
0.835	0.697225	0.012390225290953183	0.7096252555710068	0.0	(0.7096252555710068+0j)
0.8375	0.70140625	0.01245633988225503	0.7138728272268228	0.0	(0.7138728272268228+0j)
0.84	0.7055999999999999	0.01252256239188132	0.7181330086291163	0.0	(0.7181330086291163+0j)
0.8425	0.7098062500000001	0.012588892155532438	0.722405799192458	0.0	(0.722405799192458+0j)
0.845	0.7140249999999999	0.01265532850877163	0.7266911983343447	0.0	(0.7266911983343447+0j)
0.8475	0.71825625	0.012721870787036904	0.7309892054754697	0.0	(0.7309892054754697+0j)
0.85	0.7224999999999999	0.012788518325652809	0.7352998200399101	0.0	(0.7352998200399101+0j)
0.8525	0.7267562500000001	0.012855270459842888	0.7396230414553852	0.0	(0.7396230414553852+0j)
0.855	0.7310249999999999	0.012922126524740868	0.7439588691535624	0.0	(0.7439588691535624+0j)
0.8575	0.73530625	0.012989085855403454	0.7483073025703122	0.0	(0.7483073025703122+0j)
0.86	0.7395999999999999	0.01305614778682157	0.7526683411460167	0.0	(0.7526683411460167+0j)
0.8625	0.7439062500000001	0.013123311653932573	0.7570419843259805	0.0	(0.7570419843259805+0j)
0.865	0.748225	0.013190576791631992	0.7614282315607208	0.0	(0.7614282315607208+0j)
0.8675	0.75255625	0.013257942534785405	0.7658270823064256	0.0	(0.7658270823064256+0j)
0.87	0.7569	0.013325408218240214	0.7702385360253802	0.0	(0.7702385360253802+0j)
0.8725	0.7612562500000001	0.013392973176837547	0.7746625921864546	0.0	(0.7746625921864546+0j)
0.875	0.765625	0.013460636745423776	0.7790992502656271	0.0	(0.7790992502656271+0j)
0.8775000000000001	0.7700062500000001	0.013528398258862623	0.7835485097465789	0.0	(0.7835485097465789+0j)
0.88	0.7744	0.013596257052046562	0.7880103701213039	0.0	(0.7880103701213039+0j)
0.8825000000000001	0.7788062500000001	0.013664212459908745	0.7924848308908389	0.0	(0.7924848308908389+0j)
0.885	0.7832250000000001	0.013732263817434517	0.796971891565999	0.0	(0.796971891565999+0j)
0.8875000000000001	0.7876562500000002	0.013800410459673132	0.8014715516682945	0.0	(0.8014715516682945+0j)
0.89	0.7921	0.013868651721749323	0.8059838107307968	0.0	(0.8059838107307968+0j)
0.8925000000000001	0.7965562500000001	0.01393698693887506	0.8105086682992397	0.0	(0.8105086682992397+0j)
0.895	0.801025	0.0140054154463609	0.8150461239331825	0.0	(0.8150461239331825+0j)
0.8975	0.80550625	0.014073936579627674	0.819596177207293	0.0	(0.819596177207293+0j)
0.9	0.81	0.014142549674218033	0.8241588277128278	0.0	(0.8241588277128278+0j)
0.9025	0.81450625	0.014211254065807796	0.8287340750592534	0.0	(0.8287340750592534+0j)
0.905	0.819025	0.014280049090217559	0.8333219188760804	0.0	(0.8333219188760804+0j)
0.9075	0.82355625	0.014348934083424122	0.8379223588149761	0.0	(0.8379223588149761+0j)
0.91	0.8281000000000001	0.01441790838157174	0.8425353945520658	0.0	(0.8425353945520658+0j)
0.9125	0.83265625	0.014486971320983796	0.8471610257906234	0.0	(0.8471610257906234+0j)
0.915	0.8372250000000001	0.014556122238173833	0.8517992522641228	0.0	(0.8517992522641228+0j)
0.9175	0.84180625	0.01462536046985724	0.8564500737397176	0.0	(0.8564500737397176+0j)
0.92	0.8464	0.014694685352962214	0.8611134900221968	0.0	(0.8611134900221968+0j)
0.9225	0.85100625	0.014764096224641227	0.8657895009586678	0.0	(0.8657895009586678+0j)
0.925	0.8556250000000001	0.014833592422282271	0.8704781064438106	0.0	(0.8704781064438106+0j)
0.9275	0.86025625	0.014903173283520005	0.8751793064261222	0.0	(0.8751793064261222+0j)
0.93	0.8649000000000001	0.014972838146246933	0.8798931009151925	0.0	(0.8798931009151925+0j)
0.9325	0.86955625	0.015042586348624695	0.8846194899901778	0.0	(0.8846194899901778+0j)
0.935	0.8742250000000001	0.015112417229094982	0.8893584738099076	0.0	(0.8893584738099076+0j)
0.9375	0.87890625	0.015182330126390822	0.8941100526248618	0.0	(0.8941100526248618+0j)
0.9400000000000001	0.8836000000000002	0.015252324379547613	0.898874226791426	0.0	(0.898874226791426+0j)
0.9425	0.88830625	0.01532239932791396	0.9036509967892258	0.0	(0.9036509967892258+0j)
0.9450000000000001	0.8930250000000001	0.015392554311163029	0.9084403632419793	0.0	(0.9084403632419793+0j)
0.9475	0.89775625	0.015462788669303215	0.9132423269430797	0.0	(0.9132423269430797+0j)
0.9500000000000001	0.9025000000000001	0.015533101742689251	0.9180568888871683	0.0	(0.9180568888871683+0j)
0.9525	0.90725625	0.015603492872033053	0.9228840503094057	0.0	(0.9228840503094057+0j)
0.9550000000000001	0.9120250000000001	0.015673961398414635	0.9277238127348565	0.0	(0.9277238127348565+0j)
0.9575	0.91680625	0.015744506663292884	0.9325761780414138	0.0	(0.9325761780414138+0j)
0.96	0.9216	0.015815128008516546	0.937441148540697	0.0	(0.937441148540697+0j)
0.9625	0.9264062500000001	0.015885824776334767	0.9423187270838961	0.0	(0.9423187270838961+0j)
0.965	0.931225	0.015956596309408003	0.9472089172020032	0.0	(0.9472089172020032+0j)
0.9675	0.93605625	0.016027441950818774	0.952111723295224	0.0	(0.952111723295224+0j)
0.97	0.9409	0.016098361044082188	0.9570271508935484	0.0	(0.9570271508935484+0j)
0.9725	0.9457562500000001	0.016169352933156717	0.9619552070236127	0.0	(0.9619552070236127+0j)
0.975	0.9506249999999999	0.016240416962454762	0.9668959007385642	0.0	(0.9668959007385642+0j)
0.9775	0.9555062500000001	0.016311552476853258	0.9718492439067749	0.0	(0.9718492439067749+0j)
0.98	0.9603999999999999	0.016382758821704188	0.9768152524282976	0.0	(0.9768152524282976+0j)
0.9825	0.96530625	0.01645403534284516	0.9817939481928253	0.0	(0.9817939481928253+0j)
0.985	0.970225	0.016525381386609778	0.9867853623998488	0.0	(0.9867853623998488+0j)
0.9875	0.9751562500000001	0.016596796299838193	0.9917895415690898	0.0	(0.9917895415690898+0j)
0.99	0.9801	0.01666827942988748	0.9968065593811916	0.0	(0.9968065593811916+0j)
0.9925	0.9850562500000001	0.01673983012464199	1.001836542824539	0.0	(1.001836542824539+0j)
0.995	0.990025	0.016811447732523646	1.0068797402149419	0.0	(1.0068797402149419+0j)
0.9975	0.9950062500000001	0.016883131602502377	1.0119367507157784	0.0	(1.0119367507157784+0j)
1.0	1.0	0.01695488108410624	1.0170098075467704	0.0	(1.0170098075467704+0j)
