-25963.925498107445	-674125427.271274	-0.007957747148692493	-674125427.2792317	0.0	(-674125427.2792317+0j)
-6490.627825950439	-42128249.57500212	-0.00795774706014808	-42128249.58295987	0.0	(-42128249.58295987+0j)
-2884.461596072092	-8320118.699214761	-0.007957746676371592	-8320118.707172507	0.0	(-8320118.707172507+0j)
-1622.3034223555637	-2631868.3941865745	-0.007957745642789091	-2631868.4021443203	0.0	(-2631868.4021443203+0j)
-1038.1045036316527	-1077660.96046032	-0.007957743462456215	-1077660.9684180636	0.0	(-1077660.9684180636+0j)
-720.7618889630762	-519497.7005816218	-0.007957739495516444	-519497.7085393613	0.0	(-519497.7085393613+0j)
-529.4143094470139	-280279.5110472586	-0.007957732958503293	-280279.51900499157	0.0	(-280279.51900499157+0j)
-405.22237924923235	-164205.1766444087	-0.007957722923485502	-164205.18460213163	0.0	(-164205.18460213163+0j)
-320.07680939731165	-102449.16391396297	-0.007957708317054028	-102449.1718716713	0.0	(-102449.1718716713+0j)
-259.17269292908765	-67170.48476011516	-0.007957687919149446	-67170.49271780308	0.0	(-67170.49271780308+0j)
-214.11054347450596	-45843.32482694831	-0.007957660361728144	-45843.33278460867	0.0	(-45843.33278460867+0j)
-179.8370922777698	-32341.379758923096	-0.007957624127265478	-32341.387716547222	0.0	(-32341.387716547222+0j)
-153.16429722491517	-23459.30194440216	-0.007957577547093798	-23459.309901979705	0.0	(-23459.309901979705+0j)
-132.00026008113662	-17424.06866148771	-0.007957518799573068	-17424.076619006508	0.0	(-17424.076619006508+0j)
-114.92620417901293	-13208.032406996168	-0.007957445908091526	-13208.040364442077	0.0	(-13208.040364442077+0j)
-100.95234989431218	-10191.376949183632	-0.007957356738893617	-10191.384906540383	0.0	(-10191.384906540383+0j)
-89.3711707749886	-7987.206165692176	-0.00795724899873216	-7987.214122941205	0.0	(-7987.214122941205+0j)
-79.6660394899954	-6346.677848021506	-0.007957120232341491	-6346.685805141734	0.0	(-6346.685805141734+0j)
-71.45259678142344	-5105.473586808683	-0.007956967819728052	-5105.481543776514	0.0	(-5105.481543776514+0j)
-64.4401021455765	-4152.526764532334	-0.007956788973274594	-4152.534721321315	0.0	(-4152.534721321315+0j)
-58.40534616997556	-3411.1844612346786	-0.007956580734653978	-3411.192417815409	0.0	(-3411.192417815409+0j)
-53.1746662886106	-2827.545134905101	-0.00795633997154818	-2827.553091245076	0.0	(-2827.553091245076+0j)
-48.61131190080035	-2363.059644716894	-0.007956063374167899	-2363.067600780269	0.0	(-2363.067600780269+0j)
-44.60641475236486	-1989.7322370599936	-0.007955747451567803	-1989.7401928074478	0.0	(-1989.7401928074478+0j)
-41.07243507516475	-1686.9449230036234	-0.00795538852775222	-1686.9528783921521	0.0	(-1686.9528783921521+0j)
-37.93833703272188	-1439.3174168083967	-0.007954982737565673	-1439.3253717911352	0.0	(-1439.3253717911352+0j)
-35.145990988493956	-1235.2406825632984	-0.007954526022362431	-1235.2486370893212	0.0	(-1235.2486370893212+0j)
-32.64745859752206	-1065.856552876917	-0.007954014125448812	-1065.864506891042	0.0	(-1065.864506891042+0j)
-30.40292155165993	-924.3376388763878	-0.007953442587291705	-924.3455923189745	0.0	(-924.3455923189745+0j)
-28.379085308632625	-805.3724829546481	-0.007952806740486379	-805.3804357613888	0.0	(-805.3804357613888+0j)
-26.54793727901791	-704.7929737706688	-0.00795210170447626	-704.8009258723732	0.0	(-704.8009258723732+0j)
-24.885772290912822	-619.3016625151644	-0.007951322380016999	-619.3096138375441	0.0	(-619.3096138375441+0j)
-23.372421553405154	-546.2700892700777	-0.007950463443376726	-546.2780397335248	0.0	(-546.2780397335248+0j)
-21.99063796447735	-483.5881580847126	-0.007949519340263961	-483.5961076041124	0.0	(-483.5961076041124+0j)
-20.725602554503787	-429.5506012472539	-0.007948484279474248	-429.5585497319418	0.0	(-429.5585497319418+0j)
-19.56452553191485	-382.770659288948	-0.007947352226246058	-382.7786066431224	0.0	(-382.7786066431224+0j)
-18.49632176131648	-342.1139186981496	-0.007946116895316109	-342.12186482188474	0.0	(-342.12186482188474+0j)
-17.511345216339368	-306.6472112858117	-0.007944771743663707	-306.65515607637116	0.0	(-306.65515607637116+0j)
-16.601170469373372	-275.5988609531945	-0.007943309962933177	-275.60680430561723	0.0	(-275.60680430561723+0j)
-15.758411931676982	-248.32754660841945	-0.007941724471522997	-248.3354884144185	0.0	(-248.3354884144185+0j)
-14.976573570196068	-224.2977559034954	-0.007940007906329576	-224.30569604860435	0.0	(-224.30569604860435+0j)
-14.249923366935638	-203.06031596353833	-0.007938152614133146	-203.06825432338204	0.0	(-203.06825432338204+0j)
-13.573387972519702	-184.2368610525425	-0.007936150642612496	-184.24479748954616	0.0	(-184.24479748954616+0j)
-12.942463925037897	-167.50737245090735	-0.00793399373097478	-167.51530681239825	0.0	(-167.51530681239825+0j)
-12.35314252275965	-152.60013018761268	-0.007931673300185826	-152.6080623056217	0.0	(-152.6080623056217+0j)
-11.801846002556928	-139.28356906806894	-0.00792918044278576	-139.29149876051923	0.0	(-139.29149876051923+0j)
-11.285373120608226	-127.35964647134664	-0.00792650591227401	-127.3675735440236	0.0	(-127.3675735440236+0j)
-10.800852585031993	-116.6584165635923	-0.007923640112046933	-116.66634081217913	0.0	(-116.66634081217913+0j)
-10.345703071874341	-107.03357205139018	-0.007920573083870612	-107.04149326301217	0.0	(-107.04149326301217+0j)
-9.917598781876578	-98.35876559827977	-0.007917294495870399	-98.36668355224364	0.0	(-98.36668355224364+0j)
-9.514439677583534	-90.52456237837586	-0.007913793630018017	-90.5324768460772	0.0	(-90.5324768460772+0j)
-9.134325687808028	-83.4359057709496	-0.007910059369096036	-83.44381651515783	0.0	(-83.44381651515783+0j)
-8.775534286370473	-77.01000201126372	-0.007906080183118577	-77.0179087850814	0.0	(-77.0179087850814+0j)
-8.436500949941994	-71.17454827837217	-0.007901844115186135	-71.18245082413866	0.0	(-71.18245082413866+0j)
-8.115802080094475	-65.86624340326581	-0.00789733876675129	-65.87414145157906	0.0	(-65.87414145157906+0j)
-7.812140040731365	-61.02953201599826	-0.007892551282270949	-61.03742528490468	0.0	(-61.03742528490468+0j)
-7.524330016657525	-56.61554219957343	-0.007887468333219683	-56.62343039390107	0.0	(-56.62343039390107+0j)
-7.251288444301806	-52.5811841024649	-0.007882076101437353	-52.58906691324792	0.0	(-52.58906691324792+0j)
-6.9920228032587755	-48.8883828812907	-0.007876360261783058	-48.896259985232234	0.0	(-48.896259985232234+0j)
-6.745622588745905	-45.50342410979901	-0.007870305964065976	-45.5112951687391	0.0	(-45.5112951687391+0j)
-6.511251311394057	-42.396393640130825	-0.007863897814222308	-42.40425830050104	0.0	(-42.40425830050104+0j)
-6.28813939289932	-39.540697024532236	-0.007857119854706029	-39.54855491679459	0.0	(-39.54855491679459+0j)
-6.075577844694438	-36.91264614694191	-0.007849955544059498	-36.9204968850064	0.0	(-36.9204968850064+0j)
-5.872912632539629	-34.49110278944356	-0.00784238773562846	-34.498945970061186	0.0	(-34.498945970061186+0j)
-5.679539643272203	-32.25717055950054	-0.007834398655384085	-32.26500576163935	0.0	(-32.26500576163935+0j)
-5.494900181287662	-30.19392800231518	-0.007825969878812952	-30.201754786508356	0.0	(-30.201754786508356+0j)
-5.318476931980488	-28.28619687600858	-0.00781708230683391	-28.29401478368147	0.0	(-28.29401478368147+0j)
-5.149790337618319	-26.520340521427006	-0.007807716140698748	-26.528149074196786	0.0	(-26.528149074196786+0j)
-4.988395338183129	-24.884088050007175	-0.007797850855831421	-24.89188674895754	0.0	(-24.89188674895754+0j)
-4.833878435771186	-23.366380731813685	-0.0077874651745583785	-23.374169056742335	0.0	(-23.374169056742335+0j)
-4.685855046355183	-21.957237515452334	-0.0077765370376801386	-21.96501492408929	0.0	(-21.96501492408929+0j)
-4.543967107204298	-20.6476370713546	-0.007765043574831761	-20.655402998551118	0.0	(-20.655402998551118+0j)
-4.40788091213969	-19.429414135605423	-0.00775296107357723	-19.43716799249159	0.0	(-19.43716799249159+0j)
-4.277285150163216	-18.295168255806765	-0.007740264947180004	-18.30290942891803	0.0	(-18.30290942891803+0j)
-4.1518891259130415	-17.23818331387496	-0.007726929700989038	-17.245911164243033	0.0	(-17.245911164243033+0j)
-4.031421142934009	-16.252356431695354	-0.007712928897376525	-16.26007029390587	0.0	(-16.26007029390587+0j)
-3.915627032958444	-15.332135061234949	-0.0076982351191603035	-15.339834242447584	0.0	(-15.339834242447584+0j)
-3.804268816319107	-14.472461226817979	-0.007682819931440538	-14.480145005748067	0.0	(-14.480145005748067+0j)
-3.6971234803003905	-13.668722028588473	-0.007666653841776632	-13.676389654449588	0.0	(-13.676389654449588+0j)
-3.5939818637085126	-12.916705636665714	-0.007649706258626772	-12.92435632806977	0.0	(-12.92435632806977+0j)
-3.4946476372356603	-12.212562108436783	-0.00763194544796922	-12.220195052251697	0.0	(-12.220195052251697+0j)
-3.39893637032993	-11.552768449551598	-0.007613338488022348	-11.560382799713052	0.0	(-11.560382799713052+0j)
-3.306674676284117	-10.93409741477867	-0.007593851221981873	-10.941692291053783	0.0	(-10.941692291053783+0j)
-3.2176994281387747	-10.353589609844597	-0.007573448208703507	-10.36116409654765	0.0	(-10.36116409654765+0j)
-3.1318570387744358	-9.808528511320977	-0.007552092671286967	-9.816081655976657	0.0	(-9.816081655976657+0j)
-3.0490027992569613	-9.296418069876786	-0.007529746443579623	-9.303948881831365	0.0	(-9.303948881831365+0j)
-2.969000270110649	-8.814962603917106	-0.0075063699147420795	-8.822470052891534	0.0	(-8.822470052891534+0j)
-2.8917207207350946	-8.362048726728695	-0.007481921972241949	-8.36953174131624	0.0	(-8.36953174131624+0j)
-2.8170426126629335	-7.935729081558806	-0.0074563599440155785	-7.943186547666077	0.0	(-7.943186547666077+0j)
-2.7448511227833454	-7.534207686244992	-0.007429639541115818	-7.54163844547178	0.0	(-7.54163844547178+0j)
-2.675037703037414	-7.155826712671685	-0.007401714802998512	-7.163229560640804	0.0	(-7.163229560640804+0j)
-2.6074996734312905	-6.799054546944287	-0.007372538048724216	-6.806428231578311	0.0	(-6.806428231578311+0j)
-2.542139845516731	-6.462474994163829	-0.007342059838762258	-6.4698182139261196	0.0	(-6.4698182139261196+0j)
-2.4788661737599393	-6.144777507411241	-0.007310228953728403	-6.152088909524703	0.0	(-6.152088909524703+0j)
-2.4175914324627716	-5.844748334317396	-0.007276992398151188	-5.852026512986922	0.0	(-5.852026512986922+0j)
-2.358232916118114	-5.561262486662943	-0.007242295439071473	-5.568505981336186	0.0	(-5.568505981336186+0j)
-2.3007121612768358	-5.293276449047129	-0.0072060816907131	-5.300483742760801	0.0	(-5.300483742760801+0j)
-2.2449546881792823	-5.039821551978139	-0.007168293257375173	-5.04699106984651	0.0	(-5.04699106984651+0j)
-2.1908897605623596	-4.799997942936994	-0.007128870946853262	-4.807128050852721	0.0	(-4.807128050852721+0j)
-2.13845016219549	-4.572969096193918	-0.007087754565909163	-4.58005809982656	0.0	(-4.58005809982656+0j)
-2.0875719888270416	-4.35795680853529	-0.007044883307466871	-4.365002952714608	0.0	(-4.365002952714608+0j)
-2.0381944543385164	-4.154236633696283	-0.007000196236308336	-4.161238102282484	0.0	(-4.161238102282484+0j)
-1.9902597100084227	-3.961133713282811	-0.006953632876181136	-3.9680886296234714	0.0	(-3.9680886296234714+0j)
-1.9437126758822836	-3.778018966385467	-0.006905133896621321	-3.784925394458951	0.0	(-3.784925394458951+0j)
-1.89850088333086	-3.604305604008056	-0.0068546418927357055	-3.61116155034676	0.0	(-3.61116155034676+0j)
-1.8545743279562	-3.4394459379141904	-0.006802102246030005	-3.4462493543884203	0.0	(-3.4462493543884203+0j)
-1.8118853320755182	-3.282928456590411	-0.006747464049483259	-3.289677244117907	0.0	(-3.289677244117907+0j)
-1.7703884160767358	-3.1342751437786935	-0.006690681075805477	-3.1409671570012248	0.0	(-3.1409671570012248+0j)
-1.7300401779976016	-2.993039017485973	-0.006631712764473454	-2.999672070433593	0.0	(-2.999672070433593+0j)
-1.6907991807330216	-2.858801869567457	-0.0065705252009400405	-2.865373742300619	0.0	(-2.865373742300619+0j)
-1.6526258463233479	-2.731172187935962	-0.006507092060483369	-2.737680634134004	0.0	(-2.737680634134004+0j)
-1.6154823568201164	-2.609783245197078	-0.006441395489536001	-2.6162260006240468	0.0	(-2.6162260006240468+0j)
-1.579332561265664	-2.494291339073962	-0.006373426898949275	-2.500666130841026	0.0	(-2.500666130841026+0j)
-1.544141888359463	-2.3843741713863285	-0.006303187646366196	-2.390678727894137	0.0	(-2.390678727894137+0j)
-1.5098772644173457	-2.279729353604407	-0.00623068958849809	-2.285961415038469	0.0	(-2.285961415038469+0j)
-1.4765070362601456	-2.180073028125719	-0.006155955488387613	-2.1862303573588977	0.0	(-2.1862303573588977+0j)
-1.4440008986961979	-2.085138595435427	-0.0060790192674379274	-2.091218989181872	0.0	(-2.091218989181872+0j)
-1.4123298262875472	-1.9946755382214134	-0.0059999260968409485	-2.000676838281672	0.0	(-2.000676838281672+0j)
-1.3814660091131397	-1.9084483343349852	-0.0059187323278114745	-1.9143684387711422	0.0	(-1.9143684387711422+0j)
-1.3513827922636295	-1.826235451226244	-0.005835505264523747	-1.8320723253104179	0.0	(-1.8320723253104179+0j)
-1.3220546188221383	-1.7478284151489494	-0.005750322787687523	-1.753580101934595	0.0	(-1.753580101934595+0j)
-1.2934569761033048	-1.6730309490303052	-0.0056632728401692	-1.6786955794091645	0.0	(-1.6786955794091645+0j)
-1.2655663449395995	-1.6016581734437774	-0.005574452788881401	-1.6072339755647589	0.0	(-1.6072339755647589+0j)
-1.2383601518190859	-1.5335358656133895	-0.005483968679293645	-1.5390211735562422	0.0	(-1.5390211735562422+0j)
-1.2118167236928987	-1.4684997718217911	-0.005391934400356441	-1.4738930334358613	0.0	(-1.4738930334358613+0j)
-1.1859152452835946	-1.4063949689960484	-0.005298470778410155	-1.4116947528325774	0.0	(-1.4116947528325774+0j)
-1.1606357187374863	-1.3470752716092813	-0.00520370461882244	-1.3522802728972982	0.0	(-1.3522802728972982+0j)
-1.1359589254750273	-1.2904026803663786	-0.005107767713733552	-1.295511725996101	0.0	(-1.295511725996101+0j)
-1.1118663901034846	-1.2362468694417543	-0.005010795833469744	-1.2412589219408114	0.0	(-1.2412589219408114+0j)
-1.0883403462654702	-1.1844847093092434	-0.004912927717997241	-1.1893988698131812	0.0	(-1.1893988698131812+0j)
-1.065363704305586	-1.13499982245172	-0.004814304083320342	-1.1398153326785716	0.0	(-1.1398153326785716+0j)
-1.0429200206454015	-1.0876821694630046	-0.004715066656060231	-1.0923984127308979	0.0	(-1.0923984127308979+0j)
-1.020993468764418	-1.0424276632595986	-0.004615357247663514	-1.047044164575532	0.0	(-1.047044164575532+0j)
-0.9995688116914875	-0.9991378093063323	-0.004515316877849588	-1.0036542345817139	0.0	(-1.0036542345817139+0j)
-0.9786313759175298	-0.9577193699302375	-0.004415084955073249	-0.9621355243849579	0.0	(-0.9621355243849579+0j)
-0.9581670266462455	-0.918084050952107	-0.00431479852000201	-0.9223998767612182	0.0	(-0.9223998767612182+0j)
-0.9381621443049951	-0.8801482090069465	-0.004214591556325753	-0.8843637822610871	0.0	(-0.8843637822610871+0j)
-0.9186036022430514	-0.8438325780539101	-0.00411459437165858	-0.8479481051059566	0.0	(-0.8479481051059566+0j)
-0.89947874554915	-0.8090620136946725	-0.004014933049879982	-0.8130778269622851	0.0	(-0.8130778269622851+0j)
-0.8807753709246038	-0.7757652540273734	-0.003915728975007087	-0.7796818073212607	0.0	(-0.7796818073212607+0j)
-0.8624817075523156	-0.743874695862358	-0.003817098425598059	-0.7476925593145226	0.0	(-0.7476925593145226+0j)
-0.8445863989057804	-0.7133261852166339	-0.0037191522377587917	-0.7170460398705208	0.0	(-0.7170460398705208+0j)
-0.8270784854456875	-0.6840588210871323	-0.0036219955340568676	-0.6876814532205127	0.0	(-0.6876814532205127+0j)
-0.8099473881549796	-0.6560147715790732	-0.0035257275150302973	-0.6595410668196854	0.0	(-0.6595410668196854+0j)
-0.7931828928662812	-0.6291391015357225	-0.003430441309503857	-0.632570038824411	0.0	(-0.632570038824411+0j)
-0.776775135338431	-0.6033796108800378	-0.0033362238795802616	-0.6067162563400987	0.0	(-0.6067162563400987+0j)
-0.7607145870414965	-0.5786866829377146	-0.0032431559759442587	-0.5819301836954005	0.0	(-0.5819301836954005+0j)
-0.7449920416121038	-0.5550131420653706	-0.00315131213899078	-0.5581647200689047	0.0	(-0.5581647200689047+0j)
-0.7295986019432299	-0.5323141199575157	-0.0030607607412504456	-0.5353750658315958	0.0	(-0.5353750658315958+0j)
-0.7145256678747282	-0.5105469300518263	-0.0029715640666229184	-0.5135185970278875	0.0	(-0.5135185970278875+0j)
-0.6997649244528762	-0.48967094949453954	-0.0028837784220289925	-0.4925547474432402	0.0	(-0.4925547474432402+0j)
-0.6853083307291001	-0.4696475081667057	-0.002797454277243345	-0.47244489776437276	0.0	(-0.47244489776437276+0j)
-0.6711481090697825	-0.4504397843079447	-0.0027126364288613176	-0.4531522713576981	0.0	(-0.4531522713576981+0j)
-0.6572767349506936	-0.4320127063074443	-0.002629364184574821	-0.43464183623677377	0.0	(-0.43464183623677377+0j)
-0.6436869272111243	-0.4143328602624992	-0.0025476715641760657	-0.416880212813072	0.0	(-0.416880212813072+0j)
-0.6303716387442216	-0.39736840293307546	-0.002467587513965619	-0.39983558705680966	0.0	(-0.39983558705680966+0j)
-0.6173240476013827	-0.3810889797469542	-0.002389136131506893	-0.3834776287202579	0.0	(-0.3834776287202579+0j)
-0.6045375484898089	-0.365465647534068	-0.0023123368979370167	-0.3677774142977591	0.0	(-0.3677774142977591+0j)
-0.5920057446435135	-0.35047080169092093	-0.002237204915309631	-0.35270735442245793	0.0	(-0.35270735442245793+0j)
-0.5797224400491665	-0.3360781074965595	-0.0021637511467046374	-0.3382411254184396	0.0	(-0.3382411254184396+0j)
-0.5676816320092142	-0.32226243532064486	-0.0020919826570906393	-0.3243536047470823	0.0	(-0.3243536047470823+0j)
-0.5558775040256674	-0.30899979948180584	-0.00202190285316511	-0.3110208101052123	0.0	(-0.3110208101052123+0j)
-0.544304418988884	-0.2962673005308266	-0.0019535117206238048	-0.29821984194483714	0.0	(-0.29821984194483714+0j)
-0.5329569126565085	-0.2840430707483572	-0.0018868060575233964	-0.28592882920736873	0.0	(-0.28592882920736873+0j)
-0.5218296874085603	-0.27230622266091575	-0.0018217797025988957	-0.274126878071369	0.0	(-0.274126878071369+0j)
-0.5109176062654007	-0.261036800391967	-0.0017584237575798648	-0.2627940235296027	0.0	(-0.2627940235296027+0j)
-0.5002156871560363	-0.2502157336769855	-0.001696726802716804	-0.25191118362536097	0.0	(-0.25191118362536097+0j)
-0.489719097424872	-0.2398247943826313	-0.001636675104881244	-0.24146011618676358	0.0	(-0.24146011618676358+0j)
-0.47942314856567775	-0.22984655538062793	-0.001578252817740912	-0.231423377907003	0.0	(-0.231423377907003+0j)
-0.4693232911721022	-0.22026435163661381	-0.0015214421736348363	-0.22178428563258543	0.0	(-0.22178428563258543+0j)
-0.4594151100946494	-0.21106224338327884	-0.0014662236668835705	-0.21252687972739542	0.0	(-0.21252687972739542+0j)
-0.44969431979454255	-0.2022249812554763	-0.0014125762283672752	-0.20363588938981894	0.0	(-0.20363588938981894+0j)
-0.44015675988541014	-0.1937379732728226	-0.0013604773912901853	-0.19509669980829783	0.0	(-0.19509669980829783+0j)
-0.4307983908541856	-0.18558725356255565	-0.001309903448124661	-0.18689532104879036	0.0	(-0.18689532104879036+0j)
-0.4216152899530627	-0.1777594527222051	-0.0012608295987926344	-0.17901835857180204	0.0	(-0.17901835857180204+0j)
-0.41260364725475723	-0.17024176972792815	-0.0012132300901974064	-0.17145298528690814	0.0	(-0.17145298528690814+0j)
-0.4037597618637247	-0.16302194530025169	-0.001167078347265485	-0.164186915055203	0.0	(-0.164186915055203+0j)
-0.39508003827635235	-0.15608823664444404	-0.001122347095697096	-0.1572083775574987	0.0	(-0.1572083775574987+0j)
-0.3865609828834897	-0.14942939348784964	-0.0010790084766558988	-0.15050609445088473	0.0	(-0.15050609445088473+0j)
-0.37819920060902373	-0.1430346353413046	-0.0010370341536543482	-0.144069256740766	0.0	(-0.144069256740766+0j)
-0.3699913916785018	-0.13689362991619455	-0.000996395411911022	-0.137887503300398	0.0	(-0.137887503300398+0j)
-0.3619343485121183	-0.13099647263289152	-0.0009570632504716987	-0.13195090047400243	0.0	(-0.13195090047400243+0j)
-0.354024952736643	-0.1253336671601823	-0.000919008467396687	-0.12624992270284946	0.0	(-0.12624992270284946+0j)
-0.3462601723111496	-0.119896106928947	-0.0008822017383239289	-0.12077543411868219	0.0	(-0.12077543411868219+0j)
-0.3386370587616388	-0.11467505756673362	-0.0008466136887212206	-0.11551867105079408	0.0	(-0.11551867105079408+0j)
-0.33115274451989835	-0.10966214020306106	-0.0008122149601416606	-0.11047122539728892	0.0	(-0.11047122539728892+0j)
-0.32380444036215683	-0.10484931559824957	-0.0007789762707949733	-0.10562502881347305	0.0	(-0.10562502881347305+0j)
-0.31658943294330893	-0.10022886905136591	-0.0007468684707435114	-0.10097233767352724	0.0	(-0.10097233767352724+0j)
-0.3095050824226829	-0.09579339604547173	-0.0007158625920265894	-0.09650571876359193	0.0	(-0.09650571876359193+0j)
-0.3025488201775176	-0.09153578859080788	-0.0006859298940097569	-0.09221803566770265	0.0	(-0.09221803566770265+0j)
-0.29571814660049234	-0.08744922222883028	-0.0006570419042477183	-0.08810243580965099	0.0	(-0.08810243580965099+0j)
-0.28901062897782787	-0.08352714366215967	-0.0006291704551405875	-0.08415233811602095	0.0	(-0.08415233811602095+0j)
-0.28242389944463353	-0.07976325897751248	-0.0006022877166536822	-0.0803614212679178	0.0	(-0.0803614212679178+0j)
-0.27595565301433805	-0.07615152243056975	-0.000576366225360514	-0.07672361251078352	0.0	(-0.07672361251078352+0j)
-0.26960364567917633	-0.07268612576350285	-0.0005513789100583977	-0.07323307699310586	0.0	(-0.07323307699310586+0j)
-0.26336569257885506	-0.06936148802754	-0.0005272991141949734	-0.06988420760690707	0.0	(-0.06988420760690707+0j)
-0.2572396662346413	-0.06617224588450965	-0.0005041006153331584	-0.06667161530404293	0.0	(-0.06667161530404293+0j)
-0.2512234948462501	-0.06311324436276386	-0.00048175764187083917	-0.06359011986431573	0.0	(-0.06359011986431573+0j)
-0.24531516064902248	-0.060179528044255706	-0.00046024488722099525	-0.06063474109191535	0.0	(-0.06063474109191535+0j)
-0.23951269832899913	-0.05736633266083814	-0.0004395375216467268	-0.05780069041917538	0.0	(-0.05780069041917538+0j)
-0.2338141934936016	-0.05466907707906337	-0.0004196112019355214	-0.05508336289655832	0.0	(-0.05508336289655832+0j)
-0.22821778119573657	-0.052083355653905095	-0.0004004420790862495	-0.052478329549897174	0.0	(-0.052478329549897174+0j)
-0.22272164450923196	-0.049604930932896696	-0.00038200680417274093	-0.049981330086417704	0.0	(-0.049981330086417704+0j)
-0.21732401315361113	-0.04722972669319094	-0.0003642825325377519	-0.04758826593224352	0.0	(-0.04758826593224352+0j)
-0.21202316216629263	-0.04495382129499403	-0.00034724692646175286	-0.045295193585205805	0.0	(-0.045295193585205805+0j)
-0.20681741062039433	-0.0427734413357248	-0.00033087815644207154	-0.043098318267121835	0.0	(-0.043098318267121835+0j)
-0.20170512038639057	-0.04068495559008831	-0.0003151549012090471	-0.040993987861178534	0.0	(-0.040993987861178534+0j)
-0.19668469493595742	-0.03868486922205063	-0.0003000563465975437	-0.038978687120401825	0.0	(-0.038978687120401825+0j)
-0.1917545781864028	-0.03676981825544526	-0.00028556218338440245	-0.03704903213408005	0.0	(-0.03704903213408005+0j)
-0.18691325338415507	-0.034936564290649355	-0.0002716526041947276	-0.03520176503966577	0.0	(-0.03520176503966577+0j)
-0.1821592420258436	-0.03318198945542987	-0.00025830829957278477	-0.033433748968388265	0.0	(-0.033433748968388265+0j)
-0.17749110281557054	-0.031503091578687435	-0.00024551045330625245	-0.03174196321335959	0.0	(-0.03174196321335959+0j)
-0.17290743065703004	-0.029896979576415652	-0.00023324073708679284	-0.03012349860950941	0.0	(-0.03012349860950941+0j)
-0.16840685567919006	-0.02836086903975155	-0.00022148130458290451	-0.028575553115420135	0.0	(-0.028575553115420135+0j)
-0.16398804229430336	-0.02689207801551823	-0.0002102147849960323	-0.027095427587368486	0.0	(-0.027095427587368486+0j)
-0.15964968828706846	-0.025488022970158127	-0.00019942427616517213	-0.025680521736546006	0.0	(-0.025680521736546006+0j)
-0.15539052393380848	-0.024146214928423504	-0.00018909333728034383	-0.02432833026102048	0.0	(-0.02432833026102048+0j)
-0.15120931115058361	-0.02286425577863401	-0.0001792059812600888	-0.023036439143967455	0.0	(-0.023036439143967455+0j)
-0.14710484266919818	-0.02163983473672955	-0.00016974666684432815	-0.021802522110814418	0.0	(-0.021802522110814418+0j)
-0.1430759412401047	-0.020470724961741894	-0.00016070029044930046	-0.020624337237533014	0.0	(-0.020624337237533014+0j)
-0.13912145886124935	-0.019354780315682295	-0.0001520521778274775	-0.01949972370348861	0.0	(-0.01949972370348861+0j)
-0.13524027603194239	-0.01828993226119597	-0.00014378807557160477	-0.018426598681871423	0.0	(-0.018426598681871423+0j)
-0.13143130103087308	-0.01727418689066798	-0.00013589414249906006	-0.01740295436168164	0.0	(-0.01740295436168164+0j)
-0.127693469217426	-0.01630562208078172	-0.00012835694094901485	-0.016426855095067392	0.0	(-0.016426855095067392+0j)
-0.12402574235548795	-0.015382384766829878	-0.0001211634280217755	-0.01549643466447966	0.0	(-0.01549643466447966+0j)
-0.12042710795896928	-0.014502688331361244	-0.00011430094678832603	-0.014609893664185714	0.0	(-0.014609893664185714+0j)
-0.1168965786582923	-0.013664810102014318	-0.00010775721749323175	-0.013765496990864752	0.0	(-0.013765496990864752+0j)
-0.11343319158713124	-0.01286708895364282	-0.00010152032877379647	-0.012961571438688181	0.0	(-0.012961571438688181+0j)
-0.11003600778871571	-0.012107923010078304	-9.55787289155019e-05	-0.012196503393929957	0.0	(-0.012196503393929957+0j)
-0.1067041116410371	-0.01138576744110291	-8.992121716069335e-05	-0.011468736624901207	0.0	(-0.011468736624901207+0j)
-0.10343661030032315	-0.010699132350420918	-8.453693508743144e-05	-0.010776770162898281	0.0	(-0.010776770162898281+0j)
-0.10023263316217232	-0.010046580750622607	-7.941535807240996e-05	-0.010119156270146874	0.0	(-0.010119156270146874+0j)
-0.09709133133976106	-0.009426726621327267	-7.454628685010789e-05	-0.009494498491034032	0.0	(-0.009494498491034032+0j)
-0.09401187715856299	-0.008838233046876738	-6.991983918069877e-05	-0.008901449782890229	0.0	(-0.008901449782890229+0j)
-0.09099346366703809	-0.00827981043012458	-6.552644163475563e-05	-0.008338710722949665	0.0	(-0.008338710722949665+0j)
-0.08803530416277376	-0.0077502147790320915	-6.135682150487654e-05	-0.007805027788180164	0.0	(-0.007805027788180164+0j)
-0.08513663173357726	-0.007248246062938754	-5.7401998851158714e-05	-0.007299191704827695	0.0	(-0.007299191704827695+0j)
-0.0822966988130406	-0.006772746635524317	-5.365327868629422e-05	-0.006820035864727279	0.0	(-0.006820035864727279+0j)
-0.07951477675011609	-0.006322599721620802	-5.0102243306859864e-05	-0.006366434805544966	0.0	(-0.006366434805544966+0j)
-0.07679015539225904	-0.005896727965167291	-4.6740744774798064e-05	-0.00593730275221552	0.0	(-0.00593730275221552+0j)
-0.07412214268171152	-0.005494092035728001	-4.3560897552641364e-05	-0.005531592217062729	0.0	(-0.005531592217062729+0j)
-0.0715100642645166	-0.0051136892911152945	-4.0555071296211055e-05	-0.005148292656050801	0.0	(-0.005148292656050801+0j)
-0.06895326311186932	-0.004754552493774679	-3.7715883806299644e-05	-0.0047864291789296454	0.0	(-0.0047864291789296454+0j)
-0.06645109915342487	-0.004415748578698303	-3.5036194142001874e-05	-0.004445061310974883	0.0	(-0.004445061310974883+0j)
-0.06400294892219965	-0.004096377470737698	-3.250909589720408e-05	-0.004123281804220361	0.0	(-0.004123281804220361+0j)
-0.06160820521071407	-0.0037955709492854565	-3.0127910638633183e-05	-0.003820215496175658	0.0	(-0.003820215496175658+0j)
-0.05926627673804003	-0.003512491558389945	-2.7886181509906294e-05	-0.0035350182140404026	0.0	(-0.0035350182140404026+0j)
-0.05697658782742883	-0.003246331560456711	-2.5777666997228724e-05	-0.003266875722640252	0.0	(-0.003266875722640252+0j)
-0.05473857809420695	-0.002996311931775593	-2.379633485958266e-05	-0.0030150027142757407	0.0	(-0.0030150027142757407+0j)
-0.05255170214364006	-0.002761681398193863	-2.1936356220919608e-05	-0.0027786418388243174	0.0	(-0.0027786418388243174+0j)
-0.05041542927847616	-0.0025417155093330314	-2.0192099824001278e-05	-0.0025570627724993892	0.0	(-0.0025570627724993892+0j)
-0.048329243215890466	-0.0023357157498206946	-1.8558126444290227e-05	-0.002349561323730595	0.0	(-0.002349561323730595+0j)
-0.04629264181356468	-0.0021430086860789975	-1.7029183461758635e-05	-0.0021554585747160983	0.0	(-0.0021554585747160983+0j)
-0.04430513680464409	-0.0019629451472782285	-1.5600199592569197e-05	-0.00197410005725011	0.0	(-0.00197410005725011+0j)
-0.042366253541325026	-0.0017948994391278354	-1.4266279774233227e-05	-0.0018048549615085122	0.0	(-0.0018048549615085122+0j)
-0.04047553074683558	-0.0016382685892380325	-1.3022700201403837e-05	-0.0016471153765069732	0.0	(-0.0016471153765069732+0j)
-0.03863252027558087	-0.0014924716228431668	-1.186490351976488e-05	-0.0015002955610529238	0.0	(-0.0015002955610529238+0j)
-0.03683678688123302	-0.0013569488677333812	-1.0788494161317886e-05	-0.0013638312440101441	0.0	(-0.0013638312440101441+0j)
-0.03508790799255519	-0.0012311612872940186	-9.789233831725142e-06	-0.0012371789527893223	0.0	(-0.0012371789527893223+0j)
-0.033385473496756204	-0.001114589840602611	-8.863037141537689e-06	-0.0011198153690147028	0.0	(-0.0011198153690147028+0j)
-0.0317290855301808	-0.0010067348685815285	-8.005967376334411e-06	-0.0010112367103545835	0.0	(-0.0010112367103545835+0j)
-0.03011835827614827	-0.000907115505250429	-7.21423240932495e-06	-0.0009109581375693622	0.0	(-0.0009109581375693622+0j)
-0.02855291776975897	-0.0008152691131666175	-6.484180751442636e-06	-0.0008185131858572055	0.0	(-0.0008185131858572055+0j)
-0.027032401709496032	-0.000730750742183564	-5.812297733598371e-06	-0.0007334532196238882	0.0	(-0.0007334532196238882+0j)
-0.02555645927545598	-0.00065313261069804	-5.195201823937623e-06	-0.0006553469098496864	0.0	(-0.0006553469098496864+0j)
-0.024124750954048715	-0.0005820036085948744	-4.629641074416214e-06	-0.0005837797332549072	0.0	(-0.0005837797332549072+0j)
-0.022736948369013972	-0.0005169688211352072	-4.1124896895894386e-06	-0.0005183534925003369	0.0	(-0.0005183534925003369+0j)
-0.021392734118607187	-0.00045764907306942	-3.640744735378121e-06	-0.0004586858567164331	0.0	(-0.0004586858567164331+0j)
-0.020091801618814072	-0.00040368049228977975	-3.21152294446847e-06	-0.00040440992162941644	0.0	(-0.00040440992162941644+0j)
-0.018833854952458904	-0.0003547140923702608	-2.822057670925915e-06	-0.0003551737886746139	0.0	(-0.0003551737886746139+0j)
-0.017618608724076994	-0.00031041537337212193	-2.4696959400216658e-06	-0.0003106401624102717	0.0	(-0.0003106401624102717+0j)
-0.01644578792042772	-0.0002704639403236863	-2.151895625956968e-06	-0.00027048596565979615	0.0	(-0.00027048596565979615+0j)
-0.015315127776529314	-0.00023455313881141974	-1.866222743274193e-06	-0.00023440197178208242	0.0	(-0.00023440197178208242+0j)
-0.014226373647102138	-0.0002023897071469622	-1.6103488292174008e-06	-0.00020209245348705787	0.0	(-0.00020209245348705787+0j)
-0.013179280883312026	-0.0001736934446012338	-1.3820484724647032e-06	-0.00017327484770061693	0.0	(-0.00017327484770061693+0j)
-0.012173614714710094	-0.00014819689522220614	-1.1791969200203312e-06	-0.00014767943588089394	0.0	(-0.00014767943588089394+0j)
-0.01120915013627032	-0.00012564504677744896	-9.997677693718288e-07	-0.00012504903926385808	0.0	(-0.00012504903926385808+0j)
-0.010285671800430623	-0.00010579504438617372	-8.418308425461874e-07	-0.00010513872860273256	0.0	(-0.00010513872860273256+0j)
-0.009402973914047756	-8.841591842826257e-05	-7.035500573238096e-07	-8.771554769629993e-05	0.0	(-8.771554769629993e-05+0j)
-0.008560860140180725	-7.328832633973514e-05	-5.831814746670716e-07	-7.25582503365963e-05	0.0	(-7.25582503365963e-05+0j)
-0.007759143504621586	-6.020430792531135e-05	-4.790714342561842e-07	-5.945705005332667e-05	0.0	(-5.945705005332667e-05+0j)
-0.006997646307096736	-4.896705383922458e-05	-3.896547127624217e-07	-4.821338217408658e-05	0.0	(-4.821338217408658e-05+0j)
-0.006276200037065873	-3.939068690526567e-05	-3.1345289244200106e-07	-3.863967807017568e-05	0.0	(-3.863967807017568e-05+0j)
-0.005594645294049687	-3.130005596623231e-05	-2.4907271836127623e-07	-3.055915205994762e-05	0.0	(-3.055915205994762e-05+0j)
-0.0049528317124213125	-2.4530541971566232e-05	-1.952046432052157e-07	-2.3805603902345506e-05	0.0	(-2.3805603902345506e-05+0j)
-0.004350617890600327	-1.892787603001164e-05	-1.5062137208587957e-07	-1.8223245949244825e-05	0.0	(-1.8223245949244825e-05+0j)
-0.0037878713245918247	-1.4347969171665024e-05	-1.141764187195804e-07	-1.366658251964537e-05	0.0	(-1.366658251964537e-05+0j)
-0.0032644683458167333	-1.065675358083944e-05	-8.480315045744647e-08	-1.0000420827175916e-05	0.0	(-1.0000420827175916e-05+0j)
-0.0027802940631831423	-7.730035077771427e-06	-6.151340130600147e-08	-7.1002290942337185e-06	0.0	(-7.1002290942337185e-06+0j)
-0.0023352423093519186	-5.453356643387282e-06	-4.339635779615492e-08	-4.853342606600749e-06	0.0	(-4.853342606600749e-06+0j)
-0.0019292155911533708	-3.72187279714925e-06	-2.9617694963235408e-08	-3.1614717723231336e-06	0.0	(-3.1614717723231336e-06+0j)
-0.0015621250441151193	-2.440234653451663e-06	-1.9418803276494146e-08	-1.941432700355561e-06	0.0	(-1.941432700355561e-06+0j)
-0.0012338903910647007	-1.5224854971617999e-06	-1.2115560821257532e-08	-1.1141529746614888e-06	0.0	(-1.1141529746614888e-06+0j)
-0.0009444399047737518	-8.919667337290535e-07	-7.097696652635932e-09	-5.906002519440802e-07	0.0	(-5.906002519440802e-07+0j)
-0.0006937103746139046	-4.812340838469639e-07	-3.830064088106155e-09	-2.8192792165076733e-07	0.0	(-2.8192792165076733e-07+0j)
-0.00048164707719774736	-2.319839069731328e-07	-1.845182850956917e-09	-1.1546170648850072e-07	0.0	(-1.1546170648850072e-07+0j)
-0.0003082037509814372	-9.498955211902775e-08	-7.508788257837296e-10	-3.704743855717457e-08	0.0	(-3.704743855717457e-08+0j)
-0.0001733425748087175	-3.004764824131582e-08	-2.561137080192566e-10	-7.559893466387895e-09	0.0	(-7.559893466387895e-09+0j)
-7.703415037924906e-05	-5.934260324652758e-09	-0.0	-2.0396095690115565e-09	0.0	(-2.0396095690115565e-09+0j)
-1.9257488627305828e-05	-3.708508682308133e-10	-1.4901161193847657e-09	2.544077094308742e-14	-2.6518703202678537e-06	(2.544077094308742e-14-2.6518703202678537e-06j)
1.9257488627305828e-05	3.708508682308133e-10	1.4901161193847657e-09	2.544077094308742e-14	2.6518703202678537e-06	(2.544077094308742e-14+2.6518703202678537e-06j)
7.703415037924906e-05	5.934260324652758e-09	0.0	2.039610921173224e-09	0.0	(2.039610921173224e-09+0j)
0.0001733425748087175	3.004764824131582e-08	2.561137080192566e-10	7.559889595798133e-09	0.0	(7.559889595798133e-09+0j)
0.0003082037509814372	9.498955211902775e-08	7.508788257837296e-10	3.704749311716922e-08	0.0	(3.704749311716922e-08+0j)
0.00048164707719774736	2.319839069731328e-07	1.845182850956917e-09	1.1546170686237024e-07	0.0	(1.1546170686237024e-07+0j)
0.0006937103746139046	4.812340838469639e-07	3.830064088106155e-09	2.819279393646041e-07	0.0	(2.819279393646041e-07+0j)
0.0009444399047737518	8.919667337290535e-07	7.097696652635932e-09	5.906002096295269e-07	0.0	(5.906002096295269e-07+0j)
0.0012338903910647007	1.5224854971617999e-06	1.2115560821257532e-08	1.1141529645186977e-06	0.0	(1.1141529645186977e-06+0j)
0.0015621250441151193	2.440234653451663e-06	1.9418803276494146e-08	1.941432688076234e-06	0.0	(1.941432688076234e-06+0j)
0.0019292155911533708	3.72187279714925e-06	2.9617694963235408e-08	3.161471786906626e-06	0.0	(3.161471786906626e-06+0j)
0.0023352423093519186	5.453356643387282e-06	4.339635779615492e-08	4.853342596071141e-06	0.0	(4.853342596071141e-06+0j)
0.0027802940631831423	7.730035077771427e-06	6.151340130600147e-08	7.100229122934473e-06	0.0	(7.100229122934473e-06+0j)
0.0032644683458167333	1.065675358083944e-05	8.480315045744647e-08	1.0000420812264811e-05	0.0	(1.0000420812264811e-05+0j)
0.0037878713245918247	1.4347969171665024e-05	1.141764187195804e-07	1.3666582535364956e-05	0.0	(1.3666582535364956e-05+0j)
0.004350617890600327	1.892787603001164e-05	1.5062137208587957e-07	1.822324595725308e-05	0.0	(1.822324595725308e-05+0j)
0.0049528317124213125	2.4530541971566232e-05	1.952046432052157e-07	2.3805603905876315e-05	0.0	(2.3805603905876315e-05+0j)
0.005594645294049687	3.130005596623231e-05	2.4907271836127623e-07	3.05591520676422e-05	0.0	(3.05591520676422e-05+0j)
0.006276200037065873	3.939068690526567e-05	3.1345289244200106e-07	3.863967809229579e-05	0.0	(3.863967809229579e-05+0j)
0.006997646307096736	4.896705383922458e-05	3.896547127624217e-07	4.821338215849966e-05	0.0	(4.821338215849966e-05+0j)
0.007759143504621586	6.020430792531135e-05	4.790714342561842e-07	5.945705004298598e-05	0.0	(5.945705004298598e-05+0j)
0.008560860140180725	7.328832633973514e-05	5.831814746670716e-07	7.255825033019512e-05	0.0	(7.255825033019512e-05+0j)
0.009402973914047756	8.841591842826257e-05	7.035500573238096e-07	8.771554771275019e-05	0.0	(8.771554771275019e-05+0j)
0.010285671800430623	0.00010579504438617372	8.418308425461874e-07	0.00010513872858525924	0.0	(0.00010513872858525924+0j)
0.01120915013627032	0.00012564504677744896	9.997677693718288e-07	0.0001250490392633708	0.0	(0.0001250490392633708+0j)
0.012173614714710094	0.00014819689522220614	1.1791969200203312e-06	0.00014767943588361854	0.0	(0.00014767943588361854+0j)
0.013179280883312026	0.0001736934446012338	1.3820484724647032e-06	0.00017327484768977664	0.0	(0.00017327484768977664+0j)
0.014226373647102138	0.0002023897071469622	1.6103488292174008e-06	0.00020209245349754606	0.0	(0.00020209245349754606+0j)
0.015315127776529314	0.00023455313881141974	1.866222743274193e-06	0.0002344019717884392	0.0	(0.0002344019717884392+0j)
0.01644578792042772	0.0002704639403236863	2.151895625956968e-06	0.0002704859656508142	0.0	(0.0002704859656508142+0j)
0.017618608724076994	0.00031041537337212193	2.4696959400216658e-06	0.0003106401624046945	0.0	(0.0003106401624046945+0j)
0.018833854952458904	0.0003547140923702608	2.822057670925915e-06	0.00035517378866708766	0.0	(0.00035517378866708766+0j)
0.020091801618814072	0.00040368049228977975	3.21152294446847e-06	0.00040440992161876595	0.0	(0.00040440992161876595+0j)
0.021392734118607187	0.00045764907306942	3.640744735378121e-06	0.00045868585671226674	0.0	(0.00045868585671226674+0j)
0.022736948369013972	0.0005169688211352072	4.1124896895894386e-06	0.0005183534925210127	0.0	(0.0005183534925210127+0j)
0.024124750954048715	0.0005820036085948744	4.629641074416214e-06	0.0005837797332465112	0.0	(0.0005837797332465112+0j)
0.02555645927545598	0.00065313261069804	5.195201823937623e-06	0.0006553469098479835	0.0	(0.0006553469098479835+0j)
0.027032401709496032	0.000730750742183564	5.812297733598371e-06	0.000733453219611225	0.0	(0.000733453219611225+0j)
0.02855291776975897	0.0008152691131666175	6.484180751442636e-06	0.0008185131858528656	0.0	(0.0008185131858528656+0j)
0.03011835827614827	0.000907115505250429	7.21423240932495e-06	0.0009109581375777327	0.0	(0.0009109581375777327+0j)
0.0317290855301808	0.0010067348685815285	8.005967376334411e-06	0.0010112367103579597	0.0	(0.0010112367103579597+0j)
0.033385473496756204	0.001114589840602611	8.863037141537689e-06	0.0011198153690201102	0.0	(0.0011198153690201102+0j)
0.03508790799255519	0.0012311612872940186	9.789233831725142e-06	0.001237178952795333	0.0	(0.001237178952795333+0j)
0.03683678688123302	0.0013569488677333812	1.0788494161317886e-05	0.0013638312440200503	0.0	(0.0013638312440200503+0j)
0.03863252027558087	0.0014924716228431668	1.186490351976488e-05	0.001500295561062652	0.0	(0.001500295561062652+0j)
0.04047553074683558	0.0016382685892380325	1.3022700201403837e-05	0.001647115376509477	0.0	(0.001647115376509477+0j)
0.042366253541325026	0.0017948994391278354	1.4266279774233227e-05	0.001804854961512105	0.0	(0.001804854961512105+0j)
0.04430513680464409	0.0019629451472782285	1.5600199592569197e-05	0.0019741000572575016	0.0	(0.0019741000572575016+0j)
0.04629264181356468	0.0021430086860789975	1.7029183461758635e-05	0.0021554585747229843	0.0	(0.0021554585747229843+0j)
0.048329243215890466	0.0023357157498206946	1.8558126444290227e-05	0.002349561323731227	0.0	(0.002349561323731227+0j)
0.05041542927847616	0.0025417155093330314	2.0192099824001278e-05	0.0025570627725088396	0.0	(0.0025570627725088396+0j)
0.05255170214364006	0.002761681398193863	2.1936356220919608e-05	0.0027786418388274147	0.0	(0.0027786418388274147+0j)
0.05473857809420695	0.002996311931775593	2.379633485958266e-05	0.003015002714275573	0.0	(0.003015002714275573+0j)
0.05697658782742883	0.003246331560456711	2.5777666997228724e-05	0.0032668757226389095	0.0	(0.0032668757226389095+0j)
0.05926627673804003	0.003512491558389945	2.7886181509906294e-05	0.00353501821403098	0.0	(0.00353501821403098+0j)
0.06160820521071407	0.0037955709492854565	3.0127910638633183e-05	0.003820215496174097	0.0	(0.003820215496174097+0j)
0.06400294892219965	0.004096377470737698	3.250909589720408e-05	0.00412328180421739	0.0	(0.00412328180421739+0j)
0.06645109915342487	0.004415748578698303	3.5036194142001874e-05	0.004445061310986405	0.0	(0.004445061310986405+0j)
0.06895326311186932	0.004754552493774679	3.7715883806299644e-05	0.004786429178924757	0.0	(0.004786429178924757+0j)
0.0715100642645166	0.0051136892911152945	4.0555071296211055e-05	0.005148292656054276	0.0	(0.005148292656054276+0j)
0.07412214268171152	0.005494092035728001	4.3560897552641364e-05	0.005531592217088768	0.0	(0.005531592217088768+0j)
0.07679015539225904	0.005896727965167291	4.6740744774798064e-05	0.00593730275222127	0.0	(0.00593730275222127+0j)
0.07951477675011609	0.006322599721620802	5.0102243306859864e-05	0.006366434805547678	0.0	(0.006366434805547678+0j)
0.0822966988130406	0.006772746635524317	5.365327868629422e-05	0.0068200358647225595	0.0	(0.0068200358647225595+0j)
0.08513663173357726	0.007248246062938754	5.7401998851158714e-05	0.00729919170482667	0.0	(0.00729919170482667+0j)
0.08803530416277376	0.0077502147790320915	6.135682150487654e-05	0.007805027788199573	0.0	(0.007805027788199573+0j)
0.09099346366703809	0.00827981043012458	6.552644163475563e-05	0.008338710722964505	0.0	(0.008338710722964505+0j)
0.09401187715856299	0.008838233046876738	6.991983918069877e-05	0.008901449782895587	0.0	(0.008901449782895587+0j)
0.09709133133976106	0.009426726621327267	7.454628685010789e-05	0.009494498491040592	0.0	(0.009494498491040592+0j)
0.10023263316217232	0.010046580750622607	7.941535807240996e-05	0.010119156270155796	0.0	(0.010119156270155796+0j)
0.10343661030032315	0.010699132350420918	8.453693508743144e-05	0.01077677016290237	0.0	(0.01077677016290237+0j)
0.1067041116410371	0.01138576744110291	8.992121716069335e-05	0.011468736624936261	0.0	(0.011468736624936261+0j)
0.11003600778871571	0.012107923010078304	9.55787289155019e-05	0.012196503393932221	0.0	(0.012196503393932221+0j)
0.11343319158713124	0.01286708895364282	0.00010152032877379647	0.01296157143868923	0.0	(0.01296157143868923+0j)
0.1168965786582923	0.013664810102014318	0.00010775721749323175	0.013765496990872823	0.0	(0.013765496990872823+0j)
0.12042710795896928	0.014502688331361244	0.00011430094678832603	0.014609893664201953	0.0	(0.014609893664201953+0j)
0.12402574235548795	0.015382384766829878	0.0001211634280217755	0.015496434664499695	0.0	(0.015496434664499695+0j)
0.127693469217426	0.01630562208078172	0.00012835694094901485	0.016426855095063593	0.0	(0.016426855095063593+0j)
0.13143130103087308	0.01727418689066798	0.00013589414249906006	0.017402954361672704	0.0	(0.017402954361672704+0j)
0.13524027603194239	0.01828993226119597	0.00014378807557160477	0.018426598681858346	0.0	(0.018426598681858346+0j)
0.13912145886124935	0.019354780315682295	0.0001520521778274775	0.019499723703485856	0.0	(0.019499723703485856+0j)
0.1430759412401047	0.020470724961741894	0.00016070029044930046	0.020624337237521696	0.0	(0.020624337237521696+0j)
0.14710484266919818	0.02163983473672955	0.00016974666684432815	0.021802522110805803	0.0	(0.021802522110805803+0j)
0.15120931115058361	0.02286425577863401	0.0001792059812600888	0.023036439143985475	0.0	(0.023036439143985475+0j)
0.15539052393380848	0.024146214928423504	0.00018909333728034383	0.02432833026104336	0.0	(0.02432833026104336+0j)
0.15964968828706846	0.025488022970158127	0.00019942427616517213	0.025680521736553757	0.0	(0.025680521736553757+0j)
0.16398804229430336	0.02689207801551823	0.0002102147849960323	0.02709542758737008	0.0	(0.02709542758737008+0j)
0.16840685567919006	0.02836086903975155	0.00022148130458290451	0.02857555311543624	0.0	(0.02857555311543624+0j)
0.17290743065703004	0.029896979576415652	0.00023324073708679284	0.030123498609495755	0.0	(0.030123498609495755+0j)
0.17749110281557054	0.031503091578687435	0.00024551045330625245	0.0317419632133495	0.0	(0.0317419632133495+0j)
0.1821592420258436	0.03318198945542987	0.00025830829957278477	0.03343374896839475	0.0	(0.03343374896839475+0j)
0.18691325338415507	0.034936564290649355	0.0002716526041947276	0.03520176503967093	0.0	(0.03520176503967093+0j)
0.1917545781864028	0.03676981825544526	0.00028556218338440245	0.03704903213410329	0.0	(0.03704903213410329+0j)
0.19668469493595742	0.03868486922205063	0.0003000563465975437	0.03897868712040996	0.0	(0.03897868712040996+0j)
0.20170512038639057	0.04068495559008831	0.0003151549012090471	0.04099398786120484	0.0	(0.04099398786120484+0j)
0.20681741062039433	0.0427734413357248	0.00033087815644207154	0.04309831826711047	0.0	(0.04309831826711047+0j)
0.21202316216629263	0.04495382129499403	0.00034724692646175286	0.04529519358516414	0.0	(0.04529519358516414+0j)
0.21732401315361113	0.04722972669319094	0.0003642825325377519	0.04758826593226546	0.0	(0.04758826593226546+0j)
0.22272164450923196	0.049604930932896696	0.00038200680417274093	0.0499813300864322	0.0	(0.0499813300864322+0j)
0.22821778119573657	0.052083355653905095	0.0004004420790862495	0.05247832954987769	0.0	(0.05247832954987769+0j)
0.2338141934936016	0.05466907707906337	0.0004196112019355214	0.05508336289658888	0.0	(0.05508336289658888+0j)
0.23951269832899913	0.05736633266083814	0.0004395375216467268	0.057800690419205276	0.0	(0.057800690419205276+0j)
0.24531516064902248	0.060179528044255706	0.00046024488722099525	0.060634741091955234	0.0	(0.060634741091955234+0j)
0.2512234948462501	0.06311324436276386	0.00048175764187083917	0.06359011986433004	0.0	(0.06359011986433004+0j)
0.2572396662346413	0.06617224588450965	0.0005041006153331584	0.06667161530405902	0.0	(0.06667161530405902+0j)
0.26336569257885506	0.06936148802754	0.0005272991141949734	0.06988420760691742	0.0	(0.06988420760691742+0j)
0.26960364567917633	0.07268612576350285	0.0005513789100583977	0.07323307699312274	0.0	(0.07323307699312274+0j)
0.27595565301433805	0.07615152243056975	0.000576366225360514	0.07672361251079525	0.0	(0.07672361251079525+0j)
0.28242389944463353	0.07976325897751248	0.0006022877166536822	0.08036142126793336	0.0	(0.08036142126793336+0j)
0.28901062897782787	0.08352714366215967	0.0006291704551405875	0.0841523381159894	0.0	(0.0841523381159894+0j)
0.29571814660049234	0.08744922222883028	0.0006570419042477183	0.08810243580965546	0.0	(0.08810243580965546+0j)
0.3025488201775176	0.09153578859080788	0.0006859298940097569	0.09221803566772373	0.0	(0.09221803566772373+0j)
0.3095050824226829	0.09579339604547173	0.0007158625920265894	0.09650571876360982	0.0	(0.09650571876360982+0j)
0.31658943294330893	0.10022886905136591	0.0007468684707435114	0.1009723376735471	0.0	(0.1009723376735471+0j)
0.32380444036215683	0.10484931559824957	0.0007789762707949733	0.10562502881353215	0.0	(0.10562502881353215+0j)
0.33115274451989835	0.10966214020306106	0.0008122149601416606	0.11047122539731345	0.0	(0.11047122539731345+0j)
0.3386370587616388	0.11467505756673362	0.0008466136887212206	0.11551867105078995	0.0	(0.11551867105078995+0j)
0.3462601723111496	0.119896106928947	0.0008822017383239289	0.1207754341186948	0.0	(0.1207754341186948+0j)
0.354024952736643	0.1253336671601823	0.000919008467396687	0.12624992270283436	0.0	(0.12624992270283436+0j)
0.3619343485121183	0.13099647263289152	0.0009570632504716987	0.13195090047401692	0.0	(0.13195090047401692+0j)
0.3699913916785018	0.13689362991619455	0.000996395411911022	0.13788750330047092	0.0	(0.13788750330047092+0j)
0.37819920060902373	0.1430346353413046	0.0010370341536543482	0.14406925674080023	0.0	(0.14406925674080023+0j)
0.3865609828834897	0.14942939348784964	0.0010790084766558988	0.1505060944509603	0.0	(0.1505060944509603+0j)
0.39508003827635235	0.15608823664444404	0.001122347095697096	0.15720837755754583	0.0	(0.15720837755754583+0j)
0.4037597618637247	0.16302194530025169	0.001167078347265485	0.16418691505525998	0.0	(0.16418691505525998+0j)
0.41260364725475723	0.17024176972792815	0.0012132300901974064	0.17145298528693076	0.0	(0.17145298528693076+0j)
0.4216152899530627	0.1777594527222051	0.0012608295987926344	0.17901835857180234	0.0	(0.17901835857180234+0j)
0.4307983908541856	0.18558725356255565	0.001309903448124661	0.18689532104883436	0.0	(0.18689532104883436+0j)
0.44015675988541014	0.1937379732728226	0.0013604773912901853	0.19509669980837926	0.0	(0.19509669980837926+0j)
0.44969431979454255	0.2022249812554763	0.0014125762283672752	0.20363588938992547	0.0	(0.20363588938992547+0j)
0.4594151100946494	0.21106224338327884	0.0014662236668835705	0.21252687972740958	0.0	(0.21252687972740958+0j)
0.4693232911721022	0.22026435163661381	0.0015214421736348363	0.221784285632629	0.0	(0.221784285632629+0j)
0.47942314856567775	0.22984655538062793	0.001578252817740912	0.23142337790699197	0.0	(0.23142337790699197+0j)
0.489719097424872	0.2398247943826313	0.001636675104881244	0.24146011618677335	0.0	(0.24146011618677335+0j)
0.5002156871560363	0.2502157336769855	0.001696726802716804	0.25191118362532317	0.0	(0.25191118362532317+0j)
0.5109176062654007	0.261036800391967	0.0017584237575798648	0.26279402352953446	0.0	(0.26279402352953446+0j)
0.5218296874085603	0.27230622266091575	0.0018217797025988957	0.2741268780714511	0.0	(0.2741268780714511+0j)
0.5329569126565085	0.2840430707483572	0.0018868060575233964	0.2859288292075462	0.0	(0.2859288292075462+0j)
0.544304418988884	0.2962673005308266	0.0019535117206238048	0.2982198419447566	0.0	(0.2982198419447566+0j)
0.5558775040256674	0.30899979948180584	0.00202190285316511	0.3110208101051157	0.0	(0.3110208101051157+0j)
0.5676816320092142	0.32226243532064486	0.0020919826570906393	0.3243536047471347	0.0	(0.3243536047471347+0j)
0.5797224400491665	0.3360781074965595	0.0021637511467046374	0.33824112541827395	0.0	(0.33824112541827395+0j)
0.5920057446435135	0.35047080169092093	0.002237204915309631	0.3527073544224586	0.0	(0.3527073544224586+0j)
0.6045375484898089	0.365465647534068	0.0023123368979370167	0.3677774142978305	0.0	(0.3677774142978305+0j)
0.6173240476013827	0.3810889797469542	0.002389136131506893	0.3834776287202445	0.0	(0.3834776287202445+0j)
0.6303716387442216	0.39736840293307546	0.002467587513965619	0.39983558705680355	0.0	(0.39983558705680355+0j)
0.6436869272111243	0.4143328602624992	0.0025476715641760657	0.4168802128132235	0.0	(0.4168802128132235+0j)
0.6572767349506936	0.4320127063074443	0.002629364184574821	0.4346418362369251	0.0	(0.4346418362369251+0j)
0.6711481090697825	0.4504397843079447	0.0027126364288613176	0.45315227135764985	0.0	(0.45315227135764985+0j)
0.6853083307291001	0.4696475081667057	0.002797454277243345	0.4724448977644427	0.0	(0.4724448977644427+0j)
0.6997649244528762	0.48967094949453954	0.0028837784220289925	0.4925547474433957	0.0	(0.4925547474433957+0j)
0.7145256678747282	0.5105469300518263	0.0029715640666229184	0.5135185970278612	0.0	(0.5135185970278612+0j)
0.7295986019432299	0.5323141199575157	0.0030607607412504456	0.5353750658317193	0.0	(0.5353750658317193+0j)
0.7449920416121038	0.5550131420653706	0.00315131213899078	0.5581647200689589	0.0	(0.5581647200689589+0j)
0.7607145870414965	0.5786866829377146	0.0032431559759442587	0.5819301836956737	0.0	(0.5819301836956737+0j)
0.776775135338431	0.6033796108800378	0.0033362238795802616	0.6067162563403088	0.0	(0.6067162563403088+0j)
0.7931828928662812	0.6291391015357225	0.003430441309503857	0.6325700388245109	0.0	(0.6325700388245109+0j)
0.8099473881549796	0.6560147715790732	0.0035257275150302973	0.6595410668197756	0.0	(0.6595410668197756+0j)
0.8270784854456875	0.6840588210871323	0.0036219955340568676	0.6876814532206925	0.0	(0.6876814532206925+0j)
0.8445863989057804	0.7133261852166339	0.0037191522377587917	0.7170460398703191	0.0	(0.7170460398703191+0j)
0.8624817075523156	0.743874695862358	0.003817098425598059	0.747692559314496	0.0	(0.747692559314496+0j)
0.8807753709246038	0.7757652540273734	0.003915728975007087	0.7796818073214227	0.0	(0.7796818073214227+0j)
0.89947874554915	0.8090620136946725	0.004014933049879982	0.8130778269621425	0.0	(0.8130778269621425+0j)
0.9186036022430514	0.8438325780539101	0.00411459437165858	0.8479481051061145	0.0	(0.8479481051061145+0j)
0.9381621443049951	0.8801482090069465	0.004214591556325753	0.8843637822612088	0.0	(0.8843637822612088+0j)
0.9581670266462455	0.918084050952107	0.00431479852000201	0.922399876761426	0.0	(0.922399876761426+0j)
0.9786313759175298	0.9577193699302375	0.004415084955073249	0.9621355243851507	0.0	(0.9621355243851507+0j)
0.9995688116914875	0.9991378093063323	0.004515316877849588	1.0036542345815138	0.0	(1.0036542345815138+0j)
1.020993468764418	1.0424276632595986	0.004615357247663514	1.047044164574632	0.0	(1.047044164574632+0j)
1.0429200206454015	1.0876821694630046	0.004715066656060231	1.0923984127306754	0.0	(1.0923984127306754+0j)
1.065363704305586	1.13499982245172	0.004814304083320342	1.1398153326786067	0.0	(1.1398153326786067+0j)
1.0883403462654702	1.1844847093092434	0.004912927717997241	1.189398869813359	0.0	(1.189398869813359+0j)
1.1118663901034846	1.2362468694417543	0.005010795833469744	1.2412589219410033	0.0	(1.2412589219410033+0j)
1.1359589254750273	1.2904026803663786	0.005107767713733552	1.2955117259964135	0.0	(1.2955117259964135+0j)
1.1606357187374863	1.3470752716092813	0.00520370461882244	1.3522802728973895	0.0	(1.3522802728973895+0j)
1.1859152452835946	1.4063949689960484	0.005298470778410155	1.4116947528326012	0.0	(1.4116947528326012+0j)
1.2118167236928987	1.4684997718217911	0.005391934400356441	1.473893033435885	0.0	(1.473893033435885+0j)
1.2383601518190859	1.5335358656133895	0.005483968679293645	1.5390211735563257	0.0	(1.5390211735563257+0j)
1.2655663449395995	1.6016581734437774	0.005574452788881401	1.607233975564801	0.0	(1.607233975564801+0j)
1.2934569761033048	1.6730309490303052	0.0056632728401692	1.6786955794090812	0.0	(1.6786955794090812+0j)
1.3220546188221383	1.7478284151489494	0.005750322787687523	1.753580101934426	0.0	(1.753580101934426+0j)
1.3513827922636295	1.826235451226244	0.005835505264523747	1.8320723253105071	0.0	(1.8320723253105071+0j)
1.3814660091131397	1.9084483343349852	0.0059187323278114745	1.9143684387711284	0.0	(1.9143684387711284+0j)
1.4123298262875472	1.9946755382214134	0.0059999260968409485	2.0006768382816076	0.0	(2.0006768382816076+0j)
1.4440008986961979	2.085138595435427	0.0060790192674379274	2.0912189891818613	0.0	(2.0912189891818613+0j)
1.4765070362601456	2.180073028125719	0.006155955488387613	2.1862303573588897	0.0	(2.1862303573588897+0j)
1.5098772644173457	2.279729353604407	0.00623068958849809	2.285961415038381	0.0	(2.285961415038381+0j)
1.544141888359463	2.3843741713863285	0.006303187646366196	2.3906787278942128	0.0	(2.3906787278942128+0j)
1.579332561265664	2.494291339073962	0.006373426898949275	2.5006661308410862	0.0	(2.5006661308410862+0j)
1.6154823568201164	2.609783245197078	0.006441395489536001	2.616226000624055	0.0	(2.616226000624055+0j)
1.6526258463233479	2.731172187935962	0.006507092060483369	2.73768063413405	0.0	(2.73768063413405+0j)
1.6907991807330216	2.858801869567457	0.0065705252009400405	2.865373742300557	0.0	(2.865373742300557+0j)
1.7300401779976016	2.993039017485973	0.006631712764473454	2.999672070433488	0.0	(2.999672070433488+0j)
1.7703884160767358	3.1342751437786935	0.006690681075805477	3.1409671570011706	0.0	(3.1409671570011706+0j)
1.8118853320755182	3.282928456590411	0.006747464049483259	3.2896772441177626	0.0	(3.2896772441177626+0j)
1.8545743279562	3.4394459379141904	0.006802102246030005	3.446249354388464	0.0	(3.446249354388464+0j)
1.89850088333086	3.604305604008056	0.0068546418927357055	3.6111615503467767	0.0	(3.6111615503467767+0j)
1.9437126758822836	3.778018966385467	0.006905133896621321	3.7849253944589436	0.0	(3.7849253944589436+0j)
1.9902597100084227	3.961133713282811	0.006953632876181136	3.96808862962344	0.0	(3.96808862962344+0j)
2.0381944543385164	4.154236633696283	0.007000196236308336	4.1612381022825495	0.0	(4.1612381022825495+0j)
2.0875719888270416	4.35795680853529	0.007044883307466871	4.36500295271463	0.0	(4.36500295271463+0j)
2.13845016219549	4.572969096193918	0.007087754565909163	4.58005809982655	0.0	(4.58005809982655+0j)
2.1908897605623596	4.799997942936994	0.007128870946853262	4.80712805085269	0.0	(4.80712805085269+0j)
2.2449546881792823	5.039821551978139	0.007168293257375173	5.0469910698464915	0.0	(5.0469910698464915+0j)
2.3007121612768358	5.293276449047129	0.0072060816907131	5.300483742760851	0.0	(5.300483742760851+0j)
2.358232916118114	5.561262486662943	0.007242295439071473	5.568505981336138	0.0	(5.568505981336138+0j)
2.4175914324627716	5.844748334317396	0.007276992398151188	5.852026512986885	0.0	(5.852026512986885+0j)
2.4788661737599393	6.144777507411241	0.007310228953728403	6.152088909524688	0.0	(6.152088909524688+0j)
2.542139845516731	6.462474994163829	0.007342059838762258	6.469818213926068	0.0	(6.469818213926068+0j)
2.6074996734312905	6.799054546944287	0.007372538048724216	6.806428231578317	0.0	(6.806428231578317+0j)
2.675037703037414	7.155826712671685	0.007401714802998512	7.1632295606407865	0.0	(7.1632295606407865+0j)
2.7448511227833454	7.534207686244992	0.007429639541115818	7.54163844547174	0.0	(7.54163844547174+0j)
2.8170426126629335	7.935729081558806	0.0074563599440155785	7.943186547666106	0.0	(7.943186547666106+0j)
2.8917207207350946	8.362048726728695	0.007481921972241949	8.36953174131624	0.0	(8.36953174131624+0j)
2.969000270110649	8.814962603917106	0.0075063699147420795	8.822470052891495	0.0	(8.822470052891495+0j)
3.0490027992569613	9.296418069876786	0.007529746443579623	9.303948881831356	0.0	(9.303948881831356+0j)
3.1318570387744358	9.808528511320977	0.007552092671286967	9.816081655976676	0.0	(9.816081655976676+0j)
3.2176994281387747	10.353589609844597	0.007573448208703507	10.361164096547656	0.0	(10.361164096547656+0j)
3.306674676284117	10.93409741477867	0.007593851221981873	10.941692291053789	0.0	(10.941692291053789+0j)
3.39893637032993	11.552768449551598	0.007613338488022348	11.5603827997131	0.0	(11.5603827997131+0j)
3.4946476372356603	12.212562108436783	0.00763194544796922	12.220195052251873	0.0	(12.220195052251873+0j)
3.5939818637085126	12.916705636665714	0.007649706258626772	12.924356328069823	0.0	(12.924356328069823+0j)
3.6971234803003905	13.668722028588473	0.007666653841776632	13.676389654449588	0.0	(13.676389654449588+0j)
3.804268816319107	14.472461226817979	0.007682819931440538	14.480145005747984	0.0	(14.480145005747984+0j)
3.915627032958444	15.332135061234949	0.0076982351191603035	15.339834242447509	0.0	(15.339834242447509+0j)
4.031421142934009	16.252356431695354	0.007712928897376525	16.260070293906047	0.0	(16.260070293906047+0j)
4.1518891259130415	17.23818331387496	0.007726929700989038	17.245911164243125	0.0	(17.245911164243125+0j)
4.277285150163216	18.295168255806765	0.007740264947180004	18.302909428918156	0.0	(18.302909428918156+0j)
4.40788091213969	19.429414135605423	0.00775296107357723	19.437167992491514	0.0	(19.437167992491514+0j)
4.543967107204298	20.6476370713546	0.007765043574831761	20.655402998550947	0.0	(20.655402998550947+0j)
4.685855046355183	21.957237515452334	0.0077765370376801386	21.965014924089363	0.0	(21.965014924089363+0j)
4.833878435771186	23.366380731813685	0.0077874651745583785	23.37416905674226	0.0	(23.37416905674226+0j)
4.988395338183129	24.884088050007175	0.007797850855831421	24.891886748957404	0.0	(24.891886748957404+0j)
5.149790337618319	26.520340521427006	0.007807716140698748	26.52814907419677	0.0	(26.52814907419677+0j)
5.318476931980488	28.28619687600858	0.00781708230683391	28.29401478368161	0.0	(28.29401478368161+0j)
5.494900181287662	30.19392800231518	0.007825969878812952	30.201754786508502	0.0	(30.201754786508502+0j)
5.679539643272203	32.25717055950054	0.007834398655384085	32.265005761639415	0.0	(32.265005761639415+0j)
5.872912632539629	34.49110278944356	0.00784238773562846	34.49894597006127	0.0	(34.49894597006127+0j)
6.075577844694438	36.91264614694191	0.007849955544059498	36.92049688500606	0.0	(36.92049688500606+0j)
6.28813939289932	39.540697024532236	0.007857119854706029	39.54855491679439	0.0	(39.54855491679439+0j)
6.511251311394057	42.396393640130825	0.007863897814222308	42.404258300501056	0.0	(42.404258300501056+0j)
6.745622588745905	45.50342410979901	0.007870305964065976	45.51129516873893	0.0	(45.51129516873893+0j)
6.9920228032587755	48.8883828812907	0.007876360261783058	48.89625998523242	0.0	(48.89625998523242+0j)
7.251288444301806	52.5811841024649	0.007882076101437353	52.58906691324819	0.0	(52.58906691324819+0j)
7.524330016657525	56.61554219957343	0.007887468333219683	56.62343039390125	0.0	(56.62343039390125+0j)
7.812140040731365	61.02953201599826	0.007892551282270949	61.0374252849047	0.0	(61.0374252849047+0j)
8.115802080094475	65.86624340326581	0.00789733876675129	65.87414145157899	0.0	(65.87414145157899+0j)
8.436500949941994	71.17454827837217	0.007901844115186135	71.18245082413857	0.0	(71.18245082413857+0j)
8.775534286370473	77.01000201126372	0.007906080183118577	77.01790878508133	0.0	(77.01790878508133+0j)
9.134325687808028	83.4359057709496	0.007910059369096036	83.44381651515822	0.0	(83.44381651515822+0j)
9.514439677583534	90.52456237837586	0.007913793630018017	90.53247684607709	0.0	(90.53247684607709+0j)
9.917598781876578	98.35876559827977	0.007917294495870399	98.36668355224344	0.0	(98.36668355224344+0j)
10.345703071874341	107.03357205139018	0.007920573083870612	107.04149326301213	0.0	(107.04149326301213+0j)
10.800852585031993	116.6584165635923	0.007923640112046933	116.66634081217835	0.0	(116.66634081217835+0j)
11.285373120608226	127.35964647134664	0.00792650591227401	127.36757354402317	0.0	(127.36757354402317+0j)
11.801846002556928	139.28356906806894	0.00792918044278576	139.29149876051991	0.0	(139.29149876051991+0j)
12.35314252275965	152.60013018761268	0.007931673300185826	152.60806230562184	0.0	(152.60806230562184+0j)
12.942463925037897	167.50737245090735	0.00793399373097478	167.51530681239876	0.0	(167.51530681239876+0j)
13.573387972519702	184.2368610525425	0.007936150642612496	184.2447974895463	0.0	(184.2447974895463+0j)
14.249923366935638	203.06031596353833	0.007938152614133146	203.06825432338306	0.0	(203.06825432338306+0j)
14.976573570196068	224.2977559034954	0.007940007906329576	224.30569604860426	0.0	(224.30569604860426+0j)
15.758411931676982	248.32754660841945	0.007941724471522997	248.33548841441834	0.0	(248.33548841441834+0j)
16.601170469373372	275.5988609531945	0.007943309962933177	275.6068043056156	0.0	(275.6068043056156+0j)
17.511345216339368	306.6472112858117	0.007944771743663707	306.65515607637315	0.0	(306.65515607637315+0j)
18.49632176131648	342.1139186981496	0.007946116895316109	342.1218648218867	0.0	(342.1218648218867+0j)
19.56452553191485	382.770659288948	0.007947352226246058	382.778606643123	0.0	(382.778606643123+0j)
20.725602554503787	429.5506012472539	0.007948484279474248	429.55854973194175	0.0	(429.55854973194175+0j)
21.99063796447735	483.5881580847126	0.007949519340263961	483.59610760411095	0.0	(483.59610760411095+0j)
23.372421553405154	546.2700892700777	0.007950463443376726	546.2780397335265	0.0	(546.2780397335265+0j)
24.885772290912822	619.3016625151644	0.007951322380016999	619.3096138375447	0.0	(619.3096138375447+0j)
26.54793727901791	704.7929737706688	0.00795210170447626	704.8009258723724	0.0	(704.8009258723724+0j)
28.379085308632625	805.3724829546481	0.007952806740486379	805.3804357613894	0.0	(805.3804357613894+0j)
30.40292155165993	924.3376388763878	0.007953442587291705	924.3455923189737	0.0	(924.3455923189737+0j)
32.64745859752206	1065.856552876917	0.007954014125448812	1065.8645068910423	0.0	(1065.8645068910423+0j)
35.145990988493956	1235.2406825632984	0.007954526022362431	1235.2486370893234	0.0	(1235.2486370893234+0j)
37.93833703272188	1439.3174168083967	0.007954982737565673	1439.3253717911377	0.0	(1439.3253717911377+0j)
41.07243507516475	1686.9449230036234	0.00795538852775222	1686.9528783921533	0.0	(1686.9528783921533+0j)
44.60641475236486	1989.7322370599936	0.007955747451567803	1989.7401928074482	0.0	(1989.7401928074482+0j)
48.61131190080035	2363.059644716894	0.007956063374167899	2363.067600780269	0.0	(2363.067600780269+0j)
53.1746662886106	2827.545134905101	0.00795633997154818	2827.5530912450727	0.0	(2827.5530912450727+0j)
58.40534616997556	3411.1844612346786	0.007956580734653978	3411.1924178154136	0.0	(3411.1924178154136+0j)
64.4401021455765	4152.526764532334	0.007956788973274594	4152.534721321316	0.0	(4152.534721321316+0j)
71.45259678142344	5105.473586808683	0.007956967819728052	5105.481543776515	0.0	(5105.481543776515+0j)
79.6660394899954	6346.677848021506	0.007957120232341491	6346.685805141737	0.0	(6346.685805141737+0j)
89.3711707749886	7987.206165692176	0.00795724899873216	7987.214122941177	0.0	(7987.214122941177+0j)
100.95234989431218	10191.376949183632	0.007957356738893617	10191.384906540374	0.0	(10191.384906540374+0j)
114.92620417901293	13208.032406996168	0.007957445908091526	13208.040364442077	0.0	(13208.040364442077+0j)
132.00026008113662	17424.06866148771	0.007957518799573068	17424.076619006508	0.0	(17424.076619006508+0j)
153.16429722491517	23459.30194440216	0.007957577547093798	23459.309901979705	0.0	(23459.309901979705+0j)
179.8370922777698	32341.379758923096	0.007957624127265478	32341.387716547222	0.0	(32341.387716547222+0j)
214.11054347450596	45843.32482694831	0.007957660361728144	45843.33278460867	0.0	(45843.33278460867+0j)
259.17269292908765	67170.48476011516	0.007957687919149446	67170.49271780308	0.0	(67170.49271780308+0j)
320.07680939731165	102449.16391396297	0.007957708317054028	102449.1718716713	0.0	(102449.1718716713+0j)
405.22237924923235	164205.1766444087	0.007957722923485502	164205.18460213163	0.0	(164205.18460213163+0j)
529.4143094470139	280279.5110472586	0.007957732958503293	280279.51900499157	0.0	(280279.51900499157+0j)
720.7618889630762	519497.7005816218	0.007957739495516444	519497.7085393613	0.0	(519497.7085393613+0j)
1038.1045036316527	1077660.96046032	0.007957743462456215	1077660.9684180636	0.0	(1077660.9684180636+0j)
1622.3034223555637	2631868.3941865745	0.007957745642789091	2631868.4021443203	0.0	(2631868.4021443203+0j)
2884.461596072092	8320118.699214761	0.007957746676371592	8320118.707172507	0.0	(8320118.707172507+0j)
6490.627825950439	42128249.57500212	0.00795774706014808	42128249.58295987	0.0	(42128249.58295987+0j)
25963.925498107445	674125427.271274	0.007957747148692493	674125427.2792317	0.0	(674125427.2792317+0j)
