-9605195.204771383	-92259774921763.17	-0.000406007507887488	-92259774921763.17	0.0	(-92259774921763.17+0j)
-1200594.1310054827	-1441426267404.8103	-0.00040600750788747665	-1441426267404.8108	0.0	(-1441426267404.8108+0j)
-355704.3016402785	-126525550205.39822	-0.0004060075078873572	-126525550205.39864	0.0	(-126525550205.39864+0j)
-150046.63327639527	-22513992157.581047	-0.0004060075078867521	-22513992157.58145	0.0	(-22513992157.58145+0j)
-76813.26603926464	-5900277839.618846	-0.0004060075078846795	-5900277839.619252	0.0	(-5900277839.619252+0j)
-44444.61752351378	-1975324026.811428	-0.00040600750787909875	-1975324026.811834	0.0	(-1975324026.811834+0j)
-27982.86297320777	-783040620.1773225	-0.00040600750786632485	-783040620.1777285	0.0	(-783040620.1777285+0j)
-18742.01600231651	-351263163.8310882	-0.0004060075078403106	-351263163.8314942	0.0	(-351263163.8314942+0j)
-13159.681857015545	-173177226.57786408	-0.0004060075077917958	-173177226.57827008	0.0	(-173177226.57827008+0j)
-9590.609764578987	-91979795.65643781	-0.000406007507707321	-91979795.65684383	0.0	(-91979795.65684383+0j)
-7203.243728879368	-51886720.217639945	-0.00040600750756810517	-51886720.21804595	0.0	(-51886720.21804595+0j)
-5546.372188325968	-30762244.451435786	-0.00040600750734878446	-30762244.451841794	0.0	(-30762244.451841794+0j)
-4360.696925764805	-19015677.678374622	-0.00040600750701601067	-19015677.67878063	0.0	(-19015677.67878063+0j)
-3489.969969937625	-12179890.391066428	-0.0004060075065269065	-12179890.391472436	0.0	(-12179890.391472436+0j)
-2836.2105753037786	-8044090.427464991	-0.00040600750582737516	-8044090.427870998	0.0	(-8044090.427870998+0j)
-2335.8522065964303	-5456205.531061413	-0.0004060075048502611	-5456205.53146742	0.0	(-5456205.53146742+0j)
-1946.4273685286264	-3788579.5009572734	-0.00040600750351335927	-3788579.5013632807	0.0	(-3788579.5013632807+0j)
-1638.829218206556	-2685761.206447512	-0.0004060075017172691	-2685761.206853519	0.0	(-2685761.206853519+0j)
-1392.6540178654614	-1939485.2134768127	-0.0004060074993430894	-1939485.2138828202	0.0	(-1939485.2138828202+0j)
-1193.310456657072	-1423989.84596711	-0.0004060074962499508	-1423989.8463731175	0.0	(-1423989.8463731175+0j)
-1030.1761707171554	-1061262.9427134618	-0.0004060074922723806	-1061262.9431194693	0.0	(-1061262.9431194693+0j)
-895.3932941925091	-801729.1512849131	-0.00040600748721749633	-801729.1516909206	0.0	(-801729.1516909206+0j)
-783.0642560322963	-613189.6290754137	-0.0004060074808620229	-613189.6294814212	0.0	(-613189.6294814212+0j)
-688.7042001214068	-474313.47526486666	-0.000406007472949128	-474313.4756708741	0.0	(-474313.4756708741+0j)
-608.861460144658	-370712.27764948504	-0.00040600746318507065	-370712.2780554925	0.0	(-370712.2780554925+0j)
-540.8502227281518	-292518.96342509147	-0.0004060074512356567	-292518.9638310989	0.0	(-292518.9638310989+0j)
-482.5594081882106	-232863.58243095607	-0.000406007436722496	-232863.5828369635	0.0	(-232863.5828369635+0j)
-432.3141694833717	-186895.54113609742	-0.0004060074192190538	-186895.54154210485	0.0	(-186895.54154210485+0j)
-388.77425741880654	-151145.42323154447	-0.00040600739824649037	-151145.42363755187	0.0	(-151145.42363755187+0j)
-350.858570038611	-123101.7361695389	-0.00040600737326928105	-123101.73657554627	0.0	(-123101.73657554627+0j)
-317.6885353347575	-100926.00548314345	-0.0004060073436906101	-100926.0058891508	0.0	(-100926.0058891508+0j)
-288.5451996188469	-83258.3322230802	-0.0004060073088475293	-83258.33262908751	0.0	(-83258.33262908751+0j)
-262.836399308869	-69082.97280165122	-0.0004060072680058741	-69082.97320765849	0.0	(-69082.97320765849+0j)
-240.07142706246006	-57634.290091806084	-0.0004060072203549274	-57634.2904978133	0.0	(-57634.2904978133+0j)
-219.84132123719695	-48330.206523316425	-0.00040600716500182286	-48330.20692932359	0.0	(-48330.20692932359+0j)
-201.80341259064414	-40724.61733322975	-0.00040600710096567766	-40724.61773923685	0.0	(-40724.61773923685+0j)
-185.66912113051106	-34473.02254137639	-0.0004060070271714443	-34473.02294738342	0.0	(-34473.02294738342+0j)
-171.19425391683407	-29307.47257414146	-0.0004060069424434713	-29307.472980148403	0.0	(-29307.472980148403+0j)
-158.1712416884214	-25018.14169725701	-0.00040600684549876176	-25018.142103263857	0.0	(-25018.142103263857+0j)
-146.42288913233602	-21439.662461860367	-0.0004060067349399175	-21439.662867867104	0.0	(-21439.662867867104+0j)
-135.79731473932583	-18440.910690411518	-0.0004060066092477575	-18440.911096418127	0.0	(-18440.911096418127+0j)
-126.1638314734695	-15917.312372066013	-0.0004060064667735973	-15917.31277807248	0.0	(-15917.31277807248+0j)
-117.40957596921426	-13785.008529270695	-0.00040600630573117604	-13785.008935277001	0.0	(-13785.008935277001+0j)
-109.43673666083288	-11976.399330972483	-0.0004060061241882178	-11976.399736978607	0.0	(-11976.399736978607+0j)
-102.16026374241683	-10436.719487920167	-0.0004060059200576116	-10436.719893926087	0.0	(-10436.719893926087+0j)
-95.50596875190209	-9121.390067239297	-0.0004060056910881962	-9121.390473244988	0.0	(-9121.390473244988+0j)
-89.40894076792034	-7993.958689241488	-0.0004060054348551321	-7993.959095246923	0.0	(-7993.959095246923+0j)
-83.81222109797599	-7024.488405376012	-0.00040600514874984575	-7024.488811381161	0.0	(-7024.488811381161+0j)
-78.66568995306919	-6188.290775792411	-0.00040600482996952725	-6188.291181797241	0.0	(-6188.291181797241+0j)
-73.92512771679691	-5464.924507944735	-0.00040600447550616397	-5464.92491394921	0.0	(-5464.92491394921+0j)
-69.5514206035539	-4837.400107972461	-0.000406004082135091	-4837.400513976543	0.0	(-4837.400513976543+0j)
-65.5098861964565	-4291.545189472683	-0.0004060036464030381	-4291.545595476339	0.0	(-4291.545595476339+0j)
-61.76969889208737	-3815.4957012191394	-0.0004060031646156531	-3815.4961072222977	0.0	(-3815.4961072222977+0j)
-58.30339890885323	-3399.2863243248685	-0.00040600263282447943	-3399.2867303275093	0.0	(-3399.2867303275093+0j)
-55.08647143290039	-3034.5193349277506	-0.0004060020468133651	-3034.5197409297944	0.0	(-3034.5197409297944+0j)
-52.09698483000059	-2714.095828377312	-0.0004060014020842801	-2714.096234378714	0.0	(-2714.096234378714+0j)
-49.31527876000004	-2431.9967191765113	-0.0004060006938425163	-2431.9971251772026	0.0	(-2431.9971251772026+0j)
-46.7236945829899	-2183.1036354845196	-0.0004059999169812451	-2183.1040414844438	0.0	(-2183.1040414844438+0j)
-44.3063417144323	-1963.0519161160437	-0.00040599906606540503	-1963.0523221151138	0.0	(-1963.0523221151138+0j)
-42.0488946259587	-1768.1095392649786	-0.00040599813531489137	-1768.1099452631117	0.0	(-1768.1099452631117+0j)
-39.93841604370705	-1595.0770760802368	-0.0004059971185870184	-1595.077482077362	0.0	(-1595.077482077362+0j)
-37.963202601939585	-1441.2047517959124	-0.00040599600935822285	-1441.205157791926	0.0	(-1441.205157791926+0j)
-36.1126497942929	-1304.123475165243	-0.00040599480070497716	-1304.1238811600429	0.0	(-1304.1238811600429+0j)
-34.37713355070611	-1181.7873111630838	-0.00040599348528387813	-1181.7877171565694	0.0	(-1181.7877171565694+0j)
-32.747906172853575	-1072.4253587060214	-0.00040599205531087636	-1072.4257646980748	0.0	(-1072.4257646980748+0j)
-31.217004699239933	-974.5013823923681	-0.0004059905025396095	-974.5017883828732	0.0	(-974.5017883828732+0j)
-29.777170054741106	-886.6798564689705	-0.0004059888182388005	-886.680262457789	0.0	(-886.680262457789+0j)
-28.421775577784274	-807.7973269939346	-0.0004059869931686818	-807.7977329809261	0.0	(-807.7977329809261+0j)
-27.14476371932338	-736.8381973778947	-0.00040598501755640217	-736.8386033629132	0.0	(-736.8386033629132+0j)
-25.940589877590973	-672.9142031973753	-0.00040598288107037377	-672.9146091802555	0.0	(-672.9146091802555+0j)
-24.804172476499513	-615.2469722439359	-0.0004059805727935122	-615.247378224509	0.0	(-615.247378224509+0j)
-23.73084851776959	-563.1531713733272	-0.000405978081195323	-563.153577351408	0.0	(-563.153577351408+0j)
-22.716333940912474	-516.031827715052	-0.0004059753941027838	-516.0322336904455	0.0	(-516.0322336904455+0j)
-21.756688213976226	-473.353482040172	-0.0004059724986699698	-473.3538880126711	0.0	(-473.3538880126711+0j)
-20.84828265390689	-434.6508896171949	-0.00040596938134636817	-434.65129558657776	0.0	(-434.65129558657776+0j)
-19.987772040461227	-399.51103114144354	-0.0004059660278438246	-399.5114371074704	0.0	(-399.5114371074704+0j)
-19.172069143522997	-367.5682352440266	-0.000405962423102061	-367.5686412064493	0.0	(-367.5686412064493+0j)
-18.398321831796846	-338.49824622637243	-0.0004059585512527033	-338.49865218492346	0.0	(-338.49865218492346+0j)
-17.663892472366342	-312.0130972753203	-0.00040595439558175316	-312.0135032297161	0.0	(-312.0135032297161+0j)
-16.966339366471665	-287.8566714982861	-0.0004059499384904352	-287.8570774482239	0.0	(-287.8570774482239+0j)
-16.30339999792458	-265.8008514923272	-0.0004059451614543493	-265.801257437489	0.0	(-265.801257437489+0j)
-15.672975897519757	-245.64217348423523	-0.0004059400449808514	-245.64257942428054	0.0	(-245.64257942428054+0j)
-15.073118950217209	-227.19891488739714	-0.0004059345685645868	-227.19932082196596	0.0	(-227.19932082196596+0j)
-14.502018992255339	-210.30855485173456	-0.00040592871064109226	-210.3089607804454	0.0	(-210.3089607804454+0j)
-13.95799256312947	-194.82555639237756	-0.00040592244853838283	-194.82596231482663	0.0	(-194.82596231482663+0j)
-13.4394726929019	-180.61942626325583	-0.0004059157584264326	-180.61983217901454	0.0	(-180.61983217901454+0j)
-12.944999618894892	-167.5730151331889	-0.00040590861526445664	-167.57342104180327	0.0	(-167.57342104180327+0j)
-12.473212337728176	-155.5810260220544	-0.00040590099274589585	-155.58143192304752	0.0	(-155.58143192304752+0j)
-12.022840909112986	-144.54870352584078	-0.00040589286324100156	-144.54910941870398	0.0	(-144.54910941870398+0j)
-11.592699437005214	-134.390680236741	-0.00040588419773691356	-134.39108612093838	0.0	(-134.39108612093838+0j)
-11.181679661808277	-125.02996005929685	-0.000405874965775118	-125.03036593426356	0.0	(-125.03036593426356+0j)
-10.788745104450985	-116.3970209288151	-0.0004058651353861683	-116.39742679395006	0.0	(-116.39742679395006+0j)
-10.412925709461692	-108.42902183076829	-0.0004058546730215453	-108.42942768544209	0.0	(-108.42942768544209+0j)
-10.053312939730441	-101.06910106415152	-0.00040584354348252827	-101.06950690769752	0.0	(-101.06950690769752+0j)
-9.70905528057937	-94.26575444134616	-0.0004058317098459403	-94.2661602730623	0.0	(-94.2661602730623+0j)
-9.379354115134207	-87.97228361708498	-0.0004058191333866289	-87.97268943623266	0.0	(-87.97268943623266+0j)
-9.0634599368687	-82.14630602722397	-0.0004058057734965306	-82.14671183302694	0.0	(-82.14671183302694+0j)
-8.760668868643995	-76.74931902602805	-0.00040579158760016684	-76.74972481767179	0.0	(-76.74972481767179+0j)
-8.470319460633334	-71.74631176518378	-0.00040577653106640705	-71.7467175418164	0.0	(-71.7467175418164+0j)
-8.191789742258713	-67.10541918137507	-0.00040576055711632873	-67.10582494210347	0.0	(-67.10582494210347+0j)
-7.92449450570503	-62.797613170949205	-0.00040574361672699605	-62.79801891484051	0.0	(-62.79801891484051+0j)
-7.667882800757656	-58.796426646155076	-0.00040572565853096946	-58.796832372233	0.0	(-58.796832372233+0j)
-7.421435622657183	-55.07770670124501	-0.0004057066287113506	-55.07811240848706	0.0	(-55.07811240848706+0j)
-7.1846637764105	-51.619393580065186	-0.00040568647089215593	-51.619799267397866	0.0	(-51.619799267397866+0j)
-6.957105902559871	-48.401322539433394	-0.0004056651260238043	-48.401728205727025	0.0	(-48.401728205727025+0j)
-6.738326650815264	-45.40504605308725	-0.00040564253226349164	-45.40545169715071	0.0	(-45.40545169715071+0j)
-6.5279149892138815	-42.61367410640327	-0.00040561862485021617	-42.61407972697779	0.0	(-42.61407972697779+0j)
-6.325482637604348	-40.01173059863406	-0.0004055933359742048	-40.0121361943868	0.0	(-40.0121361943868+0j)
-6.130662615271313	-37.585024102285296	-0.0004055665946404801	-37.58542967180341	0.0	(-37.58542967180341+0j)
-5.943107893435154	-35.32053143301123	-0.0004055383265262947	-35.320936974796716	0.0	(-35.320936974796716+0j)
-5.762490144188762	-33.20629266187262	-0.0004055084538321451	-33.206698174337454	0.0	(-33.206698174337454+0j)
-5.588498578181307	-31.23131635833449	-0.0004054768951260637	-31.231721839796926	0.0	(-31.231721839796926+0j)
-5.420838864033355	-29.385493989814435	-0.0004054435651808738	-29.385899438495414	0.0	(-29.385899438495414+0j)
-5.259232123078992	-27.659522524425963	-0.00040540837480407423	-27.659927938446653	0.0	(-27.659927938446653+0j)
-5.103413993582461	-26.04483438989329	-0.00040537123066000663	-26.045239767272584	0.0	(-26.045239767272584+0j)
-4.953133759078175	-24.53353403531989	-0.0004053320350839386	-24.53393937397234	0.0	(-24.53393937397234+0j)
-4.808153535936197	-23.118340425135752	-0.00040529068588767895	-23.118745722869818	0.0	(-23.118745722869818+0j)
-4.6682475156679075	-21.79253486753959	-0.00040524707615632226	-21.792940122054894	0.0	(-21.792940122054894+0j)
-4.533201257860082	-20.549913644264226	-0.0004052010940356985	-20.550318853149403	0.0	(-20.550318853149403+0j)
-4.402811029966271	-19.384744965592656	-0.00040515262251008286	-19.38515012632212	0.0	(-19.38515012632212+0j)
-4.276883190493413	-18.291729825125113	-0.0004051015391696989	-18.292134935054353	0.0	(-18.292134935054353+0j)
-4.15523361240365	-17.26596637364909	-0.00040504771596752313	-17.266371430010768	0.0	(-17.266371430010768+0j)
-4.037687143807751	-16.30291747127039	-0.0004049910189648754	-16.303322471168364	0.0	(-16.303322471168364+0j)
-3.9240771032610224	-15.398381112337416	-0.0004049313080652524	-15.398786052741071	0.0	(-15.398786052741071+0j)
-3.814244807185861	-14.548463449144304	-0.0004048684367358339	-14.548868326881115	0.0	(-14.548868326881115+0j)
-3.708039127140636	-13.74955416840589	-0.000404802251716063	-13.749958980154462	0.0	(-13.749958980154462+0j)
-3.6053160748326105	-12.998303999446422	-0.00040473259271266827	-12.99870874172846	0.0	(-12.99870874172846+0j)
-3.505938412936072	-12.291604155300703	-0.0004046592920804676	-12.292008824473408	0.0	(-12.292008824473408+0j)
-3.409775289925844	-11.626567527788874	-0.0004045821744882534	-11.626972120035862	0.0	(-11.626972120035862+0j)
-3.31670189727347	-11.000511475377435	-0.0004045010565690282	-11.000915986700655	0.0	(-11.000915986700655+0j)
-3.2265991474784026	-10.410942058508354	-0.0004044157465538178	-10.411346484718905	0.0	(-10.411346484718905+0j)
-3.139353371521828	-9.855539591285467	-0.0004043260438882497	-9.855943927994641	0.0	(-9.855943927994641+0j)
-3.0548560344360047	-9.332145391130073	-0.000404231738831043	-9.33254963373976	0.0	(-9.33254963373976+0j)
-2.9730034677792423	-8.8387496194274	-0.00040413261203350994	-8.839153763120569	0.0	(-8.839153763120569+0j)
-2.8936966178954187	-8.373480116419385	-0.0004040284340991214	-8.373884156149666	0.0	(-8.373884156149666+0j)
-2.8168408089191725	-7.934592142792418	-0.0004039189651221402	-7.934996073273722	0.0	(-7.934996073273722+0j)
-2.742345519563008	-7.520458948667304	-0.0004038039542042714	-7.520862764362777	0.0	(-7.520862764362777+0j)
-2.6701241727922507	-7.129563098129501	-0.000403683138948224	-7.1299667932398805	0.0	(-7.1299667932398805+0j)
-2.600093937557491	-6.760488484123218	-0.0004035562449270181	-6.760892052574968	0.0	(-6.760892052574968+0j)
-2.53217554181336	-6.411912974557783	-0.00040342298512781067	-6.412316409990458	0.0	(-6.412316409990458+0j)
-2.4662930961066483	-6.082601635903317	-0.0004032830593689465	-6.0830049316563475	0.0	(-6.0830049316563475+0j)
-2.4023739270672144	-5.771400485452349	-0.00040313615368886904	-5.771803634551225	0.0	(-5.771803634551225+0j)
-2.340348420181257	-5.477230727844906	-0.0004029819397054561	-5.477633722986967	0.0	(-5.477633722986967+0j)
-2.280149871269615	-5.1990834354508415	-0.00040282007394426295	-5.199486268990014	0.0	(-5.199486268990014+0j)
-2.221714346133128	-4.936014635813752	-0.00040265019713407626	-4.936417299744695	0.0	(-4.936417299744695+0j)
-2.1649805478639736	-4.687140772629392	-0.00040247193346809227	-4.687543258571113	0.0	(-4.687543258571113+0j)
-2.109889691355602	-4.451634509688637	-0.00040228488982894164	-4.4520368088670725	0.0	(-4.4520368088670725+0j)
-2.056385384575469	-4.228720849895599	-0.00040208865497568506	-4.22912295312566	0.0	(-4.22912295312566+0j)
-2.004413516193774	-4.017673543900289	-0.0004018827986908001	-4.0180754415666655	0.0	(-4.0180754415666655+0j)
-1.9539221491884349	-3.8178117650891523	-0.0004016668708850693	-3.818213447126545	0.0	(-3.818213447126545+0j)
-1.9048614200715395	-3.628497029676962	-0.0004014404006581648	-3.62889848554934	0.0	(-3.62889848554934+0j)
-1.8571834434057672	-3.449130342460503	-0.0004012028953125995	-3.449531561139181	0.0	(-3.449531561139181+0j)
-1.8108422213008069	-3.2791495504456405	-0.00040095383931858627	-3.2795505203864934	0.0	(-3.2795505203864934+0j)
-1.7657935575998587	-3.1180268880611655	-0.0004006926932272078	-3.1184275971807507	0.0	(-3.1184275971807507+0j)
-1.7219949764848979	-2.965266699039224	-0.00040041889252915116	-2.965667134689654	0.0	(-2.965667134689654+0j)
-1.6794056452467305	-2.8204033212865873	-0.0004001318464561095	-2.8208034702293143	0.0	(-2.8208034702293143+0j)
-1.6379863009819313	-2.6829991222044702	-0.00039983093672178466	-2.683398970582793	0.0	(-2.683398970582793+0j)
-1.5976991809937733	-2.5526426729481737	-0.00039951551619925226	-2.55304220625837	0.0	(-2.55304220625837+0j)
-1.5585079566882198	-2.42894705106049	-0.0003991849075312636	-2.4293462541215427	0.0	(-2.4293462541215427+0j)
-1.5203776707690226	-2.3115482617730385	-0.0003988384016698638	-2.3119471186949507	0.0	(-2.3119471186949507+0j)
-1.4832746775481236	-2.20010376905549	-0.00039847525634149395	-2.200502263206143	0.0	(-2.200502263206143+0j)
-1.4471665861988359	-2.0942911282103926	-0.00039809469443352646	-2.0946892421805514	0.0	(-2.0946892421805514+0j)
-1.4120222067898245	-1.9938067124676058	-0.00039769590229794425	-1.9942044280345448	0.0	(-1.9942044280345448+0j)
-1.3778114989477563	-1.8983645266326632	-0.0003972780279676274	-1.898761824721799	0.0	(-1.898761824721799+0j)
-1.3445055230056484	-1.807695101392692	-0.0003968401792804412	-1.808091962037314	0.0	(-1.808091962037314+0j)
-1.3120763935025515	-1.7215444623866623	-0.0003963814219060424	-1.7219408646857346	0.0	(-1.7219408646857346+0j)
-1.2804972349081958	-1.6396731686075352	-0.0003959007772700145	-1.6400690906816782	0.0	(-1.6400690906816782+0j)
-1.249742139453741	-1.5618554151264137	-0.0003953972203696294	-1.5622508340711592	0.0	(-1.5622508340711592+0j)
-1.2197861269567585	-1.4878781955161693	-0.0003948696774751896	-1.4882730873534653	0.0	(-1.4882730873534653+0j)
-1.1906051065351553	-1.4175405197075885	-0.00039431702371054604	-1.4179348593345011	0.0	(-1.4179348593345011+0j)
-1.1621758401108537	-1.3506526833373687	-0.0003937380805060031	-1.3510464444724395	0.0	(-1.3510464444724395+0j)
-1.1344759076098252	-1.2870355849471367	-0.00039313161291641306	-1.2874287400740336	0.0	(-1.2874287400740336+0j)
-1.1074836737704155	-1.226520087668016	-0.00039249632679682847	-1.2269126079762214	0.0	(-1.2269126079762214+0j)
-1.0811782564769803	-1.168946422278603	-0.0003918308658276178	-1.1693382776013033	0.0	(-1.1693382776013033+0j)
-1.0555394965405518	-1.1141636287570815	-0.00039113380838046017	-1.1145547875058481	0.0	(-1.1145547875058481+0j)
-1.0305479288526944	-1.0620290336625782	-0.00039040366421611266	-1.062419462758707	0.0	(-1.062419462758707+0j)
-1.0061847548428828	-1.0124077608782323	-0.00038963887100430144	-1.012797425680653	0.0	(-1.012797425680653+0j)
-0.9824318161736062	-0.9651722734301703	-0.00038883779065552695	-0.9655611376595991	0.0	(-0.9655611376595991+0j)
-0.9592715696111017	-0.9202019442641468	-0.0003879987054540319	-0.9205899699236381	0.0	(-0.9205899699236381+0j)
-0.9366870630130316	-0.877382654015979	-0.0003871198139807186	-0.8777698013069752	0.0	(-0.8777698013069752+0j)
-0.9146619123776685	-0.8366064139543736	-0.0003861992268145472	-0.8369926411888229	0.0	(-0.8369926411888229+0j)
-0.8931802799021815	-0.7977710124061393	-0.00038523496200114664	-0.7981562759138826	0.0	(-0.7981562759138826+0j)
-0.8722268530004768	-0.7607796830951152	-0.0003842249402784336	-0.7611639371264798	0.0	(-0.7611639371264798+0j)
-0.8517868242337273	-0.7255407939381787	-0.0003831669800516482	-0.7259239905617698	0.0	(-0.7259239905617698+0j)
-0.8318458721092578	-0.6919675549452116	-0.0003820587921154006	-0.6923496439401743	0.0	(-0.6923496439401743+0j)
-0.8123901427058198	-0.6599777439655822	-0.0003808979741295304	-0.6603586727084179	0.0	(-0.6603586727084179+0j)
-0.7934062320855423	-0.6294934491121774	-0.00037968200487071565	-0.6298731624578338	0.0	(-0.6298731624578338+0j)
-0.7748811694549418	-0.6004408267758582	-0.00037840823830513094	-0.6008192669329633	0.0	(-0.6008192669329633+0j)
-0.7568024010393578	-0.572749874218937	-0.00037707389756155103	-0.573126980618742	0.0	(-0.573126980618742+0j)
-0.7391577746370641	-0.5463542158064169	-0.00037567606893152756	-0.5467299249660059	0.0	(-0.5467299249660059+0j)
-0.721935524821055	-0.5211909019986521	-0.00037421169608542937	-0.5215651473783766	0.0	(-0.5215651473783766+0j)
-0.7051242587581799	-0.4972002202892726	-0.00037267757477083224	-0.4975729321445045	0.0	(-0.4975729321445045+0j)
-0.6887129426168537	-0.4743255173279656	-0.00037107034835178224	-0.4746966225568585	0.0	(-0.4746966225568585+0j)
-0.6726908885360721	-0.4525130315194501	-0.0003693865046502988	-0.4528824535071725	0.0	(-0.4528824535071725+0j)
-0.6570477421298259	-0.43171173543790214	-0.0003676223746589305	-0.43207939389992434	0.0	(-0.43207939389992434+0j)
-0.6417734705023628	-0.4118731874406471	-0.00036577413379641424	-0.41223899826699906	0.0	(-0.41223899826699906+0j)
-0.6268583507509564	-0.3929513919062091	-0.0003638378064664679	-0.393315267010179	0.0	(-0.393315267010179+0j)
-0.6122929589340428	-0.3749026675602054	-0.0003618092747401293	-0.37526451473611555	0.0	(-0.37526451473611555+0j)
-0.598068159483679	-0.35768552338819526	-0.00035968429200235066	-0.35804524618266653	0.0	(-0.35804524618266653+0j)
-0.584175095042342	-0.3412605416677293	-0.00035745850237269916	-0.34161803927009465	0.0	(-0.34161803927009465+0j)
-0.5706051767050645	-0.3255902676826179	-0.0003551274666197615	-0.32594543484155697	0.0	(-0.32594543484155697+0j)
-0.5573500746488577	-0.3106391057110872	-0.0003526866951352128	-0.3109918326841162	0.0	(-0.3109918326841162+0j)
-0.5444017091322467	-0.29637322090611135	-0.00035013168831763347	-0.29672339344949217	0.0	(-0.29672339344949217+0j)
-0.5317522418485942	-0.28276044671100575	-0.00034745798444479154	-0.28310794611724793	0.0	(-0.28310794611724793+0j)
-0.5193940676176739	-0.2697701974764328	-0.00034466121479839057	-0.27011490066737537	0.0	(-0.27011490066737537+0j)
-0.5073198064007199	-0.257373385966464	-0.0003417371654639469	-0.2577151656479849	0.0	(-0.2577151656479849+0j)
-0.49552229562487815	-0.24554234546134915	-0.000338681844880516	-0.24588107034477488	0.0	(-0.24588107034477488+0j)
-0.4839945828036719	-0.23425075618330043	-0.00033549155588205235	-0.23458629128056221	0.0	(-0.23458629128056221+0j)
-0.47272991844072854	-0.22347357578897786	-0.0003321629706756282	-0.22380578278133315	0.0	(-0.22380578278133315+0j)
-0.4617217492046207	-0.21318697368857467	-0.0003286932069608963	-0.21351571137194025	0.0	(-0.21351571137194025+0j)
-0.45096371136325314	-0.2033682689665195	-0.00032507990322580733	-0.20369339377175386	0.0	(-0.20369339377175386+0j)
-0.4404496244667679	-0.19399587169291685	-0.0003213212911666561	-0.19431723827856645	0.0	(-0.19431723827856645+0j)
-0.4301734852684612	-0.18504922742801502	-0.00031741626318155906	-0.18536668934189873	0.0	(-0.18536668934189873+0j)
-0.4201294618736933	-0.17650876473427912	-0.0003133644329753096	-0.17682217513293727	0.0	(-0.17682217513293727+0j)
-0.41031188810723823	-0.1683558455221268	-0.00030916618748471925	-0.16866505794456915	0.0	(-0.16866505794456915+0j)
-0.4007152580899652	-0.16057271806610743	-0.0003048227285768697	-0.16087758724794696	0.0	(-0.16087758724794696+0j)
-0.39133422101615867	-0.15314247253832372	-0.0003003361032743425	-0.15344285525686524	0.0	(-0.15344285525686524+0j)
-0.38216357612318463	-0.14604899891526113	-0.0002957092216051682	-0.1463447548519947	0.0	(-0.1463447548519947+0j)
-0.3731982678455901	-0.13927694712294883	-0.00029094586154340826	-0.13956793973126028	0.0	(-0.13956793973126028+0j)
-0.3644333811460802	-0.13281168929356416	-0.0002860506608814038	-0.1330977866575595	0.0	(-0.1330977866575595+0j)
-0.3558641370161595	-0.12663928401425592	-0.0002810290962402533	-0.12692035968734075	0.0	(-0.12692035968734075+0j)
-0.34748588813954967	-0.12074644245613163	-0.00027588744976638966	-0.12102237626576773	0.0	(-0.12102237626576773+0j)
-0.3392941147118041	-0.11512049627806688	-0.000270632764367084	-0.1153911750868789	0.0	(-0.1153911750868789+0j)
-0.3312844204098322	-0.10974936720627844	-0.00026527278859708855	-0.11001468561682962	0.0	(-0.11001468561682962+0j)
-0.32345252850532874	-0.1046215381964905	-0.00025981591251625856	-0.10488139919175961	0.0	(-0.10488139919175961+0j)
-0.3157942781163639	-0.0997260260910354	-0.0002542710959906621	-0.09998034160447679	0.0	(-0.09998034160447679+0j)
-0.3083056205916502	-0.09505235568840255	-0.00024864779100697705	-0.09530104709621283	0.0	(-0.09530104709621283+0j)
-0.30098261602223375	-0.0905905351475874	-0.0002429558596138174	-0.09083353367717807	0.0	(-0.09083353367717807+0j)
-0.2938214298755963	-0.08633103265413994	-0.00023720548909802168	-0.0865682797110745	0.0	(-0.0865682797110745+0j)
-0.28681832974736315	-0.08226475427906714	-0.00023140710595427768	-0.08249620168562768	0.0	(-0.08249620168562768+0j)
-0.2799696822260281	-0.07838302296574315	-0.0002255712901192763	-0.0786086331149516	0.0	(-0.0786086331149516+0j)
-0.27327194986629844	-0.07467755858372872	-0.00021970869082392822	-0.07489730450959965	0.0	(-0.07489730450959965+0j)
-0.2667216882668555	-0.07114045899192165	-0.00021382994527631492	-0.07135432435850837	0.0	(-0.07135432435850837+0j)
-0.2603155432485035	-0.06776418205676349	-0.00020794560123107894	-0.06797216106994892	0.0	(-0.06797216106994892+0j)
-0.2540502481288529	-0.06454152857433174	-0.00020206604433456002	-0.06474362582198395	0.0	(-0.06474362582198395+0j)
-0.24792262108984528	-0.061465626048059	-0.00019620143096520402	-0.061661856272299406	0.0	(-0.061661856272299406+0j)
-0.24192956263458582	-0.058529913276561985	-0.00019036162712088455	-0.05872030108661374	0.0	(-0.05872030108661374+0j)
-0.2360680531300946	-0.05572812570863317	-0.0001845561537432047	-0.0559127052379395	0.0	(-0.0559127052379395+0j)
-0.23033515043273323	-0.053054281524869844	-0.00017879413871715308	-0.053233096041258546	0.0	(-0.053233096041258546+0j)
-0.22472798759319407	-0.05050266840768679	-0.0001730842756453621	-0.050675769882035156	0.0	(-0.050675769882035156+0j)
-0.21924377063807438	-0.048067830963600566	-0.00016743478937155775	-0.04823527960399915	0.0	(-0.04823527960399915+0j)
-0.21387977642517536	-0.045744558763682996	-0.0001618534081187446	-0.045906422522456164	0.0	(-0.045906422522456164+0j)
-0.20863335056978574	-0.043527874969975115	-0.00015634734201475269	-0.04368422902709066	0.0	(-0.04368422902709066+0j)
-0.2035019054393242	-0.04141302551743565	-0.0001509232677009498	-0.041563951749746156	0.0	(-0.041563951749746156+0j)
-0.19848291821381936	-0.0393954688226737	-0.00014558731865869408	-0.03954105526190496	0.0	(-0.03954105526190496+0j)
-0.19357392900980788	-0.03747086599229414	-0.00014034508084162983	-0.03761120627909527	0.0	(-0.03761120627909527+0j)
-0.18877253906533345	-0.035635071505172845	-0.00013520159316911918	-0.03577026434094102	0.0	(-0.03577026434094102+0j)
-0.18407640898381836	-0.033884124344377965	-0.00013016135241564834	-0.03401427294917415	0.0	(-0.03401427294917415+0j)
-0.17948325703467147	-0.032214239555773946	-0.0001252283220215734	-0.03233945113216399	0.0	(-0.03233945113216399+0j)
-0.17499085750858182	-0.030621800211588786	-0.00012040594435062902	-0.030742185421964552	0.0	(-0.030742185421964552+0j)
-0.17059703912552715	-0.02910334975839664	-0.00011569715592777276	-0.029219022214903113	0.0	(-0.029219022214903113+0j)
-0.1662996834936075	-0.02765558473007403	-0.00011110440520579708	-0.027766660503237273	0.0	(-0.027766660503237273+0j)
-0.16209672361688598	-0.02627534780732912	-0.00010662967242937906	-0.02638194495258552	0.0	(-0.02638194495258552+0j)
-0.1579861424504933	-0.024959621206387565	-0.000102274491189646	-0.025061859313241508	0.0	(-0.025061859313241508+0j)
-0.15396597150131844	-0.0237055203803448	-9.803997128979877e-05	-0.023803520143262577	0.0	(-0.023803520143262577+0j)
-0.1500342894726754	-0.022510288017570552	-9.392682257186726e-05	-0.022604170831653888	0.0	(-0.022604170831653888+0j)
-0.14618922095139725	-0.021371288322376444	-8.9935379385412e-05	-0.021461175903278024	0.0	(-0.021461175903278024+0j)
-0.14242893513587063	-0.020286001563938044	-8.606562541018878e-05	-0.020372015593117854	0.0	(-0.020372015593117854+0j)
-0.1387516446035787	-0.01925201888019781	-8.231721857583521e-05	-0.019334280676275267	0.0	(-0.019334280676275267+0j)
-0.13515560411677824	-0.018267037324171283	-7.86895158520018e-05	-0.018345667538997495	0.0	(-0.018345667538997495+0j)
-0.1316391094649878	-0.017328855140735042	-7.518159771163747e-05	-0.01740397348132778	0.0	(-0.01740397348132778+0j)
-0.12820049634301459	-0.016435367262595296	-7.179229209800864e-05	-0.016507092238100242	0.0	(-0.016507092238100242+0j)
-0.12483813926329666	-0.015584561014722251	-6.852019775227156e-05	-0.015653009707030666	0.0	(-0.015653009707030666+0j)
-0.12155045050138329	-0.014774512017089228	-6.536370678284539e-05	-0.014839799875061406	0.0	(-0.014839799875061406+0j)
-0.11833587907341994	-0.014003380276079067	-6.2321026380359e-05	-0.014065620932731893	0.0	(-0.014065620932731893+0j)
-0.11519290974454892	-0.013269406455415793	-5.9390199602507576e-05	-0.013328711566770497	0.0	(-0.013328711566770497+0j)
-0.11212006206717451	-0.012570908317947065	-5.65691251717713e-05	-0.01262738742109757	0.0	(-0.01262738742109757+0j)
-0.10911588944808466	-0.011906277330046634	-5.385557624561677e-05	-0.011960037722315717	0.0	(-0.011960037722315717+0j)
-0.10617897824345514	-0.011273975420824119	-5.124721813361765e-05	-0.011325122056155996	0.0	(-0.011325122056155996+0j)
-0.10330794688080004	-0.010672531888726203	-4.874162494894149e-05	-0.010721167291247986	0.0	(-0.010721167291247986+0j)
-0.10050144500696728	-0.010100540448488468	-4.633629519298519e-05	-0.010146764642223076	0.0	(-0.010146764642223076+0j)
-0.09775815266131012	-0.009556656411752015	-4.402866628167284e-05	-0.009600566864596668	0.0	(-0.009600566864596668+0j)
-0.09507677947319713	-0.00903959399499496	-4.181612803021628e-05	-0.009081285576380113	0.0	(-0.009081285576380113+0j)
-0.09245606388305627	-0.008548123748747782	-3.9696035120057125e-05	-0.008587688699952795	0.0	(-0.008587688699952795+0j)
-0.08989477238617372	-0.008081070102361981	-3.766571857740709e-05	-0.00811859801747357	0.0	(-0.00811859801747357+0j)
-0.08739169879850106	-0.007637309018887932	-3.5722496297398544e-05	-0.007672886836622458	0.0	(-0.007672886836622458+0j)
-0.08494566354374737	-0.007215765754887531	-3.386368265143459e-05	-0.007249477759127397	0.0	(-0.007249477759127397+0j)
-0.08255551296106181	-0.0068154127202640444	-3.20865972180521e-05	-0.006847340549098411	0.0	(-0.006847340549098411+0j)
-0.0802201186326351	-0.00643526743343405	-3.038857267952111e-05	-0.0064654900951733145	0.0	(-0.0064654900951733145+0j)
-0.07793837673057366	-0.0060743905673968255	-2.876696192765857e-05	-0.006102984463682349	0.0	(-0.006102984463682349+0j)
-0.07570920738242252	-0.005731884082474661	-2.721914442297378e-05	-0.005758923036471669	0.0	(-0.005758923036471669+0j)
-0.0735315540547355	-0.00540688944170449	-2.5742531851420582e-05	-0.005432444731508529	0.0	(-0.005432444731508529+0j)
-0.07140438295411211	-0.005098585905057496	-2.4334573122720277e-05	-0.0051227263015661325	0.0	(-0.0051227263015661325+0j)
-0.06932668244514165	-0.004806188898849511	-2.2992758753595435e-05	-0.0048289807071211594	0.0	(-0.0048289807071211594+0j)
-0.06729746248471398	-0.004528948456881485	-2.1714624678272152e-05	-0.004550455560745656	0.0	(-0.004550455560745656+0j)
-0.06531575407217595	-0.004266147730016969	-2.049775552744569e-05	-0.004286431639394643	0.0	(-0.004286431639394643+0j)
-0.06338060871482991	-0.004017101561062373	-1.9339787415491045e-05	-0.004036221461462822	0.0	(-0.004036221461462822+0j)
-0.06149109790828906	-0.003781155121966791	-1.823841027417516e-05	-0.0037991679258795137	0.0	(-0.0037991679258795137+0j)
-0.059646312631220576	-0.003557682610501303	-1.7191369769479527e-05	-0.0035746430102395685	0.0	(-0.0035746430102395685+0j)
-0.05784536285402355	-0.0033460860037136477	-1.619646883640677e-05	-0.003362046525426094	0.0	(-0.003362046525426094+0j)
-0.05608737706100519	-0.003145793865583371	-1.5251568864877926e-05	-0.0031608049242344187	0.0	(-0.0031608049242344187+0j)
-0.05437150178563229	-0.0029562602064250156	-1.4354590568028784e-05	-0.0029703701614140245	0.0	(-0.0029703701614140245+0j)
-0.052696901158450896	-0.002776963391703543	-1.3503514562402882e-05	-0.0027902186029092665	0.0	(-0.0027902186029092665+0j)
-0.05106275646727974	-0.0026074050980367186	-1.2696381687756463e-05	-0.0026198499820884293	0.0	(-0.0026198499820884293+0j)
-0.049468265729297044	-0.0024471093142643444	-1.1931293092448496e-05	-0.0024587864009476407	0.0	(-0.0024587864009476407+0j)
-0.04791264327465291	-0.0022956213855641425	-1.1206410108629931e-05	-0.0023065713741747484	0.0	(-0.0023065713741747484+0j)
-0.04639511934125177	-0.0021525070986889937	-1.0519953939833876e-05	-0.002162768914068433	0.0	(-0.002162768914068433+0j)
-0.04491493968036148	-0.0020173518064905104	-9.870205181917828e-06	-0.0020269626548502237	0.0	(-0.0020269626548502237+0j)
-0.04347136517271722	-0.0018897595899797317	-9.255503196779064e-06	-0.0018987550142155	0.0	(-0.0018987550142155+0j)
-0.04206367145479865	-0.0017693524562572426	-8.674245356795826e-06	-0.0017777663907742238	0.0	(-0.0017777663907742238+0j)
-0.040691148554970594	-0.0016557695707226853	-8.12488617653144e-06	-0.0016636343955865078	0.0	(-0.0016636343955865078+0j)
-0.03935310053918671	-0.0015486665220473374	-7.605936346884515e-06	-0.001556013116483285	0.0	(-0.001556013116483285+0j)
-0.038048845165965975	-0.0014477146184636524	-7.115961685663641e-06	-0.0014545724135161323	0.0	(-0.0014545724135161323+0j)
-0.03677771355036136	-0.0013526002139924334	-6.653582017294296e-06	-0.0013589972443763608	0.0	(-0.0013589972443763608+0j)
-0.035539049836649024	-0.001263024063291823	-6.217469993333516e-06	-0.0012689870183859718	0.0	(-0.0012689870183859718+0j)
-0.03433221087947522	-0.0011787007038727565	-5.80634986433598e-06	-0.001184254977635306	0.0	(-0.001184254977635306+0j)
-0.033156565933206816	-0.0010993578644830908	-5.4189962127183106e-06	-0.0011045276045189092	0.0	(-0.0011045276045189092+0j)
-0.032011496349239346	-0.001024735898517364	-5.054232655274382e-06	-0.0010295440540008531	0.0	(-0.0010295440540008531+0j)
-0.030896395281024336	-0.0009545872413613028	-4.710930523222495e-06	-0.0009590556099181988	0.0	(-0.0009590556099181988+0j)
-0.029810667396585683	-0.0008886758906298567	-4.3880075268031005e-06	-0.0008928251641343951	0.0	(-0.0008928251641343951+0j)
-0.028753728598301782	-0.0008267769083047978	-4.084426410776165e-06	-0.0008306267175200652	0.0	(-0.0008306267175200652+0j)
-0.02772500574973721	-0.0007686759438229613	-3.799193606452561e-06	-0.0007722449018986914	0.0	(-0.0007722449018986914+0j)
-0.02672393640931522	-0.0007141687772091237	-3.5313578852953775e-06	-0.0007174745220268797	0.0	(-0.0007174745220268797+0j)
-0.025749968570627883	-0.0006630608813883238	-3.280009018533786e-06	-0.000666120116732006	0.0	(-0.000666120116732006+0j)
-0.024802560409188133	-0.0006151670028514266	-3.04427644672034e-06	-0.0006179955383613125	0.0	(-0.0006179955383613125+0j)
-0.023881180035433255	-0.0005703107598847759	-2.8233279626872776e-06	-0.000572923549871769	0.0	(-0.000572923549871769+0j)
-0.022985305253795843	-0.0005283242576101748	-2.6163684108786167e-06	-0.0005307354386544268	0.0	(-0.0005307354386544268+0j)
-0.02211442332766371	-0.0004890477191151169	-2.4226384056982853e-06	-0.0004912706464841424	0.0	(-0.0004912706464841424+0j)
-0.021268030750055813	-0.0004523291319853196	-2.241413071056575e-06	-0.00045437641487036537	0.0	(-0.00045437641487036537+0j)
-0.020445633019846577	-0.00041802390958224064	-2.0720008030994386e-06	-0.00041990744517709285	0.0	(-0.00041990744517709285+0j)
-0.0196467444233761	-0.00038599456643745983	-1.913742057588208e-06	-0.00038772557285673054	0.0	(-0.00038772557285673054+0j)
-0.01887088782128885	-0.0003561104071636678	-1.766008163373023e-06	-0.0003576994552094207	0.0	(-0.0003576994552094207+0j)
-0.01811759444044789	-0.0003282472283085483	-1.6282001630077425e-06	-0.00032970427211565835	0.0	(-0.00032970427211565835+0j)
-0.017386403670776745	-0.00030228703260319905	-1.499747681349417e-06	-0.00030362143917944315	0.0	(-0.00030362143917944315+0j)
-0.01667686286688518	-0.00027811775508089373	-1.380107822732124e-06	-0.0002793383327510323	0.0	(-0.0002793383327510323+0j)
-0.01598852715433943	-0.00025563300056504927	-1.268764097311914e-06	-0.0002567480263460862	0.0	(-0.0002567480263460862+0j)
-0.015320959240441951	-0.00023473179204728362	-1.1652253768951182e-06	-0.00023574903798262198	0.0	(-0.00023574903798262198+0j)
-0.014673729229389235	-0.00021531832949743198	-1.0690248801875635e-06	-0.00021624508797060397	0.0	(-0.00021624508797060397+0j)
-0.014046414441680602	-0.00019730175866745336	-9.797191879157285e-07	-0.0001981448667028627	0.0	(-0.0001981448667028627+0j)
-0.013438599237654378	-0.0001805959494702848	-8.968872873965639e-07	-0.00018136181208008083	0.0	(-0.00018136181208008083+0j)
-0.012849874845031441	-0.00016511928353297182	-8.201296465837338e-07	-0.0001658138961012874	0.0	(-0.0001658138961012874+0j)
-0.012279839190349848	-0.00015079445054085202	-7.490673172155793e-07	-0.00015142342029452087	0.0	(-0.00015142342029452087+0j)
-0.011728096734177362	-0.0001375482530062217	-6.833410669815354e-07	-0.00013811681958595596	0.0	(-0.00013811681958595596+0j)
-0.011194258309992119	-0.0001253114191108276	-6.226105400131132e-07	-0.0001258244742747248	0.0	(-0.0001258244742747248+0j)
-0.010677940966624817	-0.00011401842328672454	-5.665534454080134e-07	-0.000114480529768227	0.0	(-0.000114480529768227+0j)
-0.010178767814158789	-0.00010360731421455489	-5.148647733710376e-07	-0.00010402272377111647	0.0	(-0.00010402272377111647+0j)
-0.00969636787318723	-9.401954993217744e-05	-4.6725603838893015e-07	-9.439222059479055e-05	0.0	(-9.439222059479055e-05+0j)
-0.009230375927329837	-8.519983975983015e-05	-4.234545486481167e-07	-8.553345232415514e-05	0.0	(-8.553345232415514e-05+0j)
-0.008780432378913766	-7.709599276067726e-05	-3.8320270162595094e-07	-7.7393966537619e-05	0.0	(-7.7393966537619e-05+0j)
-0.008346183107726328	-6.965877246769631e-05	-3.462573046342232e-07	-6.992428031975617e-05	0.0	(-6.992428031975617e-05+0j)
-0.00792727933274973	-6.2841757619441e-05	-3.123889202316654e-07	-6.307774030993521e-05	0.0	(-6.307774030993521e-05+0j)
-0.007523377476790291	-5.660120865827544e-05	-2.813812353674727e-07	-5.68103885380077e-05	0.0	(-5.68103885380077e-05+0j)
-0.007134139033917196	-5.089593975526098e-05	-2.5303045431135374e-07	-5.1080833806062984e-05	0.0	(-5.1080833806062984e-05+0j)
-0.006759230439628037	-4.5687196135994224e-05	-2.2714471353824095e-07	-4.585012839917227e-05	0.0	(-4.585012839917227e-05+0j)
-0.00639832294366065	-4.093853649137429e-05	-2.0354351976115126e-07	-4.1081649903015005e-05	0.0	(-4.1081649903015005e-05+0j)
-0.006051092485372929	-3.661572026653673e-05	-1.8205720797581648e-07	-3.674098792152002e-05	0.0	(-3.674098792152002e-05+0j)
-0.005717219571614335	-3.268659963005e-05	-1.6252642165426323e-07	-3.279583549427625e-05	0.0	(-3.279583549427625e-05+0j)
-0.005396389157014874	-2.91210159339477e-05	-1.448016120342288e-07	-2.9215885030787355e-05	0.0	(-2.9215885030787355e-05+0j)
-0.00508829052661923	-2.5890700483282996e-05	-1.2874255717054695e-07	-2.5972728569862198e-05	0.0	(-2.5972728569862198e-05+0j)
-0.004792617180795609	-2.2969179441657252e-05	-1.1421790024890299e-07	-2.303976219854468e-05	0.0	(-2.303976219854468e-05+0j)
-0.004509066722350688	-2.0331682706610376e-05	-1.0110470549662409e-07	-2.0392094457641674e-05	0.0	(-2.0392094457641674e-05+0j)
-0.004237340745783784	-1.7955056595879472e-05	-8.928803219010462e-08	-1.8006458578403126e-05	0.0	(-1.8006458578403126e-05+0j)
-0.003977144728615041	-1.5817680192350406e-05	-7.86605256486439e-08	-1.5861128394771777e-05	0.0	(-1.5861128394771777e-05+0j)
-0.0037281879247241132	-1.389938520205869e-05	-6.912202432651782e-08	-1.3935837787979393e-05	0.0	(-1.3935837787979393e-05+0j)
-0.003490183259637317	-1.2181379185852567e-05	-6.057918300328424e-08	-1.2211703519720121e-05	0.0	(-1.2211703519720121e-05+0j)
-0.0032628472277028246	-1.0646172031328008e-05	-5.294511251641154e-08	-1.0671151322921997e-05	0.0	(-1.0671151322921997e-05+0j)
-0.0030458997910948536	-9.277505537391672e-06	-4.6139031262271146e-08	-9.297845121212274e-06	0.0	(-9.297845121212274e-06+0j)
-0.0028390642805893175	-8.060285989318138e-06	-4.008593501581004e-08	-8.076619252899332e-06	0.0	(-8.076619252899332e-06+0j)
-0.0026420672980546644	-6.9805196074498744e-06	-3.471627740836425e-08	-6.993413585345347e-06	0.0	(-6.993413585345347e-06+0j)
-0.0024546386206030298	-6.0252507577559444e-06	-2.9965664172237894e-08	-6.035211402208029e-06	0.0	(-6.035211402208029e-06+0j)
-0.0022765111063480586	-5.182502817326061e-06	-2.577456381658294e-08	-5.189979964535146e-06	0.0	(-5.189979964535146e-06+0j)
-0.0021074206017169745	-4.441221592541135e-06	-2.2088022966215703e-08	-4.446613628974581e-06	0.0	(-4.446613628974581e-06+0j)
-0.001947105850265665	-3.791221192138778e-06	-1.885540346080461e-08	-3.794879444831887e-06	0.0	(-3.794879444831887e-06+0j)
-0.001795308402946694	-3.223132261691009e-06	-1.6030123006771646e-08	-3.225365114695919e-06	0.0	(-3.225365114695919e-06+0j)
-0.001651772529781229	-2.728352490139881e-06	-1.3569409595959314e-08	-2.7294292439199726e-06	0.0	(-2.7294292439199726e-06+0j)
-0.0015162451328869407	-2.2989993030033365e-06	-1.1434069691063087e-08	-2.2991537889816286e-06	0.0	(-2.2991537889816286e-06+0j)
-0.0013884756608149335	-1.9278646606754663e-06	-9.588260851955965e-09	-1.9272986175435996e-06	0.0	(-1.9272986175435996e-06+0j)
-0.0012682160241497663	-1.6083718839102408e-06	-7.999281237403011e-09	-1.6072581120514432e-06	0.0	(-1.6072581120514432e-06+0j)
-0.001155220512327529	-1.3345344321022784e-06	-6.637357330419036e-09	-1.3330197257419474e-06	0.0	(-1.3330197257419474e-06+0j)
-0.001049245711627873	-1.1009165633694817e-06	-5.475460085335726e-09	-1.0991244485226e-06	0.0	(-1.0991244485226e-06+0j)
-0.0009500504242967501	-9.025958087064349e-07	-4.4891095285493066e-09	-9.006290765171379e-07	0.0	(-9.006290765171379e-07+0j)
-0.0008573955887574404	-7.351271956207178e-07	-3.6562006755502807e-09	-7.330702523053519e-07	0.0	(-7.330702523053519e-07+0j)
-0.0007710442008682636	-5.945091596925792e-07	-2.956831224310008e-09	-5.924301955494517e-07	0.0	(-5.924301955494517e-07+0j)
-0.0006907612361861271	-4.771510854173865e-07	-2.3731416831651586e-09	-4.751040757043903e-07	0.0	(-4.751040757043903e-07+0j)
-0.0006163135731958032	-3.7984242050537864e-07	-1.889176814984239e-09	-3.778689791870131e-07	0.0	(-3.778689791870131e-07+0j)
-0.0005474699174655237	-2.997233105297073e-07	-1.4906902379152598e-09	-2.978543420683869e-07	0.0	(-2.978543420683869e-07+0j)
-0.00048400072669017	-2.3425670343661265e-07	-1.1651053455352667e-09	-2.3251400536021125e-07	0.0	(-2.3251400536021125e-07+0j)
-0.0004256781365839621	-1.812018759655943e-07	-9.012239843286807e-10	-1.7959944686854747e-07	0.0	(-1.7959944686854747e-07+0j)
-0.00037227588758517846	-1.3858933647733242e-07	-6.89283297106158e-10	-1.3713472886087363e-07	0.0	(-1.3713472886087363e-07+0j)
-0.0003235692523360205	-1.0469706105729132e-07	-5.207141384744318e-10	-1.0339248847894092e-07	0.0	(-1.0339248847894092e-07+0j)
-0.0002793349639012882	-7.802802205773399e-08	-3.880700205627363e-10	-7.687138656940875e-08	0.0	(-7.687138656940875e-08+0j)
-0.00023935114469007788	-5.728897046445059e-08	-2.8489921533036977e-10	-5.6274755700894516e-08	0.0	(-5.6274755700894516e-08+0j)
-0.000203397236045202	-4.1370435630827624e-08	-2.0577317627612501e-10	-4.0490612338731325e-08	0.0	(-4.0490612338731325e-08+0j)
-0.00017125392846552152	-2.932790801487396e-08	-1.4586021279683337e-10	-2.9802223908043916e-08	0.0	(-2.9802223908043916e-08+0j)
-0.00014270309242682625	-2.0364172588179316e-08	-1.0129497240995988e-10	-2.8572453889340322e-08	0.0	(-2.8572453889340322e-08+0j)
-0.00011752770976733008	-1.3812762563153774e-08	-6.866684998385608e-11	-1.9721775610562594e-08	0.0	(-1.9721775610562594e-08+0j)
-9.551180560424546e-05	-9.122505009783175e-09	-4.547473508864641e-11	-1.3271303201841614e-08	0.0	(-1.3271303201841614e-08+0j)
-7.644038074828435e-05	-5.843131808942681e-09	-2.9103830456733704e-11	-8.669669079784136e-09	0.0	(-8.669669079784136e-09+0j)
-6.009934458328253e-05	-3.611931219340131e-09	-1.8189894035458565e-11	-5.466185529325506e-09	0.0	(-5.466185529325506e-09+0j)
-4.627544837847556e-05	-2.141417122628957e-09	-1.0913936421275139e-11	-3.2986815295985784e-09	0.0	(-3.2986815295985784e-09+0j)
-3.475621900126083e-05	-1.2079947592636043e-09	-5.4569682106375694e-12	-1.8797539153641373e-09	0.0	(-1.8797539153641373e-09+0j)
-2.532989299856304e-05	-6.416034793186529e-10	-3.637978807091713e-12	-9.87526516153074e-10	0.0	(-9.87526516153074e-10+0j)
-1.778535101518103e-05	-3.163187107332009e-10	-0.0	-4.6157252754470857e-10	-1.7397166049405373e-11	(-4.6157252754470857e-10-1.7397166049405373e-11j)
-1.1912052517731514e-05	-1.418969951851937e-10	-0.0	-4.6157252754470857e-10	1.7397166049405373e-11	(-4.6157252754470857e-10+1.7397166049405373e-11j)
-7.499970793020954e-06	-5.6249561896167364e-11	-0.0	-1.9219441712081316e-10	0.0	(-1.9219441712081316e-10+0j)
-4.3395281898695236e-06	-1.8831504910672262e-11	-0.0	-7.169918686195176e-11	0.0	(-7.169918686195176e-11+0j)
-2.221531573583016e-06	-4.935202532426231e-12	4.656612873077393e-10	-2.3239617525862992e-11	0.0	(-2.3239617525862992e-11+0j)
-9.37107962417716e-07	-8.781713332266833e-13	-0.0	-1.131334094080319e-12	0.0	(-1.131334094080319e-12+0j)
-2.7764031551128097e-07	-7.708414479720364e-14	2.9802322387695312e-08	-5.234979449157333e-14	-4.83582473869301e-10	(-5.234979449157333e-14-4.83582473869301e-10j)
-3.470344185902262e-08	-1.2043288768625633e-15	-0.0	-5.234979449157333e-14	4.83582473869301e-10	(-5.234979449157333e-14+4.83582473869301e-10j)
3.470344185902262e-08	1.2043288768625633e-15	0.0	-1.2241600942267198e-14	0.0	(-1.2241600942267198e-14+0j)
2.7764031551128097e-07	7.708414479720364e-14	-2.9802322387695312e-08	7.811931300628586e-14	0.0	(7.811931300628586e-14+0j)
9.37107962417716e-07	8.781713332266833e-13	0.0	1.0837116521243143e-12	0.0	(1.0837116521243143e-12+0j)
2.221531573583016e-06	4.935202532426231e-12	-4.656612873077393e-10	2.3305096965378923e-11	0.0	(2.3305096965378923e-11+0j)
4.3395281898695236e-06	1.8831504910672262e-11	0.0	7.180844426614036e-11	0.0	(7.180844426614036e-11+0j)
7.499970793020954e-06	5.6249561896167364e-11	0.0	1.921746366482178e-10	0.0	(1.921746366482178e-10+0j)
1.1912052517731514e-05	1.418969951851937e-10	0.0	4.6164907016120183e-10	-1.742518948053933e-11	(4.6164907016120183e-10-1.742518948053933e-11j)
1.778535101518103e-05	3.163187107332009e-10	0.0	4.6164907016120183e-10	1.742518948053933e-11	(4.6164907016120183e-10+1.742518948053933e-11j)
2.532989299856304e-05	6.416034793186529e-10	3.637978807091713e-12	9.875545948810575e-10	0.0	(9.875545948810575e-10+0j)
3.475621900126083e-05	1.2079947592636043e-09	5.4569682106375694e-12	1.879763044988451e-09	0.0	(1.879763044988451e-09+0j)
4.627544837847556e-05	2.141417122628957e-09	1.0913936421275139e-11	3.2986954212359423e-09	0.0	(3.2986954212359423e-09+0j)
6.009934458328253e-05	3.611931219340131e-09	1.8189894035458565e-11	5.466211411841381e-09	0.0	(5.466211411841381e-09+0j)
7.644038074828435e-05	5.843131808942681e-09	2.9103830456733704e-11	8.66967952646646e-09	0.0	(8.66967952646646e-09+0j)
9.551180560424546e-05	9.122505009783175e-09	4.547473508864641e-11	1.3271302856168549e-08	0.0	(1.3271302856168549e-08+0j)
0.00011752770976733008	1.3812762563153774e-08	6.866684998385608e-11	1.972175673082468e-08	0.0	(1.972175673082468e-08+0j)
0.00014270309242682625	2.0364172588179316e-08	1.0129497240995988e-10	2.8572435656132244e-08	0.0	(2.8572435656132244e-08+0j)
0.00017125392846552152	2.932790801487396e-08	1.4586021279683337e-10	2.9802295406952386e-08	0.0	(2.9802295406952386e-08+0j)
0.000203397236045202	4.1370435630827624e-08	2.0577317627612501e-10	4.049063312394364e-08	0.0	(4.049063312394364e-08+0j)
0.00023935114469007788	5.728897046445059e-08	2.8489921533036977e-10	5.627476238147369e-08	0.0	(5.627476238147369e-08+0j)
0.0002793349639012882	7.802802205773399e-08	3.880700205627363e-10	7.687140335051952e-08	0.0	(7.687140335051952e-08+0j)
0.0003235692523360205	1.0469706105729132e-07	5.207141384744318e-10	1.0339248727806782e-07	0.0	(1.0339248727806782e-07+0j)
0.00037227588758517846	1.3858933647733242e-07	6.89283297106158e-10	1.3713473287171398e-07	0.0	(1.3713473287171398e-07+0j)
0.0004256781365839621	1.812018759655943e-07	9.012239843286807e-10	1.795994570722038e-07	0.0	(1.795994570722038e-07+0j)
0.00048400072669017	2.3425670343661265e-07	1.1651053455352667e-09	2.3251400850663567e-07	0.0	(2.3251400850663567e-07+0j)
0.0005474699174655237	2.997233105297073e-07	1.4906902379152598e-09	2.978543637146727e-07	0.0	(2.978543637146727e-07+0j)
0.0006163135731958032	3.7984242050537864e-07	1.889176814984239e-09	3.778689996606424e-07	0.0	(3.778689996606424e-07+0j)
0.0006907612361861271	4.771510854173865e-07	2.3731416831651586e-09	4.751040921387959e-07	0.0	(4.751040921387959e-07+0j)
0.0007710442008682636	5.945091596925792e-07	2.956831224310008e-09	5.92430241595318e-07	0.0	(5.92430241595318e-07+0j)
0.0008573955887574404	7.351271956207178e-07	3.6562006755502807e-09	7.330702862790083e-07	0.0	(7.330702862790083e-07+0j)
0.0009500504242967501	9.025958087064349e-07	4.4891095285493066e-09	9.006290899012586e-07	0.0	(9.006290899012586e-07+0j)
0.001049245711627873	1.1009165633694817e-06	5.475460085335726e-09	1.0991244696541683e-06	0.0	(1.0991244696541683e-06+0j)
0.001155220512327529	1.3345344321022784e-06	6.637357330419036e-09	1.33301972276294e-06	0.0	(1.33301972276294e-06+0j)
0.0012682160241497663	1.6083718839102408e-06	7.999281237403011e-09	1.6072581441937976e-06	0.0	(1.6072581441937976e-06+0j)
0.0013884756608149335	1.9278646606754663e-06	9.588260851955965e-09	1.927298602106081e-06	0.0	(1.927298602106081e-06+0j)
0.0015162451328869407	2.2989993030033365e-06	1.1434069691063087e-08	2.2991538287974427e-06	0.0	(2.2991538287974427e-06+0j)
0.001651772529781229	2.728352490139881e-06	1.3569409595959314e-08	2.7294292440471694e-06	0.0	(2.7294292440471694e-06+0j)
0.001795308402946694	3.223132261691009e-06	1.6030123006771646e-08	3.2253651332900094e-06	0.0	(3.2253651332900094e-06+0j)
0.001947105850265665	3.791221192138778e-06	1.885540346080461e-08	3.7948794504626634e-06	0.0	(3.7948794504626634e-06+0j)
0.0021074206017169745	4.441221592541135e-06	2.2088022966215703e-08	4.446613624845838e-06	0.0	(4.446613624845838e-06+0j)
0.0022765111063480586	5.182502817326061e-06	2.577456381658294e-08	5.189979994040256e-06	0.0	(5.189979994040256e-06+0j)
0.0024546386206030298	6.0252507577559444e-06	2.9965664172237894e-08	6.035211434947023e-06	0.0	(6.035211434947023e-06+0j)
0.0026420672980546644	6.9805196074498744e-06	3.471627740836425e-08	6.993413605600382e-06	0.0	(6.993413605600382e-06+0j)
0.0028390642805893175	8.060285989318138e-06	4.008593501581004e-08	8.076619258050632e-06	0.0	(8.076619258050632e-06+0j)
0.0030458997910948536	9.277505537391672e-06	4.6139031262271146e-08	9.297845088195683e-06	0.0	(9.297845088195683e-06+0j)
0.0032628472277028246	1.0646172031328008e-05	5.294511251641154e-08	1.0671151291802242e-05	0.0	(1.0671151291802242e-05+0j)
0.003490183259637317	1.2181379185852567e-05	6.057918300328424e-08	1.2211703481637505e-05	0.0	(1.2211703481637505e-05+0j)
0.0037281879247241132	1.389938520205869e-05	6.912202432651782e-08	1.3935837790594113e-05	0.0	(1.3935837790594113e-05+0j)
0.003977144728615041	1.5817680192350406e-05	7.86605256486439e-08	1.586112839052998e-05	0.0	(1.586112839052998e-05+0j)
0.004237340745783784	1.7955056595879472e-05	8.928803219010462e-08	1.8006458565235795e-05	0.0	(1.8006458565235795e-05+0j)
0.004509066722350688	2.0331682706610376e-05	1.0110470549662409e-07	2.039209445172166e-05	0.0	(2.039209445172166e-05+0j)
0.004792617180795609	2.2969179441657252e-05	1.1421790024890299e-07	2.3039762213966508e-05	0.0	(2.3039762213966508e-05+0j)
0.00508829052661923	2.5890700483282996e-05	1.2874255717054695e-07	2.5972728541194354e-05	0.0	(2.5972728541194354e-05+0j)
0.005396389157014874	2.91210159339477e-05	1.448016120342288e-07	2.9215885030702493e-05	0.0	(2.9215885030702493e-05+0j)
0.005717219571614335	3.268659963005e-05	1.6252642165426323e-07	3.279583550289074e-05	0.0	(3.279583550289074e-05+0j)
0.006051092485372929	3.661572026653673e-05	1.8205720797581648e-07	3.674098792071326e-05	0.0	(3.674098792071326e-05+0j)
0.00639832294366065	4.093853649137429e-05	2.0354351976115126e-07	4.108164986405705e-05	0.0	(4.108164986405705e-05+0j)
0.006759230439628037	4.5687196135994224e-05	2.2714471353824095e-07	4.5850128374367746e-05	0.0	(4.5850128374367746e-05+0j)
0.007134139033917196	5.089593975526098e-05	2.5303045431135374e-07	5.1080833797044015e-05	0.0	(5.1080833797044015e-05+0j)
0.007523377476790291	5.660120865827544e-05	2.813812353674727e-07	5.681038854333784e-05	0.0	(5.681038854333784e-05+0j)
0.00792727933274973	6.2841757619441e-05	3.123889202316654e-07	6.30777403084295e-05	0.0	(6.30777403084295e-05+0j)
0.008346183107726328	6.965877246769631e-05	3.462573046342232e-07	6.99242803069867e-05	0.0	(6.99242803069867e-05+0j)
0.008780432378913766	7.709599276067726e-05	3.8320270162595094e-07	7.739396650569536e-05	0.0	(7.739396650569536e-05+0j)
0.009230375927329837	8.519983975983015e-05	4.234545486481167e-07	8.55334523223657e-05	0.0	(8.55334523223657e-05+0j)
0.00969636787318723	9.401954993217744e-05	4.6725603838893015e-07	9.439222060094982e-05	0.0	(9.439222060094982e-05+0j)
0.010178767814158789	0.00010360731421455489	5.148647733710376e-07	0.00010402272378905159	0.0	(0.00010402272378905159+0j)
0.010677940966624817	0.00011401842328672454	5.665534454080134e-07	0.00011448052978477517	0.0	(0.00011448052978477517+0j)
0.011194258309992119	0.0001253114191108276	6.226105400131132e-07	0.0001258244743014084	0.0	(0.0001258244743014084+0j)
0.011728096734177362	0.0001375482530062217	6.833410669815354e-07	0.00013811681960834626	0.0	(0.00013811681960834626+0j)
0.012279839190349848	0.00015079445054085202	7.490673172155793e-07	0.00015142342030113212	0.0	(0.00015142342030113212+0j)
0.012849874845031441	0.00016511928353297182	8.201296465837338e-07	0.0001658138960934828	0.0	(0.0001658138960934828+0j)
0.013438599237654378	0.0001805959494702848	8.968872873965639e-07	0.00018136181205906303	0.0	(0.00018136181205906303+0j)
0.014046414441680602	0.00019730175866745336	9.797191879157285e-07	0.00019814486668483792	0.0	(0.00019814486668483792+0j)
0.014673729229389235	0.00021531832949743198	1.0690248801875635e-06	0.00021624508796245216	0.0	(0.00021624508796245216+0j)
0.015320959240441951	0.00023473179204728362	1.1652253768951182e-06	0.00023574903797388296	0.0	(0.00023574903797388296+0j)
0.01598852715433943	0.00025563300056504927	1.268764097311914e-06	0.0002567480263324568	0.0	(0.0002567480263324568+0j)
0.01667686286688518	0.00027811775508089373	1.380107822732124e-06	0.0002793383327337154	0.0	(0.0002793383327337154+0j)
0.017386403670776745	0.00030228703260319905	1.499747681349417e-06	0.0003036214391658744	0.0	(0.0003036214391658744+0j)
0.01811759444044789	0.0003282472283085483	1.6282001630077425e-06	0.0003297042721098688	0.0	(0.0003297042721098688+0j)
0.01887088782128885	0.0003561104071636678	1.766008163373023e-06	0.00035769945520786815	0.0	(0.00035769945520786815+0j)
0.0196467444233761	0.00038599456643745983	1.913742057588208e-06	0.0003877255728415494	0.0	(0.0003877255728415494+0j)
0.020445633019846577	0.00041802390958224064	2.0720008030994386e-06	0.00041990744517980547	0.0	(0.00041990744517980547+0j)
0.021268030750055813	0.0004523291319853196	2.241413071056575e-06	0.00045437641485188845	0.0	(0.00045437641485188845+0j)
0.02211442332766371	0.0004890477191151169	2.4226384056982853e-06	0.0004912706464798997	0.0	(0.0004912706464798997+0j)
0.022985305253795843	0.0005283242576101748	2.6163684108786167e-06	0.000530735438664861	0.0	(0.000530735438664861+0j)
0.023881180035433255	0.0005703107598847759	2.8233279626872776e-06	0.0005729235498681341	0.0	(0.0005729235498681341+0j)
0.024802560409188133	0.0006151670028514266	3.04427644672034e-06	0.0006179955383612966	0.0	(0.0006179955383612966+0j)
0.025749968570627883	0.0006630608813883238	3.280009018533786e-06	0.0006661201167319911	0.0	(0.0006661201167319911+0j)
0.02672393640931522	0.0007141687772091237	3.5313578852953775e-06	0.0007174745219873411	0.0	(0.0007174745219873411+0j)
0.02772500574973721	0.0007686759438229613	3.799193606452561e-06	0.0007722449018901681	0.0	(0.0007722449018901681+0j)
0.028753728598301782	0.0008267769083047978	4.084426410776165e-06	0.0008306267174842834	0.0	(0.0008306267174842834+0j)
0.029810667396585683	0.0008886758906298567	4.3880075268031005e-06	0.0008928251641142183	0.0	(0.0008928251641142183+0j)
0.030896395281024336	0.0009545872413613028	4.710930523222495e-06	0.0009590556099021277	0.0	(0.0009590556099021277+0j)
0.032011496349239346	0.001024735898517364	5.054232655274382e-06	0.001029544053974835	0.0	(0.001029544053974835+0j)
0.033156565933206816	0.0010993578644830908	5.4189962127183106e-06	0.0011045276045177036	0.0	(0.0011045276045177036+0j)
0.03433221087947522	0.0011787007038727565	5.80634986433598e-06	0.0011842549776159748	0.0	(0.0011842549776159748+0j)
0.035539049836649024	0.001263024063291823	6.217469993333516e-06	0.0012689870183612043	0.0	(0.0012689870183612043+0j)
0.03677771355036136	0.0013526002139924334	6.653582017294296e-06	0.0013589972443719999	0.0	(0.0013589972443719999+0j)
0.038048845165965975	0.0014477146184636524	7.115961685663641e-06	0.0014545724135200061	0.0	(0.0014545724135200061+0j)
0.03935310053918671	0.0015486665220473374	7.605936346884515e-06	0.0015560131164594347	0.0	(0.0015560131164594347+0j)
0.040691148554970594	0.0016557695707226853	8.12488617653144e-06	0.0016636343955477146	0.0	(0.0016636343955477146+0j)
0.04206367145479865	0.0017693524562572426	8.674245356795826e-06	0.0017777663907496339	0.0	(0.0017777663907496339+0j)
0.04347136517271722	0.0018897595899797317	9.255503196779064e-06	0.0018987550142021456	0.0	(0.0018987550142021456+0j)
0.04491493968036148	0.0020173518064905104	9.870205181917828e-06	0.0020269626548308746	0.0	(0.0020269626548308746+0j)
0.04639511934125177	0.0021525070986889937	1.0519953939833876e-05	0.0021627689140763778	0.0	(0.0021627689140763778+0j)
0.04791264327465291	0.0022956213855641425	1.1206410108629931e-05	0.0023065713741662955	0.0	(0.0023065713741662955+0j)
0.049468265729297044	0.0024471093142643444	1.1931293092448496e-05	0.0024587864009139536	0.0	(0.0024587864009139536+0j)
0.05106275646727974	0.0026074050980367186	1.2696381687756463e-05	0.0026198499820771063	0.0	(0.0026198499820771063+0j)
0.052696901158450896	0.002776963391703543	1.3503514562402882e-05	0.002790218602907645	0.0	(0.002790218602907645+0j)
0.05437150178563229	0.0029562602064250156	1.4354590568028784e-05	0.002970370161447167	0.0	(0.002970370161447167+0j)
0.05608737706100519	0.003145793865583371	1.5251568864877926e-05	0.003160804924225134	0.0	(0.003160804924225134+0j)
0.05784536285402355	0.0033460860037136477	1.619646883640677e-05	0.0033620465254147656	0.0	(0.0033620465254147656+0j)
0.059646312631220576	0.003557682610501303	1.7191369769479527e-05	0.0035746430102073933	0.0	(0.0035746430102073933+0j)
0.06149109790828906	0.003781155121966791	1.823841027417516e-05	0.003799167925862713	0.0	(0.003799167925862713+0j)
0.06338060871482991	0.004017101561062373	1.9339787415491045e-05	0.004036221461494932	0.0	(0.004036221461494932+0j)
0.06531575407217595	0.004266147730016969	2.049775552744569e-05	0.004286431639438223	0.0	(0.004286431639438223+0j)
0.06729746248471398	0.004528948456881485	2.1714624678272152e-05	0.004550455560792635	0.0	(0.004550455560792635+0j)
0.06932668244514165	0.004806188898849511	2.2992758753595435e-05	0.004828980707156454	0.0	(0.004828980707156454+0j)
0.07140438295411211	0.005098585905057496	2.4334573122720277e-05	0.005122726301601786	0.0	(0.005122726301601786+0j)
0.0735315540547355	0.00540688944170449	2.5742531851420582e-05	0.005432444731522697	0.0	(0.005432444731522697+0j)
0.07570920738242252	0.005731884082474661	2.721914442297378e-05	0.005758923036485969	0.0	(0.005758923036485969+0j)
0.07793837673057366	0.0060743905673968255	2.876696192765857e-05	0.006102984463710683	0.0	(0.006102984463710683+0j)
0.0802201186326351	0.00643526743343405	3.038857267952111e-05	0.006465490095197286	0.0	(0.006465490095197286+0j)
0.08255551296106181	0.0068154127202640444	3.20865972180521e-05	0.00684734054910288	0.0	(0.00684734054910288+0j)
0.08494566354374737	0.007215765754887531	3.386368265143459e-05	0.007249477759213254	0.0	(0.007249477759213254+0j)
0.08739169879850106	0.007637309018887932	3.5722496297398544e-05	0.007672886836701511	0.0	(0.007672886836701511+0j)
0.08989477238617372	0.008081070102361981	3.766571857740709e-05	0.008118598017506083	0.0	(0.008118598017506083+0j)
0.09245606388305627	0.008548123748747782	3.9696035120057125e-05	0.008587688699884348	0.0	(0.008587688699884348+0j)
0.09507677947319713	0.00903959399499496	4.181612803021628e-05	0.009081285576320576	0.0	(0.009081285576320576+0j)
0.09775815266131012	0.009556656411752015	4.402866628167284e-05	0.009600566864556877	0.0	(0.009600566864556877+0j)
0.10050144500696728	0.010100540448488468	4.633629519298519e-05	0.010146764642211523	0.0	(0.010146764642211523+0j)
0.10330794688080004	0.010672531888726203	4.874162494894149e-05	0.010721167291308356	0.0	(0.010721167291308356+0j)
0.10617897824345514	0.011273975420824119	5.124721813361765e-05	0.011325122056109561	0.0	(0.011325122056109561+0j)
0.10911588944808466	0.011906277330046634	5.385557624561677e-05	0.01196003772230963	0.0	(0.01196003772230963+0j)
0.11212006206717451	0.012570908317947065	5.65691251717713e-05	0.012627387421091393	0.0	(0.012627387421091393+0j)
0.11519290974454892	0.013269406455415793	5.9390199602507576e-05	0.013328711566774037	0.0	(0.013328711566774037+0j)
0.11833587907341994	0.014003380276079067	6.2321026380359e-05	0.014065620932851877	0.0	(0.014065620932851877+0j)
0.12155045050138329	0.014774512017089228	6.536370678284539e-05	0.014839799875017264	0.0	(0.014839799875017264+0j)
0.12483813926329666	0.015584561014722251	6.852019775227156e-05	0.015653009706929753	0.0	(0.015653009706929753+0j)
0.12820049634301459	0.016435367262595296	7.179229209800864e-05	0.016507092238125527	0.0	(0.016507092238125527+0j)
0.1316391094649878	0.017328855140735042	7.518159771163747e-05	0.017403973481393144	0.0	(0.017403973481393144+0j)
0.13515560411677824	0.018267037324171283	7.86895158520018e-05	0.0183456675389692	0.0	(0.0183456675389692+0j)
0.1387516446035787	0.01925201888019781	8.231721857583521e-05	0.019334280676244986	0.0	(0.019334280676244986+0j)
0.14242893513587063	0.020286001563938044	8.606562541018878e-05	0.020372015593145405	0.0	(0.020372015593145405+0j)
0.14618922095139725	0.021371288322376444	8.9935379385412e-05	0.021461175903341942	0.0	(0.021461175903341942+0j)
0.1500342894726754	0.022510288017570552	9.392682257186726e-05	0.022604170831535843	0.0	(0.022604170831535843+0j)
0.15396597150131844	0.0237055203803448	9.803997128979877e-05	0.023803520143205362	0.0	(0.023803520143205362+0j)
0.1579861424504933	0.024959621206387565	0.000102274491189646	0.025061859313220292	0.0	(0.025061859313220292+0j)
0.16209672361688598	0.02627534780732912	0.00010662967242937906	0.02638194495256174	0.0	(0.02638194495256174+0j)
0.1662996834936075	0.02765558473007403	0.00011110440520579708	0.027766660503207335	0.0	(0.027766660503207335+0j)
0.17059703912552715	0.02910334975839664	0.00011569715592777276	0.02921902221488904	0.0	(0.02921902221488904+0j)
0.17499085750858182	0.030621800211588786	0.00012040594435062902	0.03074218542173075	0.0	(0.03074218542173075+0j)
0.17948325703467147	0.032214239555773946	0.0001252283220215734	0.03233945113207668	0.0	(0.03233945113207668+0j)
0.18407640898381836	0.033884124344377965	0.00013016135241564834	0.034014272949055215	0.0	(0.034014272949055215+0j)
0.18877253906533345	0.035635071505172845	0.00013520159316911918	0.035770264340773406	0.0	(0.035770264340773406+0j)
0.19357392900980788	0.03747086599229414	0.00014034508084162983	0.03761120627880885	0.0	(0.03761120627880885+0j)
0.19848291821381936	0.0393954688226737	0.00014558731865869408	0.03954105526189434	0.0	(0.03954105526189434+0j)
0.2035019054393242	0.04141302551743565	0.0001509232677009498	0.04156395174966737	0.0	(0.04156395174966737+0j)
0.20863335056978574	0.043527874969975115	0.00015634734201475269	0.04368422902695593	0.0	(0.04368422902695593+0j)
0.21387977642517536	0.045744558763682996	0.0001618534081187446	0.04590642252249748	0.0	(0.04590642252249748+0j)
0.21924377063807438	0.048067830963600566	0.00016743478937155775	0.048235279603872666	0.0	(0.048235279603872666+0j)
0.22472798759319407	0.05050266840768679	0.0001730842756453621	0.05067576988190481	0.0	(0.05067576988190481+0j)
0.23033515043273323	0.053054281524869844	0.00017879413871715308	0.05323309604105107	0.0	(0.05323309604105107+0j)
0.2360680531300946	0.05572812570863317	0.0001845561537432047	0.05591270523783777	0.0	(0.05591270523783777+0j)
0.24192956263458582	0.058529913276561985	0.00019036162712088455	0.05872030108645963	0.0	(0.05872030108645963+0j)
0.24792262108984528	0.061465626048059	0.00019620143096520402	0.06166185627228786	0.0	(0.06166185627228786+0j)
0.2540502481288529	0.06454152857433174	0.00020206604433456002	0.06474362582203835	0.0	(0.06474362582203835+0j)
0.2603155432485035	0.06776418205676349	0.00020794560123107894	0.06797216106999124	0.0	(0.06797216106999124+0j)
0.2667216882668555	0.07114045899192165	0.00021382994527631492	0.07135432435833515	0.0	(0.07135432435833515+0j)
0.27327194986629844	0.07467755858372872	0.00021970869082392822	0.07489730450945978	0.0	(0.07489730450945978+0j)
0.2799696822260281	0.07838302296574315	0.0002255712901192763	0.07860863311462113	0.0	(0.07860863311462113+0j)
0.28681832974736315	0.08226475427906714	0.00023140710595427768	0.08249620168559185	0.0	(0.08249620168559185+0j)
0.2938214298755963	0.08633103265413994	0.00023720548909802168	0.08656827971091592	0.0	(0.08656827971091592+0j)
0.30098261602223375	0.0905905351475874	0.0002429558596138174	0.09083353367716263	0.0	(0.09083353367716263+0j)
0.3083056205916502	0.09505235568840255	0.00024864779100697705	0.0953010470960568	0.0	(0.0953010470960568+0j)
0.3157942781163639	0.0997260260910354	0.0002542710959906621	0.09998034160447392	0.0	(0.09998034160447392+0j)
0.32345252850532874	0.1046215381964905	0.00025981591251625856	0.10488139919188291	0.0	(0.10488139919188291+0j)
0.3312844204098322	0.10974936720627844	0.00026527278859708855	0.11001468561708797	0.0	(0.11001468561708797+0j)
0.3392941147118041	0.11512049627806688	0.000270632764367084	0.11539117508709591	0.0	(0.11539117508709591+0j)
0.34748588813954967	0.12074644245613163	0.00027588744976638966	0.12102237626608317	0.0	(0.12102237626608317+0j)
0.3558641370161595	0.12663928401425592	0.0002810290962402533	0.12692035968714765	0.0	(0.12692035968714765+0j)
0.3644333811460802	0.13281168929356416	0.0002860506608814038	0.1330977866574566	0.0	(0.1330977866574566+0j)
0.3731982678455901	0.13927694712294883	0.00029094586154340826	0.1395679397313032	0.0	(0.1395679397313032+0j)
0.38216357612318463	0.14604899891526113	0.0002957092216051682	0.14634475485218096	0.0	(0.14634475485218096+0j)
0.39133422101615867	0.15314247253832372	0.0003003361032743425	0.15344285525678777	0.0	(0.15344285525678777+0j)
0.4007152580899652	0.16057271806610743	0.0003048227285768697	0.1608775872477865	0.0	(0.1608775872477865+0j)
0.41031188810723823	0.1683558455221268	0.00030916618748471925	0.1686650579444736	0.0	(0.1686650579444736+0j)
0.4201294618736933	0.17650876473427912	0.0003133644329753096	0.17682217513306706	0.0	(0.17682217513306706+0j)
0.4301734852684612	0.18504922742801502	0.00031741626318155906	0.1853666893419618	0.0	(0.1853666893419618+0j)
0.4404496244667679	0.19399587169291685	0.0003213212911666561	0.1943172382787436	0.0	(0.1943172382787436+0j)
0.45096371136325314	0.2033682689665195	0.00032507990322580733	0.20369339377178045	0.0	(0.20369339377178045+0j)
0.4617217492046207	0.21318697368857467	0.0003286932069608963	0.21351571137227385	0.0	(0.21351571137227385+0j)
0.47272991844072854	0.22347357578897786	0.0003321629706756282	0.22380578278135377	0.0	(0.22380578278135377+0j)
0.4839945828036719	0.23425075618330043	0.00033549155588205235	0.2345862912805942	0.0	(0.2345862912805942+0j)
0.49552229562487815	0.24554234546134915	0.000338681844880516	0.24588107034467455	0.0	(0.24588107034467455+0j)
0.5073198064007199	0.257373385966464	0.0003417371654639469	0.25771516564783736	0.0	(0.25771516564783736+0j)
0.5193940676176739	0.2697701974764328	0.00034466121479839057	0.2701149006675132	0.0	(0.2701149006675132+0j)
0.5317522418485942	0.28276044671100575	0.00034745798444479154	0.2831079461172948	0.0	(0.2831079461172948+0j)
0.5444017091322467	0.29637322090611135	0.00035013168831763347	0.2967233934493921	0.0	(0.2967233934493921+0j)
0.5573500746488577	0.3106391057110872	0.0003526866951352128	0.3109918326841142	0.0	(0.3109918326841142+0j)
0.5706051767050645	0.3255902676826179	0.0003551274666197615	0.3259454348415452	0.0	(0.3259454348415452+0j)
0.584175095042342	0.3412605416677293	0.00035745850237269916	0.3416180392700731	0.0	(0.3416180392700731+0j)
0.598068159483679	0.35768552338819526	0.00035968429200235066	0.358045246182652	0.0	(0.358045246182652+0j)
0.6122929589340428	0.3749026675602054	0.0003618092747401293	0.37526451473616207	0.0	(0.37526451473616207+0j)
0.6268583507509564	0.3929513919062091	0.0003638378064664679	0.3933152670101798	0.0	(0.3933152670101798+0j)
0.6417734705023628	0.4118731874406471	0.00036577413379641424	0.41223899826696075	0.0	(0.41223899826696075+0j)
0.6570477421298259	0.43171173543790214	0.0003676223746589305	0.4320793938999362	0.0	(0.4320793938999362+0j)
0.6726908885360721	0.4525130315194501	0.0003693865046502988	0.4528824535072721	0.0	(0.4528824535072721+0j)
0.6887129426168537	0.4743255173279656	0.00037107034835178224	0.47469662255685763	0.0	(0.47469662255685763+0j)
0.7051242587581799	0.4972002202892726	0.00037267757477083224	0.49757293214450693	0.0	(0.49757293214450693+0j)
0.721935524821055	0.5211909019986521	0.00037421169608542937	0.5215651473783287	0.0	(0.5215651473783287+0j)
0.7391577746370641	0.5463542158064169	0.00037567606893152756	0.5467299249659652	0.0	(0.5467299249659652+0j)
0.7568024010393578	0.572749874218937	0.00037707389756155103	0.5731269806187439	0.0	(0.5731269806187439+0j)
0.7748811694549418	0.6004408267758582	0.00037840823830513094	0.6008192669329773	0.0	(0.6008192669329773+0j)
0.7934062320855423	0.6294934491121774	0.00037968200487071565	0.6298731624578735	0.0	(0.6298731624578735+0j)
0.8123901427058198	0.6599777439655822	0.0003808979741295304	0.6603586727084036	0.0	(0.6603586727084036+0j)
0.8318458721092578	0.6919675549452116	0.0003820587921154006	0.6923496439402352	0.0	(0.6923496439402352+0j)
0.8517868242337273	0.7255407939381787	0.0003831669800516482	0.7259239905618022	0.0	(0.7259239905618022+0j)
0.8722268530004768	0.7607796830951152	0.0003842249402784336	0.7611639371264945	0.0	(0.7611639371264945+0j)
0.8931802799021815	0.7977710124061393	0.00038523496200114664	0.7981562759138923	0.0	(0.7981562759138923+0j)
0.9146619123776685	0.8366064139543736	0.0003861992268145472	0.836992641188818	0.0	(0.836992641188818+0j)
0.9366870630130316	0.877382654015979	0.0003871198139807186	0.8777698013069801	0.0	(0.8777698013069801+0j)
0.9592715696111017	0.9202019442641468	0.0003879987054540319	0.9205899699236222	0.0	(0.9205899699236222+0j)
0.9824318161736062	0.9651722734301703	0.00038883779065552695	0.965561137659592	0.0	(0.965561137659592+0j)
1.0061847548428828	1.0124077608782323	0.00038963887100430144	1.0127974256806016	0.0	(1.0127974256806016+0j)
1.0305479288526944	1.0620290336625782	0.00039040366421611266	1.0624194627586743	0.0	(1.0624194627586743+0j)
1.0555394965405518	1.1141636287570815	0.00039113380838046017	1.114554787505848	0.0	(1.114554787505848+0j)
1.0811782564769803	1.168946422278603	0.0003918308658276178	1.169338277601307	0.0	(1.169338277601307+0j)
1.1074836737704155	1.226520087668016	0.00039249632679682847	1.226912607976216	0.0	(1.226912607976216+0j)
1.1344759076098252	1.2870355849471367	0.00039313161291641306	1.2874287400740247	0.0	(1.2874287400740247+0j)
1.1621758401108537	1.3506526833373687	0.0003937380805060031	1.351046444472446	0.0	(1.351046444472446+0j)
1.1906051065351553	1.4175405197075885	0.00039431702371054604	1.4179348593344985	0.0	(1.4179348593344985+0j)
1.2197861269567585	1.4878781955161693	0.0003948696774751896	1.4882730873534742	0.0	(1.4882730873534742+0j)
1.249742139453741	1.5618554151264137	0.0003953972203696294	1.562250834071163	0.0	(1.562250834071163+0j)
1.2804972349081958	1.6396731686075352	0.0003959007772700145	1.640069090681667	0.0	(1.640069090681667+0j)
1.3120763935025515	1.7215444623866623	0.0003963814219060424	1.7219408646857806	0.0	(1.7219408646857806+0j)
1.3445055230056484	1.807695101392692	0.0003968401792804412	1.8080919620372535	0.0	(1.8080919620372535+0j)
1.3778114989477563	1.8983645266326632	0.0003972780279676274	1.8987618247218025	0.0	(1.8987618247218025+0j)
1.4120222067898245	1.9938067124676058	0.00039769590229794425	1.994204428034492	0.0	(1.994204428034492+0j)
1.4471665861988359	2.0942911282103926	0.00039809469443352646	2.0946892421805465	0.0	(2.0946892421805465+0j)
1.4832746775481236	2.20010376905549	0.00039847525634149395	2.2005022632061157	0.0	(2.2005022632061157+0j)
1.5203776707690226	2.3115482617730385	0.0003988384016698638	2.311947118694931	0.0	(2.311947118694931+0j)
1.5585079566882198	2.42894705106049	0.0003991849075312636	2.4293462541215134	0.0	(2.4293462541215134+0j)
1.5976991809937733	2.5526426729481737	0.00039951551619925226	2.553042206258346	0.0	(2.553042206258346+0j)
1.6379863009819313	2.6829991222044702	0.00039983093672178466	2.683398970582803	0.0	(2.683398970582803+0j)
1.6794056452467305	2.8204033212865873	0.0004001318464561095	2.8208034702293343	0.0	(2.8208034702293343+0j)
1.7219949764848979	2.965266699039224	0.00040041889252915116	2.9656671346896823	0.0	(2.9656671346896823+0j)
1.7657935575998587	3.1180268880611655	0.0004006926932272078	3.1184275971807653	0.0	(3.1184275971807653+0j)
1.8108422213008069	3.2791495504456405	0.00040095383931858627	3.279550520386514	0.0	(3.279550520386514+0j)
1.8571834434057672	3.449130342460503	0.0004012028953125995	3.449531561139164	0.0	(3.449531561139164+0j)
1.9048614200715395	3.628497029676962	0.0004014404006581648	3.628898485549365	0.0	(3.628898485549365+0j)
1.9539221491884349	3.8178117650891523	0.0004016668708850693	3.818213447126529	0.0	(3.818213447126529+0j)
2.004413516193774	4.017673543900289	0.0004018827986908001	4.018075441566679	0.0	(4.018075441566679+0j)
2.056385384575469	4.228720849895599	0.00040208865497568506	4.229122953125657	0.0	(4.229122953125657+0j)
2.109889691355602	4.451634509688637	0.00040228488982894164	4.452036808867082	0.0	(4.452036808867082+0j)
2.1649805478639736	4.687140772629392	0.00040247193346809227	4.6875432585711065	0.0	(4.6875432585711065+0j)
2.221714346133128	4.936014635813752	0.00040265019713407626	4.936417299744701	0.0	(4.936417299744701+0j)
2.280149871269615	5.1990834354508415	0.00040282007394426295	5.199486268989997	0.0	(5.199486268989997+0j)
2.340348420181257	5.477230727844906	0.0004029819397054561	5.4776337229869565	0.0	(5.4776337229869565+0j)
2.4023739270672144	5.771400485452349	0.00040313615368886904	5.771803634551242	0.0	(5.771803634551242+0j)
2.4662930961066483	6.082601635903317	0.0004032830593689465	6.083004931656385	0.0	(6.083004931656385+0j)
2.53217554181336	6.411912974557783	0.00040342298512781067	6.412316409990462	0.0	(6.412316409990462+0j)
2.600093937557491	6.760488484123218	0.0004035562449270181	6.760892052574986	0.0	(6.760892052574986+0j)
2.6701241727922507	7.129563098129501	0.000403683138948224	7.129966793239893	0.0	(7.129966793239893+0j)
2.742345519563008	7.520458948667304	0.0004038039542042714	7.520862764362764	0.0	(7.520862764362764+0j)
2.8168408089191725	7.934592142792418	0.0004039189651221402	7.934996073273809	0.0	(7.934996073273809+0j)
2.8936966178954187	8.373480116419385	0.0004040284340991214	8.373884156149792	0.0	(8.373884156149792+0j)
2.9730034677792423	8.8387496194274	0.00040413261203350994	8.839153763120631	0.0	(8.839153763120631+0j)
3.0548560344360047	9.332145391130073	0.000404231738831043	9.332549633739848	0.0	(9.332549633739848+0j)
3.139353371521828	9.855539591285467	0.0004043260438882497	9.855943927994671	0.0	(9.855943927994671+0j)
3.2265991474784026	10.410942058508354	0.0004044157465538178	10.411346484719015	0.0	(10.411346484719015+0j)
3.31670189727347	11.000511475377435	0.0004045010565690282	11.000915986700624	0.0	(11.000915986700624+0j)
3.409775289925844	11.626567527788874	0.0004045821744882534	11.626972120035823	0.0	(11.626972120035823+0j)
3.505938412936072	12.291604155300703	0.0004046592920804676	12.292008824473331	0.0	(12.292008824473331+0j)
3.6053160748326105	12.998303999446422	0.00040473259271266827	12.998708741728548	0.0	(12.998708741728548+0j)
3.708039127140636	13.74955416840589	0.000404802251716063	13.749958980154474	0.0	(13.749958980154474+0j)
3.814244807185861	14.548463449144304	0.0004048684367358339	14.548868326881198	0.0	(14.548868326881198+0j)
3.9240771032610224	15.398381112337416	0.0004049313080652524	15.398786052741093	0.0	(15.398786052741093+0j)
4.037687143807751	16.30291747127039	0.0004049910189648754	16.303322471168567	0.0	(16.303322471168567+0j)
4.15523361240365	17.26596637364909	0.00040504771596752313	17.26637143001082	0.0	(17.26637143001082+0j)
4.276883190493413	18.291729825125113	0.0004051015391696989	18.292134935054396	0.0	(18.292134935054396+0j)
4.402811029966271	19.384744965592656	0.00040515262251008286	19.385150126322046	0.0	(19.385150126322046+0j)
4.533201257860082	20.549913644264226	0.0004052010940356985	20.55031885314927	0.0	(20.55031885314927+0j)
4.6682475156679075	21.79253486753959	0.00040524707615632226	21.79294012205497	0.0	(21.79294012205497+0j)
4.808153535936197	23.118340425135752	0.00040529068588767895	23.118745722869786	0.0	(23.118745722869786+0j)
4.953133759078175	24.53353403531989	0.0004053320350839386	24.533939373972256	0.0	(24.533939373972256+0j)
5.103413993582461	26.04483438989329	0.00040537123066000663	26.04523976727251	0.0	(26.04523976727251+0j)
5.259232123078992	27.659522524425963	0.00040540837480407423	27.659927938446728	0.0	(27.659927938446728+0j)
5.420838864033355	29.385493989814435	0.0004054435651808738	29.3858994384954	0.0	(29.3858994384954+0j)
5.588498578181307	31.23131635833449	0.0004054768951260637	31.231721839796887	0.0	(31.231721839796887+0j)
5.762490144188762	33.20629266187262	0.0004055084538321451	33.20669817433734	0.0	(33.20669817433734+0j)
5.943107893435154	35.32053143301123	0.0004055383265262947	35.320936974796645	0.0	(35.320936974796645+0j)
6.130662615271313	37.585024102285296	0.0004055665946404801	37.58542967180323	0.0	(37.58542967180323+0j)
6.325482637604348	40.01173059863406	0.0004055933359742048	40.012136194386834	0.0	(40.012136194386834+0j)
6.5279149892138815	42.61367410640327	0.00040561862485021617	42.6140797269778	0.0	(42.6140797269778+0j)
6.738326650815264	45.40504605308725	0.00040564253226349164	45.40545169715067	0.0	(45.40545169715067+0j)
6.957105902559871	48.401322539433394	0.0004056651260238043	48.40172820572685	0.0	(48.40172820572685+0j)
7.1846637764105	51.619393580065186	0.00040568647089215593	51.61979926739769	0.0	(51.61979926739769+0j)
7.421435622657183	55.07770670124501	0.0004057066287113506	55.07811240848714	0.0	(55.07811240848714+0j)
7.667882800757656	58.796426646155076	0.00040572565853096946	58.79683237223324	0.0	(58.79683237223324+0j)
7.92449450570503	62.797613170949205	0.00040574361672699605	62.798018914840426	0.0	(62.798018914840426+0j)
8.191789742258713	67.10541918137507	0.00040576055711632873	67.10582494210364	0.0	(67.10582494210364+0j)
8.470319460633334	71.74631176518378	0.00040577653106640705	71.74671754181618	0.0	(71.74671754181618+0j)
8.760668868643995	76.74931902602805	0.00040579158760016684	76.74972481767229	0.0	(76.74972481767229+0j)
9.0634599368687	82.14630602722397	0.0004058057734965306	82.14671183302636	0.0	(82.14671183302636+0j)
9.379354115134207	87.97228361708498	0.0004058191333866289	87.97268943623244	0.0	(87.97268943623244+0j)
9.70905528057937	94.26575444134616	0.0004058317098459403	94.26616027306238	0.0	(94.26616027306238+0j)
10.053312939730441	101.06910106415152	0.00040584354348252827	101.06950690769739	0.0	(101.06950690769739+0j)
10.412925709461692	108.42902183076829	0.0004058546730215453	108.42942768544201	0.0	(108.42942768544201+0j)
10.788745104450985	116.3970209288151	0.0004058651353861683	116.39742679395057	0.0	(116.39742679395057+0j)
11.181679661808277	125.02996005929685	0.000405874965775118	125.03036593426287	0.0	(125.03036593426287+0j)
11.592699437005214	134.390680236741	0.00040588419773691356	134.39108612093838	0.0	(134.39108612093838+0j)
12.022840909112986	144.54870352584078	0.00040589286324100156	144.54910941870395	0.0	(144.54910941870395+0j)
12.473212337728176	155.5810260220544	0.00040590099274589585	155.58143192304686	0.0	(155.58143192304686+0j)
12.944999618894892	167.5730151331889	0.00040590861526445664	167.57342104180324	0.0	(167.57342104180324+0j)
13.4394726929019	180.61942626325583	0.0004059157584264326	180.61983217901482	0.0	(180.61983217901482+0j)
13.95799256312947	194.82555639237756	0.00040592244853838283	194.82596231482606	0.0	(194.82596231482606+0j)
14.502018992255339	210.30855485173456	0.00040592871064109226	210.30896078044515	0.0	(210.30896078044515+0j)
15.073118950217209	227.19891488739714	0.0004059345685645868	227.19932082196564	0.0	(227.19932082196564+0j)
15.672975897519757	245.64217348423523	0.0004059400449808514	245.64257942428003	0.0	(245.64257942428003+0j)
16.30339999792458	265.8008514923272	0.0004059451614543493	265.80125743748897	0.0	(265.80125743748897+0j)
16.966339366471665	287.8566714982861	0.0004059499384904352	287.85707744822383	0.0	(287.85707744822383+0j)
17.663892472366342	312.0130972753203	0.00040595439558175316	312.01350322971535	0.0	(312.01350322971535+0j)
18.398321831796846	338.49824622637243	0.0004059585512527033	338.4986521849234	0.0	(338.4986521849234+0j)
19.172069143522997	367.5682352440266	0.000405962423102061	367.5686412064493	0.0	(367.5686412064493+0j)
19.987772040461227	399.51103114144354	0.0004059660278438246	399.5114371074711	0.0	(399.5114371074711+0j)
20.84828265390689	434.6508896171949	0.00040596938134636817	434.651295586577	0.0	(434.651295586577+0j)
21.756688213976226	473.353482040172	0.0004059724986699698	473.35388801267095	0.0	(473.35388801267095+0j)
22.716333940912474	516.031827715052	0.0004059753941027838	516.0322336904454	0.0	(516.0322336904454+0j)
23.73084851776959	563.1531713733272	0.000405978081195323	563.1535773514087	0.0	(563.1535773514087+0j)
24.804172476499513	615.2469722439359	0.0004059805727935122	615.2473782245086	0.0	(615.2473782245086+0j)
25.940589877590973	672.9142031973753	0.00040598288107037377	672.9146091802558	0.0	(672.9146091802558+0j)
27.14476371932338	736.8381973778947	0.00040598501755640217	736.8386033629131	0.0	(736.8386033629131+0j)
28.421775577784274	807.7973269939346	0.0004059869931686818	807.7977329809255	0.0	(807.7977329809255+0j)
29.777170054741106	886.6798564689705	0.0004059888182388005	886.6802624577889	0.0	(886.6802624577889+0j)
31.217004699239933	974.5013823923681	0.0004059905025396095	974.5017883828713	0.0	(974.5017883828713+0j)
32.747906172853575	1072.4253587060214	0.00040599205531087636	1072.4257646980784	0.0	(1072.4257646980784+0j)
34.37713355070611	1181.7873111630838	0.00040599348528387813	1181.787717156566	0.0	(1181.787717156566+0j)
36.1126497942929	1304.123475165243	0.00040599480070497716	1304.1238811600474	0.0	(1304.1238811600474+0j)
37.963202601939585	1441.2047517959124	0.00040599600935822285	1441.2051577919194	0.0	(1441.2051577919194+0j)
39.93841604370705	1595.0770760802368	0.0004059971185870184	1595.0774820773588	0.0	(1595.0774820773588+0j)
42.0488946259587	1768.1095392649786	0.00040599813531489137	1768.1099452631124	0.0	(1768.1099452631124+0j)
44.3063417144323	1963.0519161160437	0.00040599906606540503	1963.0523221151032	0.0	(1963.0523221151032+0j)
46.7236945829899	2183.1036354845196	0.0004059999169812451	2183.104041484445	0.0	(2183.104041484445+0j)
49.31527876000004	2431.9967191765113	0.0004060006938425163	2431.9971251772013	0.0	(2431.9971251772013+0j)
52.09698483000059	2714.095828377312	0.0004060014020842801	2714.0962343787087	0.0	(2714.0962343787087+0j)
55.08647143290039	3034.5193349277506	0.0004060020468133651	3034.5197409297934	0.0	(3034.5197409297934+0j)
58.30339890885323	3399.2863243248685	0.00040600263282447943	3399.286730327501	0.0	(3399.286730327501+0j)
61.76969889208737	3815.4957012191394	0.0004060031646156531	3815.4961072223136	0.0	(3815.4961072223136+0j)
65.5098861964565	4291.545189472683	0.0004060036464030381	4291.545595476332	0.0	(4291.545595476332+0j)
69.5514206035539	4837.400107972461	0.000406004082135091	4837.400513976543	0.0	(4837.400513976543+0j)
73.92512771679691	5464.924507944735	0.00040600447550616397	5464.92491394921	0.0	(5464.92491394921+0j)
78.66568995306919	6188.290775792411	0.00040600482996952725	6188.291181797241	0.0	(6188.291181797241+0j)
83.81222109797599	7024.488405376012	0.00040600514874984575	7024.488811381161	0.0	(7024.488811381161+0j)
89.40894076792034	7993.958689241488	0.0004060054348551321	7993.959095246923	0.0	(7993.959095246923+0j)
95.50596875190209	9121.390067239297	0.0004060056910881962	9121.390473244988	0.0	(9121.390473244988+0j)
102.16026374241683	10436.719487920167	0.0004060059200576116	10436.719893926087	0.0	(10436.719893926087+0j)
109.43673666083288	11976.399330972483	0.0004060061241882178	11976.399736978607	0.0	(11976.399736978607+0j)
117.40957596921426	13785.008529270695	0.00040600630573117604	13785.008935277001	0.0	(13785.008935277001+0j)
126.1638314734695	15917.312372066013	0.0004060064667735973	15917.31277807248	0.0	(15917.31277807248+0j)
135.79731473932583	18440.910690411518	0.0004060066092477575	18440.911096418127	0.0	(18440.911096418127+0j)
146.42288913233602	21439.662461860367	0.0004060067349399175	21439.662867867104	0.0	(21439.662867867104+0j)
158.1712416884214	25018.14169725701	0.00040600684549876176	25018.142103263857	0.0	(25018.142103263857+0j)
171.19425391683407	29307.47257414146	0.0004060069424434713	29307.472980148403	0.0	(29307.472980148403+0j)
185.66912113051106	34473.02254137639	0.0004060070271714443	34473.02294738342	0.0	(34473.02294738342+0j)
201.80341259064414	40724.61733322975	0.00040600710096567766	40724.61773923685	0.0	(40724.61773923685+0j)
219.84132123719695	48330.206523316425	0.00040600716500182286	48330.20692932359	0.0	(48330.20692932359+0j)
240.07142706246006	57634.290091806084	0.0004060072203549274	57634.2904978133	0.0	(57634.2904978133+0j)
262.836399308869	69082.97280165122	0.0004060072680058741	69082.97320765849	0.0	(69082.97320765849+0j)
288.5451996188469	83258.3322230802	0.0004060073088475293	83258.33262908751	0.0	(83258.33262908751+0j)
317.6885353347575	100926.00548314345	0.0004060073436906101	100926.0058891508	0.0	(100926.0058891508+0j)
350.858570038611	123101.7361695389	0.00040600737326928105	123101.73657554627	0.0	(123101.73657554627+0j)
388.77425741880654	151145.42323154447	0.00040600739824649037	151145.42363755187	0.0	(151145.42363755187+0j)
432.3141694833717	186895.54113609742	0.0004060074192190538	186895.54154210485	0.0	(186895.54154210485+0j)
482.5594081882106	232863.58243095607	0.000406007436722496	232863.5828369635	0.0	(232863.5828369635+0j)
540.8502227281518	292518.96342509147	0.0004060074512356567	292518.9638310989	0.0	(292518.9638310989+0j)
608.861460144658	370712.27764948504	0.00040600746318507065	370712.2780554925	0.0	(370712.2780554925+0j)
688.7042001214068	474313.47526486666	0.000406007472949128	474313.4756708741	0.0	(474313.4756708741+0j)
783.0642560322963	613189.6290754137	0.0004060074808620229	613189.6294814212	0.0	(613189.6294814212+0j)
895.3932941925091	801729.1512849131	0.00040600748721749633	801729.1516909206	0.0	(801729.1516909206+0j)
1030.1761707171554	1061262.9427134618	0.0004060074922723806	1061262.9431194693	0.0	(1061262.9431194693+0j)
1193.310456657072	1423989.84596711	0.0004060074962499508	1423989.8463731175	0.0	(1423989.8463731175+0j)
1392.6540178654614	1939485.2134768127	0.0004060074993430894	1939485.2138828202	0.0	(1939485.2138828202+0j)
1638.829218206556	2685761.206447512	0.0004060075017172691	2685761.206853519	0.0	(2685761.206853519+0j)
1946.4273685286264	3788579.5009572734	0.00040600750351335927	3788579.5013632807	0.0	(3788579.5013632807+0j)
2335.8522065964303	5456205.531061413	0.0004060075048502611	5456205.53146742	0.0	(5456205.53146742+0j)
2836.2105753037786	8044090.427464991	0.00040600750582737516	8044090.427870998	0.0	(8044090.427870998+0j)
3489.969969937625	12179890.391066428	0.0004060075065269065	12179890.391472436	0.0	(12179890.391472436+0j)
4360.696925764805	19015677.678374622	0.00040600750701601067	19015677.67878063	0.0	(19015677.67878063+0j)
5546.372188325968	30762244.451435786	0.00040600750734878446	30762244.451841794	0.0	(30762244.451841794+0j)
7203.243728879368	51886720.217639945	0.00040600750756810517	51886720.21804595	0.0	(51886720.21804595+0j)
9590.609764578987	91979795.65643781	0.000406007507707321	91979795.65684383	0.0	(91979795.65684383+0j)
13159.681857015545	173177226.57786408	0.0004060075077917958	173177226.57827008	0.0	(173177226.57827008+0j)
18742.01600231651	351263163.8310882	0.0004060075078403106	351263163.8314942	0.0	(351263163.8314942+0j)
27982.86297320777	783040620.1773225	0.00040600750786632485	783040620.1777285	0.0	(783040620.1777285+0j)
44444.61752351378	1975324026.811428	0.00040600750787909875	1975324026.811834	0.0	(1975324026.811834+0j)
76813.26603926464	5900277839.618846	0.0004060075078846795	5900277839.619252	0.0	(5900277839.619252+0j)
150046.63327639527	22513992157.581047	0.0004060075078867521	22513992157.58145	0.0	(22513992157.58145+0j)
355704.3016402785	126525550205.39822	0.0004060075078873572	126525550205.39864	0.0	(126525550205.39864+0j)
1200594.1310054827	1441426267404.8103	0.00040600750788747665	1441426267404.8108	0.0	(1441426267404.8108+0j)
9605195.204771383	92259774921763.17	0.000406007507887488	92259774921763.17	0.0	(92259774921763.17+0j)
