-11577.630376607392	-134041525.13734223	-0.023873241107577648	-134041525.16121547	0.0	(-134041525.16121547+0j)
-2894.05405155796	-8375548.853339043	-0.023873235763085306	-8375548.8772122795	0.0	(-8375548.8772122795+0j)
-1285.984374531262	-1653755.8115385608	-0.023873212592240754	-1653755.8354117733	0.0	(-1653755.8354117733+0j)
-723.160002690916	-522960.38949192566	-0.023873150163403075	-522960.41336507583	0.0	(-522960.41336507583+0j)
-462.65273860158646	-214047.5565355479	-0.02387301839894908	-214047.58040856628	0.0	(-214047.58040856628+0j)
-321.1426374440291	-103132.59358450712	-0.02387277850167632	-103132.61745728563	0.0	(-103132.61745728563+0j)
-235.81652801000044	-55609.43488269132	-0.023872382859789702	-55609.45875507418	0.0	(-55609.45875507418+0j)
-180.43662013461488	-32557.37388560331	-0.023871774930178263	-32557.39775737824	0.0	(-32557.39775737824+0j)
-142.46835698783258	-20297.232742812503	-0.023870889099620544	-20297.256613701604	0.0	(-20297.256613701604+0j)
-115.30990144084706	-13296.373370297862	-0.02386965052348819	-13296.397239948416	0.0	(-13296.397239948416+0j)
-95.21573580280513	-9066.036344469587	-0.02386797494144605	-9066.06021244452	0.0	(-9066.06021244452+0j)
-79.93249520555548	-6389.20378978615	-0.023865768469574302	-6389.227655554613	0.0	(-6389.227655554613+0j)
-68.0385608059694	-4629.245756547595	-0.02386292736826236	-4629.269619474961	0.0	(-4629.269619474961+0j)
-58.60110868501503	-3434.0899391129437	-0.02385933778514626	-3434.1137984507327	0.0	(-3434.1137984507327+0j)
-50.987474794970254	-2599.722585967727	-0.023854875472279942	-2599.7464408432056	0.0	(-2599.7464408432056+0j)
-44.75629440708981	-2003.1258890540987	-0.02384940547664616	-2003.1497384595684	0.0	(-2003.1497384595684+0j)
-39.59206575734854	-1567.531670934211	-0.023842781803024075	-1567.5555137160156	0.0	(-1567.5555137160156+0j)
-35.26441324417679	-1243.5788414560711	-0.023834847048138198	-1243.602676303126	0.0	(-1243.602676303126+0j)
-31.60194254082919	-998.6827723538696	-0.023825432004915763	-998.7065977858741	0.0	(-998.7065977858741+0j)
-28.475006004887277	-810.8259669783665	-0.0238143552355774	-810.8497813336472	0.0	(-810.8497813336472+0j)
-25.784069609393207	-664.8182456220344	-0.02380142261217788	-664.8420470461962	0.0	(-664.8420470461962+0j)
-23.45169336832135	-549.9819218417676	-0.023786426823099973	-550.0057082875222	0.0	(-550.0057082875222+0j)
-21.416897162202954	-458.6834840563769	-0.02376914684388362	-458.7072533146797	0.0	(-458.7072533146797+0j)
-19.631134230362083	-385.3814311704939	-0.023749347370645064	-385.4051809062212	0.0	(-385.4051809062212+0j)
-18.055368658845175	-325.9963374068086	-0.023726778214204946	-326.02006511066827	0.0	(-326.02006511066827+0j)
-16.657924004374692	-277.4864321355226	-0.023701173652900313	-277.5101349824516	0.0	(-277.5101349824516+0j)
-15.4128789857985	-237.55683863086898	-0.023672251741902375	-237.58051335417733	0.0	(-237.58051335417733+0j)
-14.298856846105949	-204.45730710543097	-0.023639713576698574	-204.48094997262018	0.0	(-204.48094997262018+0j)
-13.298101733885579	-176.83950972477064	-0.02360324250822352	-176.86311659906144	0.0	(-176.86311659906144+0j)
-12.395766890631103	-153.6550368068663	-0.023562503306937658	-153.67860322422538	0.0	(-153.67860322422538+0j)
-11.579360898715521	-134.08159882270192	-0.023517141272954206	-134.105120028125	0.0	(-134.105120028125+0j)
-10.838313114426764	-117.4690311663552	-0.023466781289102588	-117.49250209788595	0.0	(-117.49250209788595+0j)
-10.163629845644598	-103.29937163927764	-0.02341102681358972	-103.32278688250253	0.0	(-103.32278688250253+0j)
-9.547620246975589	-91.1570523804582	-0.023349458808677254	-91.180406120745	0.0	(-91.180406120745+0j)
-8.983676231942443	-80.70643864036757	-0.023281634601532212	-80.72972462505417	0.0	(-80.72972462505417+0j)
-8.466094570382701	-71.67475727466345	-0.02320708667312906	-71.69796878353073	0.0	(-71.69796878353073+0j)
-7.989932176934198	-63.83901619200846	-0.02312532137078097	-63.862146010481375	0.0	(-63.862146010481375+0j)
-7.550887697663739	-57.0159050227296	-0.023035817539556237	-57.038945414493895	0.0	(-57.038945414493895+0j)
-7.145204071488741	-51.053941223219276	-0.022938025067494372	-51.076883901327406	0.0	(-51.076883901327406+0j)
-6.7695879253305575	-45.827320678781284	-0.022831363339228472	-45.85015677516252	0.0	(-45.85015677516252+0j)
-6.421142559510249	-41.231071769553836	-0.02271521959277273	-41.25379180286483	0.0	(-41.25379180286483+0j)
-6.0973119663988715	-37.177213215590875	-0.02258894717719994	-37.199807057324556	0.0	(-37.199807057324556+0j)
-5.79583385410555	-33.59169006439599	-0.022451863723882873	-33.61414690315135	0.0	(-33.61414690315135+0j)
-5.514700056995304	-30.41191671862401	-0.02230324929649734	-30.434225022522334	0.0	(-30.434225022522334+0j)
-5.252123034770273	-27.5847963723645	-0.02214234472558927	-27.606943849793648	0.0	(-27.606943849793648+0j)
-5.006507413017847	-25.06511647660265	-0.021968350627250628	-25.08709003597545	0.0	(-25.08709003597545+0j)
-4.776425716445359	-22.81424262472056	-0.021780428085708483	-22.83602833490778	0.0	(-22.83602833490778+0j)
-4.56059760346492	-20.799050500729972	-0.021577702578878633	-20.82063355541952	0.0	(-20.82063355541952+0j)
-4.357872036442461	-18.99104868600716	-0.02135927323728626	-19.012413377312615	0.0	(-19.012413377312615+0j)
-4.167211922704006	-17.365655208726416	-0.021124229652804395	-17.386784917602938	0.0	(-17.386784917602938+0j)
-3.9876808426101613	-15.901598502520086	-0.02087167794206038	-15.92247571523724	0.0	(-15.92247571523724+0j)
-3.8184315467632324	-14.580419477316651	-0.020600776561839125	-14.601025837746736	0.0	(-14.601025837746736+0j)
-3.658695957878825	-13.386056112198853	-0.02031078067407065	-13.406372518460888	0.0	(-13.406372518460888+0j)
-3.5077764565140632	-12.304495668874358	-0.020001092073826856	-12.324502419909047	0.0	(-12.324502419909047+0j)
-3.3650382656406927	-11.323482529226121	-0.019671310286420142	-11.343159522456187	0.0	(-11.343159522456187+0j)
-3.2299027785138295	-10.432271958651356	-0.01932127976056603	-10.451598934837035	0.0	(-10.451598934837035+0j)
-3.101841698627311	-9.621421923343162	-0.018951128272073067	-9.64037874983176	0.0	(-9.64037874983176+0j)
-2.98037188072727	-8.882616547429805	-0.01856129261903571	-8.901183527096876	0.0	(-8.901183527096876+0j)
-2.8650507786454744	-8.208515964217039	-0.018152529182555742	-8.226674154963419	0.0	(-8.226674154963419+0j)
-2.7554724197295006	-7.59262825588995	-0.017725908624756263	-7.610359784831563	0.0	(-7.610359784831563+0j)
-2.6512638373838864	-7.0291999354195305	-0.01728279559702982	-7.046488292784177	0.0	(-7.046488292784177+0j)
-2.5520819030961843	-6.513122040111042	-0.016824815615292848	-6.529952340011084	0.0	(-6.529952340011084+0j)
-2.4576105076291417	-6.039849407209167	-0.016353812108431415	-6.056208605474033	0.0	(-6.056208605474033+0j)
-2.3675580480799607	-5.605331111028193	-0.01587179704096654	-5.621208173679426	0.0	(-5.621208173679426+0j)
-2.281655183455845	-5.205950376190925	-0.015380898503399921	-5.221336395541674	0.0	(-5.221336395541674+0j)
-2.199652826468995	-4.838472556993039	-0.014883308347785411	-4.853360815440681	0.0	(-4.853360815440681+0j)
-2.121320343559641	-4.499999999999994	-0.014381232430129495	-4.51438598413413	0.0	(-4.51438598413413+0j)
-2.0464439388326796	-4.187932794785012	-0.013876845407410281	-4.201814164393754	0.0	(-4.201814164393754+0j)
-1.974825200741543	-3.8999345734838755	-0.013372251409144552	-3.913311091347053	0.0	(-3.913311091347053+0j)
-1.9062797930545654	-3.6339026494081565	-0.01286945132206249	-3.646776078504514	0.0	(-3.646776078504514+0j)
-1.8406362739628734	-3.38794189302793	-0.012370316929051222	-3.400315868019123	0.0	(-3.400315868019123+0j)
-1.777735029192262	-3.1603418340172125	-0.011876571747869425	-3.1722217136806985	0.0	(-3.1722217136806985+0j)
-1.7174273067123342	-2.949556553841182	-0.011389778123954473	-2.9609492607031003	0.0	(-2.9609492607031003+0j)
-1.659574342134735	-2.7541869970719386	-0.01091132993748569	-2.7651008497950196	0.0	(-2.7651008497950196+0j)
-1.604046565192437	-2.5729653833056547	-0.010442450174323556	-2.583409926641748	0.0	(-2.583409926641748+0j)
-1.5507228788222132	-2.4047414469026522	-0.009984192567493355	-2.4147272832243556	0.0	(-2.4147272832243556+0j)
-1.4994900033568186	-2.248470270167032	-0.009537446524266495	-2.2580088957830675	0.0	(-2.2580088957830675+0j)
-1.450241879192413	-2.1032015081635413	-0.009102944598637983	-2.1123051569109776	0.0	(-2.1123051569109776+0j)
-1.4028791220476988	-1.9680698310773221	-0.008681271837236885	-1.9767513270074095	0.0	(-1.9767513270074095+0j)
-1.3573085255889847	-1.8422864336365437	-0.00827287640799818	-1.8505590540507413	0.0	(-1.8505590540507413+0j)
-1.3134426067723575	-1.7251314812849656	-0.007878081007236493	-1.7330088308888005	0.0	(-1.7330088308888005+0j)
-1.2711991897612396	-1.615947380049632	-0.007497094626249905	-1.6234432766190952	0.0	(-1.6234432766190952+0j)
-1.230501024723974	-1.51413277184675	-0.007130024339262309	-1.5212611434553098	0.0	(-1.5212611434553098+0j)
-1.1912754382096011	-1.4191371696814772	-0.006776886847909257	-1.425911963312468	0.0	(-1.425911963312468+0j)
-1.1534540121475267	-1.3304561581392267	-0.006437619582275133	-1.3368912593193716	0.0	(-1.3368912593193716+0j)
-1.116972288824138	-1.2476270940010337	-0.006112091214245159	-1.2537362569326465	0.0	(-1.2537362569326465+0j)
-1.0817694994616234	-1.170225249965451	-0.0058001114857934785	-1.1760220375545756	0.0	(-1.1760220375545756+0j)
-1.0477883142657596	-1.097860351511882	-0.0055014402933317936	-1.1033580845962556	0.0	(-1.1033580845962556+0j)
-1.0149746120238983	-1.0301734630530628	-0.005215796000166843	-1.0353851781130965	0.0	(-1.0353851781130965+0j)
-0.983277267525198	-0.9668341848318197	-0.0049428629733539575	-0.9717725994342029	0.0	(-0.9717725994342029+0j)
-0.9526479552450803	-0.9075381266326324	-0.004682298359708124	-0.9122156118582364	0.0	(-0.9122156118582364+0j)
-0.9230409678874824	-0.8520046283986602	-0.004433738129342883	-0.8564331875239862	0.0	(-0.8564331875239862+0j)
-0.8944130485138297	-0.7999747013518024	-0.00419680242468388	-0.8041659540758922	0.0	(-0.8041659540758922+0j)
-0.8667232351087131	-0.7512091662773135	-0.003971100259202292	-0.7551743378152085	0.0	(-0.7551743378152085+0j)
-0.8399327165406026	-0.7054869683152764	-0.0037562336137942935	-0.7092368827444201	0.0	(-0.7092368827444201+0j)
-0.8140046989731009	-0.6626036499502886	-0.0035518009803676806	-0.6661487272121069	0.0	(-0.6661487272121069+0j)
-0.7889042818693972	-0.6223699659518693	-0.00335740040226542	-0.6257202219816856	0.0	(-0.6257202219816856+0j)
-0.7645983428109173	-0.5846106258292011	-0.0031726320600607453	-0.5877756753313929	0.0	(-0.5877756753313929+0j)
-0.7410554304216328	-0.5491631509573914	-0.0029971004493261565	-0.5521522123893274	0.0	(-0.5521522123893274+0j)
-0.7182456647529329	-0.5158768349363826	-0.002830416194473115	-0.5186987373098885	0.0	(-0.5186987373098885+0j)
-0.6961406445411588	-0.48461179698217993	-0.002672197539892046	-0.48727498814204645	0.0	(-0.48727498814204645+0j)
-0.6747133608015242	-0.4552381192440878	-0.0025220715565538177	-0.4577506753166705	0.0	(-0.4577506753166705+0j)
-0.6539381162687773	-0.4276350599091569	-0.002379675099092793	-0.4300046956590266	0.0	(-0.4300046956590266+0j)
-0.6337904502371234	-0.40169033481177563	-0.0022446555452685477	-0.40392441467395446	0.0	(-0.40392441467395446+0j)
-0.6142470683901082	-0.3772994610258423	-0.0021166713466686136	-0.3794050106172549	0.0	(-0.3794050106172549+0j)
-0.5952857772457417	-0.3543651565910668	-0.0019953924166140335	-0.3563488745325504	0.0	(-0.3563488745325504+0j)
-0.5768854228735254	-0.3327967911239662	-0.0018805003784967298	-0.33466506102741844	0.0	(-0.33466506102741844+0j)
-0.5590258335685147	-0.31250988259697265	-0.001771688695229373	-0.31426878510073475	0.0	(-0.31426878510073475+0j)
-0.541687766193439	-0.2934256360436378	-0.0016686626981357866	-0.2950809607954478	0.0	(-0.2950809607954478+0j)
-0.5248528559234337	-0.27547052037098463	-0.0015711395314543075	-0.2770277778780312	0.0	(-0.2770277778780312+0j)
-0.5085035691493666	-0.25857587983764463	-0.001478848026664281	-0.2600403131187378	0.0	(-0.2600403131187378+0j)
-0.49262315931526657	-0.2426775770937545	-0.0013915285190722604	-0.24405417308268007	0.0	(-0.24405417308268007+0j)
-0.47719562548316485	-0.22771566498026893	-0.0013089326174967719	-0.22900916564075047	0.0	(-0.22900916564075047+0j)
-0.4622056734349051	-0.21363408455541413	-0.0012308229364610067	-0.21484899767883625	0.0	(-0.21484899767883625+0j)
-0.4476386791353268	-0.20038038705802005	-0.0011569727990269451	-0.20152099672265392	0.0	(-0.20152099672265392+0j)
-0.43348065439478467	-0.18790547773453076	-0.0010871659172728143	-0.18897585441319004	0.0	(-0.18897585441319004+0j)
-0.41971821458139263	-0.17616337965139195	-0.0010211960564112	-0.17716738995913292	0.0	(-0.17716738995913292+0j)
-0.4063385482447361	-0.16511101578963971	-0.0009588666876635177	-0.16605233186824692	0.0	(-0.16605233186824692+0j)
-0.39332938852321925	-0.15470800787604955	-0.0008999906342262775	-0.1555901164163042	0.0	(-0.1555901164163042+0j)
-0.3806789862167604	-0.14491649054702044	-0.0008443897139865486	-0.14574270145182783	0.0	(-0.14574270145182783+0j)
-0.3683760844153189	-0.13570093956916215	-0.0007918943820460767	-0.13647439426313354	0.0	(-0.13647439426313354+0j)
-0.3564098945817796	-0.12702801295579522	-0.0007423433755969544	-0.12775169234927297	0.0	(-0.12775169234927297+0j)
-0.3447700739951267	-0.11886640392260515	-0.0006955833632414033	-0.11954313603819618	0.0	(-0.11954313603819618+0j)
-0.3334467044666386	-0.11118670471966183	-0.0006514686004581049	-0.11181917199126068	0.0	(-0.11181917199126068+0j)
-0.3224302722480978	-0.10396128046198246	-0.0006098605925821899	-0.1045520267166034	0.0	(-0.1045520267166034+0j)
-0.31171164905678095	-0.09716415215769776	-0.0005706277663766856	-0.09771558928971083	0.0	(-0.09771558928971083+0j)
-0.3012820741473035	-0.09077088820250129	-0.0005336451510254302	-0.09128530255212987	0.0	(-0.09128530255212987+0j)
-0.29113313736530033	-0.08475850367216284	-0.0004987940691668858	-0.08523806211815675	0.0	(-0.08523806211815675+0j)
-0.2812567631224444	-0.0791053668021148	-0.00046596183840883485	-0.07955212257950285	0.0	(-0.07955212257950285+0j)
-0.27164519523648456	-0.07379111209506782	-0.0004350414836107319	-0.07420701034840137	0.0	(-0.07420701034840137+0j)
-0.26229098258383937	-0.06879655954479592	-0.0004059314600947772	-0.0691834426272896	0.0	(-0.0691834426272896+0j)
-0.25318696551585984	-0.0641036395071292	-0.0003785353878385411	-0.06446325203565698	0.0	(-0.06446325203565698+0j)
-0.24432626299316415	-0.059695322788204816	-0.00035276179661609676	-0.060029316464017324	0.0	(-0.060029316464017324+0j)
-0.2357022603955158	-0.05555555555555554	-0.0003285238819747516	-0.05586549376016425	0.0	(-0.05586549376016425+0j)
-0.22730859796753808	-0.051669198709967855	-0.00030573927188717317	-0.051956560885623	0.0	(-0.051956560885623+0j)
-0.2191391598631871	-0.048021971385543476	-0.0002843298038567532	-0.0482881572090095	0.0	(-0.0482881572090095+0j)
-0.21118806375433505	-0.04460039827230509	-0.0002642213122284076	-0.04484673163086702	0.0	(-0.04484673163086702+0j)
-0.20344965097107684	-0.04139176048025299	-0.00024534342541877586	-0.041619493258325264	0.0	(-0.041619493258325264+0j)
-0.19591847714346478	-0.03838404968621433	-0.0002276293727659251	-0.03859436537042342	0.0	(-0.03859436537042342+0j)
-0.18858930331632742	-0.03556592532533775	-0.00021101580067295345	-0.035759942436380365	0.0	(-0.035759942436380365+0j)
-0.18145708751063608	-0.03292667460784264	-0.00019544259771855365	-0.03310544996625587	0.0	(-0.03310544996625587+0j)
-0.17451697670656563	-0.03045617515879997	-0.00018085272839627465	-0.03062070699236169	0.0	(-0.03062070699236169+0j)
-0.16776429922496452	-0.028144860094443433	-0.00016719207514208633	-0.028296090994093696	0.0	(-0.028296090994093696+0j)
-0.16119455748540285	-0.025983685362914843	-0.00015440928830745548	-0.026122505093950015	0.0	(-0.026122505093950015+0j)
-0.1548034211203298	-0.02396409919055817	-0.00014245564374846254	-0.024091347365913385	0.0	(-0.024091347365913385+0j)
-0.14858672042613494	-0.022078013486994386	-0.00013128490768936628	-0.022194482108742156	0.0	(-0.022194482108742156+0j)
-0.14254044013308836	-0.02031777707333455	-0.0001208532085403391	-0.020424212948658454	0.0	(-0.020424212948658454+0j)
-0.13666071347723602	-0.0186761506081072	-0.00011111891535122708	-0.0187732576455678	0.0	(-0.0187732576455678+0j)
-0.13094381655835477	-0.017146283094868063	-0.00010204252258851909	-0.01723472448665067	0.0	(-0.01723472448665067+0j)
-0.12538616296903085	-0.015721689864096364	-9.358654093656326e-05	-0.015802090159530095	0.0	(-0.015802090159530095+0j)
-0.119984298680822	-0.014396231929928704	-8.571539383659398e-05	-0.01446917900582378	0.0	(-0.01446917900582378+0j)
-0.11473489717430391	-0.01316409662959809	-7.839531947766432e-05	-0.013230143562009782	0.0	(-0.013230143562009782+0j)
-0.10963475480058238	-0.012019779460183821	-7.15942779748957e-05	-0.012079446302738606	0.0	(-0.012079446302738606+0j)
-0.10468078636259055	-0.010958067033490324	-6.528186347658505e-05	-0.011011842506706544	0.0	(-0.011011842506706544+0j)
-0.09987002090517375	-0.00997402107559984	-5.94292209491698e-05	-0.01002236417164433	0.0	(-0.01002236417164433+0j)
-0.0951995977036112	-0.009062963402929414	-5.4008967411434125e-05	-0.009106304910114856	0.0	(-0.009106304910114856+0j)
-0.09066676244082543	-0.008220461811501073	-4.899511737441742e-05	-0.008259205762435315	0.0	(-0.008259205762435315+0j)
-0.08626886356409591	-0.007442316820640595	-4.43630123026395e-05	-0.0074768418680106995	0.0	(-0.0074768418680106995+0j)
-0.0820033488126251	-0.0067245492164850615	-4.0089253849373564e-05	-0.0067552099401140065	0.0	(-0.0067552099401140065+0j)
-0.07786776190780223	-0.006063388344530176	-3.6151640709292106e-05	-0.006090516493240103	0.0	(-0.006090516493240103+0j)
-0.07385973939847824	-0.0054552611040111195	-3.2529108877454856e-05	-0.005479166775675328	0.0	(-0.005479166775675328+0j)
-0.06997700765400564	-0.004896781600208763	-2.9201675151568906e-05	-0.004917754363200298	0.0	(-0.004917754363200298+0j)
-0.06621737999820884	-0.004384741413827189	-2.6150383695267008e-05	-0.004403051372934558	0.0	(-0.004403051372934558+0j)
-0.06257875397784089	-0.003916100449419137	-2.335725552597978e-05	-0.003931999259160823	0.0	(-0.003931999259160823+0j)
-0.05905910875944754	-0.003487978327460253	-2.0805240745147557e-05	-0.0035017001555766223	0.0	(-0.0035017001555766223+0j)
-0.05565650264890387	-0.0030976462871074436	-1.8478173406322184e-05	-0.0031094087309004163	0.0	(-0.0031094087309004163+0j)
-0.05236907072821473	-0.0027425195689367568	-1.636072884636519e-05	-0.002752524526990834	0.0	(-0.002752524526990834+0j)
-0.049195022604474704	-0.002420150249054777	-1.4438383387016529e-05	-0.0024285847507529356	0.0	(-0.0024285847507529356+0j)
-0.046132640266173426	-0.002128220497928166	-1.2697376257619908e-05	-0.0021352574930638205	0.0	(-0.0021352574930638205+0j)
-0.04318027604230418	-0.0018645362390895882	-1.112467363242331e-05	-0.0018703353497665587	0.0	(-0.0018703353497665587+0j)
-0.04033635065999079	-0.0016270211845657396	-9.707934718505839e-06	-0.0016317294215004306	0.0	(-0.0016317294215004306+0j)
-0.0375993513965925	-0.0014137112254444422	-8.435479689694602e-06	-0.001417463670618197	0.0	(-0.001417463670618197+0j)
-0.0349678303224755	-0.0012227491574614373	-7.296259477129751e-06	-0.001225669615057667	0.0	(-0.001225669615057667+0j)
-0.032440402630858414	-0.0010523797228522056	-6.279827294974893e-06	-0.0010545813402961669	0.0	(-0.0010545813402961669+0j)
-0.030015745051345563	-0.0009009449509873756	-5.376311764848651e-06	-0.0009025308117864891	0.0	(-0.0009025308117864891+0j)
-0.027692594343957332	-0.0007668797814989777	-4.576391609134589e-06	-0.0007679434715406718	0.0	(-0.0007679434715406718+0j)
-0.02546974587065299	-0.000648707954715645	-3.871271840694135e-06	-0.0006493341035852642	0.0	(-0.0006493341035852642+0j)
-0.023346052241517565	-0.0005450381552636673	-3.252661406349944e-06	-0.0005453029541873675	0.0	(-0.0005453029541873675+0j)
-0.02132042203295229	-0.0004545603956631974	-2.7127520070280298e-06	-0.0004545320932585232	0.0	(-0.0004545320932585232+0j)
-0.019391818575367488	-0.00037604262765996755	-2.244198452672208e-06	-0.00037578200514418674	0.0	(-0.00037578200514418674+0j)
-0.017559258808029145	-0.0003083275698873491	-1.8401000488665885e-06	-0.0003078883968848686	0.0	(-0.0003078883968848686+0j)
-0.015821812198854805	-0.00025032974125583073	-1.493983245381969e-06	-0.0002497592134380622	0.0	(-0.0002497592134380622+0j)
-0.014178599727093575	-0.000201032690221138	-1.199785299377254e-06	-0.00020037184988548086	0.0	(-0.00020037184988548086+0j)
-0.012628792926956506	-0.00015948641079194668	-9.518390811535937e-07	-0.00015877055148928525	0.0	(-0.00015877055148928525+0j)
-0.011171612990390817	-0.00012480493680706886	-7.4485910772637e-07	-0.00012406399313291252	0.0	(-0.00012406399313291252+0j)
-0.009806329927312342	-9.616410664330169e-05	-5.739280368288745e-07	-9.542302944867425e-05	0.0	(-9.542302944867425e-05+0j)
-0.008532261781727255	-7.279949111192355e-05	-4.3448476390040013e-07	-7.207860925181977e-05	0.0	(-7.207860925181977e-05+0j)
-0.00734877390228588	-5.400447786691804e-05	-3.223125531803816e-07	-5.331984565730177e-05	0.0	(-5.331984565730177e-05+0j)
-0.0062552782659191656	-3.912850618408068e-05	-2.3352959033218212e-07	-3.8492237235770433e-05	0.0	(-3.8492237235770433e-05+0j)
-0.005251232853312349	-2.7575446479706958e-05	-1.6457806850667112e-07	-2.699602916223324e-05	0.0	(-2.699602916223324e-05+0j)
-0.004336141075070599	-1.880211942291441e-05	-1.1221654858672991e-07	-1.8284710521607336e-05	0.0	(-1.8284710521607336e-05+0j)
-0.003509551247528612	-1.2316949959029635e-05	-7.351136446231975e-08	-1.186363143759151e-05	0.0	(-1.186363143759151e-05+0j)
-0.002771056117250336	-7.67875200495051e-06	-4.582871042657643e-08	-7.2887202130246035e-06	0.0	(-7.2887202130246035e-06+0j)
-0.002120292433356479	-4.4956400029487386e-06	-2.68308212980628e-08	-4.1652565700827e-06	0.0	(-4.1652565700827e-06+0j)
-0.001556940566906641	-2.4240639288795724e-06	-1.4467514120042323e-08	-2.1465958843173526e-06	0.0	(-2.1465958843173526e-06+0j)
-0.0010807241766498574	-1.1679647459955123e-06	-6.967457011342048e-09	-9.330507939149182e-07	0.0	(-9.330507939149182e-07+0j)
-0.0006914099205424476	-4.780476782245138e-07	-2.846354618668556e-09	-2.8260683391344326e-07	0.0	(-2.8260683391344326e-07+0j)
-0.0003888072125155047	-1.5117104850407686e-07	-9.080395102500915e-10	-4.7730921446299175e-08	0.0	(-4.7730921446299175e-08+0j)
-0.00017276802405636742	-2.984879013634155e-08	-0.0	-3.0129581049924065e-09	0.0	(-3.0129581049924065e-09+0j)
-4.3186730249243375e-05	-1.865093669620913e-09	-0.0	3.4936581843759065e-15	-3.259560071880307e-07	(3.4936581843759065e-15-3.259560071880307e-07j)
4.3186730249243375e-05	1.865093669620913e-09	0.0	3.4936581843759065e-15	3.259560071880307e-07	(3.4936581843759065e-15+3.259560071880307e-07j)
0.00017276802405636742	2.984879013634155e-08	0.0	3.0129465293188e-09	0.0	(3.0129465293188e-09+0j)
0.0003888072125155047	1.5117104850407686e-07	9.080395102500915e-10	4.7730866146792725e-08	0.0	(4.7730866146792725e-08+0j)
0.0006914099205424476	4.780476782245138e-07	2.846354618668556e-09	2.826068317805198e-07	0.0	(2.826068317805198e-07+0j)
0.0010807241766498574	1.1679647459955123e-06	6.967457011342048e-09	9.330507881344844e-07	0.0	(9.330507881344844e-07+0j)
0.001556940566906641	2.4240639288795724e-06	1.4467514120042323e-08	2.1465958772194943e-06	0.0	(2.1465958772194943e-06+0j)
0.002120292433356479	4.4956400029487386e-06	2.68308212980628e-08	4.165256579663726e-06	0.0	(4.165256579663726e-06+0j)
0.002771056117250336	7.67875200495051e-06	4.582871042657643e-08	7.288720237761441e-06	0.0	(7.288720237761441e-06+0j)
0.003509551247528612	1.2316949959029635e-05	7.351136446231975e-08	1.1863631405567818e-05	0.0	(1.1863631405567818e-05+0j)
0.004336141075070599	1.880211942291441e-05	1.1221654858672991e-07	1.8284710518457932e-05	0.0	(1.8284710518457932e-05+0j)
0.005251232853312349	2.7575446479706958e-05	1.6457806850667112e-07	2.6996029208592227e-05	0.0	(2.6996029208592227e-05+0j)
0.0062552782659191656	3.912850618408068e-05	2.3352959033218212e-07	3.849223727149864e-05	0.0	(3.849223727149864e-05+0j)
0.00734877390228588	5.400447786691804e-05	3.223125531803816e-07	5.331984569699541e-05	0.0	(5.331984569699541e-05+0j)
0.008532261781727255	7.279949111192355e-05	4.3448476390040013e-07	7.207860923334992e-05	0.0	(7.207860923334992e-05+0j)
0.009806329927312342	9.616410664330169e-05	5.739280368288745e-07	9.542302948870093e-05	0.0	(9.542302948870093e-05+0j)
0.011171612990390817	0.00012480493680706886	7.4485910772637e-07	0.00012406399316200136	0.0	(0.00012406399316200136+0j)
0.012628792926956506	0.00015948641079194668	9.518390811535937e-07	0.00015877055148248788	0.0	(0.00015877055148248788+0j)
0.014178599727093575	0.000201032690221138	1.199785299377254e-06	0.00020037184987614377	0.0	(0.00020037184987614377+0j)
0.015821812198854805	0.00025032974125583073	1.493983245381969e-06	0.0002497592134501381	0.0	(0.0002497592134501381+0j)
0.017559258808029145	0.0003083275698873491	1.8401000488665885e-06	0.000307888396912135	0.0	(0.000307888396912135+0j)
0.019391818575367488	0.00037604262765996755	2.244198452672208e-06	0.0003757820051741454	0.0	(0.0003757820051741454+0j)
0.02132042203295229	0.0004545603956631974	2.7127520070280298e-06	0.0004545320932548312	0.0	(0.0004545320932548312+0j)
0.023346052241517565	0.0005450381552636673	3.252661406349944e-06	0.0005453029542121584	0.0	(0.0005453029542121584+0j)
0.02546974587065299	0.000648707954715645	3.871271840694135e-06	0.0006493341036010721	0.0	(0.0006493341036010721+0j)
0.027692594343957332	0.0007668797814989777	4.576391609134589e-06	0.0007679434715331242	0.0	(0.0007679434715331242+0j)
0.030015745051345563	0.0009009449509873756	5.376311764848651e-06	0.0009025308117581911	0.0	(0.0009025308117581911+0j)
0.032440402630858414	0.0010523797228522056	6.279827294974893e-06	0.0010545813402754688	0.0	(0.0010545813402754688+0j)
0.0349678303224755	0.0012227491574614373	7.296259477129751e-06	0.0012256696150262957	0.0	(0.0012256696150262957+0j)
0.0375993513965925	0.0014137112254444422	8.435479689694602e-06	0.0014174636706221452	0.0	(0.0014174636706221452+0j)
0.04033635065999079	0.0016270211845657396	9.707934718505839e-06	0.0016317294215170272	0.0	(0.0016317294215170272+0j)
0.04318027604230418	0.0018645362390895882	1.112467363242331e-05	0.0018703353497523097	0.0	(0.0018703353497523097+0j)
0.046132640266173426	0.002128220497928166	1.2697376257619908e-05	0.002135257493080236	0.0	(0.002135257493080236+0j)
0.049195022604474704	0.002420150249054777	1.4438383387016529e-05	0.002428584750772882	0.0	(0.002428584750772882+0j)
0.05236907072821473	0.0027425195689367568	1.636072884636519e-05	0.0027525245269676805	0.0	(0.0027525245269676805+0j)
0.05565650264890387	0.0030976462871074436	1.8478173406322184e-05	0.0031094087308891362	0.0	(0.0031094087308891362+0j)
0.05905910875944754	0.003487978327460253	2.0805240745147557e-05	0.0035017001555637827	0.0	(0.0035017001555637827+0j)
0.06257875397784089	0.003916100449419137	2.335725552597978e-05	0.003931999259162604	0.0	(0.003931999259162604+0j)
0.06621737999820884	0.004384741413827189	2.6150383695267008e-05	0.004403051372958111	0.0	(0.004403051372958111+0j)
0.06997700765400564	0.004896781600208763	2.9201675151568906e-05	0.004917754363212129	0.0	(0.004917754363212129+0j)
0.07385973939847824	0.0054552611040111195	3.2529108877454856e-05	0.005479166775645473	0.0	(0.005479166775645473+0j)
0.07786776190780223	0.006063388344530176	3.6151640709292106e-05	0.006090516493202093	0.0	(0.006090516493202093+0j)
0.0820033488126251	0.0067245492164850615	4.0089253849373564e-05	0.006755209940130133	0.0	(0.006755209940130133+0j)
0.08626886356409591	0.007442316820640595	4.43630123026395e-05	0.007476841868017254	0.0	(0.007476841868017254+0j)
0.09066676244082543	0.008220461811501073	4.899511737441742e-05	0.00825920576242262	0.0	(0.00825920576242262+0j)
0.0951995977036112	0.009062963402929414	5.4008967411434125e-05	0.009106304910115472	0.0	(0.009106304910115472+0j)
0.09987002090517375	0.00997402107559984	5.94292209491698e-05	0.010022364171657746	0.0	(0.010022364171657746+0j)
0.10468078636259055	0.010958067033490324	6.528186347658505e-05	0.011011842506723423	0.0	(0.011011842506723423+0j)
0.10963475480058238	0.012019779460183821	7.15942779748957e-05	0.012079446302743246	0.0	(0.012079446302743246+0j)
0.11473489717430391	0.01316409662959809	7.839531947766432e-05	0.013230143561991582	0.0	(0.013230143561991582+0j)
0.119984298680822	0.014396231929928704	8.571539383659398e-05	0.014469179005805756	0.0	(0.014469179005805756+0j)
0.12538616296903085	0.015721689864096364	9.358654093656326e-05	0.015802090159566906	0.0	(0.015802090159566906+0j)
0.13094381655835477	0.017146283094868063	0.00010204252258851909	0.01723472448665849	0.0	(0.01723472448665849+0j)
0.13666071347723602	0.0186761506081072	0.00011111891535122708	0.018773257645564232	0.0	(0.018773257645564232+0j)
0.14254044013308836	0.02031777707333455	0.0001208532085403391	0.02042421294868151	0.0	(0.02042421294868151+0j)
0.14858672042613494	0.022078013486994386	0.00013128490768936628	0.022194482108765724	0.0	(0.022194482108765724+0j)
0.1548034211203298	0.02396409919055817	0.00014245564374846254	0.02409134736594272	0.0	(0.02409134736594272+0j)
0.16119455748540285	0.025983685362914843	0.00015440928830745548	0.026122505093975634	0.0	(0.026122505093975634+0j)
0.16776429922496452	0.028144860094443433	0.00016719207514208633	0.028296090994083523	0.0	(0.028296090994083523+0j)
0.17451697670656563	0.03045617515879997	0.00018085272839627465	0.030620706992427936	0.0	(0.030620706992427936+0j)
0.18145708751063608	0.03292667460784264	0.00019544259771855365	0.03310544996630969	0.0	(0.03310544996630969+0j)
0.18858930331632742	0.03556592532533775	0.00021101580067295345	0.0357599424364098	0.0	(0.0357599424364098+0j)
0.19591847714346478	0.03838404968621433	0.0002276293727659251	0.038594365370417806	0.0	(0.038594365370417806+0j)
0.20344965097107684	0.04139176048025299	0.00024534342541877586	0.041619493258335416	0.0	(0.041619493258335416+0j)
0.21118806375433505	0.04460039827230509	0.0002642213122284076	0.04484673163088743	0.0	(0.04484673163088743+0j)
0.2191391598631871	0.048021971385543476	0.0002843298038567532	0.048288157208979346	0.0	(0.048288157208979346+0j)
0.22730859796753808	0.051669198709967855	0.00030573927188717317	0.05195656088560927	0.0	(0.05195656088560927+0j)
0.2357022603955158	0.05555555555555554	0.0003285238819747516	0.05586549376018765	0.0	(0.05586549376018765+0j)
0.24432626299316415	0.059695322788204816	0.00035276179661609676	0.060029316463949774	0.0	(0.060029316463949774+0j)
0.25318696551585984	0.0641036395071292	0.0003785353878385411	0.06446325203563566	0.0	(0.06446325203563566+0j)
0.26229098258383937	0.06879655954479592	0.0004059314600947772	0.06918344262736018	0.0	(0.06918344262736018+0j)
0.27164519523648456	0.07379111209506782	0.0004350414836107319	0.07420701034839541	0.0	(0.07420701034839541+0j)
0.2812567631224444	0.0791053668021148	0.00046596183840883485	0.07955212257961522	0.0	(0.07955212257961522+0j)
0.29113313736530033	0.08475850367216284	0.0004987940691668858	0.08523806211827381	0.0	(0.08523806211827381+0j)
0.3012820741473035	0.09077088820250129	0.0005336451510254302	0.09128530255215522	0.0	(0.09128530255215522+0j)
0.31171164905678095	0.09716415215769776	0.0005706277663766856	0.0977155892896794	0.0	(0.0977155892896794+0j)
0.3224302722480978	0.10396128046198246	0.0006098605925821899	0.1045520267165701	0.0	(0.1045520267165701+0j)
0.3334467044666386	0.11118670471966183	0.0006514686004581049	0.1118191719912498	0.0	(0.1118191719912498+0j)
0.3447700739951267	0.11886640392260515	0.0006955833632414033	0.11954313603812132	0.0	(0.11954313603812132+0j)
0.3564098945817796	0.12702801295579522	0.0007423433755969544	0.12775169234928008	0.0	(0.12775169234928008+0j)
0.3683760844153189	0.13570093956916215	0.0007918943820460767	0.1364743942631558	0.0	(0.1364743942631558+0j)
0.3806789862167604	0.14491649054702044	0.0008443897139865486	0.14574270145188611	0.0	(0.14574270145188611+0j)
0.39332938852321925	0.15470800787604955	0.0008999906342262775	0.15559011641628007	0.0	(0.15559011641628007+0j)
0.4063385482447361	0.16511101578963971	0.0009588666876635177	0.16605233186823018	0.0	(0.16605233186823018+0j)
0.41971821458139263	0.17616337965139195	0.0010211960564112	0.17716738995914785	0.0	(0.17716738995914785+0j)
0.43348065439478467	0.18790547773453076	0.0010871659172728143	0.18897585441322307	0.0	(0.18897585441322307+0j)
0.4476386791353268	0.20038038705802005	0.0011569727990269451	0.20152099672259935	0.0	(0.20152099672259935+0j)
0.4622056734349051	0.21363408455541413	0.0012308229364610067	0.21484899767884874	0.0	(0.21484899767884874+0j)
0.47719562548316485	0.22771566498026893	0.0013089326174967719	0.22900916564081417	0.0	(0.22900916564081417+0j)
0.49262315931526657	0.2426775770937545	0.0013915285190722604	0.24405417308266097	0.0	(0.24405417308266097+0j)
0.5085035691493666	0.25857587983764463	0.001478848026664281	0.2600403131186937	0.0	(0.2600403131186937+0j)
0.5248528559234337	0.27547052037098463	0.0015711395314543075	0.2770277778779521	0.0	(0.2770277778779521+0j)
0.541687766193439	0.2934256360436378	0.0016686626981357866	0.2950809607953305	0.0	(0.2950809607953305+0j)
0.5590258335685147	0.31250988259697265	0.001771688695229373	0.3142687851005584	0.0	(0.3142687851005584+0j)
0.5768854228735254	0.3327967911239662	0.0018805003784967298	0.33466506102728233	0.0	(0.33466506102728233+0j)
0.5952857772457417	0.3543651565910668	0.0019953924166140335	0.3563488745324951	0.0	(0.3563488745324951+0j)
0.6142470683901082	0.3772994610258423	0.0021166713466686136	0.3794050106173275	0.0	(0.3794050106173275+0j)
0.6337904502371234	0.40169033481177563	0.0022446555452685477	0.40392441467389384	0.0	(0.40392441467389384+0j)
0.6539381162687773	0.4276350599091569	0.002379675099092793	0.43000469565911487	0.0	(0.43000469565911487+0j)
0.6747133608015242	0.4552381192440878	0.0025220715565538177	0.45775067531687086	0.0	(0.45775067531687086+0j)
0.6961406445411588	0.48461179698217993	0.002672197539892046	0.4872749881419921	0.0	(0.4872749881419921+0j)
0.7182456647529329	0.5158768349363826	0.002830416194473115	0.5186987373100124	0.0	(0.5186987373100124+0j)
0.7410554304216328	0.5491631509573914	0.0029971004493261565	0.5521522123892342	0.0	(0.5521522123892342+0j)
0.7645983428109173	0.5846106258292011	0.0031726320600607453	0.5877756753315386	0.0	(0.5877756753315386+0j)
0.7889042818693972	0.6223699659518693	0.00335740040226542	0.6257202219816436	0.0	(0.6257202219816436+0j)
0.8140046989731009	0.6626036499502886	0.0035518009803676806	0.6661487272125883	0.0	(0.6661487272125883+0j)
0.8399327165406026	0.7054869683152764	0.0037562336137942935	0.7092368827451437	0.0	(0.7092368827451437+0j)
0.8667232351087131	0.7512091662773135	0.003971100259202292	0.7551743378157612	0.0	(0.7551743378157612+0j)
0.8944130485138297	0.7999747013518024	0.00419680242468388	0.804165954075796	0.0	(0.804165954075796+0j)
0.9230409678874824	0.8520046283986602	0.004433738129342883	0.8564331875245235	0.0	(0.8564331875245235+0j)
0.9526479552450803	0.9075381266326324	0.004682298359708124	0.9122156118584718	0.0	(0.9122156118584718+0j)
0.983277267525198	0.9668341848318197	0.0049428629733539575	0.9717725994344433	0.0	(0.9717725994344433+0j)
1.0149746120238983	1.0301734630530628	0.005215796000166843	1.035385178113552	0.0	(1.035385178113552+0j)
1.0477883142657596	1.097860351511882	0.0055014402933317936	1.1033580845974973	0.0	(1.1033580845974973+0j)
1.0817694994616234	1.170225249965451	0.0058001114857934785	1.1760220375548973	0.0	(1.1760220375548973+0j)
1.116972288824138	1.2476270940010337	0.006112091214245159	1.2537362569326564	0.0	(1.2537362569326564+0j)
1.1534540121475267	1.3304561581392267	0.006437619582275133	1.336891259318602	0.0	(1.336891259318602+0j)
1.1912754382096011	1.4191371696814772	0.006776886847909257	1.4259119633123916	0.0	(1.4259119633123916+0j)
1.230501024723974	1.51413277184675	0.007130024339262309	1.52126114345552	0.0	(1.52126114345552+0j)
1.2711991897612396	1.615947380049632	0.007497094626249905	1.6234432766201716	0.0	(1.6234432766201716+0j)
1.3134426067723575	1.7251314812849656	0.007878081007236493	1.7330088308888127	0.0	(1.7330088308888127+0j)
1.3573085255889847	1.8422864336365437	0.00827287640799818	1.8505590540497887	0.0	(1.8505590540497887+0j)
1.4028791220476988	1.9680698310773221	0.008681271837236885	1.9767513270074	0.0	(1.9767513270074+0j)
1.450241879192413	2.1032015081635413	0.009102944598637983	2.1123051569113285	0.0	(2.1123051569113285+0j)
1.4994900033568186	2.248470270167032	0.009537446524266495	2.258008895783053	0.0	(2.258008895783053+0j)
1.5507228788222132	2.4047414469026522	0.009984192567493355	2.414727283224213	0.0	(2.414727283224213+0j)
1.604046565192437	2.5729653833056547	0.010442450174323556	2.583409926641751	0.0	(2.583409926641751+0j)
1.659574342134735	2.7541869970719386	0.01091132993748569	2.7651008497934804	0.0	(2.7651008497934804+0j)
1.7174273067123342	2.949556553841182	0.011389778123954473	2.9609492607029764	0.0	(2.9609492607029764+0j)
1.777735029192262	3.1603418340172125	0.011876571747869425	3.1722217136806967	0.0	(3.1722217136806967+0j)
1.8406362739628734	3.38794189302793	0.012370316929051222	3.400315868019387	0.0	(3.400315868019387+0j)
1.9062797930545654	3.6339026494081565	0.01286945132206249	3.6467760785059493	0.0	(3.6467760785059493+0j)
1.974825200741543	3.8999345734838755	0.013372251409144552	3.9133110913470843	0.0	(3.9133110913470843+0j)
2.0464439388326796	4.187932794785012	0.013876845407410281	4.201814164393766	0.0	(4.201814164393766+0j)
2.121320343559641	4.499999999999994	0.014381232430129495	4.514385984134129	0.0	(4.514385984134129+0j)
2.199652826468995	4.838472556993039	0.014883308347785411	4.8533608154406584	0.0	(4.8533608154406584+0j)
2.281655183455845	5.205950376190925	0.015380898503399921	5.221336395541689	0.0	(5.221336395541689+0j)
2.3675580480799607	5.605331111028193	0.01587179704096654	5.621208173679396	0.0	(5.621208173679396+0j)
2.4576105076291417	6.039849407209167	0.016353812108431415	6.056208605474027	0.0	(6.056208605474027+0j)
2.5520819030961843	6.513122040111042	0.016824815615292848	6.529952340011074	0.0	(6.529952340011074+0j)
2.6512638373838864	7.0291999354195305	0.01728279559702982	7.046488292784113	0.0	(7.046488292784113+0j)
2.7554724197295006	7.59262825588995	0.017725908624756263	7.6103597848315365	0.0	(7.6103597848315365+0j)
2.8650507786454744	8.208515964217039	0.018152529182555742	8.226674154963408	0.0	(8.226674154963408+0j)
2.98037188072727	8.882616547429805	0.01856129261903571	8.90118352709684	0.0	(8.90118352709684+0j)
3.101841698627311	9.621421923343162	0.018951128272073067	9.640378749831708	0.0	(9.640378749831708+0j)
3.2299027785138295	10.432271958651356	0.01932127976056603	10.451598934837065	0.0	(10.451598934837065+0j)
3.3650382656406927	11.323482529226121	0.019671310286420142	11.3431595224562	0.0	(11.3431595224562+0j)
3.5077764565140632	12.304495668874358	0.020001092073826856	12.324502419908983	0.0	(12.324502419908983+0j)
3.658695957878825	13.386056112198853	0.02031078067407065	13.406372518461295	0.0	(13.406372518461295+0j)
3.8184315467632324	14.580419477316651	0.020600776561839125	14.601025837746407	0.0	(14.601025837746407+0j)
3.9876808426101613	15.901598502520086	0.02087167794206038	15.922475715237287	0.0	(15.922475715237287+0j)
4.167211922704006	17.365655208726416	0.021124229652804395	17.38678491760306	0.0	(17.38678491760306+0j)
4.357872036442461	18.99104868600716	0.02135927323728626	19.012413377312598	0.0	(19.012413377312598+0j)
4.56059760346492	20.799050500729972	0.021577702578878633	20.82063355541931	0.0	(20.82063355541931+0j)
4.776425716445359	22.81424262472056	0.021780428085708483	22.836028334907876	0.0	(22.836028334907876+0j)
5.006507413017847	25.06511647660265	0.021968350627250628	25.08709003597521	0.0	(25.08709003597521+0j)
5.252123034770273	27.5847963723645	0.02214234472558927	27.606943849793787	0.0	(27.606943849793787+0j)
5.514700056995304	30.41191671862401	0.02230324929649734	30.43422502252238	0.0	(30.43422502252238+0j)
5.79583385410555	33.59169006439599	0.022451863723882873	33.61414690315136	0.0	(33.61414690315136+0j)
6.0973119663988715	37.177213215590875	0.02258894717719994	37.1998070573244	0.0	(37.1998070573244+0j)
6.421142559510249	41.231071769553836	0.02271521959277273	41.25379180286461	0.0	(41.25379180286461+0j)
6.7695879253305575	45.827320678781284	0.022831363339228472	45.85015677516252	0.0	(45.85015677516252+0j)
7.145204071488741	51.053941223219276	0.022938025067494372	51.07688390132761	0.0	(51.07688390132761+0j)
7.550887697663739	57.0159050227296	0.023035817539556237	57.03894541449357	0.0	(57.03894541449357+0j)
7.989932176934198	63.83901619200846	0.02312532137078097	63.862146010480984	0.0	(63.862146010480984+0j)
8.466094570382701	71.67475727466345	0.02320708667312906	71.6979687835302	0.0	(71.6979687835302+0j)
8.983676231942443	80.70643864036757	0.023281634601532212	80.72972462505342	0.0	(80.72972462505342+0j)
9.547620246975589	91.1570523804582	0.023349458808677254	91.18040612074489	0.0	(91.18040612074489+0j)
10.163629845644598	103.29937163927764	0.02341102681358972	103.32278688250281	0.0	(103.32278688250281+0j)
10.838313114426764	117.4690311663552	0.023466781289102588	117.49250209788572	0.0	(117.49250209788572+0j)
11.579360898715521	134.08159882270192	0.023517141272954206	134.10512002812567	0.0	(134.10512002812567+0j)
12.395766890631103	153.6550368068663	0.023562503306937658	153.6786032242253	0.0	(153.6786032242253+0j)
13.298101733885579	176.83950972477064	0.02360324250822352	176.8631165990606	0.0	(176.8631165990606+0j)
14.298856846105949	204.45730710543097	0.023639713576698574	204.48094997262052	0.0	(204.48094997262052+0j)
15.4128789857985	237.55683863086898	0.023672251741902375	237.58051335417724	0.0	(237.58051335417724+0j)
16.657924004374692	277.4864321355226	0.023701173652900313	277.5101349824514	0.0	(277.5101349824514+0j)
18.055368658845175	325.9963374068086	0.023726778214204946	326.02006511067003	0.0	(326.02006511067003+0j)
19.631134230362083	385.3814311704939	0.023749347370645064	385.4051809062216	0.0	(385.4051809062216+0j)
21.416897162202954	458.6834840563769	0.02376914684388362	458.7072533146798	0.0	(458.7072533146798+0j)
23.45169336832135	549.9819218417676	0.023786426823099973	550.0057082875209	0.0	(550.0057082875209+0j)
25.784069609393207	664.8182456220344	0.02380142261217788	664.8420470461976	0.0	(664.8420470461976+0j)
28.475006004887277	810.8259669783665	0.0238143552355774	810.8497813336485	0.0	(810.8497813336485+0j)
31.60194254082919	998.6827723538696	0.023825432004915763	998.7065977858747	0.0	(998.7065977858747+0j)
35.26441324417679	1243.5788414560711	0.023834847048138198	1243.6026763031161	0.0	(1243.6026763031161+0j)
39.59206575734854	1567.531670934211	0.023842781803024075	1567.5555137160186	0.0	(1567.5555137160186+0j)
44.75629440708981	2003.1258890540987	0.02384940547664616	2003.1497384595718	0.0	(2003.1497384595718+0j)
50.987474794970254	2599.722585967727	0.023854875472279942	2599.746440843195	0.0	(2599.746440843195+0j)
58.60110868501503	3434.0899391129437	0.02385933778514626	3434.113798450731	0.0	(3434.113798450731+0j)
68.0385608059694	4629.245756547595	0.02386292736826236	4629.269619474963	0.0	(4629.269619474963+0j)
79.93249520555548	6389.20378978615	0.023865768469574302	6389.227655554612	0.0	(6389.227655554612+0j)
95.21573580280513	9066.036344469587	0.02386797494144605	9066.060212444523	0.0	(9066.060212444523+0j)
115.30990144084706	13296.373370297862	0.02386965052348819	13296.3972399484	0.0	(13296.3972399484+0j)
142.46835698783258	20297.232742812503	0.023870889099620544	20297.256613701604	0.0	(20297.256613701604+0j)
180.43662013461488	32557.37388560331	0.023871774930178263	32557.39775737824	0.0	(32557.39775737824+0j)
235.81652801000044	55609.43488269132	0.023872382859789702	55609.45875507418	0.0	(55609.45875507418+0j)
321.1426374440291	103132.59358450712	0.02387277850167632	103132.61745728563	0.0	(103132.61745728563+0j)
462.65273860158646	214047.5565355479	0.02387301839894908	214047.58040856628	0.0	(214047.58040856628+0j)
723.160002690916	522960.38949192566	0.023873150163403075	522960.41336507583	0.0	(522960.41336507583+0j)
1285.984374531262	1653755.8115385608	0.023873212592240754	1653755.8354117733	0.0	(1653755.8354117733+0j)
2894.05405155796	8375548.853339043	0.023873235763085306	8375548.8772122795	0.0	(8375548.8772122795+0j)
11577.630376607392	134041525.13734223	0.023873241107577648	134041525.16121547	0.0	(134041525.16121547+0j)
