-11577.630376607392	-134041525.13734223	-0.00023873241460222234	-134041525.13758096	0.0	(-134041525.13758096+0j)
-2894.05405155796	-8375548.853339043	-0.0002387324140677731	-8375548.853577776	0.0	(-8375548.853577776+0j)
-1285.984374531262	-1653755.8115385608	-0.00023873241175068863	-1653755.8117772932	0.0	(-1653755.8117772932+0j)
-723.160002690916	-522960.38949192566	-0.00023873240550780487	-522960.38973065803	0.0	(-522960.38973065803+0j)
-462.65273860158646	-214047.5565355479	-0.00023873239233135947	-214047.5567742803	0.0	(-214047.5567742803+0j)
-321.1426374440291	-103132.59358450712	-0.00023873236834163217	-103132.59382323948	0.0	(-103132.59382323948+0j)
-235.81652801000044	-55609.43488269132	-0.00023873232877744355	-55609.435121423645	0.0	(-55609.435121423645+0j)
-180.43662013461488	-32557.37388560331	-0.0002387322679844824	-32557.374124335576	0.0	(-32557.374124335576+0j)
-142.46835698783258	-20297.232742812503	-0.00023873217940142662	-20297.232981544683	0.0	(-20297.232981544683+0j)
-115.30990144084706	-13296.373370297862	-0.00023873205554381338	-13296.373609029917	0.0	(-13296.373609029917+0j)
-95.21573580280513	-9066.036344469587	-0.00023873188798560914	-9066.036583201474	0.0	(-9066.036583201474+0j)
-79.93249520555548	-6389.20378978615	-0.000238731667338422	-6389.204028517817	0.0	(-6389.204028517817+0j)
-68.0385608059694	-4629.245756547595	-0.0002387313832282908	-4629.245995278979	0.0	(-4629.245995278979+0j)
-58.60110868501503	-3434.0899391129437	-0.00023873102426997918	-3434.090177843968	0.0	(-3434.090177843968+0j)
-50.987474794970254	-2599.722585967727	-0.00023873057803869255	-2599.722824698305	0.0	(-2599.722824698305+0j)
-44.75629440708981	-2003.1258890540987	-0.00023873003103912918	-2003.1261277841297	0.0	(-2003.1261277841297+0j)
-39.59206575734854	-1567.531670934211	-0.00023872936867176697	-1567.5319096635797	0.0	(-1567.5319096635797+0j)
-35.26441324417679	-1243.5788414560711	-0.00023872857519627837	-1243.5790801846463	0.0	(-1243.5790801846463+0j)
-31.60194254082919	-998.6827723538696	-0.00023872763369195616	-998.6830110815033	0.0	(-998.6830110815033+0j)
-28.475006004887277	-810.8259669783665	-0.00023872652601502232	-810.8262057048904	0.0	(-810.8262057048904+0j)
-25.784069609393207	-664.8182456220344	-0.00023872523275268235	-664.8184843472665	0.0	(-664.8184843472665+0j)
-23.45169336832135	-549.9819218417676	-0.00023872373317377455	-549.982160565502	0.0	(-549.982160565502+0j)
-21.416897162202954	-458.6834840563769	-0.00023872200517585293	-458.68372277838154	0.0	(-458.68372277838154+0j)
-19.631134230362083	-385.3814311704939	-0.00023872002522852906	-385.3816698905193	0.0	(-385.3816698905193+0j)
-18.055368658845175	-325.9963374068086	-0.00023871776831288507	-325.9965761245769	0.0	(-325.9965761245769+0j)
-16.657924004374692	-277.4864321355226	-0.0002387152078567546	-277.4866708507299	0.0	(-277.4866708507299+0j)
-15.4128789857985	-237.55683863086898	-0.00023871231566565478	-237.55707734318395	0.0	(-237.55707734318395+0j)
-14.298856846105949	-204.45730710543097	-0.00023870906184913444	-204.45754581449287	0.0	(-204.45754581449287+0j)
-13.298101733885579	-176.83950972477064	-0.00023870541474228693	-176.83974843018515	0.0	(-176.83974843018515+0j)
-12.395766890631103	-153.6550368068663	-0.00023870134082215833	-153.65527550820764	0.0	(-153.65527550820764+0j)
-11.579360898715521	-134.08159882270192	-0.00023869680461875996	-134.08183751950622	0.0	(-134.08183751950622+0j)
-10.838313114426764	-117.4690311663552	-0.00023869176862037483	-117.4692698581236	0.0	(-117.4692698581236+0j)
-10.163629845644598	-103.29937163927764	-0.00023868619317282355	-103.29961032547088	0.0	(-103.29961032547088+0j)
-9.547620246975589	-91.1570523804582	-0.0002386800363723323	-91.15729106049498	0.0	(-91.15729106049498+0j)
-8.983676231942443	-80.70643864036757	-0.00023867325395161777	-80.70667731362144	0.0	(-80.70667731362144+0j)
-8.466094570382701	-71.67475727466345	-0.00023866579915877745	-71.67499594046248	0.0	(-71.67499594046248+0j)
-7.989932176934198	-63.83901619200846	-0.00023865762262854264	-63.83925484963105	0.0	(-63.83925484963105+0j)
-7.550887697663739	-57.0159050227296	-0.00023864867224542013	-57.01614367140185	0.0	(-57.01614367140185+0j)
-7.145204071488741	-51.053941223219276	-0.00023863889299821322	-51.05417986211228	0.0	(-51.05417986211228+0j)
-6.7695879253305575	-45.827320678781284	-0.00023862822682537576	-45.82755930700832	0.0	(-45.82755930700832+0j)
-6.421142559510249	-41.231071769553836	-0.00023861661245061288	-41.231310386166605	0.0	(-41.231310386166605+0j)
-6.0973119663988715	-37.177213215590875	-0.0002386039852080988	-37.177451819575815	0.0	(-37.177451819575815+0j)
-5.79583385410555	-33.59169006439599	-0.00023859027685663568	-33.59192865467294	0.0	(-33.59192865467294+0j)
-5.514700056995304	-30.41191671862401	-0.00023857541538202715	-30.412155294039817	0.0	(-30.412155294039817+0j)
-5.252123034770273	-27.5847963723645	-0.00023855932478688652	-27.58503493169144	0.0	(-27.58503493169144+0j)
-5.006507413017847	-25.06511647660265	-0.00023854192486704085	-25.065355018535662	0.0	(-25.065355018535662+0j)
-4.776425716445359	-22.81424262472056	-0.00023852313097362952	-22.814481147878134	0.0	(-22.814481147878134+0j)
-4.56059760346492	-20.799050500729972	-0.00023850285375992745	-20.79928900365609	0.0	(-20.79928900365609+0j)
-4.357872036442461	-18.99104868600716	-0.0002384809989118502	-18.991287167175	0.0	(-18.991287167175+0j)
-4.167211922704006	-17.365655208726416	-0.0002384574668610175	-17.365893666539716	0.0	(-17.365893666539716+0j)
-3.9876808426101613	-15.901598502520086	-0.00023843215247916754	-15.901836935308543	0.0	(-15.901836935308543+0j)
-3.8184315467632324	-14.580419477316651	-0.00023840494475261883	-14.580657883323726	0.0	(-14.580657883323726+0j)
-3.658695957878825	-13.386056112198853	-0.00023837572643537792	-13.386294489562381	0.0	(-13.386294489562381+0j)
-3.5077764565140632	-12.304495668874358	-0.00023834437367937974	-12.304734015602406	0.0	(-12.304734015602406+0j)
-3.3650382656406927	-11.323482529226121	-0.00023831075564023041	-11.323720843172662	0.0	(-11.323720843172662+0j)
-3.2299027785138295	-10.432271958651356	-0.00023827473405669235	-10.432510237495205	0.0	(-10.432510237495205+0j)
-3.101841698627311	-9.621421923343162	-0.0002382361628020127	-9.621660164572143	0.0	(-9.621660164572143+0j)
-2.98037188072727	-8.882616547429805	-0.00023819488740504374	-8.882854748331457	0.0	(-8.882854748331457+0j)
-2.8650507786454744	-8.208515964217039	-0.00023815074453893952	-8.208754121874689	0.0	(-8.208754121874689+0j)
-2.7554724197295006	-7.59262825588995	-0.000238103561475033	-7.59286636718292	0.0	(-7.59286636718292+0j)
-2.6512638373838864	-7.0291999354195305	-0.00023805315549930322	-7.029437997025227	0.0	(-7.029437997025227+0j)
-2.5520819030961843	-6.513122040111042	-0.0002379993332886295	-6.513360048506793	0.0	(-6.513360048506793+0j)
-2.4576105076291417	-6.039849407209167	-0.000237941890243798	-6.040087358671638	0.0	(-6.040087358671638+0j)
-2.3675580480799607	-5.605331111028193	-0.00023788060977597444	-5.60556900162987	0.0	(-5.60556900162987+0j)
-2.281655183455845	-5.205950376190925	-0.00023781526254307978	-5.2061882017920516	0.0	(-5.2061882017920516+0j)
-2.199652826468995	-4.838472556993039	-0.00023774560563220835	-4.838710313229604	0.0	(-4.838710313229604+0j)
-2.121320343559641	-4.499999999999994	-0.00023767138168389703	-4.5002376822684225	0.0	(-4.5002376822684225+0j)
-2.0464439388326796	-4.187932794785012	-0.0002375923179536979	-4.188170398223852	0.0	(-4.188170398223852+0j)
-1.974825200741543	-3.8999345734838755	-0.0002375081253061141	-3.9001720929540546	0.0	(-3.9001720929540546+0j)
-1.9062797930545654	-3.6339026494081565	-0.00023741849713553059	-3.6341400794722647	0.0	(-3.6341400794722647+0j)
-1.8406362739628734	-3.38794189302793	-0.00023732310820830162	-3.3881792279286262	0.0	(-3.3881792279286262+0j)
-1.777735029192262	-3.1603418340172125	-0.00023722161341964448	-3.1605790676551724	0.0	(-3.1605790676551724+0j)
-1.7174273067123342	-2.949556553841182	-0.0002371136464584233	-2.949793679752572	0.0	(-2.949793679752572+0j)
-1.659574342134735	-2.7541869970719386	-0.0002369988183722906	-2.7544240084050076	0.0	(-2.7544240084050076+0j)
-1.604046565192437	-2.5729653833056547	-0.0002368767160249753	-2.573202272795925	0.0	(-2.573202272795925+0j)
-1.5507228788222132	-2.4047414469026522	-0.0002367469004367605	-2.404978206846885	0.0	(-2.404978206846885+0j)
-1.4994900033568186	-2.248470270167032	-0.000236608904998375	-2.248706892395912	0.0	(-2.248706892395912+0j)
-1.450241879192413	-2.1032015081635413	-0.00023646223354762213	-2.1034379840117507	0.0	(-2.1034379840117507+0j)
-1.4028791220476988	-1.9680698310773221	-0.00023630635829707624	-1.9683061513518603	0.0	(-1.9683061513518603+0j)
-1.3573085255889847	-1.8422864336365437	-0.00023614071760008536	-1.8425225885831358	0.0	(-1.8425225885831358+0j)
-1.3134426067723575	-1.7251314812849656	-0.0002359647135411124	-1.7253674605516862	0.0	(-1.7253674605516862+0j)
-1.2711991897612396	-1.615947380049632	-0.0002357777093351182	-1.616183172648089	0.0	(-1.616183172648089+0j)
-1.230501024723974	-1.51413277184675	-0.00023557902651922155	-1.5143683661103833	0.0	(-1.5143683661103833+0j)
-1.1912754382096011	-1.4191371696814772	-0.0002353679419182478	-1.419372553220831	0.0	(-1.419372553220831+0j)
-1.1534540121475267	-1.3304561581392267	-0.00023514368436398364	-1.3306913177941504	0.0	(-1.3306913177941504+0j)
-1.116972288824138	-1.2476270940010337	-0.00023490543114596885	-1.247862015788882	0.0	(-1.247862015788882+0j)
-1.0817694994616234	-1.170225249965451	-0.00023465230416945426	-1.1704599190258917	0.0	(-1.1704599190258917+0j)
-1.0477883142657596	-1.097860351511882	-0.00023438336579371488	-1.09809475204729	0.0	(-1.09809475204729+0j)
-1.0149746120238983	-1.0301734630530628	-0.00023409761432119873	-1.0304075782646689	0.0	(-1.0304075782646689+0j)
-0.983277267525198	-0.9668341848318197	-0.00023379397910498333	-0.9670679968504097	0.0	(-0.9670679968504097+0j)
-0.9526479552450803	-0.9075381266326324	-0.00023347131523866632	-0.9077716164445463	0.0	(-0.9077716164445463+0j)
-0.9230409678874824	-0.8520046283986602	-0.0002331283977890956	-0.8522377757658677	0.0	(-0.8522377757658677+0j)
-0.8944130485138297	-0.7999747013518024	-0.00023276391552819786	-0.80020748472541	0.0	(-0.80020748472541+0j)
-0.8667232351087131	-0.7512091662773135	-0.00023237646411554297	-0.751441562704409	0.0	(-0.751441562704409+0j)
-0.8399327165406026	-0.7054869683152764	-0.00023196453867812276	-0.7057189533387258	0.0	(-0.7057189533387258+0j)
-0.8140046989731009	-0.6626036499502886	-0.00023152652572806253	-0.6628351974996316	0.0	(-0.6628351974996316+0j)
-0.7889042818693972	-0.6223699659518693	-0.0002310606943525393	-0.6226010482264122	0.0	(-0.6226010482264122+0j)
-0.7645983428109173	-0.5846106258292011	-0.0002305651866029717	-0.584841213170683	0.0	(-0.584841213170683+0j)
-0.7410554304216328	-0.5491631509573914	-0.00023003800700246684	-0.5493932117125251	0.0	(-0.5493932117125251+0j)
-0.7182456647529329	-0.5158768349363826	-0.0002294770110814579	-0.5161063353077567	0.0	(-0.5161063353077567+0j)
-0.6961406445411588	-0.48461179698217993	-0.00022887989284133106	-0.48484070086688336	0.0	(-0.48484070086688336+0j)
-0.6747133608015242	-0.4552381192440878	-0.00022824417103455388	-0.4554663880582815	0.0	(-0.4554663880582815+0j)
-0.6539381162687773	-0.4276350599091569	-0.00022756717413745082	-0.42786265239788474	0.0	(-0.42786265239788474+0j)
-0.6337904502371234	-0.40169033481177563	-0.00022684602387877616	-0.40191720684209165	0.0	(-0.40191720684209165+0j)
-0.6142470683901082	-0.3772994610258423	-0.00022607761717495698	-0.37752556536185256	0.0	(-0.37752556536185256+0j)
-0.5952857772457417	-0.3543651565910668	-0.00022525860631451538	-0.3545904426495005	0.0	(-0.3545904426495005+0j)
-0.5768854228735254	-0.3327967911239662	-0.00022438537723624058	-0.33302120470761043	0.0	(-0.33302120470761043+0j)
-0.5590258335685147	-0.31250988259697265	-0.00022345402577002378	-0.3127333656043767	0.0	(-0.3127333656043767+0j)
-0.541687766193439	-0.2934256360436378	-0.0002224603317751357	-0.2936481261532445	0.0	(-0.2936481261532445+0j)
-0.5248528559234337	-0.27547052037098463	-0.00022139973124598916	-0.27569195069689795	0.0	(-0.27569195069689795+0j)
-0.5085035691493666	-0.25857587983764463	-0.00022026728669559	-0.25879617855618653	0.0	(-0.25879617855618653+0j)
-0.49262315931526657	-0.2426775770937545	-0.00021905765651038128	-0.24289666703903437	0.0	(-0.24289666703903437+0j)
-0.47719562548316485	-0.22771566498026893	-0.00021776506452914085	-0.227933463209502	0.0	(-0.227933463209502+0j)
-0.4622056734349051	-0.21363408455541413	-0.00021638327184546373	-0.21385050188579163	0.0	(-0.21385050188579163+0j)
-0.4476386791353268	-0.20038038705802005	-0.00021490555374592082	-0.2005953275807306	0.0	(-0.2005953275807306+0j)
-0.43348065439478467	-0.18790547773453076	-0.00021332468570482555	-0.18811883831450538	0.0	(-0.18811883831450538+0j)
-0.41971821458139263	-0.17616337965139195	-0.00021163294334005284	-0.17637504942711438	0.0	(-0.17637504942711438+0j)
-0.4063385482447361	-0.16511101578963971	-0.00020982212202547558	-0.1653208756923242	0.0	(-0.1653208756923242+0j)
-0.39332938852321925	-0.15470800787604955	-0.00020788358226198918	-0.15491593019424552	0.0	(-0.15491593019424552+0j)
-0.3806789862167604	-0.14491649054702044	-0.00020580832674499348	-0.1451223385681748	0.0	(-0.1451223385681748+0j)
-0.3683760844153189	-0.13570093956916215	-0.00020358711419001554	-0.13590456733485126	0.0	(-0.13590456733485126+0j)
-0.3564098945817796	-0.12702801295579522	-0.00020121061332813042	-0.12722926517084546	0.0	(-0.12722926517084546+0j)
-0.3447700739951267	-0.11886640392260515	-0.00019866959810185705	-0.11906511605929457	0.0	(-0.11906511605929457+0j)
-0.3334467044666386	-0.11118670471966183	-0.00019595518213545008	-0.11138270335622959	0.0	(-0.11138270335622959+0j)
-0.3224302722480978	-0.10396128046198246	-0.00019305908727589442	-0.10415438388943851	0.0	(-0.10415438388943851+0j)
-0.31171164905678095	-0.09716415215769776	-0.00018997393772607698	-0.09735417128057632	0.0	(-0.09735417128057632+0j)
-0.3012820741473035	-0.09077088820250129	-0.00018669356836808622	-0.09095762774769652	0.0	(-0.09095762774769652+0j)
-0.29113313736530033	-0.08475850367216284	-0.00018321333362722139	-0.08494176370627701	0.0	(-0.08494176370627701+0j)
-0.2812567631224444	-0.0791053668021148	-0.00017953040191283213	-0.07928494454294427	0.0	(-0.07928494454294427+0j)
-0.27164519523648456	-0.07379111209506782	-0.00017564402044616966	-0.07396680398747736	0.0	(-0.07396680398747736+0j)
-0.26229098258383937	-0.06879655954479592	-0.00017155573618558796	-0.06896816355713231	0.0	(-0.06896816355713231+0j)
-0.25318696551585984	-0.0641036395071292	-0.0001672695605057509	-0.06427095759182821	0.0	(-0.06427095759182821+0j)
-0.24432626299316415	-0.059695322788204816	-0.00016279206809863823	-0.05985816344077622	0.0	(-0.05985816344077622+0j)
-0.2357022603955158	-0.05555555555555554	-0.00015813242398511105	-0.05571373640016808	0.0	(-0.05571373640016808+0j)
-0.22730859796753808	-0.051669198709967855	-0.00015330233626173286	-0.051822549037434745	0.0	(-0.051822549037434745+0j)
-0.2191391598631871	-0.048021971385543476	-0.00014831593595841447	-0.04817033457105238	0.0	(-0.04817033457105238+0j)
-0.21118806375433505	-0.04460039827230509	-0.0001431895888736997	-0.04474363400522748	0.0	(-0.04474363400522748+0j)
-0.20344965097107684	-0.04139176048025299	-0.00013794164726067275	-0.04152974674640254	0.0	(-0.04152974674640254+0j)
-0.19591847714346478	-0.03838404968621433	-0.0001325921515958964	-0.038516684453399584	0.0	(-0.038516684453399584+0j)
-0.18858930331632742	-0.03556592532533775	-0.00012716249428445275	-0.035693127895023526	0.0	(-0.035693127895023526+0j)
-0.18145708751063608	-0.03292667460784264	-0.000121675058011409	-0.03304838660857279	0.0	(-0.03304838660857279+0j)
-0.17451697670656563	-0.03045617515879997	-0.00011615284157827538	-0.0305723611698569	0.0	(-0.0305723611698569+0j)
-0.16776429922496452	-0.028144860094443433	-0.00011061908554327782	-0.0282555079003291	0.0	(-0.0282555079003291+0j)
-0.16119455748540285	-0.025983685362914843	-0.00010509690892983633	-0.026088805849977657	0.0	(-0.026088805849977657+0j)
-0.1548034211203298	-0.02396409919055817	-9.960896680973542e-05	-0.024063725906067042	0.0	(-0.024063725906067042+0j)
-0.14858672042613494	-0.022078013486994386	-9.417713684212524e-05	-0.02217220188808956	0.0	(-0.02217220188808956+0j)
-0.14254044013308836	-0.02031777707333455	-8.882224098682599e-05	-0.020406603498253198	0.0	(-0.020406603498253198+0j)
-0.13666071347723602	-0.0186761506081072	-8.356380672657259e-05	-0.01875971100540578	0.0	(-0.01875971100540578+0j)
-0.13094381655835477	-0.017146283094868063	-7.841987032481787e-05	-0.01722469154832061	0.0	(-0.01722469154832061+0j)
-0.12538616296903085	-0.015721689864096364	-7.34068229887083e-05	-0.015795076951835463	0.0	(-0.015795076951835463+0j)
-0.119984298680822	-0.014396231929928704	-6.853929935384983e-05	-0.014464742956880848	0.0	(-0.014464742956880848+0j)
-0.11473489717430391	-0.01316409662959809	-6.383010649056938e-05	-0.013227889772219583	0.0	(-0.013227889772219583+0j)
-0.10963475480058238	-0.012019779460183821	-5.929019066410597e-05	-0.012079023862154151	0.0	(-0.012079023862154151+0j)
-0.10468078636259055	-0.010958067033490324	-5.4928638361786114e-05	-0.011012940890085152	0.0	(-0.011012940890085152+0j)
-0.09987002090517375	-0.00997402107559984	-5.075270761500866e-05	-0.010024709742645447	0.0	(-0.010024709742645447+0j)
-0.0951995977036112	-0.009062963402929414	-4.676788537054107e-05	-0.009109657563446644	0.0	(-0.009109657563446644+0j)
-0.09066676244082543	-0.008220461811501073	-4.297796657645185e-05	-0.008263355729255644	0.0	(-0.008263355729255644+0j)
-0.08626886356409591	-0.007442316820640595	-3.9385150712492186e-05	-0.007481606705120059	0.0	(-0.007481606705120059+0j)
-0.0820033488126251	-0.0067245492164850615	-3.599015168182402e-05	-0.006760431718554248	0.0	(-0.006760431718554248+0j)
-0.07786776190780223	-0.006063388344530176	-3.279231726072377e-05	-0.006096059196605788	0.0	(-0.006096059196605788+0j)
-0.07385973939847824	-0.0054552611040111195	-2.978975464770009e-05	-0.005484913913209881	0.0	(-0.005484913913209881+0j)
-0.06997700765400564	-0.004896781600208763	-2.697945903886584e-05	-0.004923606797781255	0.0	(-0.004923606797781255+0j)
-0.06621737999820884	-0.004384741413827189	-2.4357442561505306e-05	-0.004408925359297291	0.0	(-0.004408925359297291+0j)
-0.06257875397784089	-0.003916100449419137	-2.1918861305346383e-05	-0.003937824683279476	0.0	(-0.003937824683279476+0j)
-0.05905910875944754	-0.003487978327460253	-1.965813858745189e-05	-0.0035074189621819058	0.0	(-0.0035074189621819058+0j)
-0.05565650264890387	-0.0030976462871074436	-1.7569082961598533e-05	-0.00311497352281265	0.0	(-0.00311497352281265+0j)
-0.05236907072821473	-0.0027425195689367568	-1.5644999829244385e-05	-0.0027578973176599015	0.0	(-0.0027578973176599015+0j)
-0.049195022604474704	-0.002420150249054777	-1.387879582198364e-05	-0.002433735850326955	0.0	(-0.002433735850326955+0j)
-0.046132640266173426	-0.002128220497928166	-1.226307540227482e-05	-0.002140164508577353	0.0	(-0.002140164508577353+0j)
-0.04318027604230418	-0.0018645362390895882	-1.079022936942911e-05	-0.0018749822815892438	0.0	(-0.0018749822815892438+0j)
-0.04033635065999079	-0.0016270211845657396	-9.45251516200115e-06	-0.0016361058407480871	0.0	(-0.0016361058407480871+0j)
-0.0375993513965925	-0.0014137112254444422	-8.242129017493014e-06	-0.0014215639655156289	0.0	(-0.0014215639655156289+0j)
-0.0349678303224755	-0.0012227491574614373	-7.151270188041937e-06	-0.0012294922975773902	0.0	(-0.0012294922975773902+0j)
-0.032440402630858414	-0.0010523797228522056	-6.17219751935065e-06	-0.0010581284076053633	0.0	(-0.0010581284076053633+0j)
-0.030015745051345563	-0.0009009449509873756	-5.29727878266599e-06	-0.0009058071596944153	0.0	(-0.0009058071596944153+0j)
-0.027692594343957332	-0.0007668797814989777	-4.519033209281903e-06	-0.0007709563589706591	0.0	(-0.0007709563589706591+0j)
-0.02546974587065299	-0.000648707954715645	-3.830167716988367e-06	-0.0006520926681749664	0.0	(-0.0006520926681749664+0j)
-0.023346052241517565	-0.0005450381552636673	-3.223607341204526e-06	-0.00054781777931998	0.0	(-0.00054781777931998+0j)
-0.02132042203295229	-0.0004545603956631974	-2.692520392891945e-06	-0.00045681482690450927	0.0	(-0.00045681482690450927+0j)
-0.019391818575367488	-0.00037604262765996755	-2.2303388634813126e-06	-0.0003778450296565722	0.0	(-0.0003778450296565722+0j)
-0.017559258808029145	-0.0003083275698873491	-1.8307745861791124e-06	-0.00030974454842935166	0.0	(-0.00030974454842935166+0j)
-0.015821812198854805	-0.00025032974125583073	-1.4878316452235363e-06	-0.00025142154863792414	0.0	(-0.00025142154863792414+0j)
-0.014178599727093575	-0.000201032690221138	-1.195815501636721e-06	-0.00020185345645632572	0.0	(-0.00020185345645632572+0j)
-0.012628792926956506	-0.00015948641079194668	-9.493392775228315e-07	-0.00016008439891232622	0.0	(-0.00016008439891232622+0j)
-0.011171612990390817	-0.00012480493680706886	-7.433276117546628e-07	-0.0001252228188987152	0.0	(-0.0001252228188987152+0j)
-0.009806329927312342	-9.616410664330169e-05	-5.730184698238271e-07	-9.643925700345495e-05	0.0	(-9.643925700345495e-05+0j)
-0.008532261781727255	-7.279949111192355e-05	-4.339632593525211e-07	-7.296429288177715e-05	0.0	(-7.296429288177715e-05+0j)
-0.00734877390228588	-5.400447786691804e-05	-3.220255728075827e-07	-5.408663966241597e-05	0.0	(-5.408663966241597e-05+0j)
-0.0062552782659191656	-3.912850618408068e-05	-2.3337884816343468e-07	-3.915138555946437e-05	0.0	(-3.915138555946437e-05+0j)
-0.005251232853312349	-2.7575446479706958e-05	-1.6450321022043468e-07	-2.755837749175642e-05	0.0	(-2.755837749175642e-05+0j)
-0.004336141075070599	-1.880211942291441e-05	-1.1218172724092312e-07	-1.8760742082380178e-05	0.0	(-1.8760742082380178e-05+0j)
-0.003509551247528612	-1.2316949959029635e-05	-7.349629178587947e-08	-1.2263539909941282e-05	0.0	(-1.2263539909941282e-05+0j)
-0.002771056117250336	-7.67875200495051e-06	-4.5823310612647104e-08	-7.622549377567722e-06	0.0	(-7.622549377567722e-06+0j)
-0.002120292433356479	-4.4956400029487386e-06	-2.6829364463409888e-08	-4.443176995071937e-06	0.0	(-4.443176995071937e-06+0j)
-0.001556940566906641	-2.4240639288795724e-06	-1.446698147944403e-08	-2.3794912924605975e-06	0.0	(-2.3794912924605975e-06+0j)
-0.0010807241766498574	-1.1679647459955123e-06	-6.9706405980696214e-09	-1.1333778584689464e-06	0.0	(-1.1333778584689464e-06+0j)
-0.0006914099205424476	-4.780476782245138e-07	-2.853114011713842e-09	-4.538125809470259e-07	0.0	(-4.538125809470259e-07+0j)
-0.0003888072125155047	-1.5117104850407686e-07	-9.0223295501346e-10	-1.3624458856836096e-07	0.0	(-1.3624458856836096e-07+0j)
-0.00017276802405636742	-2.984879013634155e-08	-1.7817001207731665e-10	-2.200676538602023e-08	0.0	(-2.200676538602023e-08+0j)
-4.3186730249243375e-05	-1.865093669620913e-09	-1.0913936421275139e-11	-2.3640299717209102e-15	-2.1495492603430644e-09	(-2.3640299717209102e-15-2.1495492603430644e-09j)
4.3186730249243375e-05	1.865093669620913e-09	1.0913936421275139e-11	-2.3640299717209102e-15	2.1495492603430644e-09	(-2.3640299717209102e-15+2.1495492603430644e-09j)
0.00017276802405636742	2.984879013634155e-08	1.7817001207731665e-10	2.2006759069302068e-08	0.0	(2.2006759069302068e-08+0j)
0.0003888072125155047	1.5117104850407686e-07	9.0223295501346e-10	1.3624458549804284e-07	0.0	(1.3624458549804284e-07+0j)
0.0006914099205424476	4.780476782245138e-07	2.853114011713842e-09	4.5381257858562836e-07	0.0	(4.5381257858562836e-07+0j)
0.0010807241766498574	1.1679647459955123e-06	6.9706405980696214e-09	1.1333778579085335e-06	0.0	(1.1333778579085335e-06+0j)
0.001556940566906641	2.4240639288795724e-06	1.446698147944403e-08	2.3794912886977104e-06	0.0	(2.3794912886977104e-06+0j)
0.002120292433356479	4.4956400029487386e-06	2.6829364463409888e-08	4.443176995693733e-06	0.0	(4.443176995693733e-06+0j)
0.002771056117250336	7.67875200495051e-06	4.5823310612647104e-08	7.622549379077483e-06	0.0	(7.622549379077483e-06+0j)
0.003509551247528612	1.2316949959029635e-05	7.349629178587947e-08	1.2263539907211367e-05	0.0	(1.2263539907211367e-05+0j)
0.004336141075070599	1.880211942291441e-05	1.1218172724092312e-07	1.8760742077902484e-05	0.0	(1.8760742077902484e-05+0j)
0.005251232853312349	2.7575446479706958e-05	1.6450321022043468e-07	2.75583774945828e-05	0.0	(2.75583774945828e-05+0j)
0.0062552782659191656	3.912850618408068e-05	2.3337884816343468e-07	3.915138556321319e-05	0.0	(3.915138556321319e-05+0j)
0.00734877390228588	5.400447786691804e-05	3.220255728075827e-07	5.408663966162767e-05	0.0	(5.408663966162767e-05+0j)
0.008532261781727255	7.279949111192355e-05	4.339632593525211e-07	7.296429288411535e-05	0.0	(7.296429288411535e-05+0j)
0.009806329927312342	9.616410664330169e-05	5.730184698238271e-07	9.643925701271362e-05	0.0	(9.643925701271362e-05+0j)
0.011171612990390817	0.00012480493680706886	7.433276117546628e-07	0.00012522281889620904	0.0	(0.00012522281889620904+0j)
0.012628792926956506	0.00015948641079194668	9.493392775228315e-07	0.0001600843989128843	0.0	(0.0001600843989128843+0j)
0.014178599727093575	0.000201032690221138	1.195815501636721e-06	0.0002018534564656486	0.0	(0.0002018534564656486+0j)
0.015821812198854805	0.00025032974125583073	1.4878316452235363e-06	0.00025142154863805577	0.0	(0.00025142154863805577+0j)
0.017559258808029145	0.0003083275698873491	1.8307745861791124e-06	0.0003097445484292522	0.0	(0.0003097445484292522+0j)
0.019391818575367488	0.00037604262765996755	2.2303388634813126e-06	0.0003778450296576381	0.0	(0.0003778450296576381+0j)
0.02132042203295229	0.0004545603956631974	2.692520392891945e-06	0.0004568148269034694	0.0	(0.0004568148269034694+0j)
0.023346052241517565	0.0005450381552636673	3.223607341204526e-06	0.0005478177793239238	0.0	(0.0005478177793239238+0j)
0.02546974587065299	0.000648707954715645	3.830167716988367e-06	0.0006520926681795562	0.0	(0.0006520926681795562+0j)
0.027692594343957332	0.0007668797814989777	4.519033209281903e-06	0.0007709563589723129	0.0	(0.0007709563589723129+0j)
0.030015745051345563	0.0009009449509873756	5.29727878266599e-06	0.0009058071596865546	0.0	(0.0009058071596865546+0j)
0.032440402630858414	0.0010523797228522056	6.17219751935065e-06	0.0010581284075990099	0.0	(0.0010581284075990099+0j)
0.0349678303224755	0.0012227491574614373	7.151270188041937e-06	0.0012294922975773634	0.0	(0.0012294922975773634+0j)
0.0375993513965925	0.0014137112254444422	8.242129017493014e-06	0.0014215639655207396	0.0	(0.0014215639655207396+0j)
0.04033635065999079	0.0016270211845657396	9.45251516200115e-06	0.0016361058407496972	0.0	(0.0016361058407496972+0j)
0.04318027604230418	0.0018645362390895882	1.079022936942911e-05	0.0018749822815864522	0.0	(0.0018749822815864522+0j)
0.046132640266173426	0.002128220497928166	1.226307540227482e-05	0.0021401645085734325	0.0	(0.0021401645085734325+0j)
0.049195022604474704	0.002420150249054777	1.387879582198364e-05	0.002433735850319596	0.0	(0.002433735850319596+0j)
0.05236907072821473	0.0027425195689367568	1.5644999829244385e-05	0.002757897317661312	0.0	(0.002757897317661312+0j)
0.05565650264890387	0.0030976462871074436	1.7569082961598533e-05	0.003114973522814384	0.0	(0.003114973522814384+0j)
0.05905910875944754	0.003487978327460253	1.965813858745189e-05	0.0035074189621801914	0.0	(0.0035074189621801914+0j)
0.06257875397784089	0.003916100449419137	2.1918861305346383e-05	0.003937824683272118	0.0	(0.003937824683272118+0j)
0.06621737999820884	0.004384741413827189	2.4357442561505306e-05	0.004408925359296295	0.0	(0.004408925359296295+0j)
0.06997700765400564	0.004896781600208763	2.697945903886584e-05	0.004923606797782565	0.0	(0.004923606797782565+0j)
0.07385973939847824	0.0054552611040111195	2.978975464770009e-05	0.00548491391320716	0.0	(0.00548491391320716+0j)
0.07786776190780223	0.006063388344530176	3.279231726072377e-05	0.006096059196608835	0.0	(0.006096059196608835+0j)
0.0820033488126251	0.0067245492164850615	3.599015168182402e-05	0.006760431718552128	0.0	(0.006760431718552128+0j)
0.08626886356409591	0.007442316820640595	3.9385150712492186e-05	0.007481606705122255	0.0	(0.007481606705122255+0j)
0.09066676244082543	0.008220461811501073	4.297796657645185e-05	0.008263355729254972	0.0	(0.008263355729254972+0j)
0.0951995977036112	0.009062963402929414	4.676788537054107e-05	0.009109657563443752	0.0	(0.009109657563443752+0j)
0.09987002090517375	0.00997402107559984	5.075270761500866e-05	0.010024709742646118	0.0	(0.010024709742646118+0j)
0.10468078636259055	0.010958067033490324	5.4928638361786114e-05	0.011012940890081865	0.0	(0.011012940890081865+0j)
0.10963475480058238	0.012019779460183821	5.929019066410597e-05	0.01207902386215329	0.0	(0.01207902386215329+0j)
0.11473489717430391	0.01316409662959809	6.383010649056938e-05	0.013227889772217722	0.0	(0.013227889772217722+0j)
0.119984298680822	0.014396231929928704	6.853929935384983e-05	0.014464742956873769	0.0	(0.014464742956873769+0j)
0.12538616296903085	0.015721689864096364	7.34068229887083e-05	0.015795076951834904	0.0	(0.015795076951834904+0j)
0.13094381655835477	0.017146283094868063	7.841987032481787e-05	0.017224691548319387	0.0	(0.017224691548319387+0j)
0.13666071347723602	0.0186761506081072	8.356380672657259e-05	0.018759711005405133	0.0	(0.018759711005405133+0j)
0.14254044013308836	0.02031777707333455	8.882224098682599e-05	0.020406603498249118	0.0	(0.020406603498249118+0j)
0.14858672042613494	0.022078013486994386	9.417713684212524e-05	0.022172201888090583	0.0	(0.022172201888090583+0j)
0.1548034211203298	0.02396409919055817	9.960896680973542e-05	0.024063725906069585	0.0	(0.024063725906069585+0j)
0.16119455748540285	0.025983685362914843	0.00010509690892983633	0.02608880584998732	0.0	(0.02608880584998732+0j)
0.16776429922496452	0.028144860094443433	0.00011061908554327782	0.028255507900337134	0.0	(0.028255507900337134+0j)
0.17451697670656563	0.03045617515879997	0.00011615284157827538	0.030572361169864084	0.0	(0.030572361169864084+0j)
0.18145708751063608	0.03292667460784264	0.000121675058011409	0.03304838660858111	0.0	(0.03304838660858111+0j)
0.18858930331632742	0.03556592532533775	0.00012716249428445275	0.03569312789503189	0.0	(0.03569312789503189+0j)
0.19591847714346478	0.03838404968621433	0.0001325921515958964	0.03851668445340068	0.0	(0.03851668445340068+0j)
0.20344965097107684	0.04139176048025299	0.00013794164726067275	0.041529746746403494	0.0	(0.041529746746403494+0j)
0.21118806375433505	0.04460039827230509	0.0001431895888736997	0.04474363400522559	0.0	(0.04474363400522559+0j)
0.2191391598631871	0.048021971385543476	0.00014831593595841447	0.048170334571052	0.0	(0.048170334571052+0j)
0.22730859796753808	0.051669198709967855	0.00015330233626173286	0.05182254903743673	0.0	(0.05182254903743673+0j)
0.2357022603955158	0.05555555555555554	0.00015813242398511105	0.0557137364001716	0.0	(0.0557137364001716+0j)
0.24432626299316415	0.059695322788204816	0.00016279206809863823	0.059858163440776206	0.0	(0.059858163440776206+0j)
0.25318696551585984	0.0641036395071292	0.0001672695605057509	0.06427095759183023	0.0	(0.06427095759183023+0j)
0.26229098258383937	0.06879655954479592	0.00017155573618558796	0.06896816355713144	0.0	(0.06896816355713144+0j)
0.27164519523648456	0.07379111209506782	0.00017564402044616966	0.07396680398746878	0.0	(0.07396680398746878+0j)
0.2812567631224444	0.0791053668021148	0.00017953040191283213	0.07928494454293797	0.0	(0.07928494454293797+0j)
0.29113313736530033	0.08475850367216284	0.00018321333362722139	0.08494176370627889	0.0	(0.08494176370627889+0j)
0.3012820741473035	0.09077088820250129	0.00018669356836808622	0.09095762774769724	0.0	(0.09095762774769724+0j)
0.31171164905678095	0.09716415215769776	0.00018997393772607698	0.09735417128058137	0.0	(0.09735417128058137+0j)
0.3224302722480978	0.10396128046198246	0.00019305908727589442	0.1041543838894354	0.0	(0.1041543838894354+0j)
0.3334467044666386	0.11118670471966183	0.00019595518213545008	0.11138270335622732	0.0	(0.11138270335622732+0j)
0.3447700739951267	0.11886640392260515	0.00019866959810185705	0.11906511605929967	0.0	(0.11906511605929967+0j)
0.3564098945817796	0.12702801295579522	0.00020121061332813042	0.1272292651708403	0.0	(0.1272292651708403+0j)
0.3683760844153189	0.13570093956916215	0.00020358711419001554	0.1359045673348519	0.0	(0.1359045673348519+0j)
0.3806789862167604	0.14491649054702044	0.00020580832674499348	0.1451223385681928	0.0	(0.1451223385681928+0j)
0.39332938852321925	0.15470800787604955	0.00020788358226198918	0.1549159301942608	0.0	(0.1549159301942608+0j)
0.4063385482447361	0.16511101578963971	0.00020982212202547558	0.16532087569232673	0.0	(0.16532087569232673+0j)
0.41971821458139263	0.17616337965139195	0.00021163294334005284	0.17637504942713383	0.0	(0.17637504942713383+0j)
0.43348065439478467	0.18790547773453076	0.00021332468570482555	0.18811883831454349	0.0	(0.18811883831454349+0j)
0.4476386791353268	0.20038038705802005	0.00021490555374592082	0.20059532758073237	0.0	(0.20059532758073237+0j)
0.4622056734349051	0.21363408455541413	0.00021638327184546373	0.21385050188579735	0.0	(0.21385050188579735+0j)
0.47719562548316485	0.22771566498026893	0.00021776506452914085	0.2279334632095036	0.0	(0.2279334632095036+0j)
0.49262315931526657	0.2426775770937545	0.00021905765651038128	0.24289666703905025	0.0	(0.24289666703905025+0j)
0.5085035691493666	0.25857587983764463	0.00022026728669559	0.25879617855618814	0.0	(0.25879617855618814+0j)
0.5248528559234337	0.27547052037098463	0.00022139973124598916	0.27569195069689545	0.0	(0.27569195069689545+0j)
0.541687766193439	0.2934256360436378	0.0002224603317751357	0.2936481261532154	0.0	(0.2936481261532154+0j)
0.5590258335685147	0.31250988259697265	0.00022345402577002378	0.3127333656043529	0.0	(0.3127333656043529+0j)
0.5768854228735254	0.3327967911239662	0.00022438537723624058	0.33302120470753155	0.0	(0.33302120470753155+0j)
0.5952857772457417	0.3543651565910668	0.00022525860631451538	0.3545904426494686	0.0	(0.3545904426494686+0j)
0.6142470683901082	0.3772994610258423	0.00022607761717495698	0.3775255653618108	0.0	(0.3775255653618108+0j)
0.6337904502371234	0.40169033481177563	0.00022684602387877616	0.40191720684196514	0.0	(0.40191720684196514+0j)
0.6539381162687773	0.4276350599091569	0.00022756717413745082	0.427862652397819	0.0	(0.427862652397819+0j)
0.6747133608015242	0.4552381192440878	0.00022824417103455388	0.4554663880582534	0.0	(0.4554663880582534+0j)
0.6961406445411588	0.48461179698217993	0.00022887989284133106	0.4848407008668711	0.0	(0.4848407008668711+0j)
0.7182456647529329	0.5158768349363826	0.0002294770110814579	0.5161063353077565	0.0	(0.5161063353077565+0j)
0.7410554304216328	0.5491631509573914	0.00023003800700246684	0.5493932117124815	0.0	(0.5493932117124815+0j)
0.7645983428109173	0.5846106258292011	0.0002305651866029717	0.58484121317068	0.0	(0.58484121317068+0j)
0.7889042818693972	0.6223699659518693	0.0002310606943525393	0.6226010482263837	0.0	(0.6226010482263837+0j)
0.8140046989731009	0.6626036499502886	0.00023152652572806253	0.6628351974996206	0.0	(0.6628351974996206+0j)
0.8399327165406026	0.7054869683152764	0.00023196453867812276	0.7057189533386452	0.0	(0.7057189533386452+0j)
0.8667232351087131	0.7512091662773135	0.00023237646411554297	0.7514415627044654	0.0	(0.7514415627044654+0j)
0.8944130485138297	0.7999747013518024	0.00023276391552819786	0.8002074847253474	0.0	(0.8002074847253474+0j)
0.9230409678874824	0.8520046283986602	0.0002331283977890956	0.8522377757658539	0.0	(0.8522377757658539+0j)
0.9526479552450803	0.9075381266326324	0.00023347131523866632	0.9077716164446644	0.0	(0.9077716164446644+0j)
0.983277267525198	0.9668341848318197	0.00023379397910498333	0.967067996850375	0.0	(0.967067996850375+0j)
1.0149746120238983	1.0301734630530628	0.00023409761432119873	1.030407578264614	0.0	(1.030407578264614+0j)
1.0477883142657596	1.097860351511882	0.00023438336579371488	1.098094752047287	0.0	(1.098094752047287+0j)
1.0817694994616234	1.170225249965451	0.00023465230416945426	1.1704599190259017	0.0	(1.1704599190259017+0j)
1.116972288824138	1.2476270940010337	0.00023490543114596885	1.2478620157888383	0.0	(1.2478620157888383+0j)
1.1534540121475267	1.3304561581392267	0.00023514368436398364	1.3306913177941047	0.0	(1.3306913177941047+0j)
1.1912754382096011	1.4191371696814772	0.0002353679419182478	1.4193725532207777	0.0	(1.4193725532207777+0j)
1.230501024723974	1.51413277184675	0.00023557902651922155	1.5143683661103668	0.0	(1.5143683661103668+0j)
1.2711991897612396	1.615947380049632	0.0002357777093351182	1.616183172648053	0.0	(1.616183172648053+0j)
1.3134426067723575	1.7251314812849656	0.0002359647135411124	1.7253674605516534	0.0	(1.7253674605516534+0j)
1.3573085255889847	1.8422864336365437	0.00023614071760008536	1.8425225885831575	0.0	(1.8425225885831575+0j)
1.4028791220476988	1.9680698310773221	0.00023630635829707624	1.9683061513518252	0.0	(1.9683061513518252+0j)
1.450241879192413	2.1032015081635413	0.00023646223354762213	2.10343798401173	0.0	(2.10343798401173+0j)
1.4994900033568186	2.248470270167032	0.000236608904998375	2.248706892396031	0.0	(2.248706892396031+0j)
1.5507228788222132	2.4047414469026522	0.0002367469004367605	2.4049782068468817	0.0	(2.4049782068468817+0j)
1.604046565192437	2.5729653833056547	0.0002368767160249753	2.57320227279582	0.0	(2.57320227279582+0j)
1.659574342134735	2.7541869970719386	0.0002369988183722906	2.7544240084048854	0.0	(2.7544240084048854+0j)
1.7174273067123342	2.949556553841182	0.0002371136464584233	2.9497936797525792	0.0	(2.9497936797525792+0j)
1.777735029192262	3.1603418340172125	0.00023722161341964448	3.1605790676551613	0.0	(3.1605790676551613+0j)
1.8406362739628734	3.38794189302793	0.00023732310820830162	3.388179227928617	0.0	(3.388179227928617+0j)
1.9062797930545654	3.6339026494081565	0.00023741849713553059	3.6341400794723016	0.0	(3.6341400794723016+0j)
1.974825200741543	3.8999345734838755	0.0002375081253061141	3.9001720929540626	0.0	(3.9001720929540626+0j)
2.0464439388326796	4.187932794785012	0.0002375923179536979	4.188170398223802	0.0	(4.188170398223802+0j)
2.121320343559641	4.499999999999994	0.00023767138168389703	4.500237682268399	0.0	(4.500237682268399+0j)
2.199652826468995	4.838472556993039	0.00023774560563220835	4.838710313229611	0.0	(4.838710313229611+0j)
2.281655183455845	5.205950376190925	0.00023781526254307978	5.206188201792055	0.0	(5.206188201792055+0j)
2.3675580480799607	5.605331111028193	0.00023788060977597444	5.6055690016299025	0.0	(5.6055690016299025+0j)
2.4576105076291417	6.039849407209167	0.000237941890243798	6.04008735867166	0.0	(6.04008735867166+0j)
2.5520819030961843	6.513122040111042	0.0002379993332886295	6.513360048506766	0.0	(6.513360048506766+0j)
2.6512638373838864	7.0291999354195305	0.00023805315549930322	7.029437997025269	0.0	(7.029437997025269+0j)
2.7554724197295006	7.59262825588995	0.000238103561475033	7.592866367182956	0.0	(7.592866367182956+0j)
2.8650507786454744	8.208515964217039	0.00023815074453893952	8.208754121874714	0.0	(8.208754121874714+0j)
2.98037188072727	8.882616547429805	0.00023819488740504374	8.882854748331457	0.0	(8.882854748331457+0j)
3.101841698627311	9.621421923343162	0.0002382361628020127	9.621660164572146	0.0	(9.621660164572146+0j)
3.2299027785138295	10.432271958651356	0.00023827473405669235	10.43251023749527	0.0	(10.43251023749527+0j)
3.3650382656406927	11.323482529226121	0.00023831075564023041	11.323720843172678	0.0	(11.323720843172678+0j)
3.5077764565140632	12.304495668874358	0.00023834437367937974	12.304734015602396	0.0	(12.304734015602396+0j)
3.658695957878825	13.386056112198853	0.00023837572643537792	13.386294489562394	0.0	(13.386294489562394+0j)
3.8184315467632324	14.580419477316651	0.00023840494475261883	14.58065788332375	0.0	(14.58065788332375+0j)
3.9876808426101613	15.901598502520086	0.00023843215247916754	15.901836935308499	0.0	(15.901836935308499+0j)
4.167211922704006	17.365655208726416	0.0002384574668610175	17.365893666539648	0.0	(17.365893666539648+0j)
4.357872036442461	18.99104868600716	0.0002384809989118502	18.99128716717503	0.0	(18.99128716717503+0j)
4.56059760346492	20.799050500729972	0.00023850285375992745	20.799289003656135	0.0	(20.799289003656135+0j)
4.776425716445359	22.81424262472056	0.00023852313097362952	22.814481147878144	0.0	(22.814481147878144+0j)
5.006507413017847	25.06511647660265	0.00023854192486704085	25.065355018535698	0.0	(25.065355018535698+0j)
5.252123034770273	27.5847963723645	0.00023855932478688652	27.585034931691258	0.0	(27.585034931691258+0j)
5.514700056995304	30.41191671862401	0.00023857541538202715	30.41215529403983	0.0	(30.41215529403983+0j)
5.79583385410555	33.59169006439599	0.00023859027685663568	33.59192865467276	0.0	(33.59192865467276+0j)
6.0973119663988715	37.177213215590875	0.0002386039852080988	37.17745181957615	0.0	(37.17745181957615+0j)
6.421142559510249	41.231071769553836	0.00023861661245061288	41.231310386166186	0.0	(41.231310386166186+0j)
6.7695879253305575	45.827320678781284	0.00023862822682537576	45.82755930700815	0.0	(45.82755930700815+0j)
7.145204071488741	51.053941223219276	0.00023863889299821322	51.05417986211231	0.0	(51.05417986211231+0j)
7.550887697663739	57.0159050227296	0.00023864867224542013	57.016143671401785	0.0	(57.016143671401785+0j)
7.989932176934198	63.83901619200846	0.00023865762262854264	63.839254849631594	0.0	(63.839254849631594+0j)
8.466094570382701	71.67475727466345	0.00023866579915877745	71.67499594046268	0.0	(71.67499594046268+0j)
8.983676231942443	80.70643864036757	0.00023867325395161777	80.7066773136217	0.0	(80.7066773136217+0j)
9.547620246975589	91.1570523804582	0.0002386800363723323	91.15729106049439	0.0	(91.15729106049439+0j)
10.163629845644598	103.29937163927764	0.00023868619317282355	103.29961032547085	0.0	(103.29961032547085+0j)
10.838313114426764	117.4690311663552	0.00023869176862037483	117.46926985812446	0.0	(117.46926985812446+0j)
11.579360898715521	134.08159882270192	0.00023869680461875996	134.08183751950673	0.0	(134.08183751950673+0j)
12.395766890631103	153.6550368068663	0.00023870134082215833	153.65527550820678	0.0	(153.65527550820678+0j)
13.298101733885579	176.83950972477064	0.00023870541474228693	176.8397484301857	0.0	(176.8397484301857+0j)
14.298856846105949	204.45730710543097	0.00023870906184913444	204.45754581449324	0.0	(204.45754581449324+0j)
15.4128789857985	237.55683863086898	0.00023871231566565478	237.55707734318423	0.0	(237.55707734318423+0j)
16.657924004374692	277.4864321355226	0.0002387152078567546	277.48667085073106	0.0	(277.48667085073106+0j)
18.055368658845175	325.9963374068086	0.00023871776831288507	325.99657612457526	0.0	(325.99657612457526+0j)
19.631134230362083	385.3814311704939	0.00023872002522852906	385.3816698905191	0.0	(385.3816698905191+0j)
21.416897162202954	458.6834840563769	0.00023872200517585293	458.68372277838336	0.0	(458.68372277838336+0j)
23.45169336832135	549.9819218417676	0.00023872373317377455	549.9821605655025	0.0	(549.9821605655025+0j)
25.784069609393207	664.8182456220344	0.00023872523275268235	664.8184843472667	0.0	(664.8184843472667+0j)
28.475006004887277	810.8259669783665	0.00023872652601502232	810.8262057048915	0.0	(810.8262057048915+0j)
31.60194254082919	998.6827723538696	0.00023872763369195616	998.6830110815033	0.0	(998.6830110815033+0j)
35.26441324417679	1243.5788414560711	0.00023872857519627837	1243.5790801846463	0.0	(1243.5790801846463+0j)
39.59206575734854	1567.531670934211	0.00023872936867176697	1567.5319096635797	0.0	(1567.5319096635797+0j)
44.75629440708981	2003.1258890540987	0.00023873003103912918	2003.1261277841297	0.0	(2003.1261277841297+0j)
50.987474794970254	2599.722585967727	0.00023873057803869255	2599.722824698305	0.0	(2599.722824698305+0j)
58.60110868501503	3434.0899391129437	0.00023873102426997918	3434.090177843968	0.0	(3434.090177843968+0j)
68.0385608059694	4629.245756547595	0.0002387313832282908	4629.245995278979	0.0	(4629.245995278979+0j)
79.93249520555548	6389.20378978615	0.000238731667338422	6389.204028517817	0.0	(6389.204028517817+0j)
95.21573580280513	9066.036344469587	0.00023873188798560914	9066.036583201474	0.0	(9066.036583201474+0j)
115.30990144084706	13296.373370297862	0.00023873205554381338	13296.373609029917	0.0	(13296.373609029917+0j)
142.46835698783258	20297.232742812503	0.00023873217940142662	20297.232981544683	0.0	(20297.232981544683+0j)
180.43662013461488	32557.37388560331	0.0002387322679844824	32557.374124335576	0.0	(32557.374124335576+0j)
235.81652801000044	55609.43488269132	0.00023873232877744355	55609.435121423645	0.0	(55609.435121423645+0j)
321.1426374440291	103132.59358450712	0.00023873236834163217	103132.59382323948	0.0	(103132.59382323948+0j)
462.65273860158646	214047.5565355479	0.00023873239233135947	214047.5567742803	0.0	(214047.5567742803+0j)
723.160002690916	522960.38949192566	0.00023873240550780487	522960.38973065803	0.0	(522960.38973065803+0j)
1285.984374531262	1653755.8115385608	0.00023873241175068863	1653755.8117772932	0.0	(1653755.8117772932+0j)
2894.05405155796	8375548.853339043	0.0002387324140677731	8375548.853577776	0.0	(8375548.853577776+0j)
11577.630376607392	134041525.13734223	0.00023873241460222234	134041525.13758096	0.0	(134041525.13758096+0j)
