-491300712.9051597	-2.4137639050111818e+17	-7.957747154594768e-05	-2.4137639050111818e+17	0.0	(-2.4137639050111818e+17+0j)
-15334585.296807788	-235149506225073.6	-7.957747154594766e-05	-235149506225073.6	0.0	(-235149506225073.6+0j)
-2015300.0265592698	-4061434197049.7935	-7.957747154594728e-05	-4061434197049.7935	0.0	(-4061434197049.7935+0j)
-476890.5914900337	-227424636251.71423	-7.957747154594068e-05	-227424636251.71432	0.0	(-227424636251.71432+0j)
-155700.26041345252	-24242571092.81693	-7.957747154588203e-05	-24242571092.81701	0.0	(-24242571092.81701+0j)
-62294.629369819806	-3880620848.3232164	-7.957747154553754e-05	-3880620848.323296	0.0	(-3880620848.323296+0j)
-28670.131541889685	-821976442.6292578	-7.957747154401143e-05	-821976442.6293374	0.0	(-821976442.6293374+0j)
-14615.946468199207	-213625891.16126487	-7.95774715384975e-05	-213625891.16134444	0.0	(-213625891.16134444+0j)
-8054.961643172008	-64882407.07297229	-7.957747152141793e-05	-64882407.07305187	0.0	(-64882407.07305187+0j)
-4719.709350622526	-22275656.354353704	-7.957747147449974e-05	-22275656.35443328	0.0	(-22275656.35443328+0j)
-2905.5531311381246	-8442238.99786656	-7.957747135742548e-05	-8442238.997946138	0.0	(-8442238.997946138+0j)
-1862.9370704980229	-3470534.5286357556	-7.957747108735854e-05	-3470534.528715333	0.0	(-3470534.528715333+0j)
-1235.7543352378332	-1527088.777059099	-7.95774705037362e-05	-1527088.7771386765	0.0	(-1527088.7771386765+0j)
-843.6890421195397	-711811.1997925865	-7.957746931003254e-05	-711811.1998721639	0.0	(-711811.1998721639+0j)
-590.426387861089	-348603.3194826931	-7.957746698044487e-05	-348603.31956227054	0.0	(-348603.31956227054+0j)
-422.1275497265307	-178191.66823812464	-7.957746261427626e-05	-178191.6683177021	0.0	(-178191.6683177021+0j)
-307.49542203924335	-94553.43457509238	-7.957745471367248e-05	-94553.43465466984	0.0	(-94553.43465466984+0j)
-227.70584805561194	-51849.95323872543	-7.957744085065614e-05	-51849.95331830287	0.0	(-51849.95331830287+0j)
-171.09264447092386	-29272.69299205395	-7.957741717618295e-05	-29272.69307163137	0.0	(-29272.69307163137+0j)
-130.2315610291409	-16960.25948808685	-7.957737770602547e-05	-16960.259567664227	0.0	(-16960.259567664227+0j)
-100.28491358955185	-10057.06389366388	-7.957731329405151e-05	-10057.063973241195	0.0	(-10057.063973241195+0j)
-78.03292339420696	-6089.137133446172	-7.957721017074852e-05	-6089.137213023382	0.0	(-6089.137213023382+0j)
-61.29127685172722	-3756.620618115073	-7.957704788074623e-05	-3756.6206976921208	0.0	(-3756.6206976921208+0j)
-48.55223315209978	-2357.319344055857	-7.957679639370963e-05	-2357.3194236326535	0.0	(-2357.3194236326535+0j)
-38.75852069698783	-1502.222926618834	-7.95764120830659e-05	-1502.2230061952462	0.0	(-1502.2230061952462+0j)
-31.157987544785737	-970.8201878410231	-7.9575832159529e-05	-970.8202674168552	0.0	(-970.8202674168552+0j)
-25.208425276830063	-635.4647049375249	-7.957496700176362e-05	-635.4647845124919	0.0	(-635.4647845124919+0j)
-20.51418364963871	-420.8317308111042	-7.957368963190842e-05	-420.8318103847938	0.0	(-420.8318103847938+0j)
-16.783294711149175	-281.67898136128787	-7.957182132162768e-05	-281.6790609331092	0.0	(-281.6790609331092+0j)
-13.798049994931585	-190.3861836626315	-7.956911196123253e-05	-190.38626323174358	0.0	(-190.38626323174358+0j)
-11.394538808862752	-129.8355146666794	-7.95652133480655e-05	-129.83559423189303	0.0	(-129.83559423189303+0j)
-9.448241174620588	-89.26926129379582	-7.955964290697552e-05	-89.26934085343895	0.0	(-89.26934085343895+0j)
-7.863766229538378	-61.838819312828235	-7.955173448549593e-05	-61.83889886456274	0.0	(-61.83889886456274+0j)
-6.567464210230333	-43.13158615265633	-7.954057168733162e-05	-43.131665693227895	0.0	(-43.131665693227895+0j)
-5.50205350420596	-30.27259276314508	-7.952489760742278e-05	-30.272672288042724	0.0	(-30.272672288042724+0j)
-4.622676113205903	-21.36913444760443	-7.95029926551521e-05	-21.36921395059708	0.0	(-21.36921395059708+0j)
-3.8939759990061305	-15.163049080835792	-7.94725091849849e-05	-15.163128553345066	0.0	(-15.163128553345066+0j)
-3.2879169380616613	-10.81039779159277	-7.943024759900311e-05	-10.810477221840365	0.0	(-10.810477221840365+0j)
-2.7821398440769576	-7.740302112000558	-7.937185303030195e-05	-7.740381483853605	0.0	(-7.740381483853605+0j)
-2.3587169822017677	-5.563545802127014	-7.929140408330353e-05	-5.563625093531097	0.0	(-5.563625093531097+0j)
-2.003200530223959	-4.012812364289551	-7.918085458845364e-05	-4.012891545144143	0.0	(-4.012891545144143+0j)
-1.7038910988834803	-2.903244876854354	-7.902927478734584e-05	-2.90332390612959	0.0	(-2.90332390612959+0j)
-1.4512718088626901	-2.106189863199585	-7.882181819354706e-05	-2.106268685034271	0.0	(-2.106268685034271+0j)
-1.2375678303936668	-1.5315741348252876	-7.85383122948674e-05	-1.5316526733402451	0.0	(-1.5316526733402451+0j)
-1.0564016195940227	-1.1159843818808741	-7.815133202575424e-05	-1.1160625343495545	0.0	(-1.1160625343495545+0j)
-0.9025215990265016	-0.8145452367093534	-7.762355989169925e-05	-0.8146228638867421	0.0	(-0.8146228638867421+0j)
-0.7715875363217829	-0.5953473262071186	-7.690415907630357e-05	-0.5954242380167296	0.0	(-0.5954242380167296+0j)
-0.659999938712664	-0.4355999191007203	-7.59237761236633e-05	-0.43567585499518313	0.0	(-0.43567585499518313+0j)
-0.5647638010544883	-0.31895815098151364	-7.458763436091652e-05	-0.31903275448789714	0.0	(-0.31903275448789714+0j)
-0.48337930314663163	-0.2336555507105232	-7.276600913150805e-05	-0.2337283354400858	0.0	(-0.2337283354400858+0j)
-0.4137537513461356	-0.17119216675299984	-7.028239473225319e-05	-0.17126247028166972	0.0	(-0.17126247028166972+0j)
-0.354130345511829	-0.12540830161232738	-6.69105341505913e-05	-0.12547523555005896	0.0	(-0.12547523555005896+0j)
-0.303030331169578	-0.09182738160874412	-6.242122974878726e-05	-0.09188982818900063	0.0	(-0.09188982818900063+0j)
-0.2592058458505109	-0.06718767052307881	-5.671267438309198e-05	-0.06724440966268871	0.0	(-0.06724440966268871+0j)
-0.22160134473870569	-0.049107155990002684	-4.994955340904189e-05	-0.04915713146603713	0.0	(-0.04915713146603713+0j)
-0.18932193617505094	-0.035842795517070064	-4.257165116884601e-05	-0.035885389720257475	0.0	(-0.035885389720257475+0j)
-0.16160730352564198	-0.026116920552828975	-3.5149189400735565e-05	-0.026152085073766717	0.0	(-0.026152085073766717+0j)
-0.13781015987400208	-0.018991640164498013	-2.8198305151523916e-05	-0.019019843103747505	0.0	(-0.019019843103747505+0j)
-0.11737839356696873	-0.013777687276362208	-2.2065988141769906e-05	-0.013799745897294654	0.0	(-0.013799745897294654+0j)
-0.09984022916449595	-0.009968071359619067	-1.6909019652776605e-05	-0.009984961550605517	0.0	(-0.009984961550605517+0j)
-0.08479185994298806	-0.007189659512591303	-1.2733022916893377e-05	-0.007202362197773023	0.0	(-0.007202362197773023+0j)
-0.07188711251369696	-0.005167756945556926	-9.449803700294817e-06	-0.005177162971824819	0.0	(-0.005177162971824819+0j)
-0.06082878727401997	-0.003700141361227974	-6.927482295220273e-06	-0.0037070092061682004	0.0	(-0.0037070092061682004+0j)
-0.05136138488040145	-0.0026379918568327308	-5.0247887967843146e-06	-0.002642940711451483	0.0	(-0.002642940711451483+0j)
-0.04326498225316862	-0.0018718586893669955	-3.610434506922094e-06	-0.0018753797543418391	0.0	(-0.0018753797543418391+0j)
-0.03635006454355864	-0.0013213271923208788	-2.5717510883224368e-06	-0.0013238016921113703	0.0	(-0.0013238016921113703+0j)
-0.030453154154757925	-0.0009273945979734498	-1.8168031984747146e-06	-0.0009291127879710909	0.0	(-0.0009291127879710909+0j)
-0.025433105990453665	-0.0006468428803216501	-1.2730912778605164e-06	-0.000648021825620243	0.0	(-0.000648021825620243+0j)
-0.021167960925598507	-0.0004480825697476652	-8.848118176620068e-07	-0.00044888190015081986	0.0	(-0.00044888190015081986+0j)
-0.017552268095698466	-0.00030808211530327425	-6.097748668575099e-07	-0.0003086174346851502	0.0	(-0.0003086174346851502+0j)
-0.014494801807028182	-0.00021009927942502744	-4.1651945257431544e-07	-0.00021045315455932236	0.0	(-0.00021045315455932236+0j)
-0.01191661133538572	-0.00014200562571864344	-2.818437648266503e-07	-0.00014223628577868456	0.0	(-0.00014223628577868456+0j)
-0.009749352127084143	-9.50498668978801e-05	-1.8879649884839812e-07	-9.519789209486988e-05	0.0	(-9.519789209486988e-05+0j)
-0.007933855360010377	-6.29460608735654e-05	-1.250959365151072e-07	-6.303940481543413e-05	0.0	(-6.303940481543413e-05+0j)
-0.006418899799370046	-4.120227463435282e-05	-8.19130612061958e-08	-4.1259965570289935e-05	0.0	(-4.1259965570289935e-05+0j)
-0.005160155661347084	-2.6627206449332365e-05	-5.2949643125632664e-08	-2.666203448197467e-05	0.0	(-2.666203448197467e-05+0j)
-0.004119274995517893	-1.6968426488698938e-05	-3.3748067029826244e-08	-1.6988870340576092e-05	0.0	(-1.6988870340576092e-05+0j)
-0.003263107089183827	-1.0647867875481748e-05	-2.117950130831048e-08	-1.0659461255103567e-05	0.0	(-1.0659461255103567e-05+0j)
-0.0025630207263880054	-6.5690752438944986e-06	-1.3067329218685586e-08	-6.575365733456911e-06	0.0	(-6.575365733456911e-06+0j)
-0.001994317917234925	-3.977303955004249e-06	-7.912070376647762e-09	-3.980518763055566e-06	0.0	(-3.980518763055566e-06+0j)
-0.0015357260438216452	-2.3584544816720816e-06	-4.691811739121477e-09	-2.3599574230198046e-06	0.0	(-2.3599574230198046e-06+0j)
-0.0011689573249537843	-1.3664612275631073e-06	-2.7184263728941005e-09	-1.3670623595215016e-06	0.0	(-1.3670623595215016e-06+0j)
-0.0008783261462444041	-7.714568191765463e-07	-1.5347449533464898e-09	-7.716191666942957e-07	0.0	(-7.716191666942957e-07+0j)
-0.0006504161872513184	-4.230412166385421e-07	-8.416073171702011e-10	-4.2301638776253184e-07	0.0	(-4.2301638776253184e-07+0j)
-0.00047379044587250003	-2.244773866000624e-07	-4.4658179376710907e-10	-2.243926869798679e-07	0.0	(-2.243926869798679e-07+0j)
-0.00033873824766628456	-1.1474360043202513e-07	-2.282746436321759e-10	-1.1465656689891134e-07	0.0	(-1.1465656689891134e-07+0j)
-0.00023705416334145326	-5.6194676357516405e-08	-1.1179963621543721e-10	-5.612612572232465e-08	0.0	(-5.612612572232465e-08+0j)
-0.00016184446560044396	-2.6193631045493287e-08	-5.211404641158879e-11	-2.6146850854670075e-08	0.0	(-2.6146850854670075e-08+0j)
-0.00010735735692163397	-1.1525602085199109e-08	-2.2919266484677794e-11	-2.3841867609312135e-08	0.0	(-2.3841867609312135e-08+0j)
-6.883370944301345e-05	-4.738079555685199e-09	-9.413270163349809e-12	-1.1496876770751721e-08	0.0	(-1.1496876770751721e-08+0j)
-4.237549076483256e-05	-1.7956822175604096e-09	-3.4560798667371275e-12	-4.722022743791278e-09	0.0	(-4.722022743791278e-09+0j)
-2.482941680666279e-05	-6.164999389589887e-10	-1.091393642127514e-12	-1.7874042303441095e-09	0.0	(-1.7874042303441095e-09+0j)
-1.3683684490440066e-05	-1.8724322123391001e-10	-0.0	-1.4902881691582421e-09	0.0	(-1.4902881691582421e-09+0j)
-6.975901024652782e-06	-4.866319510575173e-11	-0.0	-6.126117913485566e-10	0.0	(-6.126117913485566e-10+0j)
-3.2105496416500724e-06	-1.0307629001499408e-11	-0.0	-1.853349186703694e-10	0.0	(-1.853349186703694e-10+0j)
-1.2845193673338246e-06	-1.649990005055689e-12	-0.0	-4.802009816778776e-11	0.0	(-4.802009816778776e-11+0j)
-4.193834048499508e-07	-1.7588244026353775e-13	-1.4901161193847657e-09	-1.01245374962536e-11	0.0	(-1.01245374962536e-11+0j)
-9.924080651229842e-08	-9.848737677211453e-15	-2.384185791015625e-08	-1.608452537670667e-12	0.0	(-1.608452537670667e-12+0j)
-1.3042413350534301e-08	-1.7010454600619538e-16	-0.0	-1.3108470064150032e-15	0.0	(-1.3108470064150032e-15+0j)
-4.070826578234555e-10	-1.6571629030060854e-19	-0.0	-1.5744827966925312e-16	0.0	(-1.5744827966925312e-16+0j)
4.070826578234555e-10	1.6571629030060854e-19	0.0	2.2372392812873423e-15	-1.7338461415711266e-15	(2.2372392812873423e-15-1.7338461415711266e-15j)
1.3042413350534301e-08	1.7010454600619538e-16	0.0	2.2372392812873423e-15	1.7338461415711266e-15	(2.2372392812873423e-15+1.7338461415711266e-15j)
9.924080651229842e-08	9.848737677211453e-15	2.384185791015625e-08	1.606572242689732e-12	0.0	(1.606572242689732e-12+0j)
4.193834048499508e-07	1.7588244026353775e-13	1.4901161193847657e-09	1.0120572810022089e-11	0.0	(1.0120572810022089e-11+0j)
1.2845193673338246e-06	1.649990005055689e-12	0.0	4.801856978985622e-11	0.0	(4.801856978985622e-11+0j)
3.2105496416500724e-06	1.0307629001499408e-11	0.0	1.8533371273763468e-10	0.0	(1.8533371273763468e-10+0j)
6.975901024652782e-06	4.866319510575173e-11	0.0	6.126117364763935e-10	0.0	(6.126117364763935e-10+0j)
1.3683684490440066e-05	1.8724322123391001e-10	0.0	1.4902850236745635e-09	0.0	(1.4902850236745635e-09+0j)
2.482941680666279e-05	6.164999389589887e-10	1.091393642127514e-12	1.7874052506238194e-09	0.0	(1.7874052506238194e-09+0j)
4.237549076483256e-05	1.7956822175604096e-09	3.4560798667371275e-12	4.722021784487012e-09	0.0	(4.722021784487012e-09+0j)
6.883370944301345e-05	4.738079555685199e-09	9.413270163349809e-12	1.149687535728676e-08	0.0	(1.149687535728676e-08+0j)
0.00010735735692163397	1.1525602085199109e-08	2.2919266484677794e-11	2.38418668579841e-08	0.0	(2.38418668579841e-08+0j)
0.00016184446560044396	2.6193631045493287e-08	5.211404641158879e-11	2.6146850659751383e-08	0.0	(2.6146850659751383e-08+0j)
0.00023705416334145326	5.6194676357516405e-08	1.1179963621543721e-10	5.612612584232256e-08	0.0	(5.612612584232256e-08+0j)
0.00033873824766628456	1.1474360043202513e-07	2.282746436321759e-10	1.1465656612266933e-07	0.0	(1.1465656612266933e-07+0j)
0.00047379044587250003	2.244773866000624e-07	4.4658179376710907e-10	2.2439268655851337e-07	0.0	(2.2439268655851337e-07+0j)
0.0006504161872513184	4.230412166385421e-07	8.416073171702011e-10	4.230163907868004e-07	0.0	(4.230163907868004e-07+0j)
0.0008783261462444041	7.714568191765463e-07	1.5347449533464898e-09	7.716191667566759e-07	0.0	(7.716191667566759e-07+0j)
0.0011689573249537843	1.3664612275631073e-06	2.7184263728941005e-09	1.367062358652566e-06	0.0	(1.367062358652566e-06+0j)
0.0015357260438216452	2.3584544816720816e-06	4.691811739121477e-09	2.3599574245324457e-06	0.0	(2.3599574245324457e-06+0j)
0.001994317917234925	3.977303955004249e-06	7.912070376647762e-09	3.9805187635904885e-06	0.0	(3.9805187635904885e-06+0j)
0.0025630207263880054	6.5690752438944986e-06	1.3067329218685586e-08	6.575365733887068e-06	0.0	(6.575365733887068e-06+0j)
0.003263107089183827	1.0647867875481748e-05	2.117950130831048e-08	1.0659461255167715e-05	0.0	(1.0659461255167715e-05+0j)
0.004119274995517893	1.6968426488698938e-05	3.3748067029826244e-08	1.698887033940623e-05	0.0	(1.698887033940623e-05+0j)
0.005160155661347084	2.6627206449332365e-05	5.2949643125632664e-08	2.6662034481539162e-05	0.0	(2.6662034481539162e-05+0j)
0.006418899799370046	4.120227463435282e-05	8.19130612061958e-08	4.125996556888037e-05	0.0	(4.125996556888037e-05+0j)
0.007933855360010377	6.29460608735654e-05	1.250959365151072e-07	6.303940481444494e-05	0.0	(6.303940481444494e-05+0j)
0.009749352127084143	9.50498668978801e-05	1.8879649884839812e-07	9.519789210031067e-05	0.0	(9.519789210031067e-05+0j)
0.01191661133538572	0.00014200562571864344	2.818437648266503e-07	0.0001422362857731495	0.0	(0.0001422362857731495+0j)
0.014494801807028182	0.00021009927942502744	4.1651945257431544e-07	0.00021045315455820175	0.0	(0.00021045315455820175+0j)
0.017552268095698466	0.00030808211530327425	6.097748668575099e-07	0.00030861743469717237	0.0	(0.00030861743469717237+0j)
0.021167960925598507	0.0004480825697476652	8.848118176620068e-07	0.00044888190014594453	0.0	(0.00044888190014594453+0j)
0.025433105990453665	0.0006468428803216501	1.2730912778605164e-06	0.0006480218256253882	0.0	(0.0006480218256253882+0j)
0.030453154154757925	0.0009273945979734498	1.8168031984747146e-06	0.0009291127879757393	0.0	(0.0009291127879757393+0j)
0.03635006454355864	0.0013213271923208788	2.5717510883224368e-06	0.001323801692132961	0.0	(0.001323801692132961+0j)
0.04326498225316862	0.0018718586893669955	3.610434506922094e-06	0.0018753797543447088	0.0	(0.0018753797543447088+0j)
0.05136138488040145	0.0026379918568327308	5.0247887967843146e-06	0.0026429407114346225	0.0	(0.0026429407114346225+0j)
0.06082878727401997	0.003700141361227974	6.927482295220273e-06	0.0037070092061749936	0.0	(0.0037070092061749936+0j)
0.07188711251369696	0.005167756945556926	9.449803700294817e-06	0.005177162971823806	0.0	(0.005177162971823806+0j)
0.08479185994298806	0.007189659512591303	1.2733022916893377e-05	0.007202362197777587	0.0	(0.007202362197777587+0j)
0.09984022916449595	0.009968071359619067	1.6909019652776605e-05	0.00998496155061711	0.0	(0.00998496155061711+0j)
0.11737839356696873	0.013777687276362208	2.2065988141769906e-05	0.01379974589728747	0.0	(0.01379974589728747+0j)
0.13781015987400208	0.018991640164498013	2.8198305151523916e-05	0.01901984310374293	0.0	(0.01901984310374293+0j)
0.16160730352564198	0.026116920552828975	3.5149189400735565e-05	0.026152085073753207	0.0	(0.026152085073753207+0j)
0.18932193617505094	0.035842795517070064	4.257165116884601e-05	0.0358853897202738	0.0	(0.0358853897202738+0j)
0.22160134473870569	0.049107155990002684	4.994955340904189e-05	0.049157131466032664	0.0	(0.049157131466032664+0j)
0.2592058458505109	0.06718767052307881	5.671267438309198e-05	0.06724440966268969	0.0	(0.06724440966268969+0j)
0.303030331169578	0.09182738160874412	6.242122974878726e-05	0.09188982818894996	0.0	(0.09188982818894996+0j)
0.354130345511829	0.12540830161232738	6.69105341505913e-05	0.1254752355500886	0.0	(0.1254752355500886+0j)
0.4137537513461356	0.17119216675299984	7.028239473225319e-05	0.17126247028167557	0.0	(0.17126247028167557+0j)
0.48337930314663163	0.2336555507105232	7.276600913150805e-05	0.2337283354400853	0.0	(0.2337283354400853+0j)
0.5647638010544883	0.31895815098151364	7.458763436091652e-05	0.31903275448790125	0.0	(0.31903275448790125+0j)
0.659999938712664	0.4355999191007203	7.59237761236633e-05	0.43567585499518086	0.0	(0.43567585499518086+0j)
0.7715875363217829	0.5953473262071186	7.690415907630357e-05	0.5954242380167296	0.0	(0.5954242380167296+0j)
0.9025215990265016	0.8145452367093534	7.762355989169925e-05	0.8146228638867411	0.0	(0.8146228638867411+0j)
1.0564016195940227	1.1159843818808741	7.815133202575424e-05	1.116062534349558	0.0	(1.116062534349558+0j)
1.2375678303936668	1.5315741348252876	7.85383122948674e-05	1.5316526733402454	0.0	(1.5316526733402454+0j)
1.4512718088626901	2.106189863199585	7.882181819354706e-05	2.1062686850342747	0.0	(2.1062686850342747+0j)
1.7038910988834803	2.903244876854354	7.902927478734584e-05	2.9033239061295837	0.0	(2.9033239061295837+0j)
2.003200530223959	4.012812364289551	7.918085458845364e-05	4.012891545144143	0.0	(4.012891545144143+0j)
2.3587169822017677	5.563545802127014	7.929140408330353e-05	5.563625093531107	0.0	(5.563625093531107+0j)
2.7821398440769576	7.740302112000558	7.937185303030195e-05	7.740381483853593	0.0	(7.740381483853593+0j)
3.2879169380616613	10.81039779159277	7.943024759900311e-05	10.81047722184042	0.0	(10.81047722184042+0j)
3.8939759990061305	15.163049080835792	7.94725091849849e-05	15.163128553345018	0.0	(15.163128553345018+0j)
4.622676113205903	21.36913444760443	7.95029926551521e-05	21.369213950597118	0.0	(21.369213950597118+0j)
5.50205350420596	30.27259276314508	7.952489760742278e-05	30.272672288042774	0.0	(30.272672288042774+0j)
6.567464210230333	43.13158615265633	7.954057168733162e-05	43.131665693228044	0.0	(43.131665693228044+0j)
7.863766229538378	61.838819312828235	7.955173448549593e-05	61.83889886456287	0.0	(61.83889886456287+0j)
9.448241174620588	89.26926129379582	7.955964290697552e-05	89.26934085343888	0.0	(89.26934085343888+0j)
11.394538808862752	129.8355146666794	7.95652133480655e-05	129.83559423189325	0.0	(129.83559423189325+0j)
13.798049994931585	190.3861836626315	7.956911196123253e-05	190.38626323174418	0.0	(190.38626323174418+0j)
16.783294711149175	281.67898136128787	7.957182132162768e-05	281.6790609331092	0.0	(281.6790609331092+0j)
20.51418364963871	420.8317308111042	7.957368963190842e-05	420.8318103847938	0.0	(420.8318103847938+0j)
25.208425276830063	635.4647049375249	7.957496700176362e-05	635.4647845124919	0.0	(635.4647845124919+0j)
31.157987544785737	970.8201878410231	7.9575832159529e-05	970.8202674168552	0.0	(970.8202674168552+0j)
38.75852069698783	1502.222926618834	7.95764120830659e-05	1502.2230061952462	0.0	(1502.2230061952462+0j)
48.55223315209978	2357.319344055857	7.957679639370963e-05	2357.3194236326535	0.0	(2357.3194236326535+0j)
61.29127685172722	3756.620618115073	7.957704788074623e-05	3756.6206976921208	0.0	(3756.6206976921208+0j)
78.03292339420696	6089.137133446172	7.957721017074852e-05	6089.137213023382	0.0	(6089.137213023382+0j)
100.28491358955185	10057.06389366388	7.957731329405151e-05	10057.063973241195	0.0	(10057.063973241195+0j)
130.2315610291409	16960.25948808685	7.957737770602547e-05	16960.259567664227	0.0	(16960.259567664227+0j)
171.09264447092386	29272.69299205395	7.957741717618295e-05	29272.69307163137	0.0	(29272.69307163137+0j)
227.70584805561194	51849.95323872543	7.957744085065614e-05	51849.95331830287	0.0	(51849.95331830287+0j)
307.49542203924335	94553.43457509238	7.957745471367248e-05	94553.43465466984	0.0	(94553.43465466984+0j)
422.1275497265307	178191.66823812464	7.957746261427626e-05	178191.6683177021	0.0	(178191.6683177021+0j)
590.426387861089	348603.3194826931	7.957746698044487e-05	348603.31956227054	0.0	(348603.31956227054+0j)
843.6890421195397	711811.1997925865	7.957746931003254e-05	711811.1998721639	0.0	(711811.1998721639+0j)
1235.7543352378332	1527088.777059099	7.95774705037362e-05	1527088.7771386765	0.0	(1527088.7771386765+0j)
1862.9370704980229	3470534.5286357556	7.957747108735854e-05	3470534.528715333	0.0	(3470534.528715333+0j)
2905.5531311381246	8442238.99786656	7.957747135742548e-05	8442238.997946138	0.0	(8442238.997946138+0j)
4719.709350622526	22275656.354353704	7.957747147449974e-05	22275656.35443328	0.0	(22275656.35443328+0j)
8054.961643172008	64882407.07297229	7.957747152141793e-05	64882407.07305187	0.0	(64882407.07305187+0j)
14615.946468199207	213625891.16126487	7.95774715384975e-05	213625891.16134444	0.0	(213625891.16134444+0j)
28670.131541889685	821976442.6292578	7.957747154401143e-05	821976442.6293374	0.0	(821976442.6293374+0j)
62294.629369819806	3880620848.3232164	7.957747154553754e-05	3880620848.323296	0.0	(3880620848.323296+0j)
155700.26041345252	24242571092.81693	7.957747154588203e-05	24242571092.81701	0.0	(24242571092.81701+0j)
476890.5914900337	227424636251.71423	7.957747154594068e-05	227424636251.71432	0.0	(227424636251.71432+0j)
2015300.0265592698	4061434197049.7935	7.957747154594728e-05	4061434197049.7935	0.0	(4061434197049.7935+0j)
15334585.296807788	235149506225073.6	7.957747154594766e-05	235149506225073.6	0.0	(235149506225073.6+0j)
491300712.9051597	2.4137639050111818e+17	7.957747154594768e-05	2.4137639050111818e+17	0.0	(2.4137639050111818e+17+0j)
