-1.0	-1.0	-0.0007798592211502871	-1.0007820277943351	0.0	(-1.0007820277943351+0j)
-0.990025	-0.9801495006250001	-0.0007795368922508326	-0.980930299063893	0.0	(-0.980930299063893+0j)
-0.9801	-0.96059601	-0.0007792063619128181	-0.9613760466225827	0.0	(-0.9613760466225827+0j)
-0.970225	-0.941336550625	-0.00077886737844104	-0.9421159867190781	0.0	(-0.9421159867190781+0j)
-0.9603999999999999	-0.9223681599999999	-0.0007785196810823256	-0.9231470770076681	0.0	(-0.9231470770076681+0j)
-0.9506249999999999	-0.9036878906249999	-0.0007781629996510661	-0.9044663357519646	0.0	(-0.9044663357519646+0j)
-0.9409	-0.8852928099999999	-0.0007777970541372419	-0.8860708115835919	0.0	(-0.8860708115835919+0j)
-0.931225	-0.8671800006249999	-0.0007774215542960287	-0.8679575749841845	0.0	(-0.8679575749841845+0j)
-0.9216	-0.84934656	-0.0007770361992180151	-0.850123715161945	0.0	(-0.850123715161945+0j)
-0.9120250000000001	-0.8317896006250002	-0.0007766406768790102	-0.8325663386717342	0.0	(-0.8325663386717342+0j)
-0.9025000000000001	-0.8145062500000001	-0.0007762346636683584	-0.8152825686912023	0.0	(-0.8152825686912023+0j)
-0.8930250000000001	-0.7974936506250001	-0.000775817823894614	-0.7982695445730287	0.0	(-0.7982695445730287+0j)
-0.8836000000000002	-0.7807489600000003	-0.000775389809267364	-0.7815244215297374	0.0	(-0.7815244215297374+0j)
-0.8742250000000001	-0.7642693506250002	-0.0007749502583539101	-0.7650443703953641	0.0	(-0.7650443703953641+0j)
-0.8649000000000001	-0.7480520100000002	-0.0007744987960094514	-0.7488265774415043	0.0	(-0.7488265774415043+0j)
-0.8556250000000001	-0.7320941406250001	-0.0007740350327793199	-0.7328682442370018	0.0	(-0.7328682442370018+0j)
-0.8464	-0.7163929600000001	-0.0007735585642717409	-0.7171665875439074	0.0	(-0.7171665875439074+0j)
-0.8372250000000001	-0.7009457006250002	-0.0007730689704994912	-0.701718839243075	0.0	(-0.701718839243075+0j)
-0.8281000000000001	-0.6857496100000001	-0.0007725658151887356	-0.6865222462829152	0.0	(-0.6865222462829152+0j)
-0.819025	-0.670801950625	-0.0007720486450532105	-0.6715740706453474	0.0	(-0.6715740706453474+0j)
-0.81	-0.6561000000000001	-0.000771516989031814	-0.6568715893240146	0.0	(-0.6568715893240146+0j)
-0.801025	-0.641641050625	-0.0007709703574875442	-0.6424120943105601	0.0	(-0.6424120943105601+0j)
-0.7921	-0.6274224100000001	-0.0007704082413655897	-0.6281928925863236	0.0	(-0.6281928925863236+0j)
-0.7832250000000001	-0.6134414006250001	-0.0007698301113082515	-0.6142113061171203	0.0	(-0.6142113061171203+0j)
-0.7744	-0.59969536	-0.0007692354167242188	-0.6004646718500194	0.0	(-0.6004646718500194+0j)
-0.765625	-0.586181640625	-0.0007686235848095691	-0.5869503417110981	0.0	(-0.5869503417110981+0j)
-0.7569	-0.5728976100000001	-0.0007679940195176945	-0.5736656826037705	0.0	(-0.5736656826037705+0j)
-0.748225	-0.559840650625	-0.0007673461004751762	-0.560608076407392	0.0	(-0.560608076407392+0j)
-0.7395999999999999	-0.5470081599999999	-0.000766679181840438	-0.5477749199759827	0.0	(-0.5477749199759827+0j)
-0.7310249999999999	-0.5343975506249999	-0.000765992591101803	-0.5351636251368959	0.0	(-0.5351636251368959+0j)
-0.7224999999999999	-0.5220062499999999	-0.0007652856278113576	-0.522771618689584	0.0	(-0.522771618689584+0j)
-0.7140249999999999	-0.5098317006249998	-0.000764557562250793	-0.510596342404183	0.0	(-0.510596342404183+0j)
-0.7055999999999999	-0.4978713599999999	-0.0007638076340251406	-0.4986352530201441	0.0	(-0.4986352530201441+0j)
-0.697225	-0.48612270062499996	-0.0007630350505800443	-0.4868858222447295	0.0	(-0.4868858222447295+0j)
-0.6889000000000001	-0.4745832100000001	-0.0007622389856379311	-0.4753455367514345	0.0	(-0.4753455367514345+0j)
-0.6806250000000001	-0.4632503906250002	-0.0007614185775481223	-0.4640118981783429	0.0	(-0.4640118981783429+0j)
-0.6724000000000001	-0.45212176000000015	-0.0007605729275456018	-0.4528824231263935	0.0	(-0.4528824231263935+0j)
-0.6642250000000001	-0.4411948506250001	-0.0007597010979128045	-0.44195464315751154	0.0	(-0.44195464315751154+0j)
-0.6561000000000001	-0.43046721000000016	-0.0007588021100384066	-0.43122610479269285	0.0	(-0.43122610479269285+0j)
-0.6480250000000001	-0.4199364006250001	-0.0007578749423667043	-0.420694369509929	0.0	(-0.420694369509929+0j)
-0.6400000000000001	-0.4096000000000002	-0.0007569185282307394	-0.4103570137420419	0.0	(-0.4103570137420419+0j)
-0.6320250000000001	-0.3994556006250001	-0.0007559317535618885	-0.4002116288743944	0.0	(-0.4002116288743944+0j)
-0.6241000000000001	-0.38950081000000014	-0.0007549134544681645	-0.39025582124245944	0.0	(-0.39025582124245944+0j)
-0.616225	-0.379733250625	-0.0007538624146730014	-0.3804872121292537	0.0	(-0.3804872121292537+0j)
-0.6084	-0.3701505600000001	-0.0007527773628058064	-0.3709034377626183	0.0	(-0.3709034377626183+0j)
-0.6006250000000001	-0.3607503906250001	-0.0007516569695350738	-0.3615021493123545	0.0	(-0.3615021493123545+0j)
-0.5929	-0.35153040999999996	-0.000750499844534394	-0.3522810128871818	0.0	(-0.3522810128871818+0j)
-0.585225	-0.342488300625	-0.0007493045332712511	-0.3432377095315093	0.0	(-0.3432377095315093+0j)
-0.5776	-0.33362176	-0.0007480695136081395	-0.3343699352220507	0.0	(-0.3343699352220507+0j)
-0.570025	-0.324928500625	-0.000746793192205262	-0.32567540086419633	0.0	(-0.32567540086419633+0j)
-0.5625	-0.31640625	-0.0007454739007139404	-0.3171518322882116	0.0	(-0.3171518322882116+0j)
-0.555025	-0.308052750625	-0.0007441098917499527	-0.3087969702452058	0.0	(-0.3087969702452058+0j)
-0.5476	-0.29986576	-0.0007426993346363543	-0.3006085704028538	0.0	(-0.3006085704028538+0j)
-0.540225	-0.29184305062499993	-0.0007412403109060472	-0.2925844033408921	0.0	(-0.2925844033408921+0j)
-0.5328999999999999	-0.2839824099999999	-0.0007397308095555267	-0.2847222545463702	0.0	(-0.2847222545463702+0j)
-0.525625	-0.276281640625	-0.0007381687220429778	-0.2770199244086292	0.0	(-0.2770199244086292+0j)
-0.5184	-0.26873855999999996	-0.0007365518370263549	-0.26947522821403175	0.0	(-0.26947522821403175+0j)
-0.5112249999999999	-0.26135100062499994	-0.000734877834840411	-0.26208599614042755	0.0	(-0.26208599614042755+0j)
-0.5041	-0.25411680999999997	-0.000733144281716006	-0.2548500732513573	0.0	(-0.2548500732513573+0j)
-0.49702499999999994	-0.24703385062499994	-0.0007313486237506128	-0.24776531949001357	0.0	(-0.24776531949001357+0j)
-0.4900000000000001	-0.2401000000000001	-0.0007294881806459266	-0.2408296096729564	0.0	(-0.2408296096729564+0j)
-0.4830250000000001	-0.23331315062500008	-0.0007275601392370465	-0.2340408334836345	0.0	(-0.2340408334836345+0j)
-0.4761000000000001	-0.22667121000000007	-0.0007255615468480269	-0.2273968954657263	0.0	(-0.2273968954657263+0j)
-0.46922500000000006	-0.22017210062500006	-0.0007234893045208176	-0.22089571501634878	0.0	(-0.22089571501634878+0j)
-0.4624000000000001	-0.21381376000000007	-0.0007213401601788497	-0.21453522637919994	0.0	(-0.21453522637919994+0j)
-0.45562500000000006	-0.20759414062500006	-0.0007191107018028342	-0.2083133786377208	0.0	(-0.2083133786377208+0j)
-0.4489000000000001	-0.20151121000000008	-0.000716797350714719	-0.20222813570836556	0.0	(-0.20222813570836556+0j)
-0.44222500000000003	-0.19556295062500004	-0.0007143963550861012	-0.19627747633408418	0.0	(-0.19627747633408418+0j)
-0.43560000000000004	-0.18974736000000003	-0.0007119037838095276	-0.190459394078177	0.0	(-0.190459394078177+0j)
-0.42902500000000005	-0.18406245062500004	-0.0007093155208947313	-0.18477189731866916	0.0	(-0.18477189731866916+0j)
-0.42250000000000004	-0.17850625000000003	-0.000706627260576514	-0.17921300924340067	0.0	(-0.17921300924340067+0j)
-0.41602500000000003	-0.17307680062500003	-0.0007038345033461283	-0.17378076784603189	0.0	(-0.17378076784603189+0j)
-0.4096	-0.16777216	-0.0007009325531429265	-0.16847322592322744	0.0	(-0.16847322592322744+0j)
-0.403225	-0.162590400625	-0.0006979165159669133	-0.163288451073231	0.0	(-0.163288451073231+0j)
-0.39690000000000003	-0.15752961000000001	-0.0006947813001946686	-0.1582245256961774	0.0	(-0.1582245256961774+0j)
-0.390625	-0.152587890625	-0.0006915216188998697	-0.1532795469963824	0.0	(-0.1532795469963824+0j)
-0.3844	-0.14776336	-0.0006881319944941638	-0.14845162698697592	0.0	(-0.14845162698697592+0j)
-0.378225	-0.143054150625	-0.0006846067660132599	-0.1437388924971601	0.0	(-0.1437388924971601+0j)
-0.3721	-0.13845840999999998	-0.0006809400993756159	-0.13913948518246474	0.0	(-0.13913948518246474+0j)
-0.366025	-0.133974300625	-0.0006771260009358733	-0.1346515615382819	0.0	(-0.1346515615382819+0j)
-0.36	-0.1296	-0.000673158334641179	-0.13027329291701562	0.0	(-0.13027329291701562+0j)
-0.354025	-0.125333700625	-0.0006690308430748612	-0.12600286554911785	0.0	(-0.12600286554911785+0j)
-0.34809999999999997	-0.12117360999999997	-0.00066473717263792	-0.1218384805682724	0.0	(-0.1218384805682724+0j)
-0.34222499999999995	-0.11711795062499997	-0.0006602709030740432	-0.11777835404091949	0.0	(-0.11777835404091949+0j)
-0.3364	-0.11316495999999998	-0.0006556255814882693	-0.11382071700028941	0.0	(-0.11382071700028941+0j)
-0.33062500000000006	-0.10931289062500003	-0.0006507947609432606	-0.10996381548501175	0.0	(-0.10996381548501175+0j)
-0.3249000000000001	-0.10556001000000005	-0.00064577204364103	-0.10620591058232848	0.0	(-0.10620591058232848+0j)
-0.3192250000000001	-0.10190460062500006	-0.0006405511286129462	-0.10254527847581266	0.0	(-0.10254527847581266+0j)
-0.31360000000000005	-0.09834496000000002	-0.0006351258637483028	-0.09898021049744694	0.0	(-0.09898021049744694+0j)
-0.30802500000000005	-0.09487940062500003	-0.0006294903018935059	-0.09550901318378466	0.0	(-0.09550901318378466+0j)
-0.30250000000000005	-0.09150625000000003	-0.0006236387606521092	-0.09213000833581647	0.0	(-0.09213000833581647+0j)
-0.29702500000000004	-0.08822385062500002	-0.0006175658854129428	-0.08884153308208796	0.0	(-0.08884153308208796+0j)
-0.2916	-0.08503056000000002	-0.0006112667150320712	-0.08564193994449104	0.0	(-0.08564193994449104+0j)
-0.286225	-0.081924750625	-0.0006047367494970567	-0.08252959690604797	0.0	(-0.08252959690604797+0j)
-0.28090000000000004	-0.07890481000000002	-0.0005979720188118369	-0.07950288747994372	0.0	(-0.07950288747994372+0j)
-0.275625	-0.075969140625	-0.0005909691522602371	-0.07656021077894931	0.0	(-0.07656021077894931+0j)
-0.27040000000000003	-0.07311616000000001	-0.000583725447138393	-0.07369998158434567	0.0	(-0.07369998158434567+0j)
-0.265225	-0.070344300625	-0.0005762389359935673	-0.07092063041336999	0.0	(-0.07092063041336999+0j)
-0.2601	-0.06765201	-0.0005685084513711167	-0.06822060358419182	0.0	(-0.06822060358419182+0j)
-0.255025	-0.065037750625	-0.000560533687054373	-0.06559836327740656	0.0	(-0.06559836327740656+0j)
-0.25	-0.0625	-0.0005523152547851894	-0.0630523875930232	0.0	(-0.0630523875930232+0j)
-0.245025	-0.060037250625	-0.0005438547354765331	-0.060581170601962026	0.0	(-0.060581170601962026+0j)
-0.24009999999999998	-0.05764800999999999	-0.0005351547239729372	-0.05818322239111068	0.0	(-0.05818322239111068+0j)
-0.235225	-0.055330800624999996	-0.0005262188664794119	-0.05585706910105232	0.0	(-0.05585706910105232+0j)
-0.2304	-0.05308416	-0.0005170518898635495	-0.05360125295566408	0.0	(-0.05360125295566408+0j)
-0.22562500000000002	-0.050906640625000006	-0.0005076596221375234	-0.05141433228289096	0.0	(-0.05141433228289096+0j)
-0.22090000000000004	-0.04879681000000002	-0.0004980490035444108	-0.049294881526099676	0.0	(-0.049294881526099676+0j)
-0.21622500000000003	-0.04675325062500001	-0.0004882280878043397	-0.04724149124557365	0.0	(-0.04724149124557365+0j)
-0.2116	-0.044774560000000005	-0.00047820603321751956	-0.04525276810982809	0.0	(-0.04525276810982809+0j)
-0.20702500000000001	-0.04285935062500001	-0.00046799308347020085	-0.04332733487659546	0.0	(-0.04332733487659546+0j)
-0.2025	-0.04100625000000001	-0.0004576005381427458	-0.04146383036347196	0.0	(-0.04146383036347196+0j)
-0.198025	-0.039213900625000006	-0.000447040713072957	-0.03966090940838077	0.0	(-0.03966090940838077+0j)
-0.1936	-0.03748096	-0.00043632689087927206	-0.037917242820167264	0.0	(-0.037917242820167264+0j)
-0.189225	-0.035806100625000004	-0.0004254732620942083	-0.036231517319784835	0.0	(-0.036231517319784835+0j)
-0.18489999999999998	-0.03418800999999999	-0.0004144948574955138	-0.03460243547266868	0.0	(-0.03460243547266868+0j)
-0.18062499999999998	-0.03262539062499999	-0.0004034074723481537	-0.033028715613040105	0.0	(-0.033028715613040105+0j)
-0.17639999999999997	-0.031116959999999992	-0.0003922275833821357	-0.03150909176097339	0.0	(-0.03150909176097339+0j)
-0.17222500000000002	-0.029661450625000006	-0.0003809722594273055	-0.030042313533162234	0.0	(-0.030042313533162234+0j)
-0.16810000000000003	-0.02825761000000001	-0.00036965906670506074	-0.02862714604839365	0.0	(-0.02862714604839365+0j)
-0.16402500000000003	-0.02690420062500001	-0.00035830596983737204	-0.027262369828771362	0.0	(-0.027262369828771362+0j)
-0.16000000000000003	-0.02560000000000001	-0.00034693122967493367	-0.025946780697762153	0.0	(-0.025946780697762153+0j)
-0.15602500000000002	-0.02434380062500001	-0.0003355532990685431	-0.024679189676126746	0.0	(-0.024679189676126746+0j)
-0.1521	-0.023134410000000005	-0.00032419071771120055	-0.02345842287677554	0.0	(-0.02345842287677554+0j)
-0.148225	-0.021970650624999997	-0.0003128620071636187	-0.022283321399548323	0.0	(-0.022283321399548323+0j)
-0.1444	-0.02085136	-0.00030158556714388404	-0.021152741226860842	0.0	(-0.021152741226860842+0j)
-0.140625	-0.019775390625	-0.0002903795741142953	-0.02006555312111154	0.0	(-0.02006555312111154+0j)
-0.1369	-0.01874161	-0.0002792618831365534	-0.019020642524684727	0.0	(-0.019020642524684727+0j)
-0.13322499999999998	-0.017748900624999994	-0.000268249933892321	-0.018016909463347622	0.0	(-0.018016909463347622+0j)
-0.1296	-0.016796159999999997	-0.0002573606616817228	-0.017053268453810333	0.0	(-0.017053268453810333+0j)
-0.126025	-0.015882300624999998	-0.00024661041411966957	-0.01612864841619813	0.0	(-0.01612864841619813+0j)
-0.12250000000000003	-0.015006250000000006	-0.00023601487415110306	-0.015241992592192808	0.0	(-0.015241992592192808+0j)
-0.11902500000000002	-0.014166950625000004	-0.00022558898990343882	-0.014392258469582187	0.0	(-0.014392258469582187+0j)
-0.11560000000000002	-0.013363360000000005	-0.00021534691178968916	-0.013578417713960811	0.0	(-0.013578417713960811+0j)
-0.11222500000000002	-0.012594450625000005	-0.00020530193717087754	-0.012799456108285028	0.0	(-0.012799456108285028+0j)
-0.10890000000000001	-0.011859210000000002	-0.00019546646278320655	-0.01205437350092574	0.0	(-0.01205437350092574+0j)
-0.10562500000000001	-0.011156640625000002	-0.0001858519450356089	-0.01134218376275473	0.0	(-0.01134218376275473+0j)
-0.1024	-0.01048576	-0.00017646886818823294	-0.010661914753655794	0.0	(-0.010661914753655794+0j)
-0.09922500000000001	-0.009845600625000001	-0.00016732672033329028	-0.010012608298660328	0.0	(-0.010012608298660328+0j)
-0.0961	-0.00923521	-0.0001584339770175281	-0.009393320173697399	0.0	(-0.009393320173697399+0j)
-0.093025	-0.008653650624999999	-0.00014979809227118378	-0.00880312010071975	0.0	(-0.00880312010071975+0j)
-0.09	-0.0081	-0.0001414254967421803	-0.008241091751760616	0.0	(-0.008241091751760616+0j)
-0.08702499999999999	-0.007573350624999998	-0.00013332160257693653	-0.0077063327612884635	0.0	(-0.0077063327612884635+0j)
-0.0841	-0.007072809999999999	-0.00012549081464064272	-0.007197954746095843	0.0	(-0.007197954746095843+0j)
-0.08122500000000002	-0.006597500625000003	-0.00011793654763022211	-0.006715083331872383	0.0	(-0.006715083331872383+0j)
-0.07840000000000001	-0.006146560000000001	-0.00011066124860229431	-0.006256858185583333	0.0	(-0.006256858185583333+0j)
-0.07562500000000001	-0.005719140625000002	-0.00010366642441599506	-0.005822433052786102	0.0	(-0.005822433052786102+0j)
-0.0729	-0.005314410000000001	-9.695267357606599e-05	-0.005410975799055952	0.0	(-0.005410975799055952+0j)
-0.07022500000000001	-0.004931550625000001	-9.051972195472978e-05	-0.005021668454743217	0.0	(-0.005021668454743217+0j)
-0.06760000000000001	-0.004569760000000001	-8.436646187088507e-05	-0.004653707262329818	0.0	(-0.004653707262329818+0j)
-0.065025	-0.004228250625	-7.849099401150382e-05	-0.004306302725686735	0.0	(-0.004306302725686735+0j)
-0.0625	-0.00390625	-7.289067169203006e-05	-0.0039786796605515325	0.0	(-0.0039786796605515325+0j)
-0.060024999999999995	-0.0036030006249999995	-6.756214696949101e-05	-0.003670077245553085	0.0	(-0.003670077245553085+0j)
-0.0576	-0.00331776	-6.250141814306224e-05	-0.0033797490731166703	0.0	(-0.0033797490731166703+0j)
-0.05522500000000001	-0.003049800625000001	-5.770387820146043e-05	-0.003106963199600101	0.0	(-0.003106963199600101+0j)
-0.0529	-0.0027984100000000003	-5.316436380390418e-05	-0.0028510021940514278	0.0	(-0.0028510021940514278+0j)
-0.050625	-0.0025628906250000005	-4.887720441104117e-05	-0.0026111631850469002	0.0	(-0.0026111631850469002+0j)
-0.0484	-0.00234256	-4.483627121334641e-05	-0.0023867579051680527	0.0	(-0.0023867579051680527+0j)
-0.046224999999999995	-0.0021367506249999994	-4.103502553670386e-05	-0.0021771127328037818	0.0	(-0.0021771127328037818+0j)
-0.04409999999999999	-0.0019448099999999995	-3.746656643749749e-05	-0.0019815687311086163	0.0	(-0.0019815687311086163+0j)
-0.04202500000000001	-0.0017661006250000006	-3.412367723220483e-05	-0.001799481684099539	0.0	(-0.001799481684099539+0j)
-0.04000000000000001	-0.0016000000000000007	-3.099887073872848e-05	-0.0016302221300177392	0.0	(-0.0016302221300177392+0j)
-0.038025	-0.0014459006250000003	-2.808443303819498e-05	-0.0014731753922049933	0.0	(-0.0014731753922049933+0j)
-0.0361	-0.00130321	-2.537246559634193e-05	-0.001327741607838043	0.0	(-0.001327741607838043+0j)
-0.034225	-0.001171350625	-2.2854925612707244e-05	-0.0011933357549214426	0.0	(-0.0011933357549214426+0j)
-0.0324	-0.0010497599999999998	-2.0523664493395793e-05	-0.0010693876779583578	0.0	(-0.0010693876779583578+0j)
-0.030625000000000006	-0.0009378906250000004	-1.8370464368991368e-05	-0.000955342112701651	0.0	(-0.000955342112701651+0j)
-0.028900000000000006	-0.0008352100000000003	-1.6387072603304964e-05	-0.0008506587103398802	0.0	(-0.0008506587103398802+0j)
-0.027225000000000003	-0.0007412006250000001	-1.4565234260667526e-05	-0.0007548120614017589	0.0	(-0.0007548120614017589+0j)
-0.0256	-0.00065536	-1.2896722519757653e-05	-0.0006672917195775662	0.0	(-0.0006672917195775662+0j)
-0.024025	-0.000577200625	-1.1373367040216215e-05	-0.0005876022255652995	0.0	(-0.0005876022255652995+0j)
-0.0225	-0.00050625	-9.987080304470902e-06	-0.0005152631309612855	0.0	(-0.0005152631309612855+0j)
-0.021025	-0.0004420506249999999	-8.729881971758502e-06	-0.0004498090221360283	0.0	(-0.0004498090221360283+0j)
-0.019600000000000003	-0.0003841600000000001	-7.5939212937845e-06	-0.0003907895439709439	0.0	(-0.0003907895439709439+0j)
-0.018225	-0.0003321506250000001	-6.571497652270442e-06	-0.0003377694232829473	0.0	(-0.0003377694232829473+0j)
-0.016900000000000002	-0.00028561000000000005	-5.655079287798792e-06	-0.0002903284917327561	0.0	(-0.0002903284917327561+0j)
-0.015625	-0.000244140625	-4.83732029674111e-06	-0.0002480617079981388	0.0	(-0.0002480617079981388+0j)
-0.0144	-0.00020736	-4.111075979251755e-06	-0.00021057917899348582	0.0	(-0.00021057917899348582+0j)
-0.013225	-0.00017490062500000002	-3.4694166258786296e-06	-0.00017750617992861445	0.0	(-0.00017750617992861445+0j)
-0.0121	-0.00014641	-2.9056398335586264e-06	-0.00014848317301864323	0.0	(-0.00014848317301864323+0j)
-0.011024999999999998	-0.00012155062499999997	-2.4132814444022266e-06	-0.0001231658246795583	0.0	(-0.0001231658246795583+0j)
-0.010000000000000002	-0.00010000000000000005	-1.9861252011921238e-06	-0.0001012250210636153	0.0	(-0.0001012250210636153+0j)
-0.009025	-8.1450625e-05	-1.6182112144158545e-06	-8.234688180113356e-05	0.0	(-8.234688180113356e-05+0j)
-0.0081	-6.560999999999999e-05	-1.3038433346601597e-06	-6.623277180966763e-05	0.0	(-6.623277180966763e-05+0j)
-0.007225000000000001	-5.220062500000002e-05	-1.0375955224461997e-06	-5.259931099613831e-05	0.0	(-5.259931099613831e-05+0j)
-0.0064	-4.096e-05	-8.143173065300324e-07	-4.117838159381108e-05	0.0	(-4.117838159381108e-05+0j)
-0.005625	-3.1640625e-05	-6.291384179180071e-07	-3.1717132705878534e-05	0.0	(-3.1717132705878534e-05+0j)
-0.004900000000000001	-2.4010000000000006e-05	-4.774726851675126e-07	-2.397798131898546e-05	0.0	(-2.397798131898546e-05+0j)
-0.0042250000000000005	-1.7850625000000003e-05	-3.5502127038178344e-07	-1.7738608511271105e-05	0.0	(-1.7738608511271105e-05+0j)
-0.0036	-1.296e-05	-2.577753253074633e-07	-1.2791948749485077e-05	0.0	(-1.2791948749485077e-05+0j)
-0.003025	-9.150625e-06	-1.8201813944962453e-07	-8.94616933207035e-06	0.0	(-8.94616933207035e-06+0j)
-0.0025000000000000005	-6.250000000000003e-06	-1.243268483719362e-07	-6.024638989349351e-06	0.0	(-6.024638989349351e-06+0j)
-0.002025	-4.100624999999999e-06	-8.157376685247186e-08	-3.8659073006351285e-06	0.0	(-3.8659073006351285e-06+0j)
-0.0016	-2.56e-06	-5.092740895662473e-08	-2.3238722520902497e-06	0.0	(-2.3238722520902497e-06+0j)
-0.0012250000000000002	-1.5006250000000003e-06	-2.985323988013988e-08	-1.2692924484627961e-06	0.0	(-1.2692924484627961e-06+0j)
-0.0009	-8.1e-07	-1.6114221068619372e-08	-5.975745921825449e-07	0.0	(-5.975745921825449e-07+0j)
-0.0006250000000000001	-3.906250000000002e-07	-7.771184584726143e-09	-2.3144642562399112e-07	0.0	(-2.3144642562399112e-07+0j)
-0.0004	-1.6e-07	-3.183089347658097e-09	-7.076491533606328e-08	0.0	(-7.076491533606328e-08+0j)
-0.000225	-5.0625e-08	-1.0071516953757964e-09	-1.416440281003521e-08	0.0	(-1.416440281003521e-08+0j)
-0.0001	-1e-08	-1.9895196601282805e-10	-9.829433999127233e-10	0.0	(-9.829433999127233e-10+0j)
-2.5e-05	-6.25e-10	-1.0913936421275139e-11	-5.9970726758992515e-18	-6.631875601499109e-07	(-5.9970726758992515e-18-6.631875601499109e-07j)
2.5e-05	6.25e-10	1.0913936421275139e-11	-5.9970726758992515e-18	6.631875601499109e-07	(-5.9970726758992515e-18+6.631875601499109e-07j)
0.0001	1e-08	1.9895196601282805e-10	9.829433995619596e-10	0.0	(9.829433995619596e-10+0j)
0.000225	5.0625e-08	1.0071516953757964e-09	1.4164402808109501e-08	0.0	(1.4164402808109501e-08+0j)
0.0004	1.6e-07	3.183089347658097e-09	7.07649153256412e-08	0.0	(7.07649153256412e-08+0j)
0.0006250000000000001	3.906250000000002e-07	7.771184584726143e-09	2.314464256225338e-07	0.0	(2.314464256225338e-07+0j)
0.0009	8.1e-07	1.6114221068619372e-08	5.97574592177197e-07	0.0	(5.97574592177197e-07+0j)
0.0012250000000000002	1.5006250000000003e-06	2.985323988013988e-08	1.2692924484616084e-06	0.0	(1.2692924484616084e-06+0j)
0.0016	2.56e-06	5.092740895662473e-08	2.3238722520986463e-06	0.0	(2.3238722520986463e-06+0j)
0.002025	4.100624999999999e-06	8.157376685247186e-08	3.865907300644536e-06	0.0	(3.865907300644536e-06+0j)
0.0025000000000000005	6.250000000000003e-06	1.243268483719362e-07	6.0246389893288374e-06	0.0	(6.0246389893288374e-06+0j)
0.003025	9.150625e-06	1.8201813944962453e-07	8.946169332075048e-06	0.0	(8.946169332075048e-06+0j)
0.0036	1.296e-05	2.577753253074633e-07	1.2791948749475831e-05	0.0	(1.2791948749475831e-05+0j)
0.0042250000000000005	1.7850625000000003e-05	3.5502127038178344e-07	1.773860851125816e-05	0.0	(1.773860851125816e-05+0j)
0.004900000000000001	2.4010000000000006e-05	4.774726851675126e-07	2.397798131897086e-05	0.0	(2.397798131897086e-05+0j)
0.005625	3.1640625e-05	6.291384179180071e-07	3.171713270587728e-05	0.0	(3.171713270587728e-05+0j)
0.0064	4.096e-05	8.143173065300324e-07	4.117838159379926e-05	0.0	(4.117838159379926e-05+0j)
0.007225000000000001	5.220062500000002e-05	1.0375955224461997e-06	5.2599310996122933e-05	0.0	(5.2599310996122933e-05+0j)
0.0081	6.560999999999999e-05	1.3038433346601597e-06	6.62327718096471e-05	0.0	(6.62327718096471e-05+0j)
0.009025	8.1450625e-05	1.6182112144158545e-06	8.234688180113159e-05	0.0	(8.234688180113159e-05+0j)
0.010000000000000002	0.00010000000000000005	1.9861252011921238e-06	0.00010122502106361343	0.0	(0.00010122502106361343+0j)
0.011024999999999998	0.00012155062499999997	2.4132814444022266e-06	0.00012316582467955677	0.0	(0.00012316582467955677+0j)
0.0121	0.00014641	2.9056398335586264e-06	0.00014848317301861802	0.0	(0.00014848317301861802+0j)
0.013225	0.00017490062500000002	3.4694166258786296e-06	0.00017750617992860963	0.0	(0.00017750617992860963+0j)
0.0144	0.00020736	4.111075979251755e-06	0.00021057917899345782	0.0	(0.00021057917899345782+0j)
0.015625	0.000244140625	4.83732029674111e-06	0.00024806170799812426	0.0	(0.00024806170799812426+0j)
0.016900000000000002	0.00028561000000000005	5.655079287798792e-06	0.0002903284917327275	0.0	(0.0002903284917327275+0j)
0.018225	0.0003321506250000001	6.571497652270442e-06	0.0003377694232829119	0.0	(0.0003377694232829119+0j)
0.019600000000000003	0.0003841600000000001	7.5939212937845e-06	0.0003907895439709101	0.0	(0.0003907895439709101+0j)
0.021025	0.0004420506249999999	8.729881971758502e-06	0.00044980902213601233	0.0	(0.00044980902213601233+0j)
0.0225	0.00050625	9.987080304470902e-06	0.0005152631309612579	0.0	(0.0005152631309612579+0j)
0.024025	0.000577200625	1.1373367040216215e-05	0.0005876022255652902	0.0	(0.0005876022255652902+0j)
0.0256	0.00065536	1.2896722519757653e-05	0.0006672917195775463	0.0	(0.0006672917195775463+0j)
0.027225000000000003	0.0007412006250000001	1.4565234260667526e-05	0.0007548120614017478	0.0	(0.0007548120614017478+0j)
0.028900000000000006	0.0008352100000000003	1.6387072603304964e-05	0.0008506587103398728	0.0	(0.0008506587103398728+0j)
0.030625000000000006	0.0009378906250000004	1.8370464368991368e-05	0.0009553421127016586	0.0	(0.0009553421127016586+0j)
0.0324	0.0010497599999999998	2.0523664493395793e-05	0.0010693876779583494	0.0	(0.0010693876779583494+0j)
0.034225	0.001171350625	2.2854925612707244e-05	0.0011933357549214444	0.0	(0.0011933357549214444+0j)
0.0361	0.00130321	2.537246559634193e-05	0.0013277416078380224	0.0	(0.0013277416078380224+0j)
0.038025	0.0014459006250000003	2.808443303819498e-05	0.0014731753922049959	0.0	(0.0014731753922049959+0j)
0.04000000000000001	0.0016000000000000007	3.099887073872848e-05	0.0016302221300177485	0.0	(0.0016302221300177485+0j)
0.04202500000000001	0.0017661006250000006	3.412367723220483e-05	0.001799481684099542	0.0	(0.001799481684099542+0j)
0.04409999999999999	0.0019448099999999995	3.746656643749749e-05	0.0019815687311086033	0.0	(0.0019815687311086033+0j)
0.046224999999999995	0.0021367506249999994	4.103502553670386e-05	0.002177112732803777	0.0	(0.002177112732803777+0j)
0.0484	0.00234256	4.483627121334641e-05	0.0023867579051680484	0.0	(0.0023867579051680484+0j)
0.050625	0.0025628906250000005	4.887720441104117e-05	0.0026111631850469154	0.0	(0.0026111631850469154+0j)
0.0529	0.0027984100000000003	5.316436380390418e-05	0.002851002194051437	0.0	(0.002851002194051437+0j)
0.05522500000000001	0.003049800625000001	5.770387820146043e-05	0.0031069631996001033	0.0	(0.0031069631996001033+0j)
0.0576	0.00331776	6.250141814306224e-05	0.003379749073116653	0.0	(0.003379749073116653+0j)
0.060024999999999995	0.0036030006249999995	6.756214696949101e-05	0.0036700772455530804	0.0	(0.0036700772455530804+0j)
0.0625	0.00390625	7.289067169203006e-05	0.003978679660551506	0.0	(0.003978679660551506+0j)
0.065025	0.004228250625	7.849099401150382e-05	0.004306302725686736	0.0	(0.004306302725686736+0j)
0.06760000000000001	0.004569760000000001	8.436646187088507e-05	0.004653707262329833	0.0	(0.004653707262329833+0j)
0.07022500000000001	0.004931550625000001	9.051972195472978e-05	0.005021668454743216	0.0	(0.005021668454743216+0j)
0.0729	0.005314410000000001	9.695267357606599e-05	0.0054109757990559336	0.0	(0.0054109757990559336+0j)
0.07562500000000001	0.005719140625000002	0.00010366642441599506	0.005822433052786087	0.0	(0.005822433052786087+0j)
0.07840000000000001	0.006146560000000001	0.00011066124860229431	0.00625685818558336	0.0	(0.00625685818558336+0j)
0.08122500000000002	0.006597500625000003	0.00011793654763022211	0.006715083331872353	0.0	(0.006715083331872353+0j)
0.0841	0.007072809999999999	0.00012549081464064272	0.00719795474609586	0.0	(0.00719795474609586+0j)
0.08702499999999999	0.007573350624999998	0.00013332160257693653	0.007706332761288464	0.0	(0.007706332761288464+0j)
0.09	0.0081	0.0001414254967421803	0.008241091751760634	0.0	(0.008241091751760634+0j)
0.093025	0.008653650624999999	0.00014979809227118378	0.00880312010071981	0.0	(0.00880312010071981+0j)
0.0961	0.00923521	0.0001584339770175281	0.00939332017369737	0.0	(0.00939332017369737+0j)
0.09922500000000001	0.009845600625000001	0.00016732672033329028	0.010012608298660417	0.0	(0.010012608298660417+0j)
0.1024	0.01048576	0.00017646886818823294	0.010661914753655773	0.0	(0.010661914753655773+0j)
0.10562500000000001	0.011156640625000002	0.0001858519450356089	0.011342183762754745	0.0	(0.011342183762754745+0j)
0.10890000000000001	0.011859210000000002	0.00019546646278320655	0.012054373500925754	0.0	(0.012054373500925754+0j)
0.11222500000000002	0.012594450625000005	0.00020530193717087754	0.012799456108285113	0.0	(0.012799456108285113+0j)
0.11560000000000002	0.013363360000000005	0.00021534691178968916	0.01357841771396073	0.0	(0.01357841771396073+0j)
0.11902500000000002	0.014166950625000004	0.00022558898990343882	0.014392258469582054	0.0	(0.014392258469582054+0j)
0.12250000000000003	0.015006250000000006	0.00023601487415110306	0.015241992592192688	0.0	(0.015241992592192688+0j)
0.126025	0.015882300624999998	0.00024661041411966957	0.016128648416198026	0.0	(0.016128648416198026+0j)
0.1296	0.016796159999999997	0.0002573606616817228	0.01705326845381019	0.0	(0.01705326845381019+0j)
0.13322499999999998	0.017748900624999994	0.000268249933892321	0.018016909463347806	0.0	(0.018016909463347806+0j)
0.1369	0.01874161	0.0002792618831365534	0.019020642524684824	0.0	(0.019020642524684824+0j)
0.140625	0.019775390625	0.0002903795741142953	0.020065553121111572	0.0	(0.020065553121111572+0j)
0.1444	0.02085136	0.00030158556714388404	0.021152741226860824	0.0	(0.021152741226860824+0j)
0.148225	0.021970650624999997	0.0003128620071636187	0.02228332139954826	0.0	(0.02228332139954826+0j)
0.1521	0.023134410000000005	0.00032419071771120055	0.023458422876775506	0.0	(0.023458422876775506+0j)
0.15602500000000002	0.02434380062500001	0.0003355532990685431	0.024679189676126718	0.0	(0.024679189676126718+0j)
0.16000000000000003	0.02560000000000001	0.00034693122967493367	0.025946780697762233	0.0	(0.025946780697762233+0j)
0.16402500000000003	0.02690420062500001	0.00035830596983737204	0.02726236982877141	0.0	(0.02726236982877141+0j)
0.16810000000000003	0.02825761000000001	0.00036965906670506074	0.02862714604839364	0.0	(0.02862714604839364+0j)
0.17222500000000002	0.029661450625000006	0.0003809722594273055	0.03004231353316225	0.0	(0.03004231353316225+0j)
0.17639999999999997	0.031116959999999992	0.0003922275833821357	0.03150909176097318	0.0	(0.03150909176097318+0j)
0.18062499999999998	0.03262539062499999	0.0004034074723481537	0.03302871561304036	0.0	(0.03302871561304036+0j)
0.18489999999999998	0.03418800999999999	0.0004144948574955138	0.034602435472668475	0.0	(0.034602435472668475+0j)
0.189225	0.035806100625000004	0.0004254732620942083	0.03623151731978486	0.0	(0.03623151731978486+0j)
0.1936	0.03748096	0.00043632689087927206	0.037917242820167535	0.0	(0.037917242820167535+0j)
0.198025	0.039213900625000006	0.000447040713072957	0.039660909408380775	0.0	(0.039660909408380775+0j)
0.2025	0.04100625000000001	0.0004576005381427458	0.04146383036347183	0.0	(0.04146383036347183+0j)
0.20702500000000001	0.04285935062500001	0.00046799308347020085	0.04332733487659549	0.0	(0.04332733487659549+0j)
0.2116	0.044774560000000005	0.00047820603321751956	0.04525276810982791	0.0	(0.04525276810982791+0j)
0.21622500000000003	0.04675325062500001	0.0004882280878043397	0.04724149124557336	0.0	(0.04724149124557336+0j)
0.22090000000000004	0.04879681000000002	0.0004980490035444108	0.049294881526099836	0.0	(0.049294881526099836+0j)
0.22562500000000002	0.050906640625000006	0.0005076596221375234	0.051414332282891426	0.0	(0.051414332282891426+0j)
0.2304	0.05308416	0.0005170518898635495	0.0536012529556644	0.0	(0.0536012529556644+0j)
0.235225	0.055330800624999996	0.0005262188664794119	0.055857069101052204	0.0	(0.055857069101052204+0j)
0.24009999999999998	0.05764800999999999	0.0005351547239729372	0.058183222391110644	0.0	(0.058183222391110644+0j)
0.245025	0.060037250625	0.0005438547354765331	0.06058117060196197	0.0	(0.06058117060196197+0j)
0.25	0.0625	0.0005523152547851894	0.06305238759302335	0.0	(0.06305238759302335+0j)
0.255025	0.065037750625	0.000560533687054373	0.06559836327740672	0.0	(0.06559836327740672+0j)
0.2601	0.06765201	0.0005685084513711167	0.06822060358419166	0.0	(0.06822060358419166+0j)
0.265225	0.070344300625	0.0005762389359935673	0.07092063041336975	0.0	(0.07092063041336975+0j)
0.27040000000000003	0.07311616000000001	0.000583725447138393	0.07369998158434615	0.0	(0.07369998158434615+0j)
0.275625	0.075969140625	0.0005909691522602371	0.07656021077894895	0.0	(0.07656021077894895+0j)
0.28090000000000004	0.07890481000000002	0.0005979720188118369	0.0795028874799435	0.0	(0.0795028874799435+0j)
0.286225	0.081924750625	0.0006047367494970567	0.08252959690604839	0.0	(0.08252959690604839+0j)
0.2916	0.08503056000000002	0.0006112667150320712	0.08564193994449099	0.0	(0.08564193994449099+0j)
0.29702500000000004	0.08822385062500002	0.0006175658854129428	0.08884153308208748	0.0	(0.08884153308208748+0j)
0.30250000000000005	0.09150625000000003	0.0006236387606521092	0.09213000833581554	0.0	(0.09213000833581554+0j)
0.30802500000000005	0.09487940062500003	0.0006294903018935059	0.09550901318378563	0.0	(0.09550901318378563+0j)
0.31360000000000005	0.09834496000000002	0.0006351258637483028	0.0989802104974472	0.0	(0.0989802104974472+0j)
0.3192250000000001	0.10190460062500006	0.0006405511286129462	0.1025452784758127	0.0	(0.1025452784758127+0j)
0.3249000000000001	0.10556001000000005	0.00064577204364103	0.10620591058232802	0.0	(0.10620591058232802+0j)
0.33062500000000006	0.10931289062500003	0.0006507947609432606	0.10996381548501152	0.0	(0.10996381548501152+0j)
0.3364	0.11316495999999998	0.0006556255814882693	0.11382071700028892	0.0	(0.11382071700028892+0j)
0.34222499999999995	0.11711795062499997	0.0006602709030740432	0.11777835404091909	0.0	(0.11777835404091909+0j)
0.34809999999999997	0.12117360999999997	0.00066473717263792	0.12183848056827187	0.0	(0.12183848056827187+0j)
0.354025	0.125333700625	0.0006690308430748612	0.1260028655491188	0.0	(0.1260028655491188+0j)
0.36	0.1296	0.000673158334641179	0.13027329291701603	0.0	(0.13027329291701603+0j)
0.366025	0.133974300625	0.0006771260009358733	0.13465156153828214	0.0	(0.13465156153828214+0j)
0.3721	0.13845840999999998	0.0006809400993756159	0.13913948518246458	0.0	(0.13913948518246458+0j)
0.378225	0.143054150625	0.0006846067660132599	0.143738892497159	0.0	(0.143738892497159+0j)
0.3844	0.14776336	0.0006881319944941638	0.14845162698697512	0.0	(0.14845162698697512+0j)
0.390625	0.152587890625	0.0006915216188998697	0.1532795469963828	0.0	(0.1532795469963828+0j)
0.39690000000000003	0.15752961000000001	0.0006947813001946686	0.15822452569617737	0.0	(0.15822452569617737+0j)
0.403225	0.162590400625	0.0006979165159669133	0.16328845107323203	0.0	(0.16328845107323203+0j)
0.4096	0.16777216	0.0007009325531429265	0.1684732259232272	0.0	(0.1684732259232272+0j)
0.41602500000000003	0.17307680062500003	0.0007038345033461283	0.17378076784603277	0.0	(0.17378076784603277+0j)
0.42250000000000004	0.17850625000000003	0.000706627260576514	0.1792130092433998	0.0	(0.1792130092433998+0j)
0.42902500000000005	0.18406245062500004	0.0007093155208947313	0.18477189731866991	0.0	(0.18477189731866991+0j)
0.43560000000000004	0.18974736000000003	0.0007119037838095276	0.19045939407817875	0.0	(0.19045939407817875+0j)
0.44222500000000003	0.19556295062500004	0.0007143963550861012	0.19627747633408404	0.0	(0.19627747633408404+0j)
0.4489000000000001	0.20151121000000008	0.000716797350714719	0.20222813570836684	0.0	(0.20222813570836684+0j)
0.45562500000000006	0.20759414062500006	0.0007191107018028342	0.2083133786377205	0.0	(0.2083133786377205+0j)
0.4624000000000001	0.21381376000000007	0.0007213401601788497	0.21453522637920036	0.0	(0.21453522637920036+0j)
0.46922500000000006	0.22017210062500006	0.0007234893045208176	0.22089571501634964	0.0	(0.22089571501634964+0j)
0.4761000000000001	0.22667121000000007	0.0007255615468480269	0.2273968954657272	0.0	(0.2273968954657272+0j)
0.4830250000000001	0.23331315062500008	0.0007275601392370465	0.2340408334836345	0.0	(0.2340408334836345+0j)
0.4900000000000001	0.2401000000000001	0.0007294881806459266	0.24082960967295383	0.0	(0.24082960967295383+0j)
0.49702499999999994	0.24703385062499994	0.0007313486237506128	0.2477653194900124	0.0	(0.2477653194900124+0j)
0.5041	0.25411680999999997	0.000733144281716006	0.25485007325135683	0.0	(0.25485007325135683+0j)
0.5112249999999999	0.26135100062499994	0.000734877834840411	0.26208599614042793	0.0	(0.26208599614042793+0j)
0.5184	0.26873855999999996	0.0007365518370263549	0.26947522821403297	0.0	(0.26947522821403297+0j)
0.525625	0.276281640625	0.0007381687220429778	0.27701992440862916	0.0	(0.27701992440862916+0j)
0.5328999999999999	0.2839824099999999	0.0007397308095555267	0.28472225454637184	0.0	(0.28472225454637184+0j)
0.540225	0.29184305062499993	0.0007412403109060472	0.2925844033408934	0.0	(0.2925844033408934+0j)
0.5476	0.29986576	0.0007426993346363543	0.3006085704028538	0.0	(0.3006085704028538+0j)
0.555025	0.308052750625	0.0007441098917499527	0.3087969702452061	0.0	(0.3087969702452061+0j)
0.5625	0.31640625	0.0007454739007139404	0.31715183228821303	0.0	(0.31715183228821303+0j)
0.570025	0.324928500625	0.000746793192205262	0.3256754008641939	0.0	(0.3256754008641939+0j)
0.5776	0.33362176	0.0007480695136081395	0.33436993522204933	0.0	(0.33436993522204933+0j)
0.585225	0.342488300625	0.0007493045332712511	0.3432377095315089	0.0	(0.3432377095315089+0j)
0.5929	0.35153040999999996	0.000750499844534394	0.35228101288718355	0.0	(0.35228101288718355+0j)
0.6006250000000001	0.3607503906250001	0.0007516569695350738	0.361502149312355	0.0	(0.361502149312355+0j)
0.6084	0.3701505600000001	0.0007527773628058064	0.3709034377626204	0.0	(0.3709034377626204+0j)
0.616225	0.379733250625	0.0007538624146730014	0.38048721212925524	0.0	(0.38048721212925524+0j)
0.6241000000000001	0.38950081000000014	0.0007549134544681645	0.3902558212424595	0.0	(0.3902558212424595+0j)
0.6320250000000001	0.3994556006250001	0.0007559317535618885	0.40021162887439615	0.0	(0.40021162887439615+0j)
0.6400000000000001	0.4096000000000002	0.0007569185282307394	0.41035701374204314	0.0	(0.41035701374204314+0j)
0.6480250000000001	0.4199364006250001	0.0007578749423667043	0.4206943695099276	0.0	(0.4206943695099276+0j)
0.6561000000000001	0.43046721000000016	0.0007588021100384066	0.43122610479269363	0.0	(0.43122610479269363+0j)
0.6642250000000001	0.4411948506250001	0.0007597010979128045	0.44195464315751337	0.0	(0.44195464315751337+0j)
0.6724000000000001	0.45212176000000015	0.0007605729275456018	0.4528824231263933	0.0	(0.4528824231263933+0j)
0.6806250000000001	0.4632503906250002	0.0007614185775481223	0.4640118981783448	0.0	(0.4640118981783448+0j)
0.6889000000000001	0.4745832100000001	0.0007622389856379311	0.4753455367514357	0.0	(0.4753455367514357+0j)
0.697225	0.48612270062499996	0.0007630350505800443	0.4868858222447294	0.0	(0.4868858222447294+0j)
0.7055999999999999	0.4978713599999999	0.0007638076340251406	0.4986352530201441	0.0	(0.4986352530201441+0j)
0.7140249999999999	0.5098317006249998	0.000764557562250793	0.5105963424041817	0.0	(0.5105963424041817+0j)
0.7224999999999999	0.5220062499999999	0.0007652856278113576	0.5227716186895818	0.0	(0.5227716186895818+0j)
0.7310249999999999	0.5343975506249999	0.000765992591101803	0.5351636251368973	0.0	(0.5351636251368973+0j)
0.7395999999999999	0.5470081599999999	0.000766679181840438	0.5477749199759826	0.0	(0.5477749199759826+0j)
0.748225	0.559840650625	0.0007673461004751762	0.5606080764073949	0.0	(0.5606080764073949+0j)
0.7569	0.5728976100000001	0.0007679940195176945	0.5736656826037709	0.0	(0.5736656826037709+0j)
0.765625	0.586181640625	0.0007686235848095691	0.586950341711097	0.0	(0.586950341711097+0j)
0.7744	0.59969536	0.0007692354167242188	0.600464671850021	0.0	(0.600464671850021+0j)
0.7832250000000001	0.6134414006250001	0.0007698301113082515	0.6142113061171243	0.0	(0.6142113061171243+0j)
0.7921	0.6274224100000001	0.0007704082413655897	0.6281928925863229	0.0	(0.6281928925863229+0j)
0.801025	0.641641050625	0.0007709703574875442	0.6424120943105639	0.0	(0.6424120943105639+0j)
0.81	0.6561000000000001	0.000771516989031814	0.656871589324014	0.0	(0.656871589324014+0j)
0.819025	0.670801950625	0.0007720486450532105	0.6715740706453468	0.0	(0.6715740706453468+0j)
0.8281000000000001	0.6857496100000001	0.0007725658151887356	0.686522246282908	0.0	(0.686522246282908+0j)
0.8372250000000001	0.7009457006250002	0.0007730689704994912	0.7017188392430753	0.0	(0.7017188392430753+0j)
0.8464	0.7163929600000001	0.0007735585642717409	0.7171665875439067	0.0	(0.7171665875439067+0j)
0.8556250000000001	0.7320941406250001	0.0007740350327793199	0.7328682442370023	0.0	(0.7328682442370023+0j)
0.8649000000000001	0.7480520100000002	0.0007744987960094514	0.748826577441503	0.0	(0.748826577441503+0j)
0.8742250000000001	0.7642693506250002	0.0007749502583539101	0.7650443703953687	0.0	(0.7650443703953687+0j)
0.8836000000000002	0.7807489600000003	0.000775389809267364	0.7815244215297402	0.0	(0.7815244215297402+0j)
0.8930250000000001	0.7974936506250001	0.000775817823894614	0.7982695445730305	0.0	(0.7982695445730305+0j)
0.9025000000000001	0.8145062500000001	0.0007762346636683584	0.8152825686912013	0.0	(0.8152825686912013+0j)
0.9120250000000001	0.8317896006250002	0.0007766406768790102	0.8325663386717365	0.0	(0.8325663386717365+0j)
0.9216	0.84934656	0.0007770361992180151	0.8501237151619465	0.0	(0.8501237151619465+0j)
0.931225	0.8671800006249999	0.0007774215542960287	0.8679575749841886	0.0	(0.8679575749841886+0j)
0.9409	0.8852928099999999	0.0007777970541372419	0.8860708115835928	0.0	(0.8860708115835928+0j)
0.9506249999999999	0.9036878906249999	0.0007781629996510661	0.9044663357519668	0.0	(0.9044663357519668+0j)
0.9603999999999999	0.9223681599999999	0.0007785196810823256	0.9231470770076706	0.0	(0.9231470770076706+0j)
0.970225	0.941336550625	0.00077886737844104	0.9421159867190841	0.0	(0.9421159867190841+0j)
0.9801	0.96059601	0.0007792063619128181	0.9613760466225799	0.0	(0.9613760466225799+0j)
0.990025	0.9801495006250001	0.0007795368922508326	0.9809302990638903	0.0	(0.9809302990638903+0j)
1.0	1.0	0.0007798592211502871	1.0007820277943322	0.0	(1.0007820277943322+0j)
