-153440.0779777444	-23543857529.81628	-0.0032480600630942743	-23543857529.819527	0.0	(-23543857529.819527+0j)
-19166.09318222921	-367339127.8698931	-0.003248060062739002	-367339127.8731411	0.0	(-367339127.8731411+0j)
-5671.973593979537	-32171284.45080115	-0.003248060058979029	-32171284.454049207	0.0	(-32171284.454049207+0j)
-2388.810099822299	-5706413.693013022	-0.003248060039867471	-5706413.696261082	0.0	(-5706413.696261082+0j)
-1220.4049972628086	-1489388.3573440358	-0.003248059974087607	-1489388.3605920956	0.0	(-1489388.3605920956+0j)
-704.3698169973163	-496136.8390968329	-0.0032480597958875765	-496136.8423448927	0.0	(-496136.8423448927+0j)
-442.1688919595258	-195513.3290167148	-0.003248059385018872	-195513.3322647742	0.0	(-195513.3322647742+0j)
-295.1389583532525	-87107.00473784293	-0.0032480585411341282	-87107.00798590147	0.0	(-87107.00798590147+0j)
-206.42793111814956	-42612.4907457195	-0.0032480569519492118	-42612.49399377645	0.0	(-42612.49399377645+0j)
-149.78886388774166	-22436.703744780396	-0.003248054154305029	-22436.70699283455	0.0	(-22436.70699283455+0j)
-111.96123149940722	-12535.317358863855	-0.003248049487070888	-12535.320606913341	0.0	(-12535.320606913341+0j)
-85.7529925744434	-7353.575735472545	-0.0032480420346080673	-7353.57898351458	0.0	(-7353.57898351458+0j)
-67.03315485761341	-4493.44385016478	-0.0032480305592528457	-4493.447098195339	0.0	(-4493.447098195339+0j)
-53.313822169821755	-2842.3636343553776	-0.003248013420974836	-2842.3668823687985	0.0	(-2842.3668823687985+0j)
-43.03579493261443	-1852.0796454820418	-0.0032479884820097236	-1852.0828934705237	0.0	(-1852.0828934705237+0j)
-35.188162757133824	-1238.2067982225399	-0.003247952993844336	-1238.2100461755338	0.0	(-1238.2100461755338+0j)
-29.096018661790005	-846.5783019672323	-0.0032479034634329655	-846.5815498706958	0.0	(-846.5815498706958+0j)
-24.297124814042526	-590.3502742291611	-0.003247835494930949	-590.3535220646545	0.0	(-590.3535220646545+0j)
-20.467706340503966	-418.92700284110623	-0.003247743602525086	-418.930250584708	0.0	(-418.930250584708+0j)
-17.376412657356248	-301.9397168387304	-0.00324762098909694	-301.9429644597195	0.0	(-301.9429644597195+0j)
-14.8549685513286	-220.67009066096173	-0.0032474592844455373	-220.67333812024577	0.0	(-220.67333812024577+0j)
-12.779006775781696	-163.3030141754745	-0.003247248235585294	-163.30626142370994	0.0	(-163.30626142370994+0j)
-11.055275640264293	-122.21911948222107	-0.0032469753401802165	-122.22236645756148	0.0	(-122.22236645756148+0j)
-9.612932658213833	-92.40847429135407	-0.003246625412423729	-92.41172091676678	0.0	(-92.41172091676678+0j)
-8.397513093736283	-70.51822615947232	-0.003246180068560242	-70.52147233954109	0.0	(-70.52147233954109+0j)
-7.3666835374462405	-54.268026340881455	-0.0032456171166899183	-54.27127195799804	0.0	(-54.27127195799804+0j)
-6.487207718221543	-42.08386397935316	-0.0032449098324036085	-42.08710888918553	0.0	(-42.08710888918553+0j)
-5.732748870404016	-32.864409611118525	-0.0032440260980387565	-32.86765363721671	0.0	(-32.86765363721671+0j)
-5.082257979341708	-25.829346168582465	-0.003242927378777923	-25.83258909596129	0.0	(-25.83258909596129+0j)
-4.518777966401644	-20.41935430963698	-0.00324156750324144	-20.422595877140328	0.0	(-20.422595877140328+0j)
-4.028546909817661	-16.229190204601423	-0.00323989120941989	-16.23243009581225	0.0	(-16.23243009581225+0j)
-3.600318783282686	-12.96229534125812	-0.0032378324084572467	-12.965533173754281	0.0	(-12.965533173754281+0j)
-3.2248441478806384	-10.399619778120002	-0.0032353121085635815	-10.40285509211794	0.0	(-10.40285509211794+0j)
-2.8944696677688655	-8.377954657634007	-0.0032322359287444242	-8.381186912185814	0.0	(-8.381186912185814+0j)
-2.6028267385229356	-6.7747070307699415	-0.0032284911164983192	-6.777935623851762	0.0	(-6.777935623851762+0j)
-2.3445875439884927	-5.497090751425992	-0.0032239429644159994	-5.500315052391897	0.0	(-5.500315052391897+0j)
-2.1152725626084434	-4.474378014124091	-0.003218430496776265	-4.477597341943683	0.0	(-4.477597341943683+0j)
-1.91109764116945	-3.652294194083436	-0.003211761267580834	-3.6555076959996473	0.0	(-3.6555076959996473+0j)
-1.7288517247497297	-2.988928286170115	-0.003203705074477411	-2.9921347699254515	0.0	(-2.9921347699254515+0j)
-1.5657985056984083	-2.4517249604473683	-0.003193986346730702	-2.4549227768800748	0.0	(-2.4549227768800748+0j)
-1.4195968592424206	-2.015255242770945	-0.003182274907297884	-2.018442261451446	0.0	(-2.018442261451446+0j)
-1.288236127587193	-1.6595523204208464	-0.0031681747358973814	-1.662725961729568	0.0	(-1.662725961729568+0j)
-1.1699832100598067	-1.3688607118218497	-0.003151210267513267	-1.3720179610083933	0.0	(-1.3720179610083933+0j)
-1.0633390935385967	-1.1306900278474845	-0.003130809643567342	-1.1338273774551832	0.0	(-1.1338273774551832+0j)
-0.9670029722379032	-0.9350947483169391	-0.003106284183863864	-0.938208066600857	0.0	(-0.938208066600857+0j)
-0.8798425001969499	-0.7741228251528197	-0.0030768031577995234	-0.7772071802885916	0.0	(-0.7772071802885916+0j)
-0.8008690236946738	-0.64139119311366	-0.003041362712570743	-0.6444406555369188	0.0	(-0.6444406555369188+0j)
-0.7292168764216649	-0.5317572528581697	-0.0029987478289126247	-0.5347646736313921	0.0	(-0.5347646736313921+0j)
-0.6641260039734804	-0.44106334915378337	-0.0029474882920435415	-0.44402010061883773	0.0	(-0.44402010061883773+0j)
-0.6049273282968711	-0.3659370725203905	-0.0028858203389609902	-0.36883275067069815	0.0	(-0.36883275067069815+0j)
-0.5510303762797573	-0.3036344755830109	-0.002811693452302332	-0.3064566076581355	0.0	(-0.3064566076581355+0j)
-0.5019127866383676	-0.2519164453910915	-0.0027228971363458206	-0.2546503227786495	0.0	(-0.2546503227786495+0j)
-0.4571113808679674	-0.20895081451901992	-0.0026173802683912353	-0.21157964364528167	0.0	(-0.21157964364528167+0j)
-0.4162145412936012	-0.17323454438424285	-0.002493753790964471	-0.1757400987296555	0.0	(-0.1757400987296555+0j)
-0.3788556852603932	-0.1435316302541221	-0.002351838737612541	-0.14589544812233954	0.0	(-0.14589544812233954+0j)
-0.34470766161339816	-0.11882337197497701	-0.002193046366038155	-0.12102833103034098	0.0	(-0.12102833103034098+0j)
-0.3134779256766165	-0.09826840988651428	-0.002020424236871319	-0.10030034420418175	0.0	(-0.10030034420418175+0j)
-0.2849043733852332	-0.08117050197403239	-0.0018383404209065632	-0.083019504150052	0.0	(-0.083019504150052+0j)
-0.25875173517890027	-0.06695246045809174	-0.0016519153747840797	-0.06861363115713863	0.0	(-0.06861363115713863+0j)
-0.23480844661153963	-0.055135006600124256	-0.0014663764132817256	-0.05660859957316964	0.0	(-0.05660859957316964+0j)
-0.212883926073651	-0.045319565980531704	-0.001286493222011762	-0.0466106286432889	0.0	(-0.0466106286432889+0j)
-0.19280620111107946	-0.037174231186886016	-0.0011161885286387382	-0.03829189456926955	0.0	(-0.03829189456926955+0j)
-0.17441983400144742	-0.030422278493092474	-0.0009583474959857915	-0.03137881771362947	0.0	(-0.03137881771362947+0j)
-0.15758410486934307	-0.024832750107472115	-0.0008147986820277839	-0.025642499107685544	0.0	(-0.025642499107685544+0j)
-0.14217141696755908	-0.020212711802563548	-0.0006864154156787693	-0.02089093838831187	0.0	(-0.02089093838831187+0j)
-0.12806589405274613	-0.016400873219529197	-0.0005732838805408164	-0.01696276866006177	0.0	(-0.01696276866006177+0j)
-0.11516214422460175	-0.013262319462407973	-0.0004748938704062294	-0.013722248785707193	0.0	(-0.013722248785707193+0j)
-0.10336416832807228	-0.010684151294154062	-0.0003903220739550819	-0.011055229189280025	0.0	(-0.011055229189280025+0j)
-0.09258439416006585	-0.008571870041986436	-0.0003183908480004112	-0.008865830709996867	0.0	(-0.008865830709996867+0j)
-0.08274282037550368	-0.0068463743236928665	-0.00025779550771272766	-0.007073644370675567	0.0	(-0.007073644370675567+0j)
-0.07376625623382203	-0.005441460558753888	-0.0002071997937511949	-0.005611331426273483	0.0	(-0.005611331426273483+0j)
-0.06558764523333163	-0.00430173920725337	-0.00016530288849134905	-0.004422556345238371	0.0	(-0.004422556345238371+0j)
-0.05814546230242274	-0.003380894786362464	-0.00013088296101837482	-0.00346021876681745	0.0	(-0.00346021876681745+0j)
-0.05138317559911824	-0.0026402307346498196	-0.00010282249717359637	-0.0026849656044524686	0.0	(-0.0026849656044524686+0j)
-0.04524876515177241	-0.002047450747760253	-8.012021751747922e-05	-0.0020639642848953453	0.0	(-0.0020639642848953453+0j)
-0.03969429158520362	-0.001575636784451167	-6.18936118008534e-05	-0.0015699051331773152	0.0	(-0.0015699051331773152+0j)
-0.03467550904442404	-0.0012023909274899334	-4.73752724255011e-05	-0.0011801696762312169	0.0	(-0.0011801696762312169+0j)
-0.030151517174235212	-0.000909113987908201	-3.590542484643855e-05	-0.0008760491405008016	0.0	(-0.0008760491405008016+0j)
-0.02608444765559201	-0.0006803984094973195	-2.6922388362021765e-05	-0.0006418920215852483	0.0	(-0.0006418920215852483+0j)
-0.02243918135414162	-0.000503516859844057	-1.9952170610182396e-05	-0.00046425811541563365	0.0	(-0.00046425811541563365+0j)
-0.019183092615622097	-0.00036799104229953504	-1.4597994635989764e-05	-0.00033142049392883866	0.0	(-0.00033142049392883866+0j)
-0.016285817657726173	-0.0002652278567807056	-1.0530259934748987e-05	-0.00023334209556644618	0.0	(-0.00023334209556644618+0j)
-0.013719044367779796	-0.00018821217836511054	-7.477227226493355e-06	-0.00016177960879747966	0.0	(-0.00016177960879747966+0j)
-0.011456321127917031	-0.00013124729378595815	-5.216570998722858e-06	-0.00011020410508323402	0.0	(-0.00011020410508323402+0j)
-0.009472882560933205	-8.973550401323243e-05	-3.5678471188571592e-06	-7.355209539228418e-05	0.0	(-7.355209539228418e-05+0j)
-0.007745490326256713	-5.999262039413633e-05	-2.3858614497385133e-06	-4.793487472056417e-05	0.0	(-4.793487472056417e-05+0j)
-0.006252287301247293	-3.909109649733816e-05	-1.554888881205585e-06	-3.0381805362101253e-05	0.0	(-3.0381805362101253e-05+0j)
-0.004972663662352951	-2.472738389888546e-05	-9.836726908574178e-07	-1.8635819990127428e-05	0.0	(-1.8635819990127428e-05+0j)
-0.003887133536989527	-1.5109807134388712e-05	-6.011259454652418e-07	-1.0995337432806673e-05	0.0	(-1.0995337432806673e-05+0j)
-0.0029772210332922053	-8.863845081077507e-06	-3.5265566111775115e-07	-6.191943524750471e-06	0.0	(-6.191943524750471e-06+0j)
-0.002225354573642715	-4.95220297843255e-06	-1.9703392695191724e-07	-3.294644426464675e-06	0.0	(-3.294644426464675e-06+0j)
-0.0016147685612493414	-2.607477506399268e-06	-1.0374602510410114e-07	-1.6339549111437012e-06	0.0	(-1.6339549111437012e-06+0j)
-0.0011294114988857744	-1.2755703338154115e-06	-5.07528028492743e-08	-7.410996824712934e-07	0.0	(-7.410996824712934e-07+0j)
-0.0007538597567461701	-5.683045328413948e-07	-2.2612027805735124e-08	-2.990214130405564e-07	0.0	(-2.990214130405564e-07+0j)
-0.00047323625358382216	-2.2395255170605162e-07	-8.910774340620264e-09	-1.0284335066765657e-07	0.0	(-1.0284335066765657e-07+0j)
-0.000273133373004004	-7.460183944854437e-08	-2.9681359592359513e-09	-2.8079815114055836e-08	0.0	(-2.8079815114055836e-08+0j)
-0.00013953948593826147	-1.947126813591427e-08	-7.748894859105349e-10	-5.33033766302374e-09	0.0	(-5.33033766302374e-09+0j)
-5.876849174459226e-05	-3.453735621934209e-09	-1.382431946694851e-10	-3.712081989017654e-09	0.0	(-3.712081989017654e-09+0j)
-1.7391824727346766e-05	-3.024755673467504e-10	-0.0	-5.092708706757145e-10	0.0	(-5.092708706757145e-10+0j)
-2.1724007034307707e-06	-4.719324816266507e-12	3.725290298461914e-09	7.911389371308836e-16	-0.0008158005269514176	(7.911389371308836e-16-0.0008158005269514176j)
2.1724007034307707e-06	4.719324816266507e-12	-3.725290298461914e-09	7.911389371308836e-16	0.0008158005269514176	(7.911389371308836e-16+0.0008158005269514176j)
1.7391824727346766e-05	3.024755673467504e-10	0.0	5.092374904940747e-10	0.0	(5.092374904940747e-10+0j)
5.876849174459226e-05	3.453735621934209e-09	1.382431946694851e-10	3.7120815440530817e-09	0.0	(3.7120815440530817e-09+0j)
0.00013953948593826147	1.947126813591427e-08	7.748894859105349e-10	5.3303452201737535e-09	0.0	(5.3303452201737535e-09+0j)
0.000273133373004004	7.460183944854437e-08	2.9681359592359513e-09	2.8079808251929663e-08	0.0	(2.8079808251929663e-08+0j)
0.00047323625358382216	2.2395255170605162e-07	8.910774340620264e-09	1.0284334126886947e-07	0.0	(1.0284334126886947e-07+0j)
0.0007538597567461701	5.683045328413948e-07	2.2612027805735124e-08	2.990214123546368e-07	0.0	(2.990214123546368e-07+0j)
0.0011294114988857744	1.2755703338154115e-06	5.07528028492743e-08	7.41099687101082e-07	0.0	(7.41099687101082e-07+0j)
0.0016147685612493414	2.607477506399268e-06	1.0374602510410114e-07	1.6339549094202814e-06	0.0	(1.6339549094202814e-06+0j)
0.002225354573642715	4.95220297843255e-06	1.9703392695191724e-07	3.2946444252582496e-06	0.0	(3.2946444252582496e-06+0j)
0.0029772210332922053	8.863845081077507e-06	3.5265566111775115e-07	6.1919435240031136e-06	0.0	(6.1919435240031136e-06+0j)
0.003887133536989527	1.5109807134388712e-05	6.011259454652418e-07	1.099533742696792e-05	0.0	(1.099533742696792e-05+0j)
0.004972663662352951	2.472738389888546e-05	9.836726908574178e-07	1.8635819981741707e-05	0.0	(1.8635819981741707e-05+0j)
0.006252287301247293	3.909109649733816e-05	1.554888881205585e-06	3.038180535778246e-05	0.0	(3.038180535778246e-05+0j)
0.007745490326256713	5.999262039413633e-05	2.3858614497385133e-06	4.793487472083967e-05	0.0	(4.793487472083967e-05+0j)
0.009472882560933205	8.973550401323243e-05	3.5678471188571592e-06	7.35520953911781e-05	0.0	(7.35520953911781e-05+0j)
0.011456321127917031	0.00013124729378595815	5.216570998722858e-06	0.0001102041050808074	0.0	(0.0001102041050808074+0j)
0.013719044367779796	0.00018821217836511054	7.477227226493355e-06	0.0001617796088039608	0.0	(0.0001617796088039608+0j)
0.016285817657726173	0.0002652278567807056	1.0530259934748987e-05	0.00023334209556844827	0.0	(0.00023334209556844827+0j)
0.019183092615622097	0.00036799104229953504	1.4597994635989764e-05	0.0003314204939386959	0.0	(0.0003314204939386959+0j)
0.02243918135414162	0.000503516859844057	1.9952170610182396e-05	0.00046425811541287744	0.0	(0.00046425811541287744+0j)
0.02608444765559201	0.0006803984094973195	2.6922388362021765e-05	0.0006418920215938149	0.0	(0.0006418920215938149+0j)
0.030151517174235212	0.000909113987908201	3.590542484643855e-05	0.0008760491405031564	0.0	(0.0008760491405031564+0j)
0.03467550904442404	0.0012023909274899334	4.73752724255011e-05	0.0011801696762380428	0.0	(0.0011801696762380428+0j)
0.03969429158520362	0.001575636784451167	6.18936118008534e-05	0.001569905133175491	0.0	(0.001569905133175491+0j)
0.04524876515177241	0.002047450747760253	8.012021751747922e-05	0.0020639642848890778	0.0	(0.0020639642848890778+0j)
0.05138317559911824	0.0026402307346498196	0.00010282249717359637	0.002684965604445647	0.0	(0.002684965604445647+0j)
0.05814546230242274	0.003380894786362464	0.00013088296101837482	0.0034602187668535587	0.0	(0.0034602187668535587+0j)
0.06558764523333163	0.00430173920725337	0.00016530288849134905	0.004422556345248819	0.0	(0.004422556345248819+0j)
0.07376625623382203	0.005441460558753888	0.0002071997937511949	0.005611331426273506	0.0	(0.005611331426273506+0j)
0.08274282037550368	0.0068463743236928665	0.00025779550771272766	0.007073644370678284	0.0	(0.007073644370678284+0j)
0.09258439416006585	0.008571870041986436	0.0003183908480004112	0.008865830710008411	0.0	(0.008865830710008411+0j)
0.10336416832807228	0.010684151294154062	0.0003903220739550819	0.011055229189251153	0.0	(0.011055229189251153+0j)
0.11516214422460175	0.013262319462407973	0.0004748938704062294	0.013722248785646278	0.0	(0.013722248785646278+0j)
0.12806589405274613	0.016400873219529197	0.0005732838805408164	0.01696276866006589	0.0	(0.01696276866006589+0j)
0.14217141696755908	0.020212711802563548	0.0006864154156787693	0.020890938388305087	0.0	(0.020890938388305087+0j)
0.15758410486934307	0.024832750107472115	0.0008147986820277839	0.025642499107702763	0.0	(0.025642499107702763+0j)
0.17441983400144742	0.030422278493092474	0.0009583474959857915	0.03137881771365043	0.0	(0.03137881771365043+0j)
0.19280620111107946	0.037174231186886016	0.0011161885286387382	0.03829189456927051	0.0	(0.03829189456927051+0j)
0.212883926073651	0.045319565980531704	0.001286493222011762	0.04661062864328536	0.0	(0.04661062864328536+0j)
0.23480844661153963	0.055135006600124256	0.0014663764132817256	0.056608599573248285	0.0	(0.056608599573248285+0j)
0.25875173517890027	0.06695246045809174	0.0016519153747840797	0.06861363115713169	0.0	(0.06861363115713169+0j)
0.2849043733852332	0.08117050197403239	0.0018383404209065632	0.08301950415006777	0.0	(0.08301950415006777+0j)
0.3134779256766165	0.09826840988651428	0.002020424236871319	0.10030034420419957	0.0	(0.10030034420419957+0j)
0.34470766161339816	0.11882337197497701	0.002193046366038155	0.121028331030416	0.0	(0.121028331030416+0j)
0.3788556852603932	0.1435316302541221	0.002351838737612541	0.14589544812235394	0.0	(0.14589544812235394+0j)
0.4162145412936012	0.17323454438424285	0.002493753790964471	0.17574009872968602	0.0	(0.17574009872968602+0j)
0.4571113808679674	0.20895081451901992	0.0026173802683912353	0.21157964364529286	0.0	(0.21157964364529286+0j)
0.5019127866383676	0.2519164453910915	0.0027228971363458206	0.2546503227786247	0.0	(0.2546503227786247+0j)
0.5510303762797573	0.3036344755830109	0.002811693452302332	0.306456607658112	0.0	(0.306456607658112+0j)
0.6049273282968711	0.3659370725203905	0.0028858203389609902	0.368832750670496	0.0	(0.368832750670496+0j)
0.6641260039734804	0.44106334915378337	0.0029474882920435415	0.4440201006187934	0.0	(0.4440201006187934+0j)
0.7292168764216649	0.5317572528581697	0.0029987478289126247	0.5347646736314247	0.0	(0.5347646736314247+0j)
0.8008690236946738	0.64139119311366	0.003041362712570743	0.6444406555369175	0.0	(0.6444406555369175+0j)
0.8798425001969499	0.7741228251528197	0.0030768031577995234	0.7772071802885933	0.0	(0.7772071802885933+0j)
0.9670029722379032	0.9350947483169391	0.003106284183863864	0.9382080666008412	0.0	(0.9382080666008412+0j)
1.0633390935385967	1.1306900278474845	0.003130809643567342	1.1338273774551868	0.0	(1.1338273774551868+0j)
1.1699832100598067	1.3688607118218497	0.003151210267513267	1.3720179610083945	0.0	(1.3720179610083945+0j)
1.288236127587193	1.6595523204208464	0.0031681747358973814	1.662725961729565	0.0	(1.662725961729565+0j)
1.4195968592424206	2.015255242770945	0.003182274907297884	2.0184422614514466	0.0	(2.0184422614514466+0j)
1.5657985056984083	2.4517249604473683	0.003193986346730702	2.454922776880103	0.0	(2.454922776880103+0j)
1.7288517247497297	2.988928286170115	0.003203705074477411	2.9921347699254617	0.0	(2.9921347699254617+0j)
1.91109764116945	3.652294194083436	0.003211761267580834	3.6555076959996415	0.0	(3.6555076959996415+0j)
2.1152725626084434	4.474378014124091	0.003218430496776265	4.477597341943691	0.0	(4.477597341943691+0j)
2.3445875439884927	5.497090751425992	0.0032239429644159994	5.500315052391917	0.0	(5.500315052391917+0j)
2.6028267385229356	6.7747070307699415	0.0032284911164983192	6.777935623851767	0.0	(6.777935623851767+0j)
2.8944696677688655	8.377954657634007	0.0032322359287444242	8.3811869121858	0.0	(8.3811869121858+0j)
3.2248441478806384	10.399619778120002	0.0032353121085635815	10.402855092117925	0.0	(10.402855092117925+0j)
3.600318783282686	12.96229534125812	0.0032378324084572467	12.965533173754242	0.0	(12.965533173754242+0j)
4.028546909817661	16.229190204601423	0.00323989120941989	16.2324300958123	0.0	(16.2324300958123+0j)
4.518777966401644	20.41935430963698	0.00324156750324144	20.422595877140324	0.0	(20.422595877140324+0j)
5.082257979341708	25.829346168582465	0.003242927378777923	25.832589095961218	0.0	(25.832589095961218+0j)
5.732748870404016	32.864409611118525	0.0032440260980387565	32.86765363721662	0.0	(32.86765363721662+0j)
6.487207718221543	42.08386397935316	0.0032449098324036085	42.087108889185416	0.0	(42.087108889185416+0j)
7.3666835374462405	54.268026340881455	0.0032456171166899183	54.271271957998124	0.0	(54.271271957998124+0j)
8.397513093736283	70.51822615947232	0.003246180068560242	70.52147233954129	0.0	(70.52147233954129+0j)
9.612932658213833	92.40847429135407	0.003246625412423729	92.41172091676653	0.0	(92.41172091676653+0j)
11.055275640264293	122.21911948222107	0.0032469753401802165	122.2223664575618	0.0	(122.2223664575618+0j)
12.779006775781696	163.3030141754745	0.003247248235585294	163.30626142371062	0.0	(163.30626142371062+0j)
14.8549685513286	220.67009066096173	0.0032474592844455373	220.67333812024626	0.0	(220.67333812024626+0j)
17.376412657356248	301.9397168387304	0.00324762098909694	301.94296445971924	0.0	(301.94296445971924+0j)
20.467706340503966	418.92700284110623	0.003247743602525086	418.9302505847097	0.0	(418.9302505847097+0j)
24.297124814042526	590.3502742291611	0.003247835494930949	590.3535220646567	0.0	(590.3535220646567+0j)
29.096018661790005	846.5783019672323	0.0032479034634329655	846.5815498706958	0.0	(846.5815498706958+0j)
35.188162757133824	1238.2067982225399	0.003247952993844336	1238.2100461755338	0.0	(1238.2100461755338+0j)
43.03579493261443	1852.0796454820418	0.0032479884820097236	1852.0828934705237	0.0	(1852.0828934705237+0j)
53.313822169821755	2842.3636343553776	0.003248013420974836	2842.3668823687985	0.0	(2842.3668823687985+0j)
67.03315485761341	4493.44385016478	0.0032480305592528457	4493.447098195339	0.0	(4493.447098195339+0j)
85.7529925744434	7353.575735472545	0.0032480420346080673	7353.57898351458	0.0	(7353.57898351458+0j)
111.96123149940722	12535.317358863855	0.003248049487070888	12535.320606913341	0.0	(12535.320606913341+0j)
149.78886388774166	22436.703744780396	0.003248054154305029	22436.70699283455	0.0	(22436.70699283455+0j)
206.42793111814956	42612.4907457195	0.0032480569519492118	42612.49399377645	0.0	(42612.49399377645+0j)
295.1389583532525	87107.00473784293	0.0032480585411341282	87107.00798590147	0.0	(87107.00798590147+0j)
442.1688919595258	195513.3290167148	0.003248059385018872	195513.3322647742	0.0	(195513.3322647742+0j)
704.3698169973163	496136.8390968329	0.0032480597958875765	496136.8423448927	0.0	(496136.8423448927+0j)
1220.4049972628086	1489388.3573440358	0.003248059974087607	1489388.3605920956	0.0	(1489388.3605920956+0j)
2388.810099822299	5706413.693013022	0.003248060039867471	5706413.696261082	0.0	(5706413.696261082+0j)
5671.973593979537	32171284.45080115	0.003248060058979029	32171284.454049207	0.0	(32171284.454049207+0j)
19166.09318222921	367339127.8698931	0.003248060062739002	367339127.8731411	0.0	(367339127.8731411+0j)
153440.0779777444	23543857529.81628	0.0032480600630942743	23543857529.819527	0.0	(23543857529.819527+0j)
