-1.0	-1.0	-0.0847744054205312	-1.0869246827627932	0.0	(-1.0869246827627932+0j)
-0.9801	-0.96059601	-0.08192804269758741	-1.0442425591669897	0.0	(-1.0442425591669897+0j)
-0.9603999999999999	-0.9223681599999999	-0.07913217220027184	-1.0029536097428007	0.0	(-1.0029536097428007+0j)
-0.9409	-0.8852928099999999	-0.07638771049681643	-0.9629360930120422	0.0	(-0.9629360930120422+0j)
-0.9216	-0.84934656	-0.07369549223343437	-0.9241380898991957	0.0	(-0.9241380898991957+0j)
-0.9025000000000001	-0.8145062500000001	-0.07105627032903898	-0.8865241894085975	0.0	(-0.8865241894085975+0j)
-0.8836000000000002	-0.7807489600000003	-0.06847071637772838	-0.8500650994413242	0.0	(-0.8500650994413242+0j)
-0.8649000000000001	-0.7480520100000002	-0.06593942125036084	-0.8147344095239535	0.0	(-0.8147344095239535+0j)
-0.8464	-0.7163929600000001	-0.06346289588608126	-0.7805073004880969	0.0	(-0.7805073004880969+0j)
-0.8281000000000001	-0.6857496100000001	-0.06104157226425058	-0.7473599435874078	0.0	(-0.7473599435874078+0j)
-0.81	-0.6561000000000001	-0.058675804546890475	-0.7152691888848467	0.0	(-0.7152691888848467+0j)
-0.7921	-0.6274224100000001	-0.05636587038150176	-0.6842123905052234	0.0	(-0.6842123905052234+0j)
-0.7744	-0.59969536	-0.05411197235389506	-0.6541673027531552	0.0	(-0.6541673027531552+0j)
-0.7569	-0.5728976100000001	-0.0519142395805515	-0.6251120155963954	0.0	(-0.6251120155963954+0j)
-0.7395999999999999	-0.5470081599999999	-0.04977272942993355	-0.597024913283833	0.0	(-0.597024913283833+0j)
-0.7224999999999999	-0.5220062499999999	-0.04768742936215875	-0.5698846471994758	0.0	(-0.5698846471994758+0j)
-0.7055999999999999	-0.4978713599999999	-0.04565825887646813	-0.5436701178161099	0.0	(-0.5436701178161099+0j)
-0.6889000000000001	-0.4745832100000001	-0.04368507155601109	-0.5183604626520967	0.0	(-0.5183604626520967+0j)
-0.6724000000000001	-0.45212176000000015	-0.041767657199588415	-0.4939350482945601	0.0	(-0.4939350482945601+0j)
-0.6561000000000001	-0.43046721000000016	-0.03990574403017255	-0.4703734652379686	0.0	(-0.4703734652379686+0j)
-0.6400000000000001	-0.4096000000000002	-0.03809900097023061	-0.4476555247078194	0.0	(-0.4476555247078194+0j)
-0.6241000000000001	-0.38950081000000014	-0.03634703997412003	-0.42576125690479877	0.0	(-0.42576125690479877+0j)
-0.6084	-0.3701505600000001	-0.03464941840811364	-0.4046709102777269	0.0	(-0.4046709102777269+0j)
-0.5929	-0.35153040999999996	-0.03300564146890561	-0.3843649515487015	0.0	(-0.3843649515487015+0j)
-0.5776	-0.33362176	-0.03141516463179117	-0.3648240662925324	0.0	(-0.3648240662925324+0j)
-0.5625	-0.31640625	-0.029877396120066013	-0.34602915992754585	0.0	(-0.34602915992754585+0j)
-0.5476	-0.29986576	-0.028391699387556313	-0.32796135901408774	0.0	(-0.32796135901408774+0j)
-0.5328999999999999	-0.2839824099999999	-0.02695739560658439	-0.3106020127860225	0.0	(-0.3106020127860225+0j)
-0.5184	-0.26873855999999996	-0.02557376615407614	-0.29393269486216994	0.0	(-0.29393269486216994+0j)
-0.5041	-0.25411680999999997	-0.024240055088913803	-0.27793520510140557	0.0	(-0.27793520510140557+0j)
-0.4900000000000001	-0.2401000000000001	-0.022955471614066747	-0.26259157157843643	0.0	(-0.26259157157843643+0j)
-0.4761000000000001	-0.22667121000000007	-0.02171919251743426	-0.2478840526676337	0.0	(-0.2478840526676337+0j)
-0.4624000000000001	-0.21381376000000007	-0.02053036458577795	-0.23379513923061193	0.0	(-0.23379513923061193+0j)
-0.4489000000000001	-0.20151121000000008	-0.01938810698651372	-0.22030755690908366	0.0	(-0.22030755690908366+0j)
-0.43560000000000004	-0.18974736000000003	-0.018291513612564425	-0.20740426852809074	0.0	(-0.20740426852809074+0j)
-0.42250000000000004	-0.17850625000000003	-0.017239655385887787	-0.1950684766152046	0.0	(-0.1950684766152046+0j)
-0.4096	-0.16777216	-0.016231582515682796	-0.18328362603798343	0.0	(-0.18328362603798343+0j)
-0.39690000000000003	-0.15752961000000001	-0.015266326707688016	-0.17203340675384465	0.0	(-0.17203340675384465+0j)
-0.3844	-0.14776336	-0.014342903321367118	-0.16130175665202753	0.0	(-0.16130175665202753+0j)
-0.3721	-0.13845840999999998	-0.013460313472141161	-0.1510728644450731	0.0	(-0.1510728644450731+0j)
-0.36	-0.1296	-0.01261754607621568	-0.14133117253564695	0.0	(-0.14133117253564695+0j)
-0.34809999999999997	-0.12117360999999997	-0.011813579835855403	-0.13206137974242352	0.0	(-0.13206137974242352+0j)
-0.3364	-0.11316495999999998	-0.0110473851633619	-0.1232484437160071	0.0	(-0.1232484437160071+0j)
-0.3249000000000001	-0.10556001000000005	-0.010317926042258119	-0.11487758281403634	0.0	(-0.11487758281403634+0j)
-0.31360000000000005	-0.09834496000000002	-0.009624161824532962	-0.1069342771383387	0.0	(-0.1069342771383387+0j)
-0.30250000000000005	-0.09150625000000003	-0.0089650489631099	-0.09940426837520114	0.0	(-0.09940426837520114+0j)
-0.2916	-0.08503056000000002	-0.008339542678895695	-0.09227355803622907	0.0	(-0.09227355803622907+0j)
-0.28090000000000004	-0.07890481000000002	-0.007746598562144991	-0.0855284036916574	0.0	(-0.0855284036916574+0j)
-0.27040000000000003	-0.07311616000000001	-0.007185174108002013	-0.07915531284312267	0.0	(-0.07915531284312267+0j)
-0.2601	-0.06765201	-0.006654230186387	-0.07314103422142196	0.0	(-0.07314103422142196+0j)
-0.25	-0.0625	-0.006152732446607079	-0.06747254653080757	0.0	(-0.06747254653080757+0j)
-0.24009999999999998	-0.05764800999999999	-0.005679652657171186	-0.06213704499093273	0.0	(-0.06213704499093273+0j)
-0.2304	-0.05308416	-0.0052339699816328356	-0.057121926419531316	0.0	(-0.057121926419531316+0j)
-0.22090000000000004	-0.04879681000000002	-0.004814672191302272	-0.052414773990314786	0.0	(-0.052414773990314786+0j)
-0.2116	-0.044774560000000005	-0.004420756815886051	-0.04800334310432871	0.0	(-0.04800334310432871+0j)
-0.2025	-0.04100625000000001	-0.004051232233275304	-0.043875549936707656	0.0	(-0.043875549936707656+0j)
-0.1936	-0.03748096	-0.0037051186997594243	-0.0400194640973081	0.0	(-0.0400194640973081+0j)
-0.18489999999999998	-0.03418800999999999	-0.003381449322117369	-0.0364233064595929	0.0	(-0.0364233064595929+0j)
-0.17639999999999997	-0.031116959999999992	-0.0030792709730853574	-0.03307545262268908	0.0	(-0.03307545262268908+0j)
-0.16810000000000003	-0.02825761000000001	-0.0027976451518396672	-0.029964441790319006	0.0	(-0.029964441790319006+0j)
-0.16000000000000003	-0.02560000000000001	-0.0025356487911309955	-0.027078990217433988	0.0	(-0.027078990217433988+0j)
-0.1521	-0.023134410000000005	-0.0022923750128800435	-0.024408007913359574	0.0	(-0.024408007913359574+0j)
-0.1444	-0.02085136	-0.002066933833937412	-0.021940617070396694	0.0	(-0.021940617070396694+0j)
-0.1369	-0.01874161	-0.0018584528239440345	-0.019666170714358392	0.0	(-0.019666170714358392+0j)
-0.1296	-0.016796159999999997	-0.001666077717095149	-0.017574270298795804	0.0	(-0.017574270298795804+0j)
-0.12250000000000003	-0.015006250000000006	-0.0014889729797218365	-0.015654781307227316	0.0	(-0.015654781307227316+0j)
-0.11560000000000002	-0.013363360000000005	-0.0013263223356307918	-0.013897846304178308	0.0	(-0.013897846304178308+0j)
-0.10890000000000001	-0.011859210000000002	-0.0011773292510319777	-0.012293895220668743	0.0	(-0.012293895220668743+0j)
-0.1024	-0.01048576	-0.0010412173810436798	-0.010833652932974325	0.0	(-0.010833652932974325+0j)
-0.0961	-0.00923521	-0.0009172309797023104	-0.009508144380869143	0.0	(-0.009508144380869143+0j)
-0.09	-0.0081	-0.0008046352752799635	-0.008308697577929864	0.0	(-0.008308697577929864+0j)
-0.0841	-0.007072809999999999	-0.0007027168128459493	-0.007226944906766745	0.0	(-0.007226944906766745+0j)
-0.07840000000000001	-0.006146560000000001	-0.0006107837659996562	-0.006254823084861979	0.0	(-0.006254823084861979+0j)
-0.0729	-0.005314410000000001	-0.0005281662193290515	-0.005384572151044028	0.0	(-0.005384572151044028+0j)
-0.06760000000000001	-0.004569760000000001	-0.00045421642376197724	-0.004608733771125521	0.0	(-0.004608733771125521+0j)
-0.0625	-0.00390625	-0.0003883090262846167	-0.003920149106041501	0.0	(-0.003920149106041501+0j)
-0.0576	-0.00331776	-0.0003298412757146707	-0.003311956433151606	0.0	(-0.003311956433151606+0j)
-0.0529	-0.0027984100000000003	-0.00027823320664310813	-0.002777588662827407	0.0	(-0.002777588662827407+0j)
-0.0484	-0.00234256	-0.00023292780205963481	-0.002310770855422568	0.0	(-0.002310770855422568+0j)
-0.04409999999999999	-0.0019448099999999995	-0.0001933911381257758	-0.001905517807939758	0.0	(-0.001905517807939758+0j)
-0.04000000000000001	-0.0016000000000000007	-0.00015911251026068385	-0.001556131758652627	0.0	(-0.001556131758652627+0j)
-0.0361	-0.00130321	-0.00012960454398580623	-0.0012572002364952357	0.0	(-0.0012572002364952357+0j)
-0.0324	-0.0010497599999999998	-0.0001044032909192083	-0.0010035940692281456	0.0	(-0.0010035940692281456+0j)
-0.028900000000000006	-0.0008352100000000003	-8.306831134063941e-05	-0.0007904655547681646	0.0	(-0.0007904655547681646+0j)
-0.0256	-0.00065536	-6.518274474842656e-05	-0.000613246793806879	0.0	(-0.000613246793806879+0j)
-0.0225	-0.00050625	-5.0353370113498386e-05	-0.0004676481756852257	0.0	(-0.0004676481756852257+0j)
-0.019600000000000003	-0.0003841600000000001	-3.821065547526814e-05	-0.00034965701009464644	0.0	(-0.00034965701009464644+0j)
-0.016900000000000002	-0.00028561000000000005	-2.840879972154653e-05	-0.0002555362947937079	0.0	(-0.0002555362947937079+0j)
-0.0144	-0.00020736	-2.062576811567851e-05	-0.00018182360310340162	0.0	(-0.00018182360310340162+0j)
-0.0121	-0.00014641	-1.4563316881321953e-05	-0.00012533009007695305	0.0	(-0.00012533009007695305+0j)
-0.010000000000000002	-0.00010000000000000005	-9.947017360900645e-06	-8.313960421719957e-05	0.0	(-8.313960421719957e-05+0j)
-0.0081	-6.560999999999999e-05	-6.526277047669282e-06	-5.260787861874636e-05	0.0	(-5.260787861874636e-05+0j)
-0.0064	-4.096e-05	-4.074340722581837e-06	-3.136183172162646e-05	0.0	(-3.136183172162646e-05+0j)
-0.004900000000000001	-2.4010000000000006e-05	-2.3883103494881652e-06	-1.729894253694121e-05	0.0	(-1.729894253694121e-05+0j)
-0.0036	-1.296e-05	-1.2891541700810194e-06	-8.58668582520389e-06	0.0	(-8.58668582520389e-06+0j)
-0.0025000000000000005	-6.250000000000003e-06	-6.216941983439028e-07	-3.6621162430577742e-06	0.0	(-3.6621162430577742e-06+0j)
-0.0016	-2.56e-06	-2.546585164964199e-07	-1.23143094592447e-06	0.0	(-1.23143094592447e-06+0j)
-0.0009	-8.1e-07	-8.061761036515236e-08	-2.694425297049441e-07	0.0	(-2.694425297049441e-07+0j)
-0.0004	-1.6e-07	-1.57160684466362e-08	-3.063006399710186e-08	0.0	(-3.063006399710186e-08+0j)
-0.0001	-1e-08	-9.313225746154785e-09	-1.6046192152785466e-17	-0.06257538683221188	(-1.6046192152785466e-17-0.06257538683221188j)
0.0001	1e-08	9.313225746154785e-09	-1.6046192152785466e-17	0.06257538683221188	(-1.6046192152785466e-17+0.06257538683221188j)
0.0004	1.6e-07	1.57160684466362e-08	3.063006399673253e-08	0.0	(3.063006399673253e-08+0j)
0.0009	8.1e-07	8.061761036515236e-08	2.6944252970477596e-07	0.0	(2.6944252970477596e-07+0j)
0.0016	2.56e-06	2.546585164964199e-07	1.231430945943352e-06	0.0	(1.231430945943352e-06+0j)
0.0025000000000000005	6.250000000000003e-06	6.216941983439028e-07	3.6621162430641176e-06	0.0	(3.6621162430641176e-06+0j)
0.0036	1.296e-05	1.2891541700810194e-06	8.586685825212927e-06	0.0	(8.586685825212927e-06+0j)
0.004900000000000001	2.4010000000000006e-05	2.3883103494881652e-06	1.729894253693822e-05	0.0	(1.729894253693822e-05+0j)
0.0064	4.096e-05	4.074340722581837e-06	3.136183172164593e-05	0.0	(3.136183172164593e-05+0j)
0.0081	6.560999999999999e-05	6.526277047669282e-06	5.2607878618748184e-05	0.0	(5.2607878618748184e-05+0j)
0.010000000000000002	0.00010000000000000005	9.947017360900645e-06	8.313960421718868e-05	0.0	(8.313960421718868e-05+0j)
0.0121	0.00014641	1.4563316881321953e-05	0.00012533009007694693	0.0	(0.00012533009007694693+0j)
0.0144	0.00020736	2.062576811567851e-05	0.0001818236031034064	0.0	(0.0001818236031034064+0j)
0.016900000000000002	0.00028561000000000005	2.840879972154653e-05	0.0002555362947937137	0.0	(0.0002555362947937137+0j)
0.019600000000000003	0.0003841600000000001	3.821065547526814e-05	0.0003496570100946352	0.0	(0.0003496570100946352+0j)
0.0225	0.00050625	5.0353370113498386e-05	0.00046764817568521955	0.0	(0.00046764817568521955+0j)
0.0256	0.00065536	6.518274474842656e-05	0.0006132467938068858	0.0	(0.0006132467938068858+0j)
0.028900000000000006	0.0008352100000000003	8.306831134063941e-05	0.0007904655547681642	0.0	(0.0007904655547681642+0j)
0.0324	0.0010497599999999998	0.0001044032909192083	0.0010035940692281538	0.0	(0.0010035940692281538+0j)
0.0361	0.00130321	0.00012960454398580623	0.0012572002364952396	0.0	(0.0012572002364952396+0j)
0.04000000000000001	0.0016000000000000007	0.00015911251026068385	0.0015561317586526193	0.0	(0.0015561317586526193+0j)
0.04409999999999999	0.0019448099999999995	0.0001933911381257758	0.0019055178079397603	0.0	(0.0019055178079397603+0j)
0.0484	0.00234256	0.00023292780205963481	0.0023107708554225455	0.0	(0.0023107708554225455+0j)
0.0529	0.0027984100000000003	0.00027823320664310813	0.0027775886628274185	0.0	(0.0027775886628274185+0j)
0.0576	0.00331776	0.0003298412757146707	0.0033119564331516157	0.0	(0.0033119564331516157+0j)
0.0625	0.00390625	0.0003883090262846167	0.003920149106041495	0.0	(0.003920149106041495+0j)
0.06760000000000001	0.004569760000000001	0.00045421642376197724	0.004608733771125526	0.0	(0.004608733771125526+0j)
0.0729	0.005314410000000001	0.0005281662193290515	0.005384572151044017	0.0	(0.005384572151044017+0j)
0.07840000000000001	0.006146560000000001	0.0006107837659996562	0.006254823084861949	0.0	(0.006254823084861949+0j)
0.0841	0.007072809999999999	0.0007027168128459493	0.007226944906766711	0.0	(0.007226944906766711+0j)
0.09	0.0081	0.0008046352752799635	0.008308697577929887	0.0	(0.008308697577929887+0j)
0.0961	0.00923521	0.0009172309797023104	0.00950814438086911	0.0	(0.00950814438086911+0j)
0.1024	0.01048576	0.0010412173810436798	0.010833652932974329	0.0	(0.010833652932974329+0j)
0.10890000000000001	0.011859210000000002	0.0011773292510319777	0.012293895220668793	0.0	(0.012293895220668793+0j)
0.11560000000000002	0.013363360000000005	0.0013263223356307918	0.013897846304178296	0.0	(0.013897846304178296+0j)
0.12250000000000003	0.015006250000000006	0.0014889729797218365	0.015654781307227316	0.0	(0.015654781307227316+0j)
0.1296	0.016796159999999997	0.001666077717095149	0.017574270298795925	0.0	(0.017574270298795925+0j)
0.1369	0.01874161	0.0018584528239440345	0.01966617071435828	0.0	(0.01966617071435828+0j)
0.1444	0.02085136	0.002066933833937412	0.021940617070396563	0.0	(0.021940617070396563+0j)
0.1521	0.023134410000000005	0.0022923750128800435	0.024408007913359665	0.0	(0.024408007913359665+0j)
0.16000000000000003	0.02560000000000001	0.0025356487911309955	0.027078990217433936	0.0	(0.027078990217433936+0j)
0.16810000000000003	0.02825761000000001	0.0027976451518396672	0.02996444179031908	0.0	(0.02996444179031908+0j)
0.17639999999999997	0.031116959999999992	0.0030792709730853574	0.03307545262268904	0.0	(0.03307545262268904+0j)
0.18489999999999998	0.03418800999999999	0.003381449322117369	0.03642330645959306	0.0	(0.03642330645959306+0j)
0.1936	0.03748096	0.0037051186997594243	0.0400194640973081	0.0	(0.0400194640973081+0j)
0.2025	0.04100625000000001	0.004051232233275304	0.04387554993670812	0.0	(0.04387554993670812+0j)
0.2116	0.044774560000000005	0.004420756815886051	0.04800334310432826	0.0	(0.04800334310432826+0j)
0.22090000000000004	0.04879681000000002	0.004814672191302272	0.052414773990315126	0.0	(0.052414773990315126+0j)
0.2304	0.05308416	0.0052339699816328356	0.057121926419531205	0.0	(0.057121926419531205+0j)
0.24009999999999998	0.05764800999999999	0.005679652657171186	0.06213704499093271	0.0	(0.06213704499093271+0j)
0.25	0.0625	0.006152732446607079	0.0674725465308073	0.0	(0.0674725465308073+0j)
0.2601	0.06765201	0.006654230186387	0.07314103422142212	0.0	(0.07314103422142212+0j)
0.27040000000000003	0.07311616000000001	0.007185174108002013	0.07915531284312272	0.0	(0.07915531284312272+0j)
0.28090000000000004	0.07890481000000002	0.007746598562144991	0.08552840369165783	0.0	(0.08552840369165783+0j)
0.2916	0.08503056000000002	0.008339542678895695	0.09227355803622853	0.0	(0.09227355803622853+0j)
0.30250000000000005	0.09150625000000003	0.0089650489631099	0.09940426837520158	0.0	(0.09940426837520158+0j)
0.31360000000000005	0.09834496000000002	0.009624161824532962	0.10693427713833857	0.0	(0.10693427713833857+0j)
0.3249000000000001	0.10556001000000005	0.010317926042258119	0.11487758281403705	0.0	(0.11487758281403705+0j)
0.3364	0.11316495999999998	0.0110473851633619	0.12324844371600807	0.0	(0.12324844371600807+0j)
0.34809999999999997	0.12117360999999997	0.011813579835855403	0.13206137974242316	0.0	(0.13206137974242316+0j)
0.36	0.1296	0.01261754607621568	0.1413311725356467	0.0	(0.1413311725356467+0j)
0.3721	0.13845840999999998	0.013460313472141161	0.151072864445073	0.0	(0.151072864445073+0j)
0.3844	0.14776336	0.014342903321367118	0.16130175665202712	0.0	(0.16130175665202712+0j)
0.39690000000000003	0.15752961000000001	0.015266326707688016	0.17203340675384451	0.0	(0.17203340675384451+0j)
0.4096	0.16777216	0.016231582515682796	0.18328362603798296	0.0	(0.18328362603798296+0j)
0.42250000000000004	0.17850625000000003	0.017239655385887787	0.1950684766152041	0.0	(0.1950684766152041+0j)
0.43560000000000004	0.18974736000000003	0.018291513612564425	0.20740426852809135	0.0	(0.20740426852809135+0j)
0.4489000000000001	0.20151121000000008	0.01938810698651372	0.22030755690908296	0.0	(0.22030755690908296+0j)
0.4624000000000001	0.21381376000000007	0.02053036458577795	0.233795139230611	0.0	(0.233795139230611+0j)
0.4761000000000001	0.22667121000000007	0.02171919251743426	0.24788405266763477	0.0	(0.24788405266763477+0j)
0.4900000000000001	0.2401000000000001	0.022955471614066747	0.262591571578437	0.0	(0.262591571578437+0j)
0.5041	0.25411680999999997	0.024240055088913803	0.2779352051014059	0.0	(0.2779352051014059+0j)
0.5184	0.26873855999999996	0.02557376615407614	0.2939326948621698	0.0	(0.2939326948621698+0j)
0.5328999999999999	0.2839824099999999	0.02695739560658439	0.3106020127860237	0.0	(0.3106020127860237+0j)
0.5476	0.29986576	0.028391699387556313	0.3279613590140869	0.0	(0.3279613590140869+0j)
0.5625	0.31640625	0.029877396120066013	0.3460291599275465	0.0	(0.3460291599275465+0j)
0.5776	0.33362176	0.03141516463179117	0.364824066292534	0.0	(0.364824066292534+0j)
0.5929	0.35153040999999996	0.03300564146890561	0.3843649515487011	0.0	(0.3843649515487011+0j)
0.6084	0.3701505600000001	0.03464941840811364	0.4046709102777263	0.0	(0.4046709102777263+0j)
0.6241000000000001	0.38950081000000014	0.03634703997412003	0.42576125690479943	0.0	(0.42576125690479943+0j)
0.6400000000000001	0.4096000000000002	0.03809900097023061	0.4476555247078202	0.0	(0.4476555247078202+0j)
0.6561000000000001	0.43046721000000016	0.03990574403017255	0.47037346523796897	0.0	(0.47037346523796897+0j)
0.6724000000000001	0.45212176000000015	0.041767657199588415	0.4939350482945577	0.0	(0.4939350482945577+0j)
0.6889000000000001	0.4745832100000001	0.04368507155601109	0.5183604626520987	0.0	(0.5183604626520987+0j)
0.7055999999999999	0.4978713599999999	0.04565825887646813	0.5436701178161082	0.0	(0.5436701178161082+0j)
0.7224999999999999	0.5220062499999999	0.04768742936215875	0.5698846471994777	0.0	(0.5698846471994777+0j)
0.7395999999999999	0.5470081599999999	0.04977272942993355	0.5970249132838313	0.0	(0.5970249132838313+0j)
0.7569	0.5728976100000001	0.0519142395805515	0.6251120155963952	0.0	(0.6251120155963952+0j)
0.7744	0.59969536	0.05411197235389506	0.6541673027531525	0.0	(0.6541673027531525+0j)
0.7921	0.6274224100000001	0.05636587038150176	0.6842123905052214	0.0	(0.6842123905052214+0j)
0.81	0.6561000000000001	0.058675804546890475	0.7152691888848501	0.0	(0.7152691888848501+0j)
0.8281000000000001	0.6857496100000001	0.06104157226425058	0.7473599435874091	0.0	(0.7473599435874091+0j)
0.8464	0.7163929600000001	0.06346289588608126	0.7805073004880944	0.0	(0.7805073004880944+0j)
0.8649000000000001	0.7480520100000002	0.06593942125036084	0.8147344095239567	0.0	(0.8147344095239567+0j)
0.8836000000000002	0.7807489600000003	0.06847071637772838	0.8500650994413264	0.0	(0.8500650994413264+0j)
0.9025000000000001	0.8145062500000001	0.07105627032903898	0.8865241894085959	0.0	(0.8865241894085959+0j)
0.9216	0.84934656	0.07369549223343437	0.9241380898992001	0.0	(0.9241380898992001+0j)
0.9409	0.8852928099999999	0.07638771049681643	0.9629360930120439	0.0	(0.9629360930120439+0j)
0.9603999999999999	0.9223681599999999	0.07913217220027184	1.0029536097427985	0.0	(1.0029536097427985+0j)
0.9801	0.96059601	0.08192804269758741	1.0442425591669906	0.0	(1.0442425591669906+0j)
1.0	1.0	0.0847744054205312	1.0869246827627943	0.0	(1.0869246827627943+0j)
