-1.0	-1.0	-0.01695488108410624	-1.0170807722642814	0.0	(-1.0170807722642814+0j)
-0.9933444444444445	-0.9867331853086421	-0.01676401350986613	-1.0036009938811907	0.0	(-1.0036009938811907+0j)
-0.9867111111111112	-0.9735988167901236	-0.016574253529580626	-0.9902648224683436	0.0	(-0.9902648224683436+0j)
-0.9801000000000002	-0.9605960100000004	-0.01638560853951751	-0.9770649489489114	0.0	(-0.9770649489489114+0j)
-0.9735111111111112	-0.9477238834567904	-0.016198085733776693	-0.9639987651675213	0.0	(-0.9639987651675213+0j)
-0.9669444444444446	-0.9349815586419756	-0.016011692104152056	-0.951064677865524	0.0	(-0.951064677865524+0j)
-0.9604000000000001	-0.9223681600000003	-0.015826434440054382	-0.9382614473379394	0.0	(-0.9382614473379394+0j)
-0.9538777777777778	-0.9098828149382717	-0.015642319328495177	-0.9255879910485633	0.0	(-0.9255879910485633+0j)
-0.9473777777777779	-0.8975246538271606	-0.015459353154130412	-0.9130433080192237	0.0	(-0.9130433080192237+0j)
-0.9409000000000002	-0.8852928100000004	-0.0152775420993633	-0.9006264445419073	0.0	(-0.9006264445419073+0j)
-0.9344444444444444	-0.8731864197530863	-0.01509689214450606	-0.8883364767523453	0.0	(-0.8883364767523453+0j)
-0.9280111111111112	-0.8612046223456792	-0.014917409067998988	-0.8761725009927884	0.0	(-0.8761725009927884+0j)
-0.9216000000000002	-0.8493465600000004	-0.01473909844668686	-0.8641336281227464	0.0	(-0.8641336281227464+0j)
-0.9152111111111113	-0.837611377901235	-0.014561965656151657	-0.852218979980845	0.0	(-0.852218979980845+0j)
-0.9088444444444445	-0.8259982241975309	-0.014386015871100347	-0.8404276870887775	0.0	(-0.8404276870887775+0j)
-0.9025000000000001	-0.8145062500000001	-0.014211254065807796	-0.8287588871075996	0.0	(-0.8287588871075996+0j)
-0.896177777777778	-0.8031346093827164	-0.014037685014613235	-0.8172117237681603	0.0	(-0.8172117237681603+0j)
-0.8898777777777778	-0.7918824593827161	-0.013865313292469664	-0.8057853461109095	0.0	(-0.8057853461109095+0j)
-0.8836000000000002	-0.7807489600000003	-0.013694143275545675	-0.7944789079332835	0.0	(-0.7944789079332835+0j)
-0.8773444444444446	-0.7697332741975311	-0.013524179141878201	-0.7832915673802406	0.0	(-0.7832915673802406+0j)
-0.8711111111111112	-0.7588345679012347	-0.013355424872075916	-0.7722224866355314	0.0	(-0.7722224866355314+0j)
-0.8649000000000001	-0.7480520100000002	-0.013187884250072168	-0.761270831685469	0.0	(-0.761270831685469+0j)
-0.8587111111111113	-0.7373847723456793	-0.013021560863926085	-0.7504357721356122	0.0	(-0.7504357721356122+0j)
-0.8525444444444444	-0.7268320297530864	-0.01285645810667227	-0.7397164810669049	0.0	(-0.7397164810669049+0j)
-0.8464	-0.7163929600000001	-0.012692579177216251	-0.7291121349214659	0.0	(-0.7291121349214659+0j)
-0.8402777777777779	-0.7060667438271607	-0.012529927081276593	-0.7186219134110807	0.0	(-0.7186219134110807+0j)
-0.834177777777778	-0.695852564938272	-0.012368504632371602	-0.7082449994432468	0.0	(-0.7082449994432468+0j)
-0.8281000000000001	-0.6857496100000001	-0.012208314452850116	-0.697980579060946	0.0	(-0.697980579060946+0j)
-0.8220444444444446	-0.6757570686419755	-0.012049358974965396	-0.6878278413931785	0.0	(-0.6878278413931785+0j)
-0.8160111111111112	-0.6658741334567904	-0.011891640441991008	-0.6777859786142469	0.0	(-0.6777859786142469+0j)
-0.81	-0.6561000000000001	-0.011735160909378095	-0.6678541859098515	0.0	(-0.6678541859098515+0j)
-0.8040111111111112	-0.6464338667901236	-0.011579922245952723	-0.6580316614489179	0.0	(-0.6580316614489179+0j)
-0.7980444444444446	-0.6368749353086421	-0.011425926135152198	-0.6483176063599475	0.0	(-0.6483176063599475+0j)
-0.7921	-0.6274224100000001	-0.011273174076300352	-0.6387112247111913	0.0	(-0.6387112247111913+0j)
-0.7861777777777779	-0.6180754982716051	-0.011121667385919465	-0.629211723493938	0.0	(-0.629211723493938+0j)
-0.780277777777778	-0.6088334104938274	-0.010971407199078909	-0.6198183126083799	0.0	(-0.6198183126083799+0j)
-0.7744	-0.59969536	-0.010822394470779012	-0.6105302048517108	0.0	(-0.6105302048517108+0j)
-0.7685444444444445	-0.5906605630864198	-0.010674629977369565	-0.6013466159080282	0.0	(-0.6013466159080282+0j)
-0.7627111111111112	-0.5817282390123458	-0.010528114318001242	-0.5922667643398061	0.0	(-0.5922667643398061+0j)
-0.7569000000000002	-0.5728976100000004	-0.0103828479161103	-0.5832898715807029	0.0	(-0.5832898715807029+0j)
-0.7511111111111112	-0.564167901234568	-0.010238831020933925	-0.5744151619294757	0.0	(-0.5744151619294757+0j)
-0.7453444444444446	-0.5555383408641977	-0.010096063709056802	-0.5656418625449112	0.0	(-0.5656418625449112+0j)
-0.7396000000000001	-0.5470081600000002	-0.009954545885986738	-0.5569692034415432	0.0	(-0.5569692034415432+0j)
-0.7338777777777779	-0.5385765927160495	-0.009814277287759215	-0.5483964174861324	0.0	(-0.5483964174861324+0j)
-0.7281777777777779	-0.5302428760493829	-0.009675257482569588	-0.5399227403947919	0.0	(-0.5399227403947919+0j)
-0.7225000000000001	-0.5220062500000002	-0.00953748587243175	-0.531547410730621	0.0	(-0.531547410730621+0j)
-0.7168444444444445	-0.5138659575308643	-0.009400961694862597	-0.5232696699018439	0.0	(-0.5232696699018439+0j)
-0.7112111111111112	-0.5058212445679015	-0.009265684024591603	-0.5150887621603781	0.0	(-0.5150887621603781+0j)
-0.7056000000000001	-0.49787136000000015	-0.009131651775293625	-0.5070039346007673	0.0	(-0.5070039346007673+0j)
-0.7000111111111111	-0.4900155556790124	-0.008998863701345394	-0.4990144371594309	0.0	(-0.4990144371594309+0j)
-0.6944444444444445	-0.48225308641975323	-0.008867318399603252	-0.4911195226142328	0.0	(-0.4911195226142328+0j)
-0.6889000000000001	-0.4745832100000001	-0.008737014311202218	-0.4833184465842722	0.0	(-0.4833184465842722+0j)
-0.683377777777778	-0.4670051871604941	-0.00860794972337564	-0.4756104675299292	0.0	(-0.4756104675299292+0j)
-0.6778777777777778	-0.4595182816049383	-0.00848012277129312	-0.4679948467531098	0.0	(-0.4679948467531098+0j)
-0.6724000000000001	-0.45212176000000015	-0.008353531439917683	-0.46047084839766383	0.0	(-0.46047084839766383+0j)
-0.6669444444444446	-0.4448148919753088	-0.008228173565879626	-0.4530377394499549	0.0	(-0.4530377394499549+0j)
-0.6615111111111112	-0.43759695012345684	-0.008104046839367607	-0.44569478973960663	0.0	(-0.44569478973960663+0j)
-0.6561000000000001	-0.43046721000000016	-0.00798114880603451	-0.4384412719403451	0.0	(-0.4384412719403451+0j)
-0.6507111111111112	-0.42342495012345693	-0.007859476868919024	-0.4312764615709764	0.0	(-0.4312764615709764+0j)
-0.6453444444444445	-0.4164694519753087	-0.0077390282903802565	-0.42419963699645324	0.0	(-0.42419963699645324+0j)
-0.6400000000000001	-0.4096000000000002	-0.007619800194046122	-0.41721007942905186	0.0	(-0.41721007942905186+0j)
-0.6346777777777779	-0.4028158816049384	-0.007501789566773331	-0.41030707292959695	0.0	(-0.41030707292959695+0j)
-0.6293777777777778	-0.39611638716049385	-0.00738499326061931	-0.40348990440880084	0.0	(-0.40348990440880084+0j)
-0.6241000000000001	-0.38950081000000014	-0.0072694079948240065	-0.396757863628634	0.0	(-0.396757863628634+0j)
-0.6188444444444445	-0.3829684464197532	-0.007155030357802128	-0.39011024320377824	0.0	(-0.39011024320377824+0j)
-0.6136111111111112	-0.37651859567901247	-0.0070418568091435985	-0.383546338603101	0.0	(-0.383546338603101+0j)
-0.6084	-0.3701505600000001	-0.006929883681622728	-0.377065448151211	0.0	(-0.377065448151211+0j)
-0.6032111111111113	-0.3638636445679014	-0.006819107183214601	-0.37066687303002216	0.0	(-0.37066687303002216+0j)
-0.5980444444444446	-0.3576571575308644	-0.00670952339911729	-0.3643499172803641	0.0	(-0.3643499172803641+0j)
-0.5929	-0.35153040999999996	-0.006601128293781122	-0.35811388780362885	0.0	(-0.35811388780362885+0j)
-0.5877777777777778	-0.3454827160493828	-0.006493917712941999	-0.35195809436342607	0.0	(-0.35195809436342607+0j)
-0.582677777777778	-0.3395133927160496	-0.006387887385659541	-0.3458818495872714	0.0	(-0.3458818495872714+0j)
-0.5776	-0.33362176	-0.006283032926358234	-0.33988446896829055	0.0	(-0.33988446896829055+0j)
-0.5725444444444445	-0.3278071408641976	-0.006179349836872516	-0.33396527086693734	0.0	(-0.33396527086693734+0j)
-0.5675111111111112	-0.322068861234568	-0.006076833508492641	-0.32812357651272767	0.0	(-0.32812357651272767+0j)
-0.5625	-0.31640625	-0.005975479224013203	-0.32235871000596467	0.0	(-0.32235871000596467+0j)
-0.5575111111111112	-0.31081863901234574	-0.005875282159781836	-0.3166699983194893	0.0	(-0.3166699983194893+0j)
-0.5525444444444445	-0.3053053630864198	-0.005776237387747907	-0.3110567713004364	0.0	(-0.3110567713004364+0j)
-0.5476000000000002	-0.2998657600000002	-0.005678339877511263	-0.3055183616719582	0.0	(-0.3055183616719582+0j)
-0.5426777777777778	-0.2944991704938272	-0.005581584498369263	-0.30005410503499874	0.0	(-0.30005410503499874+0j)
-0.5377777777777779	-0.2892049382716051	-0.005485966021362365	-0.29466333987002524	0.0	(-0.29466333987002524+0j)
-0.5329000000000002	-0.2839824100000002	-0.005391479121316878	-0.2893454075387661	0.0	(-0.2893454075387661+0j)
-0.5280444444444444	-0.27883093530864195	-0.005298118378885053	-0.28409965228595213	0.0	(-0.28409965228595213+0j)
-0.5232111111111112	-0.27374986679012353	-0.005205878282581455	-0.27892542124104636	0.0	(-0.27892542124104636+0j)
-0.5184000000000001	-0.26873856000000007	-0.005114753230815117	-0.2738220644199499	0.0	(-0.2738220644199499+0j)
-0.5136111111111111	-0.26379637345679013	-0.0050247375339169675	-0.26878893472672516	0.0	(-0.26878893472672516+0j)
-0.5088444444444445	-0.2589226686419754	-0.004935825416161221	-0.263825387955281	0.0	(-0.263825387955281+0j)
-0.5041000000000001	-0.2541168100000001	-0.004848011017782872	-0.25893078279106674	0.0	(-0.25893078279106674+0j)
-0.49937777777777775	-0.24937816493827158	-0.004761288396985974	-0.25410448081274817	0.0	(-0.25410448081274817+0j)
-0.4946777777777778	-0.24470610382716054	-0.004675651531947822	-0.2493458464938525	0.0	(-0.2493458464938525+0j)
-0.4900000000000001	-0.2401000000000001	-0.004591094322813349	-0.2446542472044317	0.0	(-0.2446542472044317+0j)
-0.4853444444444444	-0.23555922975308638	-0.004507610593683653	-0.24002905321267612	0.0	(-0.24002905321267612+0j)
-0.48071111111111114	-0.23108317234567904	-0.00442519409459452	-0.2354696376865394	0.0	(-0.2354696376865394+0j)
-0.4761000000000001	-0.22667121000000007	-0.004343838503486852	-0.23097537669533497	0.0	(-0.23097537669533497+0j)
-0.4715111111111112	-0.22232272790123467	-0.004263537428167985	-0.22654564921131734	0.0	(-0.22654564921131734+0j)
-0.46694444444444444	-0.21803711419753086	-0.004184284408263017	-0.22217983711124314	0.0	(-0.22217983711124314+0j)
-0.4624000000000001	-0.21381376000000007	-0.00410607291715559	-0.2178773251779328	0.0	(-0.2178773251779328+0j)
-0.4578777777777779	-0.20965205938271614	-0.004028896363918788	-0.2136375011017887	0.0	(-0.2136375011017887+0j)
-0.45337777777777777	-0.20555140938271604	-0.003952748095234715	-0.20945975548231655	0.0	(-0.20945975548231655+0j)
-0.4489000000000001	-0.20151121000000008	-0.003877621397302744	-0.20534348182962053	0.0	(-0.20534348182962053+0j)
-0.44444444444444453	-0.19753086419753094	-0.0038035094977357797	-0.20128807656588496	0.0	(-0.20128807656588496+0j)
-0.44001111111111113	-0.1936097779012346	-0.003730405567445416	-0.19729293902683562	0.0	(-0.19729293902683562+0j)
-0.43560000000000004	-0.18974736000000003	-0.003658302722512885	-0.19335747146318283	0.0	(-0.19335747146318283+0j)
-0.4312111111111112	-0.1859430223456791	-0.00358719402604879	-0.18948107904205777	0.0	(-0.18948107904205777+0j)
-0.4268444444444444	-0.18219617975308638	-0.003517072490038964	-0.1856631698484107	0.0	(-0.1856631698484107+0j)
-0.42250000000000004	-0.17850625000000003	-0.0034479310771775573	-0.18190315488641706	0.0	(-0.18190315488641706+0j)
-0.41817777777777787	-0.17487265382716058	-0.0033797627026849186	-0.1782004480808461	0.0	(-0.1782004480808461+0j)
-0.4138777777777779	-0.1712948149382717	-0.003312560236113149	-0.1745544662784339	0.0	(-0.1745544662784339+0j)
-0.4096	-0.16777216	-0.0032463165031365593	-0.17096462924921343	0.0	(-0.17096462924921343+0j)
-0.4053444444444445	-0.16430411864197536	-0.0031810242873269168	-0.16743035968785744	0.0	(-0.16743035968785744+0j)
-0.4011111111111112	-0.16089012345679019	-0.003116676331915258	-0.16395108321498347	0.0	(-0.16395108321498347+0j)
-0.39690000000000003	-0.15752961000000001	-0.003053265341537603	-0.16052622837845718	0.0	(-0.16052622837845718+0j)
-0.3927111111111112	-0.1542220167901235	-0.0029907839839651285	-0.1571552266546756	0.0	(-0.1571552266546756+0j)
-0.3885444444444445	-0.15096678530864205	-0.0029292248918199038	-0.1538375124498338	0.0	(-0.1538375124498338+0j)
-0.3844	-0.14776336	-0.0028685806642734235	-0.15057252310118308	0.0	(-0.15057252310118308+0j)
-0.3802777777777778	-0.14461118827160496	-0.002808843868730815	-0.147359698878274	0.0	(-0.147359698878274+0j)
-0.37617777777777783	-0.1415097204938272	-0.00275000704249706	-0.14419848298417803	0.0	(-0.14419848298417803+0j)
-0.3721	-0.13845840999999998	-0.002692062694428232	-0.14108832155670936	0.0	(-0.14108832155670936+0j)
-0.36804444444444445	-0.13545671308641977	-0.002635003306566297	-0.13802866366962785	0.0	(-0.13802866366962785+0j)
-0.3640111111111112	-0.13250408901234573	-0.002578821335755155	-0.1350189613338219	0.0	(-0.1350189613338219+0j)
-0.3600000000000001	-0.12960000000000008	-0.002523509215242914	-0.13205866949849906	0.0	(-0.13205866949849906+0j)
-0.3560111111111111	-0.1267439112345679	-0.0024690593562648466	-0.129147246052342	0.0	(-0.129147246052342+0j)
-0.3520444444444445	-0.12393529086419756	-0.002415464149610136	-0.1262841518246765	0.0	(-0.1262841518246765+0j)
-0.3481000000000001	-0.12117361000000006	-0.0023627159671710807	-0.12346885058660599	0.0	(-0.12346885058660599+0j)
-0.3441777777777778	-0.1184583427160494	-0.0023108071634754257	-0.12070080905215701	0.0	(-0.12070080905215701+0j)
-0.34027777777777785	-0.11578896604938277	-0.0022597300772009277	-0.11797949687940318	0.0	(-0.11797949687940318+0j)
-0.3364000000000001	-0.11316496000000006	-0.00220947703267238	-0.1153043866715803	0.0	(-0.1153043866715803+0j)
-0.3325444444444444	-0.11058580753086418	-0.002160040341340208	-0.11267495397819535	0.0	(-0.11267495397819535+0j)
-0.3287111111111111	-0.10805099456790124	-0.0021114123032432985	-0.11009067729612654	0.0	(-0.11009067729612654+0j)
-0.3249000000000001	-0.10556001000000005	-0.0020635852084516237	-0.10755103807071581	0.0	(-0.10755103807071581+0j)
-0.32111111111111107	-0.10311234567901231	-0.0020165513384931	-0.10505552069684956	0.0	(-0.10505552069684956+0j)
-0.3173444444444445	-0.10070749641975311	-0.0019703029677615724	-0.10260361252004009	0.0	(-0.10260361252004009+0j)
-0.31360000000000005	-0.09834496000000002	-0.0019248323649065924	-0.10019480383748772	0.0	(-0.10019480383748772+0j)
-0.30987777777777786	-0.09602423716049388	-0.0018801317942058748	-0.09782858789914979	0.0	(-0.09782858789914979+0j)
-0.30617777777777777	-0.09374483160493827	-0.0018361935169182164	-0.09550446090878985	0.0	(-0.09550446090878985+0j)
-0.30250000000000005	-0.09150625000000003	-0.0017930097926219801	-0.09322192202503787	0.0	(-0.09322192202503787+0j)
-0.2988444444444445	-0.08930800197530869	-0.0017505728805304877	-0.09098047336242339	0.0	(-0.09098047336242339+0j)
-0.2952111111111111	-0.08714960012345678	-0.0017088750407936448	-0.08877961999242134	0.0	(-0.08877961999242134+0j)
-0.2916	-0.08503056000000002	-0.001667908535779139	-0.08661886994448355	0.0	(-0.08661886994448355+0j)
-0.28801111111111116	-0.08295040012345682	-0.001627665631336539	-0.08449773420707024	0.0	(-0.08449773420707024+0j)
-0.28444444444444444	-0.08090864197530864	-0.0015881385980425211	-0.08241572672867356	0.0	(-0.08241572672867356+0j)
-0.28090000000000004	-0.07890481000000002	-0.0015493197124289981	-0.08037236441884163	0.0	(-0.08037236441884163+0j)
-0.27737777777777783	-0.07693843160493831	-0.0015112012581932621	-0.0783671671491922	0.0	(-0.0783671671491922+0j)
-0.2738777777777778	-0.07500903716049383	-0.0014737755273888098	-0.0763996577544325	0.0	(-0.0763996577544325+0j)
-0.27040000000000003	-0.07311616000000001	-0.0014370348216004025	-0.07446936203337179	0.0	(-0.07446936203337179+0j)
-0.2669444444444445	-0.07125933641975311	-0.001400971453097366	-0.0725758087499249	0.0	(-0.0725758087499249+0j)
-0.2635111111111112	-0.06943810567901239	-0.001365577745976676	-0.07071852963413286	0.0	(-0.07071852963413286+0j)
-0.2601	-0.06765201	-0.0013308460372774	-0.06889705938316086	0.0	(-0.06889705938316086+0j)
-0.25671111111111117	-0.06590059456790126	-0.001296768678088256	-0.06711093566231414	0.0	(-0.06711093566231414+0j)
-0.25334444444444454	-0.06418340753086424	-0.0012633380346294132	-0.06535969910603816	0.0	(-0.06535969910603816+0j)
-0.25	-0.0625	-0.0012305464893214157	-0.06364289331893609	0.0	(-0.06364289331893609+0j)
-0.2466777777777778	-0.060849926049382726	-0.0011983864418345647	-0.06196006487677367	0.0	(-0.06196006487677367+0j)
-0.2433777777777778	-0.0592327427160494	-0.0011668503101218697	-0.06031076332749561	0.0	(-0.06031076332749561+0j)
-0.24010000000000004	-0.05764801000000002	-0.001135930531433793	-0.05869454119224669	0.0	(-0.05869454119224669+0j)
-0.23684444444444447	-0.05609529086419754	-0.0011056195633170063	-0.0571109539663868	0.0	(-0.0571109539663868+0j)
-0.2336111111111111	-0.054574151234567894	-0.0010759098845936066	-0.05555956012052755	0.0	(-0.05555956012052755+0j)
-0.23040000000000005	-0.053084160000000026	-0.0010467939963265671	-0.054039921101563804	0.0	(-0.054039921101563804+0j)
-0.2272111111111111	-0.05162488901234568	-0.0010182644227656468	-0.0525516013337208	0.0	(-0.0525516013337208+0j)
-0.2240444444444445	-0.050195913086419776	-0.0009903137122777572	-0.05109416821961033	0.0	(-0.05109416821961033+0j)
-0.22090000000000004	-0.04879681000000002	-0.0009629344382604543	-0.049667192141299894	0.0	(-0.049667192141299894+0j)
-0.2177777777777778	-0.04742716049382717	-0.0009361192000381102	-0.04827024646139673	0.0	(-0.04827024646139673+0j)
-0.21467777777777783	-0.04608654827160496	-0.0009098606237425422	-0.046902907524146116	0.0	(-0.046902907524146116+0j)
-0.2116	-0.044774560000000005	-0.0008841513631772102	-0.045564754656556974	0.0	(-0.045564754656556974+0j)
-0.2085444444444445	-0.043490785308642	-0.0008589841006645393	-0.04425537016954214	0.0	(-0.04425537016954214+0j)
-0.20551111111111114	-0.04223481679012347	-0.0008343515478776986	-0.042974339359091715	0.0	(-0.042974339359091715+0j)
-0.2025	-0.04100625000000001	-0.0008102464466550607	-0.0417212505074693	0.0	(-0.0417212505074693+0j)
-0.19951111111111114	-0.039804683456790134	-0.0007866615698031154	-0.04049569488445181	0.0	(-0.04049569488445181+0j)
-0.19654444444444447	-0.03862971864197532	-0.000763589721876734	-0.039297266748597307	0.0	(-0.039297266748597307+0j)
-0.1936	-0.03748096	-0.0007410237399518849	-0.03812556334856874	0.0	(-0.03812556334856874+0j)
-0.1906777777777778	-0.036358014938271614	-0.0007189564943743676	-0.03698018492449376	0.0	(-0.03698018492449376+0j)
-0.1877777777777778	-0.0352604938271605	-0.0006973808895009981	-0.03586073470939593	0.0	(-0.03586073470939593+0j)
-0.18490000000000004	-0.03418801000000001	-0.0006762898644234738	-0.03476681893067789	0.0	(-0.03476681893067789+0j)
-0.18204444444444448	-0.03314017975308643	-0.0006556763936709231	-0.03369804681167672	0.0	(-0.03369804681167672+0j)
-0.17921111111111113	-0.03211662234567902	-0.0006355334879089014	-0.03265403057330808	0.0	(-0.03265403057330808+0j)
-0.17640000000000003	-0.03111696000000001	-0.0006158541946170715	-0.031634385435791404	0.0	(-0.031634385435791404+0j)
-0.17361111111111113	-0.030140817901234577	-0.0005966315987482318	-0.03063872962047389	0.0	(-0.03063872962047389+0j)
-0.1708444444444445	-0.02918782419753088	-0.0005778588233837922	-0.02966668435177682	0.0	(-0.02966668435177682+0j)
-0.16810000000000003	-0.02825761000000001	-0.0005595290303679334	-0.028717873859257687	0.0	(-0.028717873859257687+0j)
-0.1653777777777778	-0.027349809382716053	-0.0005416354209266672	-0.02779192537981144	0.0	(-0.02779192537981144+0j)
-0.1626777777777778	-0.02646405938271606	-0.0005241712362780149	-0.02688846916003289	0.0	(-0.02688846916003289+0j)
-0.16000000000000003	-0.02560000000000001	-0.0005071297582261991	-0.02600713845874375	0.0	(-0.02600713845874375+0j)
-0.15734444444444445	-0.024757274197530866	-0.0004905043097425121	-0.025147569549712288	0.0	(-0.025147569549712288+0j)
-0.15471111111111113	-0.023935527901234575	-0.00047428825552842113	-0.02430940172457794	0.0	(-0.02430940172457794+0j)
-0.1521	-0.023134410000000005	-0.0004584750025760087	-0.023492277296011943	0.0	(-0.023492277296011943+0j)
-0.14951111111111115	-0.022353572345679026	-0.00044305800070532086	-0.022695841601125935	0.0	(-0.022695841601125935+0j)
-0.14694444444444446	-0.021592669753086425	-0.0004280307430928332	-0.02191974300515556	0.0	(-0.02191974300515556+0j)
-0.1444	-0.02085136	-0.00041338676678748243	-0.021163632905447375	0.0	(-0.021163632905447375+0j)
-0.1418777777777778	-0.0201293038271605	-0.00039911965321515197	-0.0204271657357713	0.0	(-0.0204271657357713+0j)
-0.1393777777777778	-0.01942616493827161	-0.00038522302867072256	-0.01970999897098453	0.0	(-0.01970999897098453+0j)
-0.13690000000000005	-0.018741610000000013	-0.0003716905647888069	-0.019011793132066752	0.0	(-0.019011793132066752+0j)
-0.13444444444444448	-0.01807530864197532	-0.0003585159790215897	-0.018332211791572427	0.0	(-0.018332211791572427+0j)
-0.1320111111111111	-0.01742693345679012	-0.0003456930350882459	-0.01767092157949446	0.0	(-0.01767092157949446+0j)
-0.12960000000000002	-0.016796160000000004	-0.0003332155434190298	-0.01702759218957985	0.0	(-0.01702759218957985+0j)
-0.12721111111111114	-0.01618266679012346	-0.0003210773615833773	-0.016401896386103513	0.0	(-0.016401896386103513+0j)
-0.12484444444444444	-0.015586135308641974	-0.0003092723947215603	-0.01579351001112231	0.0	(-0.01579351001112231+0j)
-0.12250000000000003	-0.015006250000000006	-0.0002977945959443673	-0.015202111992184995	0.0	(-0.015202111992184995+0j)
-0.12017777777777779	-0.01444269827160494	-0.00028663796673455977	-0.014627384350511669	0.0	(-0.014627384350511669+0j)
-0.1178777777777778	-0.013895170493827167	-0.0002757965573341181	-0.014069012209605856	0.0	(-0.014069012209605856+0j)
-0.11560000000000002	-0.013363360000000005	-0.00026526446712615837	-0.013526683804257353	0.0	(-0.013526683804257353+0j)
-0.11334444444444444	-0.012846963086419753	-0.000255035845002638	-0.013000090489863008	0.0	(-0.013000090489863008+0j)
-0.11111111111111113	-0.012345679012345684	-0.00024510488970896915	-0.012488926751964578	0.0	(-0.012488926751964578+0j)
-0.10890000000000001	-0.011859210000000002	-0.00023546585020639554	-0.011992890215896859	0.0	(-0.011992890215896859+0j)
-0.1067111111111111	-0.011387261234567899	-0.00022611302600417105	-0.011511681656341087	0.0	(-0.011511681656341087+0j)
-0.10454444444444447	-0.010929540864197536	-0.000217040767479304	-0.011045005006582615	0.0	(-0.011045005006582615+0j)
-0.1024	-0.01048576	-0.00020824347620873596	-0.01059256736720875	0.0	(-0.01059256736720875+0j)
-0.1002777777777778	-0.010055632716049387	-0.00019971560526421683	-0.010154079013890581	0.0	(-0.010154079013890581+0j)
-0.0981777777777778	-0.00963887604938272	-0.0001914516595213911	-0.00972925340388296	0.0	(-0.00972925340388296+0j)
-0.0961	-0.00923521	-0.00018344619594046208	-0.009317807180760078	0.0	(-0.009317807180760078+0j)
-0.09404444444444446	-0.0088443575308642	-0.0001756938238628436	-0.008919460176880636	0.0	(-0.008919460176880636+0j)
-0.09201111111111111	-0.008466044567901235	-0.0001681892052687317	-0.008533935412970988	0.0	(-0.008533935412970988+0j)
-0.09000000000000002	-0.008100000000000005	-0.0001609270550559927	-0.008160959094213717	0.0	(-0.008160959094213717+0j)
-0.08801111111111112	-0.007745955679012348	-0.0001539021412746422	-0.007800260602147683	0.0	(-0.007800260602147683+0j)
-0.08604444444444445	-0.007403646419753087	-0.00014710928540395685	-0.007451572481726745	0.0	(-0.007451572481726745+0j)
-0.08410000000000002	-0.007072810000000004	-0.00014054336256918987	-0.007114630422842691	0.0	(-0.007114630422842691+0j)
-0.08217777777777778	-0.006753187160493827	-0.00013419930178670825	-0.0067891732357574595	0.0	(-0.0067891732357574595+0j)
-0.08027777777777777	-0.0064445216049382695	-0.0001280720861771556	-0.006474942819955842	0.0	(-0.006474942819955842+0j)
-0.07840000000000001	-0.006146560000000001	-0.00012215675319993125	-0.006171684126137432	0.0	(-0.006171684126137432+0j)
-0.07654444444444444	-0.005859051975308642	-0.00011644839484503677	-0.0058791451112784245	0.0	(-0.0058791451112784245+0j)
-0.07471111111111113	-0.005581750123456793	-0.00011094215784268613	-0.005597076687034241	0.0	(-0.005597076687034241+0j)
-0.0729	-0.005314410000000001	-0.0001056332438658103	-0.005325232662066848	0.0	(-0.005325232662066848+0j)
-0.07111111111111111	-0.00505679012345679	-0.000100516909707693	-0.005063369679296785	0.0	(-0.005063369679296785+0j)
-0.06934444444444446	-0.004808651975308644	-9.558846747381722e-05	-0.004811247149488385	0.0	(-0.004811247149488385+0j)
-0.06760000000000001	-0.004569760000000001	-9.084328475239545e-05	-0.004568627182960505	0.0	(-0.004568627182960505+0j)
-0.0658777777777778	-0.004339881604938274	-8.627678477779455e-05	-0.004335274521580919	0.0	(-0.004335274521580919+0j)
-0.06417777777777779	-0.004118787160493829	-8.188444660106597e-05	-0.004110956473457724	0.0	(-0.004110956473457724+0j)
-0.0625	-0.00390625	-7.766180525692334e-05	-0.0038954428528570834	0.0	(-0.0038954428528570834+0j)
-0.06084444444444445	-0.0037020464197530874	-7.360445188453468e-05	-0.0036885059279225985	0.0	(-0.0036885059279225985+0j)
-0.05921111111111112	-0.003505955679012346	-6.970803391226355e-05	-0.0034899203785380187	0.0	(-0.0034899203785380187+0j)
-0.05760000000000001	-0.0033177600000000016	-6.596825515003957e-05	-0.0032994632663957244	0.0	(-0.0032994632663957244+0j)
-0.05601111111111112	-0.003137244567901236	-6.238087597409958e-05	-0.0031169140187833344	0.0	(-0.0031169140187833344+0j)
-0.05444444444444445	-0.002964197530864198	-5.8941713419358166e-05	-0.0029420544270364747	0.0	(-0.0029420544270364747+0j)
-0.0529	-0.0027984100000000003	-5.5646641328621627e-05	-0.002774668659885239	0.0	(-0.002774668659885239+0j)
-0.051377777777777786	-0.0026396760493827168	-5.2491590423642265e-05	-0.002614543291308936	0.0	(-0.002614543291308936+0j)
-0.049877777777777785	-0.0024877927160493834	-4.9472548482754064e-05	-0.002461467341725463	0.0	(-0.002461467341725463+0j)
-0.0484	-0.00234256	-4.658556041192696e-05	-0.002315232330869468	0.0	(-0.002315232330869468+0j)
-0.04694444444444445	-0.002203780864197531	-4.382672835845369e-05	-0.0021756323402291745	0.0	(-0.0021756323402291745+0j)
-0.04551111111111112	-0.002071261234567902	-4.119221178200405e-05	-0.002042464082701409	0.0	(-0.002042464082701409+0j)
-0.04410000000000001	-0.0019448100000000006	-3.867822762515516e-05	-0.0019155269767871753	0.0	(-0.0019155269767871753+0j)
-0.04271111111111112	-0.00182423901234568	-3.6281050299180606e-05	-0.0017946232230093332	0.0	(-0.0017946232230093332+0j)
-0.04134444444444445	-0.0017093630864197533	-3.399701186879156e-05	-0.0016795578800316059	0.0	(-0.0016795578800316059+0j)
-0.04000000000000001	-0.0016000000000000007	-3.182250205213677e-05	-0.0015701389385625107	0.0	(-0.0015701389385625107+0j)
-0.03867777777777778	-0.001495970493827161	-2.9753968377121964e-05	-0.0014661773911568002	0.0	(-0.0014661773911568002+0j)
-0.03737777777777779	-0.001397098271604939	-2.778791619562071e-05	-0.0013674872966760007	0.0	(-0.0013674872966760007+0j)
-0.0361	-0.00130321	-2.5920908797161246e-05	-0.001273885838322829	0.0	(-0.001273885838322829+0j)
-0.03484444444444445	-0.0012141353086419756	-2.414956742313734e-05	-0.0011851933747869048	0.0	(-0.0011851933747869048+0j)
-0.03361111111111112	-0.0011297067901234574	-2.2470571423127694e-05	-0.0011012334839775048	0.0	(-0.0011012334839775048+0j)
-0.032400000000000005	-0.0010497600000000003	-2.088065818384166e-05	-0.0010218329996779594	0.0	(-0.0010218329996779594+0j)
-0.03121111111111111	-0.0009741334567901234	-1.937662332807122e-05	-0.0009468220410027283	0.0	(-0.0009468220410027283+0j)
-0.030044444444444447	-0.0009026686419753088	-1.795532065784755e-05	-0.0008760340353434711	0.0	(-0.0008760340353434711+0j)
-0.028900000000000006	-0.0008352100000000003	-1.6613662268127882e-05	-0.0008093057351915845	0.0	(-0.0008093057351915845+0j)
-0.027777777777777783	-0.0007716049382716052	-1.5348618603638897e-05	-0.0007464772294021226	0.0	(-0.0007464772294021226+0j)
-0.026677777777777776	-0.0007117038271604937	-1.4157218430455032e-05	-0.0006873919497271079	0.0	(-0.0006873919497271079+0j)
-0.0256	-0.00065536	-1.3036548949685312e-05	-0.0006318966731442854	0.0	(-0.0006318966731442854+0j)
-0.02454444444444445	-0.00060242975308642	-1.1983755882738478e-05	-0.0005798415204396396	0.0	(-0.0005798415204396396+0j)
-0.023511111111111115	-0.0005527723456790125	-1.0996043329214444e-05	-0.0005310799521557365	0.0	(-0.0005310799521557365+0j)
-0.022500000000000006	-0.0005062500000000003	-1.0070674022699677e-05	-0.0004854687618434637	0.0	(-0.0004854687618434637+0j)
-0.021511111111111113	-0.00046272790123456795	-9.204969217080361e-06	-0.0004428680675611943	0.0	(-0.0004428680675611943+0j)
-0.020544444444444445	-0.0004220741975308642	-8.396308771807526e-06	-0.0004031413017997423	0.0	(-0.0004031413017997423+0j)
-0.019600000000000003	-0.0003841600000000001	-7.642131095053628e-06	-0.0003661552005756993	0.0	(-0.0003661552005756993+0j)
-0.018677777777777783	-0.0003488593827160496	-6.9399333710862265e-06	-0.0003317797915874112	0.0	(-0.0003317797915874112+0j)
-0.017777777777777778	-0.0003160493827160494	-6.287271560267982e-06	-0.00029988838149762624	0.0	(-0.00029988838149762624+0j)
-0.016900000000000002	-0.00028561000000000005	-5.681759944309306e-06	-0.00027035754409070726	0.0	(-0.00027035754409070726+0j)
-0.016044444444444448	-0.0002574241975308643	-5.121071922076226e-06	-0.00024306710735355868	0.0	(-0.00024306710735355868+0j)
-0.015211111111111113	-0.00023137790123456796	-4.602939611686452e-06	-0.00021790014079098454	0.0	(-0.00021790014079098454+0j)
-0.014400000000000003	-0.0002073600000000001	-4.125153623135702e-06	-0.0001947429435566106	0.0	(-0.0001947429435566106+0j)
-0.013611111111111112	-0.00018526234567901238	-3.685563456201635e-06	-0.00017348503267160815	0.0	(-0.00017348503267160815+0j)
-0.012844444444444447	-0.0001649797530864198	-3.282077614130685e-06	-0.00015401913131969002	0.0	(-0.00015401913131969002+0j)
-0.0121	-0.00014641	-2.9126633762643905e-06	-0.00013624115738279744	0.0	(-0.00013624115738279744+0j)
-0.01137777777777778	-0.00012945382716049388	-2.57534634329204e-06	-0.00012005021435827443	0.0	(-0.00012005021435827443+0j)
-0.01067777777777778	-0.000114014938271605	-2.268212028866401e-06	-0.000105348579108653	0.0	(-0.000105348579108653+0j)
-0.010000000000000002	-0.00010000000000000005	-1.989403472180129e-06	-9.204169464769941e-05	0.0	(-9.204169464769941e-05+0j)
-0.009344444444444447	-8.73186419753087e-05	-1.7371237390761962e-06	-8.00381600869837e-05	0.0	(-8.00381600869837e-05+0j)
-0.008711111111111112	-7.588345679012347e-05	-1.5096347851795144e-06	-6.924972019243016e-05	0.0	(-6.924972019243016e-05+0j)
-0.008100000000000001	-6.561000000000002e-05	-1.3052554095338564e-06	-5.959126190442873e-05	0.0	(-5.959126190442873e-05+0j)
-0.007511111111111112	-5.64167901234568e-05	-1.12236602944904e-06	-5.098080256165814e-05	0.0	(-5.098080256165814e-05+0j)
-0.006944444444444446	-4.8225308641975326e-05	-9.594041330274194e-07	-4.333948650457276e-05	0.0	(-4.333948650457276e-05+0j)
-0.0064	-4.096e-05	-8.148681445163675e-07	-3.659157373561193e-05	0.0	(-3.659157373561193e-05+0j)
-0.005877777777777779	-3.454827160493828e-05	-6.87312422087416e-07	-3.0664438970698214e-05	0.0	(-3.0664438970698214e-05+0j)
-0.005377777777777778	-2.8920493827160497e-05	-5.753527148044668e-07	-2.5488562004743298e-05	0.0	(-2.5488562004743298e-05+0j)
-0.004900000000000001	-2.4010000000000006e-05	-4.77662069897633e-07	-2.099752583909879e-05	0.0	(-2.099752583909879e-05+0j)
-0.0044444444444444444	-1.9753086419753087e-05	-3.9297447074204683e-07	-1.712800731540876e-05	0.0	(-1.712800731540876e-05+0j)
-0.004011111111111112	-1.608901234567902e-05	-3.200802893843502e-07	-1.381977686294784e-05	0.0	(-1.381977686294784e-05+0j)
-0.0036000000000000008	-1.2960000000000006e-05	-2.578308340162039e-07	-1.1015690680163006e-05	0.0	(-1.1015690680163006e-05+0j)
-0.0032111111111111116	-1.0311234567901237e-05	-2.0513471099548042e-07	-8.661691142554789e-06	0.0	(-8.661691142554789e-06+0j)
-0.002844444444444445	-8.090864197530867e-06	-1.6096237231977284e-07	-6.706796005006415e-06	0.0	(-6.706796005006415e-06+0j)
-0.0025000000000000005	-6.250000000000003e-06	-1.2433883966878057e-07	-5.103105606575427e-06	0.0	(-5.103105606575427e-06+0j)
-0.002177777777777778	-4.742716049382717e-06	-9.435461834073067e-08	-3.805781899209764e-06	0.0	(-3.805781899209764e-06+0j)
-0.001877777777777778	-3.52604938271605e-06	-7.014750735834241e-08	-2.7730740482530685e-06	0.0	(-2.7730740482530685e-06+0j)
-0.0016	-2.56e-06	-5.093170329928398e-08	-1.9662764358112415e-06	0.0	(-1.9662764358112415e-06+0j)
-0.0013444444444444445	-1.807530864197531e-06	-3.595778252929449e-08	-1.3497763053228971e-06	0.0	(-1.3497763053228971e-06+0j)
-0.0011111111111111111	-1.234567901234568e-06	-2.4563632905483246e-08	-8.910012493811e-07	0.0	(-8.910012493811e-07+0j)
-0.0009000000000000002	-8.100000000000004e-07	-1.6123522073030472e-08	-5.603810923968851e-07	0.0	(-5.603810923968851e-07+0j)
-0.0007111111111111113	-5.056790123456792e-07	-1.0011717677116394e-08	-3.316782053756705e-07	0.0	(-3.316782053756705e-07+0j)
-0.0005444444444444445	-2.964197530864198e-07	-5.9371814131736755e-09	-1.8119051189099845e-07	0.0	(-1.8119051189099845e-07+0j)
-0.0004	-1.6e-07	-3.14321368932724e-09	-8.873387036159609e-08	0.0	(-8.873387036159609e-08+0j)
-0.0002777777777777778	-7.71604938271605e-08	-1.3969838619232178e-09	-3.665534657635017e-08	0.0	(-3.665534657635017e-08+0j)
-0.0001777777777777778	-3.160493827160495e-08	-0.0	-1.3933349194710586e-08	0.0	(-1.3933349194710586e-08+0j)
-0.0001	-1e-08	-1.862645149230957e-09	-2.54824699460471e-09	0.0	(-2.54824699460471e-09+0j)
-4.444444444444445e-05	-1.9753086419753094e-09	-0.0	-1.8708839212853952e-10	0.0	(-1.8708839212853952e-10+0j)
-1.1111111111111113e-05	-1.2345679012345684e-10	-0.0	-4.445228907190568e-18	-0.004807217387296439	(-4.445228907190568e-18-0.004807217387296439j)
1.1111111111111113e-05	1.2345679012345684e-10	0.0	-4.445228907190568e-18	0.004807217387296439	(-4.445228907190568e-18+0.004807217387296439j)
4.444444444444445e-05	1.9753086419753094e-09	0.0	1.870883917681101e-10	0.0	(1.870883917681101e-10+0j)
0.0001	1e-08	1.862645149230957e-09	2.548247000313996e-09	0.0	(2.548247000313996e-09+0j)
0.0001777777777777778	3.160493827160495e-08	0.0	1.3933349196746217e-08	0.0	(1.3933349196746217e-08+0j)
0.0002777777777777778	7.71604938271605e-08	1.3969838619232178e-09	3.6655346587781954e-08	0.0	(3.6655346587781954e-08+0j)
0.0004	1.6e-07	3.14321368932724e-09	8.87338703883198e-08	0.0	(8.87338703883198e-08+0j)
0.0005444444444444445	2.964197530864198e-07	5.9371814131736755e-09	1.8119051192023086e-07	0.0	(1.8119051192023086e-07+0j)
0.0007111111111111113	5.056790123456792e-07	1.0011717677116394e-08	3.3167820538097786e-07	0.0	(3.3167820538097786e-07+0j)
0.0009000000000000002	8.100000000000004e-07	1.6123522073030472e-08	5.603810923991542e-07	0.0	(5.603810923991542e-07+0j)
0.0011111111111111111	1.234567901234568e-06	2.4563632905483246e-08	8.910012493951588e-07	0.0	(8.910012493951588e-07+0j)
0.0013444444444444445	1.807530864197531e-06	3.595778252929449e-08	1.349776305323035e-06	0.0	(1.349776305323035e-06+0j)
0.0016	2.56e-06	5.093170329928398e-08	1.966276435810737e-06	0.0	(1.966276435810737e-06+0j)
0.001877777777777778	3.52604938271605e-06	7.014750735834241e-08	2.7730740482482095e-06	0.0	(2.7730740482482095e-06+0j)
0.002177777777777778	4.742716049382717e-06	9.435461834073067e-08	3.8057818992098864e-06	0.0	(3.8057818992098864e-06+0j)
0.0025000000000000005	6.250000000000003e-06	1.2433883966878057e-07	5.1031056065953055e-06	0.0	(5.1031056065953055e-06+0j)
0.002844444444444445	8.090864197530867e-06	1.6096237231977284e-07	6.706796005011845e-06	0.0	(6.706796005011845e-06+0j)
0.0032111111111111116	1.0311234567901237e-05	2.0513471099548042e-07	8.661691142567445e-06	0.0	(8.661691142567445e-06+0j)
0.0036000000000000008	1.2960000000000006e-05	2.578308340162039e-07	1.101569068016784e-05	0.0	(1.101569068016784e-05+0j)
0.004011111111111112	1.608901234567902e-05	3.200802893843502e-07	1.3819776862953737e-05	0.0	(1.3819776862953737e-05+0j)
0.0044444444444444444	1.9753086419753087e-05	3.9297447074204683e-07	1.7128007315417453e-05	0.0	(1.7128007315417453e-05+0j)
0.004900000000000001	2.4010000000000006e-05	4.77662069897633e-07	2.0997525839098354e-05	0.0	(2.0997525839098354e-05+0j)
0.005377777777777778	2.8920493827160497e-05	5.753527148044668e-07	2.548856200473202e-05	0.0	(2.548856200473202e-05+0j)
0.005877777777777779	3.454827160493828e-05	6.87312422087416e-07	3.0664438970699644e-05	0.0	(3.0664438970699644e-05+0j)
0.0064	4.096e-05	8.148681445163675e-07	3.659157373563691e-05	0.0	(3.659157373563691e-05+0j)
0.006944444444444446	4.8225308641975326e-05	9.594041330274194e-07	4.333948650457456e-05	0.0	(4.333948650457456e-05+0j)
0.007511111111111112	5.64167901234568e-05	1.12236602944904e-06	5.098080256165561e-05	0.0	(5.098080256165561e-05+0j)
0.008100000000000001	6.561000000000002e-05	1.3052554095338564e-06	5.959126190442287e-05	0.0	(5.959126190442287e-05+0j)
0.008711111111111112	7.588345679012347e-05	1.5096347851795144e-06	6.924972019242958e-05	0.0	(6.924972019242958e-05+0j)
0.009344444444444447	8.73186419753087e-05	1.7371237390761962e-06	8.003816008699934e-05	0.0	(8.003816008699934e-05+0j)
0.010000000000000002	0.00010000000000000005	1.989403472180129e-06	9.204169464768845e-05	0.0	(9.204169464768845e-05+0j)
0.01067777777777778	0.000114014938271605	2.268212028866401e-06	0.00010534857910864147	0.0	(0.00010534857910864147+0j)
0.01137777777777778	0.00012945382716049388	2.57534634329204e-06	0.00012005021435826969	0.0	(0.00012005021435826969+0j)
0.0121	0.00014641	2.9126633762643905e-06	0.00013624115738281256	0.0	(0.00013624115738281256+0j)
0.012844444444444447	0.0001649797530864198	3.282077614130685e-06	0.00015401913131970682	0.0	(0.00015401913131970682+0j)
0.013611111111111112	0.00018526234567901238	3.685563456201635e-06	0.00017348503267161235	0.0	(0.00017348503267161235+0j)
0.014400000000000003	0.0002073600000000001	4.125153623135702e-06	0.00019474294355660546	0.0	(0.00019474294355660546+0j)
0.015211111111111113	0.00023137790123456796	4.602939611686452e-06	0.00021790014079098538	0.0	(0.00021790014079098538+0j)
0.016044444444444448	0.0002574241975308643	5.121071922076226e-06	0.0002430671073535742	0.0	(0.0002430671073535742+0j)
0.016900000000000002	0.00028561000000000005	5.681759944309306e-06	0.0002703575440907107	0.0	(0.0002703575440907107+0j)
0.017777777777777778	0.0003160493827160494	6.287271560267982e-06	0.0002998883814976271	0.0	(0.0002998883814976271+0j)
0.018677777777777783	0.0003488593827160496	6.9399333710862265e-06	0.00033177979158740693	0.0	(0.00033177979158740693+0j)
0.019600000000000003	0.0003841600000000001	7.642131095053628e-06	0.00036615520057569614	0.0	(0.00036615520057569614+0j)
0.020544444444444445	0.0004220741975308642	8.396308771807526e-06	0.00040314130179973845	0.0	(0.00040314130179973845+0j)
0.021511111111111113	0.00046272790123456795	9.204969217080361e-06	0.0004428680675611966	0.0	(0.0004428680675611966+0j)
0.022500000000000006	0.0005062500000000003	1.0070674022699677e-05	0.00048546876184346583	0.0	(0.00048546876184346583+0j)
0.023511111111111115	0.0005527723456790125	1.0996043329214444e-05	0.0005310799521557411	0.0	(0.0005310799521557411+0j)
0.02454444444444445	0.00060242975308642	1.1983755882738478e-05	0.0005798415204396268	0.0	(0.0005798415204396268+0j)
0.0256	0.00065536	1.3036548949685312e-05	0.0006318966731442973	0.0	(0.0006318966731442973+0j)
0.026677777777777776	0.0007117038271604937	1.4157218430455032e-05	0.0006873919497271168	0.0	(0.0006873919497271168+0j)
0.027777777777777783	0.0007716049382716052	1.5348618603638897e-05	0.0007464772294021266	0.0	(0.0007464772294021266+0j)
0.028900000000000006	0.0008352100000000003	1.6613662268127882e-05	0.0008093057351915762	0.0	(0.0008093057351915762+0j)
0.030044444444444447	0.0009026686419753088	1.795532065784755e-05	0.0008760340353434866	0.0	(0.0008760340353434866+0j)
0.03121111111111111	0.0009741334567901234	1.937662332807122e-05	0.0009468220410027244	0.0	(0.0009468220410027244+0j)
0.032400000000000005	0.0010497600000000003	2.088065818384166e-05	0.001021832999677982	0.0	(0.001021832999677982+0j)
0.03361111111111112	0.0011297067901234574	2.2470571423127694e-05	0.001101233483977503	0.0	(0.001101233483977503+0j)
0.03484444444444445	0.0012141353086419756	2.414956742313734e-05	0.0011851933747869	0.0	(0.0011851933747869+0j)
0.0361	0.00130321	2.5920908797161246e-05	0.001273885838322827	0.0	(0.001273885838322827+0j)
0.03737777777777779	0.001397098271604939	2.778791619562071e-05	0.0013674872966760025	0.0	(0.0013674872966760025+0j)
0.03867777777777778	0.001495970493827161	2.9753968377121964e-05	0.001466177391156798	0.0	(0.001466177391156798+0j)
0.04000000000000001	0.0016000000000000007	3.182250205213677e-05	0.0015701389385625172	0.0	(0.0015701389385625172+0j)
0.04134444444444445	0.0017093630864197533	3.399701186879156e-05	0.0016795578800315972	0.0	(0.0016795578800315972+0j)
0.04271111111111112	0.00182423901234568	3.6281050299180606e-05	0.0017946232230093338	0.0	(0.0017946232230093338+0j)
0.04410000000000001	0.0019448100000000006	3.867822762515516e-05	0.0019155269767871712	0.0	(0.0019155269767871712+0j)
0.04551111111111112	0.002071261234567902	4.119221178200405e-05	0.0020424640827014333	0.0	(0.0020424640827014333+0j)
0.04694444444444445	0.002203780864197531	4.382672835845369e-05	0.0021756323402291524	0.0	(0.0021756323402291524+0j)
0.0484	0.00234256	4.658556041192696e-05	0.002315232330869451	0.0	(0.002315232330869451+0j)
0.049877777777777785	0.0024877927160493834	4.9472548482754064e-05	0.0024614673417254628	0.0	(0.0024614673417254628+0j)
0.051377777777777786	0.0026396760493827168	5.2491590423642265e-05	0.00261454329130893	0.0	(0.00261454329130893+0j)
0.0529	0.0027984100000000003	5.5646641328621627e-05	0.00277466865988523	0.0	(0.00277466865988523+0j)
0.05444444444444445	0.002964197530864198	5.8941713419358166e-05	0.002942054427036501	0.0	(0.002942054427036501+0j)
0.05601111111111112	0.003137244567901236	6.238087597409958e-05	0.0031169140187833413	0.0	(0.0031169140187833413+0j)
0.05760000000000001	0.0033177600000000016	6.596825515003957e-05	0.003299463266395731	0.0	(0.003299463266395731+0j)
0.05921111111111112	0.003505955679012346	6.970803391226355e-05	0.003489920378538033	0.0	(0.003489920378538033+0j)
0.06084444444444445	0.0037020464197530874	7.360445188453468e-05	0.0036885059279225837	0.0	(0.0036885059279225837+0j)
0.0625	0.00390625	7.766180525692334e-05	0.0038954428528570847	0.0	(0.0038954428528570847+0j)
0.06417777777777779	0.004118787160493829	8.188444660106597e-05	0.004110956473457715	0.0	(0.004110956473457715+0j)
0.0658777777777778	0.004339881604938274	8.627678477779455e-05	0.00433527452158091	0.0	(0.00433527452158091+0j)
0.06760000000000001	0.004569760000000001	9.084328475239545e-05	0.004568627182960474	0.0	(0.004568627182960474+0j)
0.06934444444444446	0.004808651975308644	9.558846747381722e-05	0.004811247149488423	0.0	(0.004811247149488423+0j)
0.07111111111111111	0.00505679012345679	0.000100516909707693	0.005063369679296773	0.0	(0.005063369679296773+0j)
0.0729	0.005314410000000001	0.0001056332438658103	0.005325232662066855	0.0	(0.005325232662066855+0j)
0.07471111111111113	0.005581750123456793	0.00011094215784268613	0.0055970766870342085	0.0	(0.0055970766870342085+0j)
0.07654444444444444	0.005859051975308642	0.00011644839484503677	0.0058791451112784054	0.0	(0.0058791451112784054+0j)
0.07840000000000001	0.006146560000000001	0.00012215675319993125	0.0061716841261374306	0.0	(0.0061716841261374306+0j)
0.08027777777777777	0.0064445216049382695	0.0001280720861771556	0.006474942819955841	0.0	(0.006474942819955841+0j)
0.08217777777777778	0.006753187160493827	0.00013419930178670825	0.006789173235757469	0.0	(0.006789173235757469+0j)
0.08410000000000002	0.007072810000000004	0.00014054336256918987	0.007114630422842709	0.0	(0.007114630422842709+0j)
0.08604444444444445	0.007403646419753087	0.00014710928540395685	0.007451572481726742	0.0	(0.007451572481726742+0j)
0.08801111111111112	0.007745955679012348	0.0001539021412746422	0.007800260602147667	0.0	(0.007800260602147667+0j)
0.09000000000000002	0.008100000000000005	0.0001609270550559927	0.008160959094213728	0.0	(0.008160959094213728+0j)
0.09201111111111111	0.008466044567901235	0.0001681892052687317	0.008533935412970975	0.0	(0.008533935412970975+0j)
0.09404444444444446	0.0088443575308642	0.0001756938238628436	0.00891946017688065	0.0	(0.00891946017688065+0j)
0.0961	0.00923521	0.00018344619594046208	0.009317807180760102	0.0	(0.009317807180760102+0j)
0.0981777777777778	0.00963887604938272	0.0001914516595213911	0.009729253403883009	0.0	(0.009729253403883009+0j)
0.1002777777777778	0.010055632716049387	0.00019971560526421683	0.010154079013890626	0.0	(0.010154079013890626+0j)
0.1024	0.01048576	0.00020824347620873596	0.010592567367208787	0.0	(0.010592567367208787+0j)
0.10454444444444447	0.010929540864197536	0.000217040767479304	0.011045005006582691	0.0	(0.011045005006582691+0j)
0.1067111111111111	0.011387261234567899	0.00022611302600417105	0.011511681656341043	0.0	(0.011511681656341043+0j)
0.10890000000000001	0.011859210000000002	0.00023546585020639554	0.01199289021589681	0.0	(0.01199289021589681+0j)
0.11111111111111113	0.012345679012345684	0.00024510488970896915	0.012488926751964542	0.0	(0.012488926751964542+0j)
0.11334444444444444	0.012846963086419753	0.000255035845002638	0.01300009048986301	0.0	(0.01300009048986301+0j)
0.11560000000000002	0.013363360000000005	0.00026526446712615837	0.01352668380425743	0.0	(0.01352668380425743+0j)
0.1178777777777778	0.013895170493827167	0.0002757965573341181	0.014069012209605878	0.0	(0.014069012209605878+0j)
0.12017777777777779	0.01444269827160494	0.00028663796673455977	0.014627384350511592	0.0	(0.014627384350511592+0j)
0.12250000000000003	0.015006250000000006	0.0002977945959443673	0.015202111992184903	0.0	(0.015202111992184903+0j)
0.12484444444444444	0.015586135308641974	0.0003092723947215603	0.015793510011122284	0.0	(0.015793510011122284+0j)
0.12721111111111114	0.01618266679012346	0.0003210773615833773	0.016401896386103718	0.0	(0.016401896386103718+0j)
0.12960000000000002	0.016796160000000004	0.0003332155434190298	0.01702759218957979	0.0	(0.01702759218957979+0j)
0.1320111111111111	0.01742693345679012	0.0003456930350882459	0.01767092157949451	0.0	(0.01767092157949451+0j)
0.13444444444444448	0.01807530864197532	0.0003585159790215897	0.018332211791572444	0.0	(0.018332211791572444+0j)
0.13690000000000005	0.018741610000000013	0.0003716905647888069	0.019011793132066985	0.0	(0.019011793132066985+0j)
0.1393777777777778	0.01942616493827161	0.00038522302867072256	0.01970999897098458	0.0	(0.01970999897098458+0j)
0.1418777777777778	0.0201293038271605	0.00039911965321515197	0.020427165735771243	0.0	(0.020427165735771243+0j)
0.1444	0.02085136	0.00041338676678748243	0.02116363290544732	0.0	(0.02116363290544732+0j)
0.14694444444444446	0.021592669753086425	0.0004280307430928332	0.02191974300515556	0.0	(0.02191974300515556+0j)
0.14951111111111115	0.022353572345679026	0.00044305800070532086	0.022695841601125855	0.0	(0.022695841601125855+0j)
0.1521	0.023134410000000005	0.0004584750025760087	0.023492277296011915	0.0	(0.023492277296011915+0j)
0.15471111111111113	0.023935527901234575	0.00047428825552842113	0.024309401724577868	0.0	(0.024309401724577868+0j)
0.15734444444444445	0.024757274197530866	0.0004905043097425121	0.02514756954971238	0.0	(0.02514756954971238+0j)
0.16000000000000003	0.02560000000000001	0.0005071297582261991	0.026007138458743778	0.0	(0.026007138458743778+0j)
0.1626777777777778	0.02646405938271606	0.0005241712362780149	0.026888469160032992	0.0	(0.026888469160032992+0j)
0.1653777777777778	0.027349809382716053	0.0005416354209266672	0.027791925379811396	0.0	(0.027791925379811396+0j)
0.16810000000000003	0.02825761000000001	0.0005595290303679334	0.028717873859257677	0.0	(0.028717873859257677+0j)
0.1708444444444445	0.02918782419753088	0.0005778588233837922	0.029666684351777002	0.0	(0.029666684351777002+0j)
0.17361111111111113	0.030140817901234577	0.0005966315987482318	0.030638729620473856	0.0	(0.030638729620473856+0j)
0.17640000000000003	0.03111696000000001	0.0006158541946170715	0.0316343854357913	0.0	(0.0316343854357913+0j)
0.17921111111111113	0.03211662234567902	0.0006355334879089014	0.03265403057330831	0.0	(0.03265403057330831+0j)
0.18204444444444448	0.03314017975308643	0.0006556763936709231	0.03369804681167701	0.0	(0.03369804681167701+0j)
0.18490000000000004	0.03418801000000001	0.0006762898644234738	0.03476681893067775	0.0	(0.03476681893067775+0j)
0.1877777777777778	0.0352604938271605	0.0006973808895009981	0.03586073470939589	0.0	(0.03586073470939589+0j)
0.1906777777777778	0.036358014938271614	0.0007189564943743676	0.036980184924493766	0.0	(0.036980184924493766+0j)
0.1936	0.03748096	0.0007410237399518849	0.03812556334856852	0.0	(0.03812556334856852+0j)
0.19654444444444447	0.03862971864197532	0.000763589721876734	0.03929726674859739	0.0	(0.03929726674859739+0j)
0.19951111111111114	0.039804683456790134	0.0007866615698031154	0.04049569488445199	0.0	(0.04049569488445199+0j)
0.2025	0.04100625000000001	0.0008102464466550607	0.041721250507469325	0.0	(0.041721250507469325+0j)
0.20551111111111114	0.04223481679012347	0.0008343515478776986	0.04297433935909177	0.0	(0.04297433935909177+0j)
0.2085444444444445	0.043490785308642	0.0008589841006645393	0.04425537016954226	0.0	(0.04425537016954226+0j)
0.2116	0.044774560000000005	0.0008841513631772102	0.04556475465655674	0.0	(0.04556475465655674+0j)
0.21467777777777783	0.04608654827160496	0.0009098606237425422	0.04690290752414586	0.0	(0.04690290752414586+0j)
0.2177777777777778	0.04742716049382717	0.0009361192000381102	0.048270246461396396	0.0	(0.048270246461396396+0j)
0.22090000000000004	0.04879681000000002	0.0009629344382604543	0.04966719214130014	0.0	(0.04966719214130014+0j)
0.2240444444444445	0.050195913086419776	0.0009903137122777572	0.051094168219610395	0.0	(0.051094168219610395+0j)
0.2272111111111111	0.05162488901234568	0.0010182644227656468	0.0525516013337206	0.0	(0.0525516013337206+0j)
0.23040000000000005	0.053084160000000026	0.0010467939963265671	0.05403992110156398	0.0	(0.05403992110156398+0j)
0.2336111111111111	0.054574151234567894	0.0010759098845936066	0.05555956012052765	0.0	(0.05555956012052765+0j)
0.23684444444444447	0.05609529086419754	0.0011056195633170063	0.05711095396638688	0.0	(0.05711095396638688+0j)
0.24010000000000004	0.05764801000000002	0.001135930531433793	0.05869454119224615	0.0	(0.05869454119224615+0j)
0.2433777777777778	0.0592327427160494	0.0011668503101218697	0.06031076332749635	0.0	(0.06031076332749635+0j)
0.2466777777777778	0.060849926049382726	0.0011983864418345647	0.06196006487677373	0.0	(0.06196006487677373+0j)
0.25	0.0625	0.0012305464893214157	0.06364289331893647	0.0	(0.06364289331893647+0j)
0.25334444444444454	0.06418340753086424	0.0012633380346294132	0.06535969910603853	0.0	(0.06535969910603853+0j)
0.25671111111111117	0.06590059456790126	0.001296768678088256	0.06711093566231417	0.0	(0.06711093566231417+0j)
0.2601	0.06765201	0.0013308460372774	0.06889705938316049	0.0	(0.06889705938316049+0j)
0.2635111111111112	0.06943810567901239	0.001365577745976676	0.07071852963413217	0.0	(0.07071852963413217+0j)
0.2669444444444445	0.07125933641975311	0.001400971453097366	0.07257580874992493	0.0	(0.07257580874992493+0j)
0.27040000000000003	0.07311616000000001	0.0014370348216004025	0.07446936203337093	0.0	(0.07446936203337093+0j)
0.2738777777777778	0.07500903716049383	0.0014737755273888098	0.07639965775443239	0.0	(0.07639965775443239+0j)
0.27737777777777783	0.07693843160493831	0.0015112012581932621	0.07836716714919147	0.0	(0.07836716714919147+0j)
0.28090000000000004	0.07890481000000002	0.0015493197124289981	0.08037236441884134	0.0	(0.08037236441884134+0j)
0.28444444444444444	0.08090864197530864	0.0015881385980425211	0.08241572672867355	0.0	(0.08241572672867355+0j)
0.28801111111111116	0.08295040012345682	0.001627665631336539	0.08449773420706949	0.0	(0.08449773420706949+0j)
0.2916	0.08503056000000002	0.001667908535779139	0.08661886994448326	0.0	(0.08661886994448326+0j)
0.2952111111111111	0.08714960012345678	0.0017088750407936448	0.08877961999242064	0.0	(0.08877961999242064+0j)
0.2988444444444445	0.08930800197530869	0.0017505728805304877	0.09098047336242329	0.0	(0.09098047336242329+0j)
0.30250000000000005	0.09150625000000003	0.0017930097926219801	0.09322192202503801	0.0	(0.09322192202503801+0j)
0.30617777777777777	0.09374483160493827	0.0018361935169182164	0.09550446090878974	0.0	(0.09550446090878974+0j)
0.30987777777777786	0.09602423716049388	0.0018801317942058748	0.09782858789914983	0.0	(0.09782858789914983+0j)
0.31360000000000005	0.09834496000000002	0.0019248323649065924	0.10019480383748772	0.0	(0.10019480383748772+0j)
0.3173444444444445	0.10070749641975311	0.0019703029677615724	0.10260361252004023	0.0	(0.10260361252004023+0j)
0.32111111111111107	0.10311234567901231	0.0020165513384931	0.10505552069684926	0.0	(0.10505552069684926+0j)
0.3249000000000001	0.10556001000000005	0.0020635852084516237	0.10755103807071495	0.0	(0.10755103807071495+0j)
0.3287111111111111	0.10805099456790124	0.0021114123032432985	0.11009067729612589	0.0	(0.11009067729612589+0j)
0.3325444444444444	0.11058580753086418	0.002160040341340208	0.11267495397819444	0.0	(0.11267495397819444+0j)
0.3364000000000001	0.11316496000000006	0.00220947703267238	0.11530438667158051	0.0	(0.11530438667158051+0j)
0.34027777777777785	0.11578896604938277	0.0022597300772009277	0.11797949687940357	0.0	(0.11797949687940357+0j)
0.3441777777777778	0.1184583427160494	0.0023108071634754257	0.12070080905215716	0.0	(0.12070080905215716+0j)
0.3481000000000001	0.12117361000000006	0.0023627159671710807	0.12346885058660605	0.0	(0.12346885058660605+0j)
0.3520444444444445	0.12393529086419756	0.002415464149610136	0.12628415182467645	0.0	(0.12628415182467645+0j)
0.3560111111111111	0.1267439112345679	0.0024690593562648466	0.12914724605234235	0.0	(0.12914724605234235+0j)
0.3600000000000001	0.12960000000000008	0.002523509215242914	0.13205866949849793	0.0	(0.13205866949849793+0j)
0.3640111111111112	0.13250408901234573	0.002578821335755155	0.1350189613338215	0.0	(0.1350189613338215+0j)
0.36804444444444445	0.13545671308641977	0.002635003306566297	0.13802866366962693	0.0	(0.13802866366962693+0j)
0.3721	0.13845840999999998	0.002692062694428232	0.14108832155670906	0.0	(0.14108832155670906+0j)
0.37617777777777783	0.1415097204938272	0.00275000704249706	0.14419848298417764	0.0	(0.14419848298417764+0j)
0.3802777777777778	0.14461118827160496	0.002808843868730815	0.14735969887827358	0.0	(0.14735969887827358+0j)
0.3844	0.14776336	0.0028685806642734235	0.15057252310118327	0.0	(0.15057252310118327+0j)
0.3885444444444445	0.15096678530864205	0.0029292248918199038	0.15383751244983349	0.0	(0.15383751244983349+0j)
0.3927111111111112	0.1542220167901235	0.0029907839839651285	0.15715522665467546	0.0	(0.15715522665467546+0j)
0.39690000000000003	0.15752961000000001	0.003053265341537603	0.16052622837845754	0.0	(0.16052622837845754+0j)
0.4011111111111112	0.16089012345679019	0.003116676331915258	0.1639510832149834	0.0	(0.1639510832149834+0j)
0.4053444444444445	0.16430411864197536	0.0031810242873269168	0.16743035968785722	0.0	(0.16743035968785722+0j)
0.4096	0.16777216	0.0032463165031365593	0.17096462924921305	0.0	(0.17096462924921305+0j)
0.4138777777777779	0.1712948149382717	0.003312560236113149	0.1745544662784339	0.0	(0.1745544662784339+0j)
0.41817777777777787	0.17487265382716058	0.0033797627026849186	0.1782004480808463	0.0	(0.1782004480808463+0j)
0.42250000000000004	0.17850625000000003	0.0034479310771775573	0.1819031548864159	0.0	(0.1819031548864159+0j)
0.4268444444444444	0.18219617975308638	0.003517072490038964	0.18566316984841008	0.0	(0.18566316984841008+0j)
0.4312111111111112	0.1859430223456791	0.00358719402604879	0.1894810790420586	0.0	(0.1894810790420586+0j)
0.43560000000000004	0.18974736000000003	0.003658302722512885	0.19335747146318363	0.0	(0.19335747146318363+0j)
0.44001111111111113	0.1936097779012346	0.003730405567445416	0.19729293902683517	0.0	(0.19729293902683517+0j)
0.44444444444444453	0.19753086419753094	0.0038035094977357797	0.20128807656588446	0.0	(0.20128807656588446+0j)
0.4489000000000001	0.20151121000000008	0.003877621397302744	0.2053434818296213	0.0	(0.2053434818296213+0j)
0.45337777777777777	0.20555140938271604	0.003952748095234715	0.20945975548231563	0.0	(0.20945975548231563+0j)
0.4578777777777779	0.20965205938271614	0.004028896363918788	0.21363750110178883	0.0	(0.21363750110178883+0j)
0.4624000000000001	0.21381376000000007	0.00410607291715559	0.21787732517793348	0.0	(0.21787732517793348+0j)
0.46694444444444444	0.21803711419753086	0.004184284408263017	0.22217983711124284	0.0	(0.22217983711124284+0j)
0.4715111111111112	0.22232272790123467	0.004263537428167985	0.22654564921131684	0.0	(0.22654564921131684+0j)
0.4761000000000001	0.22667121000000007	0.004343838503486852	0.23097537669533427	0.0	(0.23097537669533427+0j)
0.48071111111111114	0.23108317234567904	0.00442519409459452	0.23546963768654033	0.0	(0.23546963768654033+0j)
0.4853444444444444	0.23555922975308638	0.004507610593683653	0.2400290532126769	0.0	(0.2400290532126769+0j)
0.4900000000000001	0.2401000000000001	0.004591094322813349	0.2446542472044321	0.0	(0.2446542472044321+0j)
0.4946777777777778	0.24470610382716054	0.004675651531947822	0.24934584649385627	0.0	(0.24934584649385627+0j)
0.49937777777777775	0.24937816493827158	0.004761288396985974	0.2541044808127475	0.0	(0.2541044808127475+0j)
0.5041000000000001	0.2541168100000001	0.004848011017782872	0.2589307827910678	0.0	(0.2589307827910678+0j)
0.5088444444444445	0.2589226686419754	0.004935825416161221	0.26382538795528104	0.0	(0.26382538795528104+0j)
0.5136111111111111	0.26379637345679013	0.0050247375339169675	0.2687889347267255	0.0	(0.2687889347267255+0j)
0.5184000000000001	0.26873856000000007	0.005114753230815117	0.2738220644199518	0.0	(0.2738220644199518+0j)
0.5232111111111112	0.27374986679012353	0.005205878282581455	0.2789254212410482	0.0	(0.2789254212410482+0j)
0.5280444444444444	0.27883093530864195	0.005298118378885053	0.28409965228595474	0.0	(0.28409965228595474+0j)
0.5329000000000002	0.2839824100000002	0.005391479121316878	0.2893454075387655	0.0	(0.2893454075387655+0j)
0.5377777777777779	0.2892049382716051	0.005485966021362365	0.29466333987002435	0.0	(0.29466333987002435+0j)
0.5426777777777778	0.2944991704938272	0.005581584498369263	0.30005410503499796	0.0	(0.30005410503499796+0j)
0.5476000000000002	0.2998657600000002	0.005678339877511263	0.3055183616719588	0.0	(0.3055183616719588+0j)
0.5525444444444445	0.3053053630864198	0.005776237387747907	0.311056771300435	0.0	(0.311056771300435+0j)
0.5575111111111112	0.31081863901234574	0.005875282159781836	0.31666999831949016	0.0	(0.31666999831949016+0j)
0.5625	0.31640625	0.005975479224013203	0.32235871000596383	0.0	(0.32235871000596383+0j)
0.5675111111111112	0.322068861234568	0.006076833508492641	0.32812357651272894	0.0	(0.32812357651272894+0j)
0.5725444444444445	0.3278071408641976	0.006179349836872516	0.33396527086693745	0.0	(0.33396527086693745+0j)
0.5776	0.33362176	0.006283032926358234	0.33988446896829017	0.0	(0.33988446896829017+0j)
0.582677777777778	0.3395133927160496	0.006387887385659541	0.345881849587269	0.0	(0.345881849587269+0j)
0.5877777777777778	0.3454827160493828	0.006493917712941999	0.35195809436342673	0.0	(0.35195809436342673+0j)
0.5929	0.35153040999999996	0.006601128293781122	0.3581138878036297	0.0	(0.3581138878036297+0j)
0.5980444444444446	0.3576571575308644	0.00670952339911729	0.3643499172803655	0.0	(0.3643499172803655+0j)
0.6032111111111113	0.3638636445679014	0.006819107183214601	0.37066687303002205	0.0	(0.37066687303002205+0j)
0.6084	0.3701505600000001	0.006929883681622728	0.3770654481512101	0.0	(0.3770654481512101+0j)
0.6136111111111112	0.37651859567901247	0.0070418568091435985	0.3835463386031007	0.0	(0.3835463386031007+0j)
0.6188444444444445	0.3829684464197532	0.007155030357802128	0.39011024320377674	0.0	(0.39011024320377674+0j)
0.6241000000000001	0.38950081000000014	0.0072694079948240065	0.396757863628634	0.0	(0.396757863628634+0j)
0.6293777777777778	0.39611638716049385	0.00738499326061931	0.40348990440879867	0.0	(0.40348990440879867+0j)
0.6346777777777779	0.4028158816049384	0.007501789566773331	0.41030707292959806	0.0	(0.41030707292959806+0j)
0.6400000000000001	0.4096000000000002	0.007619800194046122	0.41721007942905425	0.0	(0.41721007942905425+0j)
0.6453444444444445	0.4164694519753087	0.0077390282903802565	0.42419963699645713	0.0	(0.42419963699645713+0j)
0.6507111111111112	0.42342495012345693	0.007859476868919024	0.4312764615709768	0.0	(0.4312764615709768+0j)
0.6561000000000001	0.43046721000000016	0.00798114880603451	0.43844127194034405	0.0	(0.43844127194034405+0j)
0.6615111111111112	0.43759695012345684	0.008104046839367607	0.4456947897396076	0.0	(0.4456947897396076+0j)
0.6669444444444446	0.4448148919753088	0.008228173565879626	0.45303773944995673	0.0	(0.45303773944995673+0j)
0.6724000000000001	0.45212176000000015	0.008353531439917683	0.46047084839766717	0.0	(0.46047084839766717+0j)
0.6778777777777778	0.4595182816049383	0.00848012277129312	0.4679948467531143	0.0	(0.4679948467531143+0j)
0.683377777777778	0.4670051871604941	0.00860794972337564	0.47561046752993136	0.0	(0.47561046752993136+0j)
0.6889000000000001	0.4745832100000001	0.008737014311202218	0.4833184465842726	0.0	(0.4833184465842726+0j)
0.6944444444444445	0.48225308641975323	0.008867318399603252	0.4911195226142327	0.0	(0.4911195226142327+0j)
0.7000111111111111	0.4900155556790124	0.008998863701345394	0.4990144371594305	0.0	(0.4990144371594305+0j)
0.7056000000000001	0.49787136000000015	0.009131651775293625	0.5070039346007671	0.0	(0.5070039346007671+0j)
0.7112111111111112	0.5058212445679015	0.009265684024591603	0.5150887621603819	0.0	(0.5150887621603819+0j)
0.7168444444444445	0.5138659575308643	0.009400961694862597	0.5232696699018438	0.0	(0.5232696699018438+0j)
0.7225000000000001	0.5220062500000002	0.00953748587243175	0.5315474107306255	0.0	(0.5315474107306255+0j)
0.7281777777777779	0.5302428760493829	0.009675257482569588	0.5399227403947943	0.0	(0.5399227403947943+0j)
0.7338777777777779	0.5385765927160495	0.009814277287759215	0.5483964174861347	0.0	(0.5483964174861347+0j)
0.7396000000000001	0.5470081600000002	0.009954545885986738	0.5569692034415441	0.0	(0.5569692034415441+0j)
0.7453444444444446	0.5555383408641977	0.010096063709056802	0.565641862544918	0.0	(0.565641862544918+0j)
0.7511111111111112	0.564167901234568	0.010238831020933925	0.5744151619294797	0.0	(0.5744151619294797+0j)
0.7569000000000002	0.5728976100000004	0.0103828479161103	0.5832898715807012	0.0	(0.5832898715807012+0j)
0.7627111111111112	0.5817282390123458	0.010528114318001242	0.5922667643398052	0.0	(0.5922667643398052+0j)
0.7685444444444445	0.5906605630864198	0.010674629977369565	0.6013466159080245	0.0	(0.6013466159080245+0j)
0.7744	0.59969536	0.010822394470779012	0.6105302048517042	0.0	(0.6105302048517042+0j)
0.780277777777778	0.6088334104938274	0.010971407199078909	0.6198183126083786	0.0	(0.6198183126083786+0j)
0.7861777777777779	0.6180754982716051	0.011121667385919465	0.6292117234939382	0.0	(0.6292117234939382+0j)
0.7921	0.6274224100000001	0.011273174076300352	0.6387112247111955	0.0	(0.6387112247111955+0j)
0.7980444444444446	0.6368749353086421	0.011425926135152198	0.6483176063599458	0.0	(0.6483176063599458+0j)
0.8040111111111112	0.6464338667901236	0.011579922245952723	0.65803166144891	0.0	(0.65803166144891+0j)
0.81	0.6561000000000001	0.011735160909378095	0.6678541859098497	0.0	(0.6678541859098497+0j)
0.8160111111111112	0.6658741334567904	0.011891640441991008	0.6777859786142465	0.0	(0.6777859786142465+0j)
0.8220444444444446	0.6757570686419755	0.012049358974965396	0.6878278413931833	0.0	(0.6878278413931833+0j)
0.8281000000000001	0.6857496100000001	0.012208314452850116	0.6979805790609452	0.0	(0.6979805790609452+0j)
0.834177777777778	0.695852564938272	0.012368504632371602	0.7082449994432489	0.0	(0.7082449994432489+0j)
0.8402777777777779	0.7060667438271607	0.012529927081276593	0.7186219134110795	0.0	(0.7186219134110795+0j)
0.8464	0.7163929600000001	0.012692579177216251	0.7291121349214662	0.0	(0.7291121349214662+0j)
0.8525444444444444	0.7268320297530864	0.01285645810667227	0.739716481066907	0.0	(0.739716481066907+0j)
0.8587111111111113	0.7373847723456793	0.013021560863926085	0.750435772135614	0.0	(0.750435772135614+0j)
0.8649000000000001	0.7480520100000002	0.013187884250072168	0.7612708316854675	0.0	(0.7612708316854675+0j)
0.8711111111111112	0.7588345679012347	0.013355424872075916	0.7722224866355267	0.0	(0.7722224866355267+0j)
0.8773444444444446	0.7697332741975311	0.013524179141878201	0.7832915673802399	0.0	(0.7832915673802399+0j)
0.8836000000000002	0.7807489600000003	0.013694143275545675	0.7944789079332888	0.0	(0.7944789079332888+0j)
0.8898777777777778	0.7918824593827161	0.013865313292469664	0.8057853461109105	0.0	(0.8057853461109105+0j)
0.896177777777778	0.8031346093827164	0.014037685014613235	0.8172117237681615	0.0	(0.8172117237681615+0j)
0.9025000000000001	0.8145062500000001	0.014211254065807796	0.8287588871075975	0.0	(0.8287588871075975+0j)
0.9088444444444445	0.8259982241975309	0.014386015871100347	0.8404276870887788	0.0	(0.8404276870887788+0j)
0.9152111111111113	0.837611377901235	0.014561965656151657	0.852218979980843	0.0	(0.852218979980843+0j)
0.9216000000000002	0.8493465600000004	0.01473909844668686	0.8641336281227454	0.0	(0.8641336281227454+0j)
0.9280111111111112	0.8612046223456792	0.014917409067998988	0.8761725009927872	0.0	(0.8761725009927872+0j)
0.9344444444444444	0.8731864197530863	0.01509689214450606	0.8883364767523444	0.0	(0.8883364767523444+0j)
0.9409000000000002	0.8852928100000004	0.0152775420993633	0.9006264445419099	0.0	(0.9006264445419099+0j)
0.9473777777777779	0.8975246538271606	0.015459353154130412	0.913043308019223	0.0	(0.913043308019223+0j)
0.9538777777777778	0.9098828149382717	0.015642319328495177	0.9255879910485636	0.0	(0.9255879910485636+0j)
0.9604000000000001	0.9223681600000003	0.015826434440054382	0.9382614473379411	0.0	(0.9382614473379411+0j)
0.9669444444444446	0.9349815586419756	0.016011692104152056	0.9510646778655246	0.0	(0.9510646778655246+0j)
0.9735111111111112	0.9477238834567904	0.016198085733776693	0.9639987651675231	0.0	(0.9639987651675231+0j)
0.9801000000000002	0.9605960100000004	0.01638560853951751	0.9770649489489155	0.0	(0.9770649489489155+0j)
0.9867111111111112	0.9735988167901236	0.016574253529580626	0.9902648224683516	0.0	(0.9902648224683516+0j)
0.9933444444444445	0.9867331853086421	0.01676401350986613	1.003600993881188	0.0	(1.003600993881188+0j)
1.0	1.0	0.01695488108410624	1.0170807722642812	0.0	(1.0170807722642812+0j)
